groupid:  10339, ntrk:  4
vertex track :          0   3  56    3274711  0.3826 -0.6270   97906.5  106488.9     148.6    13  2490.1
   57 3      1  0.3850 -0.6253   98968.6   30319.5    -849.4  0.3863 -0.6189   97983.3  108969.4  -87588.6
       47.7       2.2   98995.5   30280.0   99026.3   30229.9   99152.2   30568.3   98991.8   30277.8
   58 3      2  0.3822 -0.6246   97064.0   30492.8   -3718.5  0.3863 -0.6189   96874.9  110745.0  -90457.6
       83.1       9.1   97115.2   30426.6   97108.7   30437.3   97223.2   30768.3   97099.6   30417.1
   59 3      3  0.3864 -0.6254   97728.0   31505.8   -4570.9  0.3863 -0.6189   96545.6  111272.5  -91310.1
       97.1      13.3   97790.3   31430.2   97769.4   31464.0   97876.0   31790.8   97767.7   31416.2
vertex track :          2   3  56    2624162 -0.8472  0.8278   97716.8  106713.6     148.6     0   541.8
   57 3      1 -0.8073  0.7896   96068.0   26092.3    -820.2 -0.8444  0.8191   98996.8  107780.5  -87559.1
       78.2       9.5   96005.4   26140.2   95947.7   26196.6   96339.7   26255.2   96018.7   26153.8
   58 3      2 -0.8395  0.8341  101053.7   26170.0   -3794.1 -0.8444  0.8191  101507.9  105344.6  -90533.0
      155.8      46.2  100910.6   26247.0  100955.4   26202.6  101405.9   26303.8  100975.7   26312.5
   59 3      3 -0.8392  0.7784   99012.2   22815.6   -4608.9 -0.8444  0.8191  102195.9  104677.1  -91347.8
      196.6      73.8   98817.9   22895.2   98929.9   22791.3   99415.6   22946.7   98918.2   23003.3
vertex track :          8   3  57    3056716  0.0235 -3.0229   99301.9  109662.0     244.6     0   320.0
   54 3     -2  0.0141 -3.0249   97823.7   17300.5    4569.1 -0.0239 -3.0111   98077.2   96610.6  -83084.2
     1285.2     358.9   98188.7   16017.0   98179.6   17952.2   97668.8   18791.1   97470.8   16013.6
   55 3     -1 -0.0055 -3.0038   99651.7   20548.3    3721.3 -0.0239 -3.0111   98097.5   99163.5  -83932.0
      839.2     215.1   99865.3   19708.7   99867.2   20756.3   99648.1   21594.9   99435.1   19709.5
   56 3      0 -0.0083 -3.0235   98516.8   26422.0     849.4 -0.0239 -3.0111   98166.2  107811.2  -86804.0
      221.0      31.2   98547.3   26200.9   98546.8   26008.0   98696.2   26850.1   98485.0   26201.1
vertex track :         10   3  57    3299134  2.4268 -0.0797   98636.1  108719.0     246.7     0    -1.0
   54 3     -2  2.4707 -0.0160  113147.0   30542.0    4292.6  2.4347 -0.1054  107365.7  108284.0  -83360.7
  37036347.7 14103825.3 37240057.5 13894215.9 -36830565.7 14373923.7 -37013551.0 -13832921.9 37057378.5 -14312843.0
   55 3     -1  2.4785 -0.1965  108856.5   28423.9    3455.3  2.4347 -0.1054  105327.1  108372.3  -84198.0
  21932915.2 8352281.5 22633209.5 6621367.0 -21094920.6 10087763.1 -22415284.0 -6564309.4 21313154.2 -10030956.6
   56 3      0  2.4510 -0.1131  103676.3   31130.7     824.5  2.4347 -0.1054   98921.6  108649.7  -86828.9
  3321757.8 1264959.8 3480215.5 1141617.7 -3155722.6 1447849.9 -3272650.4 -1079146.5 3363590.0 -1385612.4
