groupid:  10356, ntrk:  3
vertex track :          0   3 118    4662894  0.4457  0.1598   81801.8  205289.6     335.4    13  1115.7
  119 5      1  0.4453  0.1608   79088.4   46493.8    -850.1  0.4491  0.1550   79291.6  204751.5 -202899.1
       32.1       3.5   79117.4   46508.0   79150.6   46520.0   79269.9   46689.7   79119.8   46501.4
  120 5      2  0.4442  0.1635   78314.7   48470.3   -3717.8  0.4491  0.1550   78003.8  204307.0 -205766.9
       58.8      14.0   78365.1   48503.7   78348.0   48497.4   78474.8   48647.0   78374.7   48477.5
  121 5      3  0.4425  0.1645   78891.9   46475.5   -4567.3  0.4491  0.1550   77622.3  204175.4 -206616.4
       70.2      22.0   78950.1   46520.5   78911.4   46506.2   79044.2   46640.6   78965.4   46479.4
vertex track :         10   3 118    5352120 -0.5736  0.2185   81476.2  205330.0     335.4     0    -1.0
  119 5      1 -0.5637  0.2452   82904.5   51869.7    -832.0 -0.5743  0.2178   80167.4  204722.9 -202880.6
   896722.4  764251.0 -1044258.8 -291195.6  600172.6 -1006616.4 1210277.1  395145.3 -434482.1 1110407.4
  120 5      2 -0.5254  0.1758   82465.1   47507.0   -3790.9 -0.5743  0.2178   81866.7  204078.5 -205839.6
  3780564.1 3222067.1 -4524991.5 -1808759.4 2645448.1 -4207445.4 4690131.1 1903983.5 -2480628.3 4302496.2
  121 5      3 -0.5984  0.2547   82914.2   51345.8   -4631.4 -0.5743  0.2178   82349.4  203895.4 -206680.0
  6025020.6 5134953.5 -7472032.5 -2313268.6 3614987.9 -7033245.3 7638070.3 2416170.4 -3449285.1 7135990.4
vertex track :         13   3 119    4884039  1.4937  0.2238   79011.4  202509.2     159.7     0     nan
  116 5     -2  1.4929  0.2206   87546.3   46155.6    4562.3  1.5035  0.2121   85503.7  205710.5 -198143.2
        nan       nan      -nan       nan       nan       nan       nan       nan       nan       nan
  117 5     -1  1.4926  0.2157   88684.7   49503.7    3717.8  1.5035  0.2121   84233.9  205531.4 -198987.8
        nan       nan      -nan       nan       nan       nan       nan       nan       nan       nan
  118 5      0  1.4945  0.2207   82237.0   49085.6     849.6  1.5035  0.2121   79921.5  204923.0 -201855.9
        nan       nan      -nan       nan       nan       nan       nan       nan       nan       nan
