groupid:  10264, ntrk:  6
vertex track :          0   3 100    5484697 -0.1017 -0.2388  127571.9  191671.8     114.2    13 10000.6
  101 6      1 -0.1019 -0.2389   10964.9   36098.0    -848.5 -0.1040 -0.2378  128273.1  191834.6 -169549.1
       17.1       0.7   10958.8   36082.0   10950.8   36063.2   11180.8   36323.7   10957.5   36082.5
  102 6      2 -0.1011 -0.2389    4957.2   34720.0   -3717.7 -0.1040 -0.2378  128571.5  192516.8 -172418.4
       31.7       2.9    4947.4   34689.6    4950.9   34697.9    5176.8   34960.1    4942.1   34691.9
  103 6      3 -0.1026 -0.2379    8087.8   38214.6   -4567.4 -0.1040 -0.2378  128659.8  192718.9 -173268.0
       37.2       3.7    8076.5   38178.9    8084.5   38197.3    8309.1   38460.0    8069.7   38181.9
vertex track :          1   3 100    5484379  0.4977  0.4288  127895.4  192031.3     112.9     0   930.7
  101 5      1  0.5042  0.4487  125201.5   35074.6    -821.1  0.5119  0.4278  128027.1  191564.5 -169520.9
       42.4       3.7  125230.7   35105.6  125273.3   35143.4  125382.8   35254.1  125235.6   35100.0
  102 6      2  0.5021  0.4180    8230.9   37773.4   -3780.5  0.5119  0.4278  126512.3  190298.4 -172480.2
       76.9      18.0    8278.4   37836.5    8265.6   37825.9    8393.8   37920.8    8301.5   37808.8
  103 6      3  0.5220  0.5601    4799.3   33186.8   -4612.0  0.5119  0.4278  126086.7  189942.7 -173311.7
       92.0      28.6    4841.2   33273.6    4825.3   33256.6    4968.0   33310.6    4883.0   33234.6
vertex track :          2   3 100    5484695 -0.3059  0.0154  127462.4  191806.6     114.2     0  1896.1
  101 6      1 -0.3061  0.0160   11019.6   36035.0    -849.9 -0.3118  0.0164  128362.1  191724.7 -169550.5
       20.1       1.6   10999.5   36034.4   10975.3   36035.7   11249.4   36245.5   10999.6   36037.6
  102 6      2 -0.3066  0.0146    5627.7   33885.6   -3715.5 -0.3118  0.0164  129255.6  191677.6 -172416.1
       37.2       7.3    5590.2   33880.1    5600.1   33879.6    5874.8   34101.1    5590.9   33894.6
  103 6      3 -0.3057  0.0175    8921.6   37166.2   -4568.4 -0.3118  0.0164  129521.6  191663.6 -173269.0
       44.2      11.4    8876.8   37157.3    8900.9   37156.0    9176.1   37385.1    8878.2   37180.2
vertex track :         12   3 101    4838724  0.0805 -0.2255  129726.3  192653.5     314.3     0    -1.0
   98 6     -2  0.0807 -0.2258    4969.2   31043.2    4567.4  0.0810 -0.2254  128550.3  190832.0 -165154.6
  3647993.4 3547747.5 4573701.3 -2209727.9 2117615.7 4660376.3 -4563552.8 2272024.0 -2107660.3 -4598337.4
   99 6     -1  0.0787 -0.2272    8567.8   35378.5    3718.2  0.0810 -0.2254  128481.6  191023.5 -166003.9
  2184366.6 2124340.7 2730820.1 -1333425.1 1301022.5 2794657.6 -2713474.4 1404391.9 -1283870.4 -2723948.3
  100 6      0  0.0781 -0.2263    8201.8   28931.3     850.4  0.0810 -0.2254  128249.4  191670.0 -168871.6
   286976.6  279090.6  365664.6 -151256.1  178377.8  391227.3 -349050.9  209328.5 -161957.8 -333412.3
vertex track :         16   3 101    5472814  0.9780  0.6482  129465.9  192400.5     314.3     0   397.0
   98 6     -2  1.0109  0.6176   14805.6   37626.0    4628.9  1.0080  0.6415  132286.4  194307.7 -165092.8
      203.7      91.9   14931.6   37810.7   14796.2   37727.9   14890.7   37652.0   15027.4   37653.8
   99 6     -1  1.0778  0.6873   16083.1   38313.4    3798.5  1.0080  0.6415  131449.3  193775.0 -165923.3
      151.7      55.5   16181.2   38441.8   16151.7   38423.0   16196.1   38395.7   16240.9   38348.2
  100 6      0  0.9322  0.6275   13929.2   30251.9     824.1  1.0080  0.6415  128451.1  191867.0 -168897.7
       72.8       6.7   13985.8   30298.2   14060.8   30348.7   14083.5   30416.3   13993.3   30287.0
vertex track :         23   3 101    6180547 -1.2198  2.3651  130695.3  190478.6     436.8     0  1133.5
   98 5     -2 -1.2357  2.3777  120576.4   41548.4    4567.0 -1.2221  2.3706  124127.4  199402.3 -165277.8
      503.2      75.9  120277.0   41959.9  120481.6   41566.2  121084.6   41349.3  120411.7   42029.9
   99 5     -1 -1.1944  2.3833  125563.4   43314.2    3720.9 -1.2221  2.3706  125161.3  197396.8 -166123.8
      396.0      45.6  125345.1   43647.8  125449.2   43440.2  125990.4   43192.9  125426.7   43688.7
  100 6      0 -1.1936  2.3755    8094.6   28902.4     849.7 -1.2221  2.3706  128670.4  190590.2 -168995.0
      165.8       4.8    8015.8   29048.4    7914.0   29251.0    8382.2   28968.8    8024.5   29052.7
