groupid:  10397, ntrk:  3
vertex track :          0   3 116    2851475  0.0121 -0.0974   87768.6  110472.3     157.8    13 10000.6
  117 3      1  0.0119 -0.0974   88864.8   34246.8    -850.0  0.0115 -0.0982   84562.2  113168.2 -198942.5
        7.2       0.4   88866.0   34239.7   88866.8   34233.5   89073.6   34463.7   88865.3   34239.6
  118 3      2  0.0126 -0.0975   86508.8   34396.7   -3719.1  0.0115 -0.0982   84529.2  113450.0 -201811.5
       16.8       1.5   86512.5   34380.3   86510.8   34393.1   86715.1   34623.1   86509.4   34379.9
  119 3      3  0.0118 -0.0976   85308.9   32699.3   -4569.0  0.0115 -0.0982   84519.5  113533.5 -202661.4
       20.1       2.3   85313.6   32679.6   85311.3   32699.0   85514.3   32928.9   85309.1   32679.1
vertex track :          2   3 116    2639766 -0.1720 -0.1143   87668.0  110463.1     157.8     0   668.4
  117 3      1 -0.1787 -0.1198   87233.3   27486.9    -821.5 -0.1734 -0.1149   84642.6  113172.7 -198914.0
       14.3       4.0   87223.6   27475.6   87209.9   27466.3   87452.8   27708.0   87219.2   27482.2
  118 3      2 -0.1812 -0.1079   88873.4   27803.2   -3977.7 -0.1734 -0.1149   85189.8  113535.3 -202070.2
       34.5      20.2   88854.1   27768.2   88875.4   27780.8   89102.5   28048.2   88833.4   27803.0
  119 3      3 -0.1733 -0.1245   90922.7   31704.5   -4812.0 -0.1734 -0.1149   85334.5  113631.2 -202904.4
       46.1      32.3   90904.2   31651.3   90942.6   31678.9   91151.1   31967.5   90866.4   31703.8
vertex track :          3   3 116    3025036  2.2695 -3.1605   89240.6  108523.5     157.6     0  1345.0
  117 3      1  2.2632 -3.1651   88479.2   34814.5    -849.8  2.2735 -3.1869   83760.1  114320.1 -198942.3
      317.9      17.2   88678.1   34565.9   88783.6   34418.4   88492.5   35269.9   88650.1   34545.8
  118 3      2  2.2834 -3.1600   79006.5   44500.9   -3716.3  2.2735 -3.1869   77242.9  123455.5 -201808.8
      878.0      78.1   79584.0   43835.1   79035.1   44594.7   78641.3   45373.6   79457.4   43743.5
  119 3      3  2.2580 -3.1541   76039.3   45397.0   -4569.8  2.2735 -3.1869   75302.4  126175.6 -202662.4
     1108.4     125.5   76786.5   44568.8   75970.2   45709.0   75504.3   46432.1   76582.5   44422.7
