groupid:  11977, ntrk:  2
vertex track :          0   3  44    6561511  0.1832 -0.1741  203596.1  174219.0     369.9    13   832.9
   45 6      1  0.1823 -0.1750   83681.5   16571.9    -849.8  0.1817 -0.1768  201343.8  173955.9  -66353.4
       17.9       4.1   83697.2   16562.4   83709.7   16550.4   83875.9   16791.2   83691.6   16556.5
   46 6      2  0.1833 -0.1733   79358.9   18071.1   -3719.4  0.1817 -0.1768  200822.5  174463.3  -69223.0
       36.5      16.2   79396.6   18057.8   79382.0   18071.6   79531.4   18294.3   79374.4   18034.2
   47 6      3  0.1842 -0.1729   80193.5   15402.6   -4568.5  0.1817 -0.1768  200668.3  174613.5  -70072.1
       46.4      25.9   80245.0   15389.7   80216.1   15416.9   80352.1   15625.2   80209.5   15352.0
vertex track :          2   3  44    6749650  0.3221  0.9196  203642.0  174497.1     369.9     0    -1.0
   45 6      1  0.3177  0.9314   83496.2   20718.4    -836.1  0.3201  0.9159  201225.5  172914.4  -66338.8
  1440699.7 1031847.1 -427977.6 1717397.1 -1358151.6 -1009514.8  595180.3 -1675749.4 1525210.7 1051147.1
   46 6      2  0.2800  0.9719   84631.6   17149.8   -3538.8  0.3201  0.9159  200360.4  170439.1  -69041.5
  5524119.4 3956443.1 -2187863.3 6420672.6 -5246427.9 -4195544.7 2357336.8 -6386162.0 5415749.9 4230048.4
   47 6      3  0.2410  0.8011   83695.6   11494.5   -4354.0  0.3201  0.9159  200099.5  169692.4  -69856.7
  8858850.6 6344819.1 -3440142.2 10322582.3 -8544114.1 -6643860.6 3607743.7 -10299382.4 8711555.9 6667017.8
