groupid:  11863, ntrk:  2
vertex track :          0   3  26    6470381  0.1146 -0.5593  175506.8  208719.6     221.6    13  1220.3
   27 6      1  0.1160 -0.5592   55416.2   50058.1    -849.7  0.1188 -0.5619  174546.1  209558.0  -32782.4
       37.6       3.2   55426.9   50021.9   55436.0   49978.2   55615.6   50303.8   55420.7   50020.7
   28 6      2  0.1169 -0.5588   53992.5   47919.9   -3715.1  0.1188 -0.5619  174205.7  211168.0  -35647.8
       67.0      13.5   54019.4   47857.1   54016.5   47871.0   54175.7   48192.3   53993.1   47851.6
   29 6      3  0.1176 -0.5586   53715.8   51338.7   -4564.5  0.1188 -0.5619  174104.8  211645.2  -36497.2
       79.5      21.1   53752.8   51265.3   53744.8   51303.6   53888.9   51621.6   53711.6   51256.6
vertex track :          1   3  26    6470374 -0.1565  0.8714  175478.1  208904.9     221.6     0     nan
   27 6      1 -0.1744  0.9151   54951.9   50119.2    -826.7 -0.1597  0.8612  174811.1  208237.9  -32758.7
        nan       nan      -nan       nan       nan       nan       nan       nan       nan       nan
   28 6      2 -0.0813  1.0386   55576.3   47579.1   -3785.6 -0.1597  0.8612  175283.5  205689.7  -35717.6
        nan       nan      -nan       nan       nan       nan       nan       nan       nan       nan
   29 6      3 -0.1716  0.8490   57272.6   45838.2   -4593.9 -0.1597  0.8612  175412.5  204993.6  -36525.9
        nan       nan      -nan       nan       nan       nan       nan       nan       nan       nan
