groupid:  11616, ntrk:  4
vertex track :          0   3  36    8521668 -0.1735  0.2720  176555.7  175989.0     390.1    13  1244.0
   37 6      1 -0.1723  0.2726   55398.3   13342.4    -850.2 -0.1709  0.2721  177240.0  174908.9  -51704.5
       22.3       3.0   55383.8   13359.7   55371.5   13379.2   55622.5   13535.4   55388.8   13362.9
   38 6      2 -0.1720  0.2730   56269.9   12760.8   -3716.8 -0.1709  0.2721  177729.8  174129.0  -54571.1
       41.9      11.5   56237.8   12790.1   56246.4   12776.5   56511.8   12941.7   56257.3   12802.4
   39 6      3 -0.1708  0.2732   58276.3   13670.0   -4568.9 -0.1709  0.2721  177875.4  173897.2  -55423.2
       50.4      18.2   58234.1   13703.2   58251.7   13675.0   58528.3   13847.2   58265.0   13722.4
vertex track :          1   3  36    8351618  1.5166 -0.2226  177072.1  175843.2     390.1     0    -1.0
   37 6      1  1.5668 -0.1554   54822.8   18513.7    -821.5  1.5127 -0.2421  175711.1  175389.4  -51676.0
  2871254.5 1568856.9 3066885.6 1296360.2 -2647263.0 1863032.0 -2957028.5 -1259123.0 2757237.6 -1826037.3
   38 6      2  1.5364 -0.3187   51995.5   16258.4   -3620.1  1.5127 -0.2421  171477.7  176067.1  -54474.6
  11273378.7 6159787.7 12341537.9 3757809.0 -9734891.0 8337404.6 -12237335.3 -3725082.5 9839204.7 -8304954.7
   39 6      3  1.4745 -0.3554   51729.5   15589.4   -4439.5  1.5127 -0.2421  170238.1  176265.5  -55294.0
  17991517.0 9830586.6 19845679.4 5357374.3 -15135540.7 13787680.0 -19742008.8 -5325985.9 15239309.4 -13756575.8
vertex track :          2   3  36    8351778  1.4426  1.1578  177047.4  176259.8     390.2     0    -1.0
   37 6      1  1.4463  1.1535   54547.9   12887.9    -850.1  1.4459  1.1380  175729.7  174102.5  -51703.6
  4181497.9 1988545.7 2083638.1 4174862.4 -4454137.5 -1039607.1 -1974330.8 -4148875.5 4563537.1 1065625.1
   38 6      2  1.4519  1.1495   50883.3    9845.8   -3717.8  1.4459  1.1380  171583.4  170839.2  -54571.3
  16457034.1 7826277.7 8095867.3 16361079.0 -17709601.6 -4068998.3 -7993889.3 -16341176.2 17811673.1 4088931.3
   39 6      3  1.4518  1.1495   51551.7   10056.5   -4567.0  1.4459  1.1380  170355.6  169872.8  -55420.4
  26296458.1 12505496.6 12904931.9 26138236.1 -28327458.9 -6509334.7 -12801617.2 -26117912.0 28430867.1 6529689.0
vertex track :          8   3  36    8759708  0.7385 -5.8337  176796.1  174252.0     388.1     0    -1.0
   37 6      1  0.7876 -5.9106   55161.9   21667.0    -820.8  0.6856 -5.9531  176421.1  180695.0  -51677.1
  56870186.7 9534510.3 17017619.3 -55090945.6 1994824.9 57651696.5 -16907084.8 55134483.6 -1884335.8 -57609603.8
   38 6      2  0.5210 -5.5012   54863.9   35183.4   -3609.5  0.6856 -5.9531  174509.2  197296.1  -54465.7
  222948970.3 37378271.0 58288108.7 -218396196.4 16245224.8 225514081.0 -58178170.3 218466767.7 -16135387.5 -225444869.5
   39 6      3 -0.5793 -6.2632   54967.3   39934.2   -4421.4  0.6856 -5.9531  173952.6  202129.3  -55277.6
  355267224.1 59561946.3 26642260.2 -359203078.0 92085098.0 348309861.7 -26532116.2 359283150.1 -91975285.1 -348231308.6
