groupid:  11563, ntrk:  2
vertex track :          0   3  82    2639526 -0.0574  0.3231   56288.6  111868.5     270.9    13  1142.4
   83 3      1 -0.0589  0.3225   53910.5   30710.6    -850.1 -0.0585  0.3245   54198.2  110873.7 -136169.7
       22.2       2.9   53903.7   30731.9   53899.3   30756.0   54127.3   30899.6   53909.4   30732.9
   84 3      2 -0.0567  0.3232   56051.6   31123.6   -3717.7 -0.0585  0.3245   54365.8  109943.1 -139037.3
       41.9      12.1   56032.5   31162.7   56035.0   31148.2   56280.7   31294.8   56056.3   31166.9
   85 3      3 -0.0593  0.3227   53289.4   29218.0   -4567.0 -0.0585  0.3245   54415.5  109667.5 -139886.7
       50.7      19.3   53261.3   29264.4   53267.2   29232.5   53527.5   29382.0   53299.2   29271.3
vertex track :         14   3  83    3507571  0.6833 -0.8597   53659.3  109368.1     194.7     0    -1.0
   80 3     -2  0.6737 -0.8684   55689.3   29692.9    4566.1  0.6751 -0.8638   56700.9  107873.8 -131504.5
  9524701.0 6412858.5 10960830.2 -3565106.8 -715513.2 11485937.2 -10849241.0 3624701.8  827033.3 -11426733.7
   81 3     -1  0.6750 -0.8688   54306.3   29128.1    3718.2  0.6751 -0.8638   56128.5  108606.2 -132352.4
  5754175.9 3874212.6 6644018.7 -2137840.8 -416549.9 6949799.9 -6535195.4 2196306.1  525304.3 -6891726.2
   82 3      0  0.6773 -0.8646   56608.5   32433.5     849.9  0.6751 -0.8638   54192.0  111084.0 -135220.8
   893909.5  601857.8 1081657.4 -300104.9  -20720.9 1107103.1 -968229.7  365181.0  134080.1 -1042417.8
