groupid:  12560, ntrk:  4
vertex track :          0   3  28    4148965  0.2442 -0.1423  143430.2   97505.0     237.8    13   652.2
   29 4      1  0.2448 -0.1415   23132.9   20959.6    -849.7  0.2476 -0.1448  142753.6   99892.5  -36610.2
       19.5       4.7   23152.2   20953.9   23169.8   20943.7   23324.0   21175.2   23147.5   20945.8
   30 4      2  0.2450 -0.1408   21305.2   20050.8   -3718.5  0.2476 -0.1448  142043.2  100307.9  -39479.1
       40.6      20.2   21350.5   20048.1   21331.5   20059.0   21470.2   20263.4   21330.4   20013.1
   31 4      3  0.2443 -0.1419   22146.8   21379.0   -4567.7  0.2476 -0.1448  141832.9  100430.8  -40328.3
       52.9      32.6   22208.9   21380.6   22168.8   21403.9   22294.9   21587.2   22176.2   21324.2
vertex track :          1   3  28    4148721  0.0421  0.3377  143321.5   97734.9     236.8     0    -1.0
   29 4      1  0.0408  0.3376   24659.9   16872.6    -832.8  0.0448  0.3373  142865.9   99605.2  -36591.9
   627226.0  593788.5 -489650.2  710761.9 -640033.3 -534571.5  539179.9 -676806.4  689361.6  568387.6
   30 4      2  0.0517  0.3280   23054.6   16424.3   -3653.9  0.0448  0.3373  142739.6   98653.6  -39413.0
  2713232.8 2568590.3 -2091600.7 3096606.3 -2936767.5 -2263567.8 2137919.9 -3063547.4 2982887.5 2296485.2
   31 4      3  0.0369  0.3017   22758.9   15869.3   -4483.0  0.0448  0.3373  142702.5   98374.0  -40242.1
  4370086.4 4137116.9 -3553287.5 4855836.6 -4614233.8 -3819640.2 3599015.2 -4823887.8 4659759.2 3851442.0
vertex track :          6   3  28    4586150  0.0470  4.0105  143431.8   97667.1     237.8     0   593.2
   29 4      1  0.0326  4.0075   23305.0   17658.8    -850.2  0.0552  4.0005  142964.7   95545.2  -36610.5
      380.4      43.5   23264.6   18039.5   23265.3   18120.3   23555.5   17492.0   23351.7   18038.8
   30 2      2  0.0118  4.0156   22505.9   83807.8   -3721.8  0.0552  4.0005  142806.1   84057.5  -39482.1
     1178.0     188.7   22320.7   84986.3   22316.2   83473.6   22901.2   82843.3   22698.1   84985.2
   31 2      3 -0.0034  3.9989   22580.6   81200.3   -4565.2  0.0552  4.0005  142759.5   80683.4  -40325.6
     1644.3     304.6   22274.6   82844.4   22276.7   80395.5   23096.6   79770.3   22883.8   82844.9
vertex track :         17   3  29    4318808 -0.2958  2.6491  142499.9   98866.9     369.1     0    -1.0
   26 4     -2 -0.3418  2.6397   20668.0   33415.4    4568.0 -0.2824  2.6463  141815.3  110029.3  -32155.7
  47282016.2 16607769.3 -22521061.2 44791403.5 -10378230.4 -48989203.0 22562606.7 -44724360.2 10419494.5 49056588.1
   27 4     -1 -0.3011  2.6553   22996.9   29593.8    3719.3 -0.2824  2.6463  142054.9  107783.3  -33004.4
  28218912.4 9911869.8 -13005512.3 26951891.8 -6646041.1 -29125927.8 13051715.7 -26892491.5 6691971.6 29185673.0
   28 4      0 -0.2815  2.6506   23194.9   20360.1     849.6 -0.2824  2.6463  142865.4  100189.2  -35874.1
  3374562.4 1185312.3 -1511881.9 3250867.1 -799154.1 -3459956.1 1558481.4 -3209934.3  845484.7 3501233.0
