groupid:  12447, ntrk:  4
vertex track :          0   3  52    4656446  0.4998  0.4106   88401.4  201835.2     142.7    13   920.2
   53 5      1  0.4992  0.4113   90028.7   43183.3    -850.0  0.4989  0.4128   88937.2  202530.1  -80634.8
       42.1       3.9   90058.7   43213.1   90098.5   43245.9   90209.2   43363.9   90063.7   43207.0
   54 5      2  0.4974  0.4127   86215.9   45084.5   -3721.4  0.4989  0.4128   87504.6  201344.7  -83506.2
       75.4      17.9   86262.5   45146.4   86250.9   45136.8   86379.8   45233.0   86285.4   45118.9
   55 5      3  0.4990  0.4118   87922.1   40384.2   -4571.9  0.4989  0.4128   87080.3  200993.6  -84356.7
       90.6      28.5   87973.9   40463.9   87939.0   40435.0   88080.9   40515.0   88010.1   40419.9
vertex track :          3   3  52    4656434 -0.4861 -0.4685   88356.2  201794.5     142.7     0   129.8
   53 5      1 -0.4744 -0.4611   86096.7   41197.6    -824.6 -0.4767 -0.4584   89848.8  203342.9  -80609.1
       63.6      38.5   86077.8   41125.7   86069.5   41117.6   86325.0   41479.1   86024.2   41180.9
   54 5      2 -0.5243 -0.4312   89897.2   49374.4   -3558.4 -0.4767 -0.4584   91152.1  204595.9  -83342.9
      224.0     175.4   89835.6   49096.6   90071.4   49290.6   90168.2   49861.7   89612.8   49367.6
   55 5      3 -0.4571 -0.5026   88109.1   42422.9   -4397.0 -0.4767 -0.4584   91551.9  204980.3  -84181.5
      357.8     288.0   88081.4   41964.4   88466.9   42388.3   88346.3   43090.9   87655.3   42352.0
vertex track :          8   3  52    5322194  0.5214  0.1814   88402.5  201824.6     142.7     0    -1.0
   53 5      1  0.5207  0.1819   90008.0   43365.7    -850.2  0.5211  0.1840   88916.2  202746.7  -80634.9
   707327.1  619236.5  553544.0  861228.6 -781856.3  394726.2 -373317.5 -774287.1  961981.7 -307956.6
   54 5      2  0.5200  0.1842   86137.6   45886.4   -3718.5  0.5211  0.1840   87421.5  202218.9  -83503.2
  3278915.1 2870558.9 2218562.2 3846433.5 -3962893.6 1657090.6 -2046076.4 -3754450.6 4135278.1 -1565279.2
   55 5      3  0.5215  0.1836   87815.5   41389.7   -4565.5  0.5211  0.1840   86980.1  202063.0  -84350.3
  5312007.0 4650449.5 3553695.1 6192144.0 -6467105.3 2663579.5 -3377853.6 -6109154.4 6642845.8 -2580761.6
vertex track :          9   3  52    5322195  1.2658 -0.2850   88431.4  201805.0     142.7     0   165.6
   53 5      1  1.3209 -0.2776   84611.0   41041.5    -825.1  1.2650 -0.2827   88238.2  203183.4  -80609.8
      109.7      42.7   84727.1   41060.8   84789.8   41047.6   84706.1   41232.0   84709.5   40977.2
   54 5      2  1.2556 -0.2186   83567.0   48638.3   -3583.0  1.2650 -0.2827   84749.4  203963.0  -83367.7
      353.8     196.0   83949.1   48770.7   83515.7   48846.2   83396.1   48715.7   83881.9   48384.6
   55 5      3  1.1827 -0.2171   80359.2   41456.8   -4423.7  1.2650 -0.2827   83685.9  204200.7  -84208.4
      554.4     321.4   80962.4   41672.9   80120.3   41827.4   79967.1   41450.6   80846.4   41040.7
