groupid:  13422, ntrk:  3
vertex track :          0   3  82    2784077  0.7223  0.6145   43791.6  160811.1     351.2    13   669.4
   83 3      1  0.7192  0.6178   40532.8   79343.2    -849.9  0.7307  0.6244   41064.2  159559.6 -136331.5
       64.5       8.0   40576.5   79391.3   40629.7   79437.0   40699.9   79505.7   40587.0   79379.1
   84 3      2  0.7248  0.6121   40760.5   79027.0   -3716.7  0.7307  0.6244   38969.5  157769.4 -139198.3
      119.7      32.0   40831.4   79128.7   40800.7   79102.8   40900.5   79136.0   40872.6   79079.8
   85 3      3  0.7197  0.6216   36978.3   76731.6   -4567.8  0.7307  0.6244   38347.5  157237.9 -140049.5
      146.8      50.9   37056.1   76866.1   36985.1   76804.8   37111.2   76807.8   37122.7   76789.0
vertex track :          2   3  82    2771940 -1.1793 -1.1975   42322.5  159409.8     349.4     0     nan
   83 3      1 -1.1234 -1.2391   44888.3   85547.5    -826.3 -1.2093 -1.2051   41867.1  160312.0 -136308.1
        nan       nan      -nan       nan       nan       nan       nan       nan       nan       nan
   84 5      2 -1.0559 -1.1995   46211.7    5937.3   -3674.6 -1.2093 -1.2051   45311.5  163744.3 -139156.3
        nan       nan      -nan       nan       nan       nan       nan       nan       nan       nan
   85 5      3 -1.0422 -1.3621   52411.4    9144.8   -4489.4 -1.2093 -1.2051   46296.9  164726.3 -139971.2
        nan       nan      -nan       nan       nan       nan       nan       nan       nan       nan
vertex track :         10   3  83    2780277 -0.1516  0.7030   41357.4  157238.4     243.5     0   140.1
   80 3     -2 -0.1437  0.7060   40620.7   84158.2    4565.7 -0.1485  0.7149   41266.9  162781.8 -131637.8
      320.7     250.5   40311.3   84422.5   40409.0   83942.2   41140.0   84104.6   40802.3   84522.5
   81 3     -1 -0.1450  0.7064   39794.9   82296.5    3715.6 -0.1485  0.7149   41393.1  162174.0 -132488.0
      199.1     149.8   39608.1   82461.4   39657.7   82219.6   40191.6   82342.2   39901.7   82521.7
   82 3      0 -0.1461  0.7041   44009.0   81694.2     850.1 -0.1485  0.7149   41818.5  160125.5 -135353.4
       51.9      21.8   43977.1   81740.6   43967.5   81786.8   44250.7   81858.5   44019.7   81749.5
