groupid:  13497, ntrk:  3
vertex track :          0   3  62    2482224  0.0116 -0.2528  107804.7  136054.5     297.3    13   848.5
   63 3      1  0.0108 -0.2531  108430.4   56742.7    -849.9  0.0093 -0.2575  107125.8  136386.0  -99043.4
       17.6       3.7  108434.9   56725.2  108435.7   56707.3  108635.9   56969.9  108427.4   56724.9
   64 3      2  0.0105 -0.2538  107714.7   59072.9   -3717.9  0.0093 -0.2575  107099.2  137124.5 -101911.4
       35.9      15.6  107731.7   59037.7  107730.9   59056.1  107907.6   59317.9  107700.6   59036.4
   65 3      3  0.0118 -0.2531  105268.5   58164.6   -4567.9  0.0093 -0.2575  107091.3  137343.3 -102761.4
       45.5      25.0  105295.6   58120.3  105293.8   58158.0  105451.3   58418.6  105245.6   58118.0
vertex track :          4   3  62    3194410  2.8743 -0.7463  110219.6  135559.2     296.4     0    -1.0
   63 3      1  2.8731 -0.9147  107321.2   59596.3    -833.8  2.8416 -0.7753  106307.5  136450.9  -99028.5
  10402263.2 3319780.1 11026477.0   67251.9 -8797023.6 6378416.6 -10811621.6   52149.8 9012269.5 -6259416.1
   64 3      2  3.1432 -0.8635  100905.1   58309.4   -4457.3  2.8416 -0.7753   96011.0  139260.1 -102652.0
  53227979.1 16987186.3 55927295.0 2337879.5 -46724618.9 30539117.9 -55725271.7 -2221051.6 46927089.1 -30422680.5
   65 3      3  2.8563 -0.4781   98483.1   61336.5   -5278.1  2.8416 -0.7753   93678.3  139896.6 -103472.9
  81960383.4 26156850.8 85252648.3 12327283.3 -76417914.5 39391051.6 -85055469.2 -12204400.8 76615480.6 -39268479.1
vertex track :          7   3  63    3183394 -1.6308 -0.7384  109932.3  135056.5     160.6     0    -1.0
   60 3     -2 -1.6269 -0.7453  100444.7   54110.7    4565.9 -1.6155 -0.7525  101347.2  133476.3  -94322.7
  21712933.3 10588990.9 -15229848.2 -18615659.5 24250402.0 -530220.8 15430946.0 18724090.2 -24049854.2  638285.8
   61 3     -1 -1.6261 -0.7515  101476.6   54044.9    3717.3 -1.6155 -0.7525  102718.1  134114.8  -95171.3
  13146646.1 6411373.1 -9142945.8 -11280886.2 14724642.7 -251124.2 9346107.3 11389185.3 -14522031.1  359056.3
   62 3      0 -1.6312 -0.7427  107778.9   57943.3     849.7 -1.6155 -0.7525  107350.7  136272.6  -98038.8
  2129362.0 1038449.9 -1399876.0 -1769496.8 2475689.1   -4980.1 1615642.2 1885592.6 -2260473.8  120710.7
