groupid:  13205, ntrk:  6
vertex track :          0   3  58    3695237  0.0237  0.0550  153004.6   86758.2     245.7    13   763.5
   59 4      1  0.0232  0.0552   35267.5    9052.4    -850.0  0.0271  0.0553  153451.4   88309.8  -91623.8
        6.5       3.7   35266.5    9059.8   35266.4    9059.5   35478.4    9255.1   35273.4    9057.0
   60 4      2  0.0238  0.0550   32540.9    9272.1   -3718.0  0.0271  0.0553  153373.8   88151.1  -94491.7
       21.7      16.1   32534.7    9298.4   32522.5    9270.2   32757.1    9455.8   32564.3    9285.6
   61 4      3  0.0242  0.0550   32313.8    8387.2   -4569.2  0.0271  0.0553  153350.7   88104.0  -95342.9
       31.4      26.1   32302.6    8426.5   32282.3    8380.5   32535.1    8558.0   32350.4    8405.5
vertex track :          5   3  58    3845499 -1.3594  0.3233  152156.6   86968.0     247.8     0    -1.0
   59 4      1 -1.3195  0.3578   31885.1    5842.2    -816.4 -1.3586  0.3338  154074.8   88232.4  -91590.0
  2136563.8 1243463.3 -2355626.6 -635168.0 1768312.2 -1753333.7 2419605.4  647062.8 -1704819.2 1765093.2
   60 2      2 -1.3183  0.2724   37192.4   83752.9   -3758.7 -1.3586  0.3338  158072.3   87250.3  -94532.3
  9600348.7 5587327.4 -10495209.9 -3445187.9 8307947.3 -7330699.7 10569803.4 3612904.0 -8233839.3 7498262.8
   61 2      3 -1.3123  0.1987   39096.5   83875.5   -4592.0 -1.3586  0.3338  159204.5   86972.2  -95365.7
  15372979.4 8946953.1 -16499933.1 -6461119.8 13899342.8 -11063387.3 16578334.9 6629081.0 -13821425.4 11231180.0
vertex track :          9   3  58    4103867 -0.2530  0.6370  152850.7   87098.5     245.9     0     nan
   59 4      1 -0.2591  0.6348   35339.1    8919.6    -849.9 -0.2455  0.6441  153598.4   88009.0  -91623.5
        nan       nan      -nan       nan       nan       nan       nan       nan       nan       nan
   60 4      2 -0.2522  0.6365   33425.5    7429.8   -3717.0 -0.2455  0.6441  154302.2   86162.3  -94490.6
        nan       nan      -nan       nan       nan       nan       nan       nan       nan       nan
   61 4      3 -0.2493  0.6386   33409.9    6057.6   -4568.3 -0.2455  0.6441  154511.2   85614.1  -95341.8
        nan       nan      -nan       nan       nan       nan       nan       nan       nan       nan
vertex track :         14   3  59    3672720  0.6607 -0.5494  154656.3   88535.0     329.7     0   239.2
   56 2     -2  0.6603 -0.5602   35255.4   84243.9    4568.6  0.6637 -0.5604  156118.6   86103.1  -87104.6
      199.0     129.0   35490.6   84213.5   35325.8   84353.4   35230.9   84483.7   35323.8   84016.9
   57 4     -1  0.6594 -0.5467   36699.6    8164.2    3717.7  0.6637 -0.5604  155553.8   86579.9  -87955.6
      134.2      76.7   36851.9    8137.6   36783.7    8194.1   36757.9    8400.2   36753.9    8019.4
   58 4      0  0.6599 -0.5502   33616.7    7732.8     850.1  0.6637 -0.5604  153650.4   88187.0  -90823.1
       54.3       9.8   33664.7    7705.6   33719.9    7659.5   33779.4    7969.5   33652.1    7690.5
vertex track :         15   3  59    3672721 -0.0354 -0.7644  154829.3   88589.2     329.7     0   239.4
   56 4     -2 -0.0691 -0.7518   36297.3    6907.5    4485.8 -0.0413 -0.7711  153308.2   85327.3  -87187.9
      173.5     117.5   36398.4    6724.0   36415.6    6911.6   36406.1    7300.2   36164.4    6745.5
   57 4     -1  0.0231 -0.7388   34536.6    6304.8    3663.2 -0.0413 -0.7711  153342.2   85961.6  -88010.4
      117.6      70.1   34610.3    6189.4   34607.8    6269.4   34672.8    6629.4   34470.2    6185.0
   58 4      0 -0.0235 -0.8104   36926.0   10780.9     813.9 -0.0413 -0.7711  153460.0   88158.6  -90859.8
       48.0       8.5   36933.1   10732.7   36931.0   10658.5   37128.9   11038.3   36916.2   10733.2
vertex track :         20   3  59    3838125  2.9034 -0.0867  155109.3   88334.1     329.6     0    -1.0
   56 4     -2  2.9039 -0.1071   45697.6    7249.6    4567.4  2.9509 -0.1099  166264.8   87807.0  -87107.0
  57882957.4 18841987.9 58584009.7 16702257.2 -57102580.8 20970572.3 -58492401.6 -16687548.2 57194585.8 -20956095.7
   57 4     -1  2.9047 -0.0864   45312.7    9653.4    3718.4  2.9509 -0.1099  163759.4   87900.2  -87956.0
  34641674.3 11276514.5 35007044.4 10250878.7 -34245044.6 12311462.0 -34916206.1 -10231362.0 34336280.0 -12292173.4
   58 4      0  2.8997 -0.0907   35893.2    7906.6     850.2  2.9509 -0.1099  155295.6   88215.3  -90824.2
  4439674.7 1445197.3 4518572.3 1313623.0 -4355829.3 1591153.4 -4446572.9 -1297599.9 4428224.7 -1575359.3
