groupid:  13008, ntrk:  3
vertex track :          0   3  88    3494858  0.1108 -0.0817  179840.0  162081.3     418.7    13  1478.3
   89 4      1  0.1109 -0.0814   60374.7   81058.4    -850.3  0.1113 -0.0856  180802.1  160552.3 -147782.0
       10.4       2.3   60384.4   81054.1   60391.0   81049.3   60575.1   81272.6   60381.7   81050.4
   90 4      2  0.1105 -0.0818   62305.8   82527.7   -3717.0  0.1113 -0.0856  180483.1  160797.8 -150648.7
       22.5       8.9   62329.2   82521.5   62316.3   82531.0   62492.6   82743.9   62318.6   82507.2
   91 4      3  0.1110 -0.0815   60843.0   81689.5   -4566.8  0.1113 -0.0856  180388.5  160870.6 -151498.5
       28.1      14.2   60874.0   81684.3   60852.0   81700.5   61022.0   81904.6   60857.2   81661.4
vertex track :          1   3  88    3497435 -1.1010 -0.5663  179353.2  161882.2     418.9     0     nan
   89 4      1 -1.1259 -0.5999   59411.9   86317.9    -833.7 -1.1192 -0.5674  181851.3  160956.6 -147765.9
        nan       nan      -nan       nan       nan       nan       nan       nan       nan       nan
   90 4      2 -0.9481 -0.5459   60531.9   84154.8   -3619.2 -1.1192 -0.5674  184968.8  162536.9 -150551.4
        nan       nan      -nan       nan       nan       nan       nan       nan       nan       nan
   91 6      3 -0.9999 -0.4845   64204.6    5983.0   -4439.0 -1.1192 -0.5674  185886.4  163002.1 -151371.2
        nan       nan      -nan       nan       nan       nan       nan       nan       nan       nan
vertex track :          4   3  88    3869818 -0.9843  0.1722  179361.6  162195.3     419.1     0   157.1
   89 4      1 -0.9839  0.1704   60799.8   80957.4    -849.9 -0.9902  0.1778  181718.3  160336.3 -147781.4
       96.6      48.8   60696.2   80925.8   60680.1   80928.6   61112.4   81199.1   60712.9   81022.0
   90 4      2 -0.9822  0.1762   65762.6   81675.6   -3721.3 -0.9902  0.1778  184561.5  159825.7 -150652.8
      293.5     189.8   65440.2   81540.6   65811.7   81474.0   66294.0   82020.8   65507.3   81914.2
   91 4      3 -0.9829  0.1717   65232.9   80681.0   -4568.3 -0.9902  0.1778  185400.2  159675.0 -151499.8
      451.6     304.3   64735.7   80459.0   65419.0   80339.6   65939.2   81113.3   64840.4   81058.5
