groupid:  14263, ntrk:  6
vertex track :          0   3  76    5574278  0.0757 -0.2154  132847.7  206950.9     457.3    13  1432.2
   77 6      1  0.0766 -0.2151   12777.5   47294.2    -849.7  0.0805 -0.2183  133777.4  207877.0 -125526.3
       16.3       2.6   12785.4   47279.7   12790.5   47265.2   12979.6   47518.4   12780.5   47277.9
   78 6      2  0.0752 -0.2164   13497.6   52488.0   -3717.8  0.0805 -0.2183  133546.4  208503.1 -128394.4
       31.8       9.7   13517.2   52461.1   13512.1   52475.8   13688.1   52724.7   13498.9   52454.8
   79 6      3  0.0760 -0.2155   13168.8   46542.5   -4568.7  0.0805 -0.2183  133477.9  208688.8 -129245.3
       38.6      15.3   13196.1   46511.2   13186.4   46538.7   13351.6   46783.6   13167.2   46501.0
vertex track :          2   3  76    5786967 -4.6387 -2.6098  131835.9  206454.2     457.0     0    -1.0
   77 6      1 -4.7698 -2.5927   14871.1   50295.6    -812.7 -4.6513 -2.6048  138768.9  210403.5 -125488.7
  46902358.2 8660652.3 -37057239.1 -29957982.5 45358084.0 14839623.0 37087186.5 30058781.0 -45329343.4 -14739576.4
   78 6      2 -5.6336 -2.5747   28918.1   61562.9   -3604.9 -4.6513 -2.6048  151756.3  217676.7 -128280.9
  177792769.2 32829934.8 -148030178.2 -103700556.5 175379533.9 44104410.3 148088218.7 103823889.7 -175322880.8 -43981825.2
   79 6      3 -4.2982 -2.0239   30601.2   59742.1   -4428.6 -4.6513 -2.6048  155587.9  219822.5 -129104.6
  283087537.7 52272909.9 -233816462.6 -167828797.9 278413579.6 73362972.7 233877870.8 167948490.1 -278353279.8 -73243913.5
vertex track :          4   3  76    5787657  1.4481  1.1843  133165.1  207281.8     457.3     0    -1.0
   77 6      1  1.4427  1.1902   11985.3   46482.8    -850.4  1.4831  1.1763  132268.1  206383.4 -125526.3
  4519788.2 2130708.5 2142449.9 4566386.0 -4830093.3 -1186046.9 -2118267.9 -4473209.2 4854366.8 1279262.4
   78 6      2  1.4539  1.1825    8924.6   47861.2   -3716.2  1.4831  1.1763  128017.9  203012.3 -128392.1
  17126964.6 8073955.5 8201446.8 17118428.1 -18372343.0 -4494956.6 -8183386.1 -17022494.5 18390497.6 4590927.3
   79 6      3  1.4464  1.1845    7492.6   40764.2   -4567.9  1.4831  1.1763  126754.7  202010.4 -129243.8
  27286165.8 12863183.5 12968127.0 27280776.9 -29252691.2 -7295212.4 -12952930.3 -27199037.3 29267980.2 7376989.7
vertex track :          6   3  76    6234563 -0.7372  2.1853  132685.7  207446.5     458.0     0    -1.0
   77 6      1 -0.7399  1.9896   12493.2   47237.6    -813.2 -0.6954  2.1467  134606.2  205355.2 -125488.0
  6740416.2 2681412.0 -4850274.9 5430235.5 -151369.5 -7204680.8 4875470.6 -5335548.3  176200.5 7299573.8
   78 6      2 -0.6692  2.0287   15122.1   44945.5   -3554.6 -0.6954  2.1467  136512.6  199470.2 -128229.4
  25176774.7 10015599.1 -17383169.7 20817082.0 -1609724.3 -27001671.6 17413623.4 -20726978.8 1639828.1 27091988.7
   79 6      3 -0.5178  2.1369   13401.8   38609.1   -4367.4 -0.6954  2.1467  137077.8  197725.4 -129042.2
  40109498.7 15956001.6 -24939690.7 35262309.2 -6048055.5 -42699986.8 24966703.8 -35184879.0 6074750.4 42777653.6
vertex track :          8   3  76    6234972  0.7262  0.8246  132982.6  207172.6     457.3     0   149.8
   77 6      1  0.7224  0.8281   12390.1   46669.1    -850.1  0.7443  0.8164  133047.4  206745.1 -125526.1
      114.7      58.3   12421.5   46793.9   12422.4   46794.9   12569.4   46755.2   12509.4   46717.2
   78 6      2  0.7274  0.8213   11310.0   49014.0   -3717.9  0.7443  0.8164  130912.8  204403.8 -128393.9
      355.4     222.0   11379.4   49427.3   11060.9   49067.6   11451.2   48811.6   11711.8   49132.9
   79 6      3  0.7258  0.8228   10463.2   42224.2   -4565.7  0.7443  0.8164  130281.8  203711.7 -129241.7
      549.7     355.4   10560.4   42871.6    9985.5   42219.9   10576.8   41787.7   11093.4   42401.4
vertex track :         14   3  77    6228851  1.4689  0.8324  131601.7  205755.3     451.5     0    -1.0
   74 6     -2  1.4733  0.8212   23426.0   54540.8    4569.7  1.4779  0.8206  138664.3  210277.9 -120914.2
  18067802.6 9207389.0 11322927.5 16893269.1 -20240854.0 -698890.1 -11275863.9 -16783976.7 20288015.5  808144.2
   75 6     -1  1.4708  0.8278   18338.5   47028.5    3717.0  1.4779  0.8206  137404.2  209578.2 -121766.9
  10701904.7 5453712.4 6669455.1 10048847.9 -11982483.2 -449393.9 -6632566.6 -9954580.0 12019469.1  543624.8
   76 6      0  1.4778  0.8179   13422.2   47464.0     849.6  1.4779  0.8206  133166.5  207225.2 -124634.3
  1086545.8  553706.0  695939.6 1058078.8 -1205050.7    5927.7 -668883.7 -962939.9 1232205.4   89172.1
