groupid:  14777, ntrk:  3
vertex track :          0   3  34    3267033  0.3257 -0.3168  109906.6  100914.8     244.1    13  1864.4
   35 3      1  0.3288 -0.3140  108131.7   20653.7    -849.8  0.3248 -0.3150  108394.2  100611.1  -47623.6
       30.2       2.2  108155.0   20634.4  108180.4   20610.1  108318.7   20882.6  108152.0   20631.3
   36 3      2  0.3256 -0.3169  109108.0   24190.1   -3719.3  0.3248 -0.3150  107462.2  101514.8  -50493.1
       54.5       8.8  109153.2   24158.4  109143.5   24167.8  109273.1   24431.4  109140.8   24145.7
   37 3      3  0.3272 -0.3142  107151.0   21490.1   -4567.8  0.3248 -0.3150  107186.6  101782.0  -51341.6
       64.0      13.4  107206.5   21455.5  107182.8   21478.2  107305.8   21734.4  107187.8   21436.1
vertex track :          4   3  34    3707667 -1.1117  0.7842  109137.5  101501.2     242.2     0   219.2
   35 3      1 -1.1110  0.7873  111000.7   27157.7    -827.6 -1.0962  0.7789  109160.8  100016.6  -47598.0
      106.9      33.8  110894.0   27191.9  110835.1   27233.7  111316.4   27334.3  110933.1   27247.1
   36 3      2 -1.1270  0.7585  114248.4   22169.6   -3867.7 -1.0962  0.7789  112493.3   97648.7  -50638.1
      313.2     155.8  113901.5   22215.3  114184.6   22024.8  114804.1   22334.7  114075.5   22473.7
   37 3      3 -1.2223  0.6183  114125.6   23336.8   -4695.8 -1.0962  0.7789  113401.0   97003.8  -51466.2
      464.4     249.1  113598.8   23324.1  114170.9   23034.7  114861.2   23560.0  113823.7   23768.6
vertex track :          5   3  34    4140225  1.5457 -0.6457  110500.6  100735.5     247.0     0    -1.0
   35 3      1  1.5503 -0.6359  107748.4   20716.5    -850.3  1.5376 -0.6471  107650.5  100796.8  -47628.2
  3042158.0 1559314.2 3514090.0  308853.7 -2114724.0 2617765.1 -3298381.6 -267211.4 2330546.4 -2576465.7
   36 3      2  1.5443 -0.6434  105011.6   25268.2   -3715.7  1.5376 -0.6471  103244.5  102651.1  -50493.7
  13076465.5 6702583.8 14753464.0 1183466.0 -9387795.8 11241149.8 -14543229.3 -1132720.3 9598143.3 -11190748.6
   37 3      3  1.5506 -0.6412  102050.2   22812.1   -4568.1  1.5376 -0.6471  101933.9  103202.6  -51346.0
  21079662.1 10804769.9 23710766.3 1952509.5 -15248761.3 18062572.1 -23506454.3 -1906675.9 15453187.3 -18017082.4
