groupid:   1472, ntrk:  5
vertex track :          0   3  42    6183414 -0.0573 -0.2016  168315.5  197102.4     430.7    13  1755.1
   43 6      1 -0.0583 -0.2013   46020.8   40910.6    -849.7 -0.0583 -0.2018  166272.1  197368.0  -62766.7
       14.9       2.1   46018.6   40895.7   46014.7   40882.0   46232.9   41135.3   46014.7   40896.8
   44 6      2 -0.0578 -0.2015   47992.3   38687.0   -3717.8 -0.0583 -0.2018  166439.4  197946.8  -65634.8
       29.2       7.9   47991.8   38656.8   47995.7   38670.6   48202.7   38927.0   47976.7   38661.2
   45 6      3 -0.0593 -0.2014   48938.5   40877.1   -4567.9 -0.0583 -0.2018  166488.9  198118.3  -66484.9
       35.1      12.4   48940.5   40839.9   48947.8   40864.9   49146.4   41124.0   48916.7   40847.0
vertex track :          4   3  42    6847371 -0.4567  1.1259  168142.8  197673.8     430.4     0   295.5
   43 6      1 -0.3989  1.2300   52369.0   42751.5    -828.0 -0.4547  1.1170  166597.8  196272.6  -62743.6
       91.5      24.8   52317.2   42830.9   52289.8   42915.1   52630.4   42883.4   52364.4   42846.2
   44 6      2 -0.3680  1.2075   50030.6   32723.1   -3649.0 -0.4547  1.1170  167880.4  193121.4  -65564.6
      209.9      95.6   49877.9   32896.0   49923.0   32748.0   50392.9   32761.4   50060.9   32951.8
   45 6      3 -0.5270  1.1131   51007.2   38344.0   -4486.7 -0.4547  1.1170  168261.3  192185.6  -66402.3
      294.8     153.3   50742.4   38544.9   50884.1   38245.7   51481.4   38354.2   51019.6   38676.1
vertex track :          5   3  42    7041706 -2.0775 -1.7997  167484.4  196411.6     430.5     0   167.8
   43 6      1 -2.0863 -1.7893   46862.4   41537.9    -850.4 -2.1015 -1.7804  168051.7  198710.2  -62768.6
      455.8     137.2   46605.7   41137.0   46859.6   41354.8   47327.0   42147.0   46427.1   41345.3
   44 6      2 -2.0743 -1.7946   54540.7   43805.7   -3719.2 -2.1015 -1.7804  174080.3  203817.8  -65637.3
     1622.5     529.7   53660.3   42343.6   55678.7   44089.8   55629.1   45476.0   52967.2   43144.7
   45 6      3 -2.0986 -1.7712   57187.1   47258.6   -4568.4 -2.1015 -1.7804  175865.0  205329.7  -66486.5
     2547.8     849.0   55787.7   44966.5   59241.1   47881.1   58794.5   49759.0   54692.4   46264.2
vertex track :          6   3  42    7042465 -1.2122 -1.8355  167833.3  196417.0     429.5     0   848.3
   43 6      1 -1.2472 -1.8613   52728.2   44082.0    -828.3 -1.2288 -1.8225  167256.1  198724.6  -62745.4
      166.2      15.7   52648.7   43935.1   52571.9   43820.4   53016.4   44436.9   52622.6   43952.6
   44 6      2 -1.1639 -1.8262   52491.0   42232.9   -3646.5 -1.2288 -1.8225  170719.3  203860.8  -65563.6
      361.3      60.0   52347.4   41896.0   52491.3   42121.9   52843.4   42778.0   52246.2   41960.4
   45 6      3 -1.2661 -1.6379   54147.0   50364.9   -4480.6 -1.2288 -1.8225  171744.2  205381.0  -66397.8
      451.6      95.2   53946.0   49949.4   54232.6   50320.0   54556.6   50988.8   53795.5   50065.7
vertex track :          9   3  43    6182852  0.0347 -0.2532  165268.5  196056.3     207.9     0   122.8
   40 6     -2  0.0335 -0.2537   44742.5   39717.0    4568.1  0.0346 -0.2535  166363.3  196187.8  -57952.5
      246.9     236.9   45009.7   39503.1   44952.1   39939.5   44685.4   40140.6   44539.9   39441.2
   41 6     -1  0.0336 -0.2530   47718.9   36626.5    3719.5  0.0346 -0.2535  166333.9  196402.9  -58801.1
      149.6     142.1   47879.5   36497.0   47847.1   36740.4   47768.4   36965.8   47597.8   36459.5
   42 6      0  0.0336 -0.2533   48732.2   36655.1     849.8  0.0346 -0.2535  166234.6  197130.2  -61670.8
       27.4      21.6   48757.2   36630.7   48757.0   36631.9   48917.2   36889.2   48714.3   36625.0
