groupid:  14268, ntrk:  3
vertex track :          0   3  38    1155802 -0.0699 -0.5102  144791.5   58800.0     363.8    13   598.7
   39 2      1 -0.0706 -0.5110   24433.8   59286.0    -850.2 -0.0727 -0.5090  144836.5   59606.2  -55388.7
       35.5       6.6   24435.5   59250.0   24430.3   59212.9   24642.1   59531.5   24422.5   59251.8
   40 2      2 -0.0696 -0.5107   24365.0   59600.4   -3718.8 -0.0727 -0.5090  145045.0   61066.4  -58257.3
       68.0      26.1   24381.7   59529.6   24385.4   59557.0   24558.3   59880.8   24330.0   59536.6
   41 2      3 -0.0686 -0.5118   27247.3   62313.7   -4568.8 -0.0727 -0.5090  145106.8   61499.0  -59107.2
       85.1      41.6   27277.2   62223.8   27285.5   62285.0   27427.2   62613.0   27194.7   62234.9
vertex track :          2   3  38    1605001  0.0700 -2.1418  144790.0   57517.5     363.1     0   224.4
   39 2      1  0.0369 -2.1868   23834.5   57638.6    -824.6  0.0578 -2.1406  144670.2   60254.7  -55364.4
      211.7      61.4   23899.5   57428.0   23900.1   57392.1   23979.6   58057.1   23776.7   57426.0
   40 2      2  0.1878 -2.2056   24862.7   65437.1   -3819.6  0.0578 -2.1406  144497.1   66665.8  -58359.4
      693.3     258.9   25179.4   64768.3   25101.2   65686.6   24756.1   66313.6   24663.6   64724.3
   41 2      3  0.0815 -2.1615   21453.0   64940.1   -4642.5  0.0578 -2.1406  144449.5   68427.2  -59182.3
     1045.4     411.8   21903.9   63911.0   21842.2   65546.4   21212.2   66177.1   21080.9   63880.0
vertex track :         15   3  39    2238680 -1.9972 -3.3389  146460.1   61473.4     366.6     0   450.7
   36 2     -2 -1.9821 -3.3549   17557.8   45637.9    4567.4 -1.9958 -3.3132  137621.8   47236.7  -50800.5
     1620.6     338.2   17024.6   44070.6   18257.1   46156.6   18299.0   47411.8   16442.3   44414.6
   37 2     -1 -1.9532 -3.3936   18426.6   47429.5    3718.2 -1.9958 -3.3132  139316.8   50050.4  -51649.7
     1081.0     201.0   18061.6   46392.4   18729.8   47553.5   18999.7   48673.2   17713.2   46592.9
   38 2      0 -1.9706 -3.3521   23905.3   57704.5     849.9 -1.9958 -3.3132  145041.4   59553.5  -54518.0
      271.1      24.1   23788.7   57458.6   23649.7   57222.1   24230.0   58157.1   23747.2   57483.1
