groupid:  14096, ntrk:  2
vertex track :          0   3  40    3833692 -0.1709 -0.2851  191377.5  142991.3     212.9    13   211.9
   41 4      1 -0.1679 -0.2871   73092.9   67483.4    -850.0 -0.1728 -0.2897  191645.6  145286.0  -59035.8
       27.6      15.7   73092.5   67451.7   73085.1   67438.9   73303.1   67724.8   73065.4   67467.5
   42 4      2 -0.1693 -0.2854   74562.1   67145.7   -3720.7 -0.1728 -0.2897  192141.5  146117.5  -61906.5
       83.4      69.5   74579.3   67038.5   74628.9   67122.0   74754.7   67462.6   74459.7   67109.4
   43 4      3 -0.1683 -0.2860   71918.2   66579.7   -4569.2 -0.1728 -0.2897  192288.1  146363.3  -62755.0
      127.7     112.9   71950.7   66412.4   72044.9   66572.5   72095.5   66956.7   71756.1   66526.9
vertex track :         12   3  41    3838772 -0.0992 -0.2075  193057.6  147114.8     390.0     0   262.0
   38 4     -2 -0.1000 -0.2074   69726.0   64659.4    4567.8 -0.1040 -0.2098  191120.3  144279.2  -54606.6
       84.5      76.8   69758.5   64549.9   69810.9   64658.6   69903.4   64978.7   69620.1   64616.7
   39 4     -1 -0.1001 -0.2071   71261.3   65875.6    3718.4 -0.1040 -0.2098  191208.6  144457.4  -55456.0
       53.2      45.5   71279.1   65807.8   71304.4   65860.2   71453.4   66153.1   71197.2   65847.4
   40 4      0 -0.1010 -0.2066   70059.0   65523.8     850.2 -0.1040 -0.2098  191506.9  145059.2  -58324.2
       15.1       5.2   70057.0   65507.9   70049.1   65491.7   70270.8   65749.4   70047.7   65512.5
