groupid:  15659, ntrk:  2
vertex track :          0   3 122    2522518  0.2023  0.2166  117331.0  147621.6     308.2    13  1010.7
  123 3      1  0.2034  0.2153  116681.5   67198.2    -850.2  0.2023  0.2184  114689.1  147133.0 -210397.1
       20.3       3.3  116693.1   67215.3  116707.9   67230.9  116880.2   67391.4  116697.9   67210.7
  124 3      2  0.2033  0.2150  116147.5   67353.3   -3718.1  0.2023  0.2184  114109.0  146506.6 -213265.1
       39.3      13.5  116164.7   67391.2  116153.4   67379.2  116340.5   67525.7  116184.3   67372.6
  125 3      3  0.1969  0.2222  112641.6   66643.4   -4567.1  0.2023  0.2184  113937.2  146321.2 -214114.1
       48.3      21.5  112657.5   66693.8  112634.8   66668.2  112835.8   66803.2  112689.7   66665.3
vertex track :          1   3 122    2523051 -1.9616 -1.1666  116498.9  147085.5     307.3     0   152.9
  123 3      1 -2.0925 -1.0040  121941.7   71173.6    -828.7 -1.9698 -1.1887  116327.4  148192.0 -210375.6
      315.7     108.3  121704.0   70939.5  121833.8   71001.7  122387.4   71616.8  121610.3   71134.7
  124 3      2 -1.8276 -1.2629  124591.0   71348.5   -3777.8 -1.9698 -1.1887  122136.7  151697.5 -213324.8
     1213.2     466.1  123857.8   70275.3  125470.3   71389.5  125532.3   72630.3  123327.9   71042.2
  125 4      3 -2.0077 -1.2701    7953.8   76459.5   -4598.2 -1.9698 -1.1887  123752.6  152672.6 -214145.1
     1901.3     745.0    6745.3   74813.4    9537.3   76579.7    9370.3   78314.2    5948.8   76072.5
