groupid:  15613, ntrk:  4
vertex track :          0   3 124    3825534 -0.3724 -0.3859  135305.4  129491.9     416.1    13   947.8
  125 4      1 -0.3615 -0.3973   12841.3   48894.0    -850.0 -0.3755 -0.3897  134157.1  129265.9 -214280.7
       36.7       4.5   12819.9   48863.7   12793.4   48834.6   13072.3   49133.8   12813.2   48869.9
  126 4      2 -0.3713 -0.3883   16603.7   51642.2   -3717.7 -0.3755 -0.3897  135233.9  130383.4 -217148.5
       67.0      17.3   16570.0   51581.8   16584.6   51597.1   16847.1   51912.2   16544.9   51605.7
  127 4      3 -0.3689 -0.3899   14837.9   50594.6   -4567.9 -0.3755 -0.3897  135553.1  130714.7 -217998.7
       80.3      27.2   14802.5   50517.6   14835.4   50552.4   15082.9   50881.2   14763.0   50555.0
vertex track :          1   3 124    3565296  0.8377  1.2261  135560.8  129834.2     416.8     0   284.0
  125 4      1  0.7721  1.2650   17179.0   53218.8    -819.2  0.8449  1.2324  132895.2  127593.9 -214250.5
      116.7      31.1   17213.2   53334.6   17253.7   53401.0   17355.5   53314.2   17266.3   53302.2
  126 4      2  0.8180  1.3152   13464.6   46598.4   -3534.3  0.8449  1.2324  130601.1  124247.8 -216965.6
      281.0     118.0   13512.8   46899.3   13387.8   46698.3   13627.2   46508.9   13713.1   46774.7
  127 4      3  0.8175  1.2364   12692.2   47992.5   -4360.4  0.8449  1.2324  129903.1  123229.7 -217791.7
      402.8     190.0   12755.9   48433.3   12483.2   48020.9   12839.3   47762.9   13072.9   48223.7
vertex track :          6   3 124    4211416  0.0205  0.8647  135386.6  129748.3     416.8     0   508.5
  125 4      1 -0.0038  0.8665   12648.1   48054.7    -850.1  0.0211  0.8670  133737.1  127931.9 -214281.4
       60.1      10.5   12637.3   48114.8   12637.0   48176.5   12868.9   48205.5   12658.3   48114.9
  126 4      2  0.0158  0.8650   15308.1   47454.5   -3718.5  0.0211  0.8670  133676.7  125445.2 -217149.8
      115.5      40.7   15269.5   47570.8   15268.6   47521.5   15556.8   47549.2   15351.0   47569.3
  127 4      3  0.0148  0.8638   13274.4   45359.8   -4567.9  0.0211  0.8670  133658.8  124708.8 -217999.2
      146.0      65.0   13211.9   45506.9   13210.0   45396.3   13546.8   45423.5   13341.8   45504.7
vertex track :          9   3 125    3558662  0.0779 -0.0003  131642.2  128147.2     275.9     0    -1.0
  122 4     -2  0.0779 -0.0019   16676.7   51469.6    4568.5  0.0788 -0.0022  134051.6  128836.5 -209539.8
  3460078.2 3449629.6 3558169.0 3417463.9 -3359996.4 3582765.5 -3524605.5 -3314314.8 3393366.2 -3479826.8
  123 4     -1  0.0779 -0.0006   13551.9   49049.2    3718.3  0.0788 -0.0022  133984.6  128838.4 -210389.9
  2077040.0 2070767.9 2105368.0 2104889.8 -2048589.2 2134638.2 -2078054.1 -2006581.4 2075709.4 -2036539.9
  124 4      0  0.0779 -0.0008   14311.1   49943.9     850.2  0.0788 -0.0022  133758.6  128844.8 -213258.0
   289190.4  288317.2  306336.2  335389.5 -272000.0  341104.3 -277504.0 -235291.7  300638.6 -241216.7
