groupid:  15291, ntrk:  4
vertex track :          0   3  86    5950491  0.2682 -0.1793  161537.3  194559.2     429.8    13   764.0
   87 6      1  0.2660 -0.1813   41360.4   33938.0    -850.7  0.2671 -0.1858  161907.7  194423.6 -144288.0
       22.8       4.8   41382.0   33929.2   41400.1   33916.8   41549.1   34156.7   41376.6   33921.2
   88 6      2  0.2661 -0.1837   41324.4   35653.6   -3717.8  0.2671 -0.1858  161141.8  194956.3 -147155.1
       44.9      18.5   41371.9   35643.4   41353.8   35655.8   41487.2   35873.7   41350.8   35612.9
   89 6      3  0.2658 -0.1839   40461.6   33100.2   -4569.4  0.2671 -0.1858  160914.3  195114.6 -148006.7
       56.3      29.6   40524.8   33092.4   40488.0   33117.9   40608.8   33317.7   40491.1   33043.8
vertex track :          3   3  86    5966874 -1.0200  1.5598  160307.8  196070.0     431.9     0   162.0
   87 6      1 -0.9102  1.4755   43145.3   37600.9    -807.5 -1.0077  1.5657  162278.0  193772.1 -144244.9
      222.9      84.7   42956.2   37746.2   42999.1   37676.6   43543.5   37667.1   43100.3   37835.1
   88 6      2 -1.0421  1.6020   47150.7   27852.3   -3417.0 -1.0077  1.5657  164907.7  189686.4 -146854.4
      703.3     311.0   46506.6   28272.2   47054.7   27429.6   48003.8   27643.9   47027.9   28611.3
   89 6      3 -0.8610  1.5716   45856.8   28984.6   -4245.2 -1.0077  1.5657  165742.2  188389.8 -147682.6
     1106.6     504.6   44882.6   29712.7   45765.2   28101.7   47040.2   28468.1   45767.7   30197.6
vertex track :          6   3  86    6391567  2.1406 -0.2615  163027.6  194484.0     427.9     0     nan
   87 6      1  2.1398 -0.2845   41259.9   33905.8    -848.8  2.1492 -0.3049  161006.0  194470.1 -144283.0
        nan       nan      -nan       nan       nan       nan       nan       nan       nan       nan
   88 6      2  2.1379 -0.3049   36441.8   35928.4   -3719.0  2.1492 -0.3049  154837.3  195345.3 -147153.3
        nan       nan      -nan       nan       nan       nan       nan       nan       nan       nan
   89 6      3  2.1402 -0.2906   34005.1   33457.7   -4569.5  2.1492 -0.3049  153009.5  195604.6 -148003.7
        nan       nan      -nan       nan       nan       nan       nan       nan       nan       nan
vertex track :         14   3  87    6546001  0.4875 -0.2732  162514.8  191134.6     208.4     0    -1.0
   84 6     -2  0.4882 -0.2703   45601.5   32337.2    4571.3  0.4933 -0.2727  164071.4  193190.3 -139456.2
  4927919.4 4301798.5 6440564.5 1408676.0 -2181687.0 6182775.5 -6349151.0 -1343791.8 2272992.6 -6118157.8
   85 6     -1  0.4891 -0.2705   40418.6   30481.4    3720.8  0.4933 -0.2727  163651.9  193422.2 -140306.8
  2972484.5 2594813.1 3897467.4  862282.9 -1304567.3 3739798.7 -3816419.7 -801110.3 1385507.1 -3678892.6
   86 6      0  0.4901 -0.2680   34671.7   36173.0     850.2  0.4933 -0.2727  162235.9  194205.0 -143177.4
   453674.9  396032.8  622724.2  166008.5 -173289.8  601246.9 -553170.2  -93452.7  242736.2 -528957.1
