groupid:  15280, ntrk:  2
vertex track :          0   3  52    3559927  0.2355 -0.1204  133637.7  125544.1     289.7    13   803.7
   53 4      1  0.2359 -0.1199   15572.8   48696.9    -849.9  0.2431 -0.1187  134306.6  126728.2  -80784.5
       18.4       3.9   15590.9   48692.1   15607.7   48683.6   15764.8   48911.6   15587.4   48685.1
   54 4      2  0.2367 -0.1185   12809.4   47467.8   -3718.7  0.2431 -0.1187  133609.1  127068.6  -83653.2
       37.4      16.5   12850.2   47465.8   12833.1   47474.4   12978.8   47679.6   12835.4   47436.3
   55 4      3  0.2361 -0.1191   14154.3   48311.5   -4568.4  0.2431 -0.1187  133402.5  127169.5  -84503.0
       47.5      26.5   14208.6   48313.8   14173.4   48331.6   14310.2   48519.1   14184.8   48266.4
vertex track :          3   3  52    3813522 -1.3580 -1.0334  133132.2  125251.2     288.8     0   317.1
   53 4      1 -1.3773 -1.0582   11471.2   46422.7    -819.0 -1.3687 -1.0325  135586.0  127441.5  -80750.3
      129.6      28.4   11385.7   46321.2   11302.0   46256.9   11765.3   46733.1   11351.1   46366.2
   54 4      2 -1.3755 -1.0469   17614.4   51250.5   -3578.1 -1.3687 -1.0325  139362.3  130290.3  -83509.5
      321.4     117.8   17430.0   50962.1   17652.6   51131.5   18007.4   51747.8   17287.3   51149.5
   55 4      3 -1.3134 -0.8875   16328.6   49984.9   -4405.4 -1.3687 -1.0325  140494.6  131144.5  -84336.7
      457.7     190.7   16056.1   49570.7   16538.8   49896.8   16809.8   50608.3   15842.6   49886.6
