groupid:   1594, ntrk:  2
vertex track :          0   3 100    2938980  0.0985  0.1681  111340.9  144334.0     157.6    13 10000.6
  101 3      1  0.0986  0.1680  114361.8   65109.4    -849.9  0.1011  0.1701  111685.3  144019.2 -169567.0
       13.0       0.6  114367.9   65120.9  114375.4   65133.7  114565.8   65308.0  114368.9   65120.3
  102 3      2  0.0989  0.1682  108784.7   62237.3   -3716.9  0.1011  0.1701  111395.3  143531.4 -172434.0
       25.1       2.3  108795.5   62260.1  108790.8   62252.2  108984.1   62424.7  108799.4   62257.8
  103 3      3  0.1000  0.1670  111702.5   65619.8   -4568.6  0.1011  0.1701  111309.2  143386.5 -173285.8
       29.6       3.1  111715.0   65646.7  111705.7   65631.1  111900.1   65803.0  111720.3   65643.5
vertex track :          1   3 100    2938981 -0.5210 -1.1073  111240.5  144129.2     157.6     0   425.6
  101 3      1 -0.5667 -1.1018  109351.4   65178.9    -823.6 -0.5332 -1.1260  112207.7  145087.4 -169540.8
       82.2      12.8  109325.1   65100.0  109281.3   65014.7  109587.0   65466.7  109302.4   65111.6
  102 3      2 -0.4916 -1.1209  116100.9   72026.3   -3750.2 -0.5332 -1.1260  113768.2  148382.9 -172467.4
      172.3      60.7  116087.3   71844.2  116122.5   71924.3  116324.0   72417.4  115976.1   71893.0
  103 3      3 -0.4624 -1.1183  113977.6   68953.8   -4564.4 -0.5332 -1.1260  114202.4  149299.7 -173281.6
      226.2      97.5  113981.3   68707.5  114057.0   68890.7  114183.4   69408.9  113801.0   68782.0
