groupid:  15076, ntrk:  2
vertex track :          0   3 100     499954 -0.2356 -0.0619   71999.3   72813.4     201.9    13   583.9
  101 1      1 -0.2351 -0.0631   74923.4   73337.6    -850.2 -0.2368 -0.0583   72131.0   72713.9 -169465.8
       17.1       4.9   74908.2   73328.4   74891.8   73324.0   75148.4   73556.8   74905.7   73338.0
  102 1      2 -0.2355 -0.0624   70266.0   70476.7   -3718.2 -0.2368 -0.0583   72810.2   72880.9 -172333.7
       37.9      22.0   70234.9   70445.7   70258.8   70452.1   70506.7   70717.6   70223.7   70488.2
  103 1      3 -0.2359 -0.0609   73226.0   74098.7   -4567.4 -0.2368 -0.0583   73011.3   72930.4 -173183.0
       51.1      35.6   73185.4   74051.4   73234.9   74064.2   73476.4   74356.0   73167.6   74120.4
vertex track :         14   3 101    1209939 -1.4076 -0.2630   75507.3   73419.9     247.0     0    -1.0
   98 1     -2 -1.4144 -0.2415   65948.3   70837.2    4568.9 -1.4180 -0.2410   66537.5   71740.8 -164914.7
  14175852.2 8116404.6 -12541713.8 -10315580.1 15405283.3 -5544059.8 12673819.0 10457464.2 -15273683.7 5685683.4
   99 1     -1 -1.4129 -0.2531   68138.9   72439.1    3717.7 -1.4180 -0.2410   67744.5   71945.9 -165765.9
  8526484.5 4881850.9 -7463750.9 -6236605.3 9321635.7 -3229236.8 7600237.3 6381693.3 -9185654.6 3374061.8
  100 1      0 -1.4091 -0.2547   71616.3   72733.5     849.7 -1.4180 -0.2410   71811.3   72637.0 -168633.9
  1236325.7  707860.1 -1019103.8 -843725.4 1413830.5 -404010.5 1162544.9  989402.2 -1270893.8  549424.0
