groupid:  15889, ntrk:  2
vertex track :          0   3  56    4619023  0.2782 -0.0971   59434.6  180912.6     152.4    13   903.4
   57 5      1  0.2775 -0.0979   60527.6   23766.1    -849.0  0.2740 -0.0974   60166.3  183438.1  -87687.7
       19.7       3.1   60547.2   23762.5   60568.4   23755.0   60718.3   23979.6   60545.1   23756.6
   58 5      2  0.2767 -0.0968   58493.1   26300.9   -3717.7  0.2740 -0.0974   59380.2  183717.5  -90556.4
       38.5      14.4   58534.1   26301.8   58519.6   26306.8   58662.3   26510.0   58524.7   26274.7
   59 5      3  0.2775 -0.0945   59864.2   22063.9   -4566.4  0.2740 -0.0974   59147.7  183800.2  -91405.1
       48.0      23.2   59917.1   22070.4   59884.5   22081.4   60021.6   22267.3   59902.1   22026.5
vertex track :          9   3  57    5255569  0.0966 -2.2346   60391.3  182497.0     297.1     0     nan
   54 5     -2  0.0831 -2.2349   59256.4   17139.6    4569.0  0.0735 -2.2301   60519.0  173737.1  -83238.3
        nan       nan      -nan       nan       nan       nan       nan       nan       nan       nan
   55 5     -1  0.0728 -2.2314   61254.6   14682.9    3719.1  0.0735 -2.2301   60456.5  175632.4  -84088.2
        nan       nan      -nan       nan       nan       nan       nan       nan       nan       nan
   56 5      0  0.0702 -2.2350   59898.2   17920.6     849.9  0.0735 -2.2301   60245.5  182031.1  -86957.4
        nan       nan      -nan       nan       nan       nan       nan       nan       nan       nan
