groupid:  15700, ntrk:  2
vertex track :          0   3  56    2598999  0.2761 -0.2285  125113.4   98400.1     140.3    13   658.4
   57 4      1  0.2768 -0.2275    6315.9   21686.5    -850.0  0.2776 -0.2259  125140.3  100492.7  -87666.4
       23.9       4.4    6337.1   21674.7    6358.3   21657.2    6504.9   21908.1    6331.6   21667.9
   58 3      2  0.2753 -0.2277  124672.1   20870.8   -3720.9  0.2776 -0.2259  124343.3  101141.3  -90537.3
       47.3      20.2  124721.5   20856.2  124706.4   20868.8  124833.0   21095.2  124695.7   20825.1
   59 4      3  0.2787 -0.2248    5991.5   21312.2   -4571.3  0.2776 -0.2259  124107.2  101333.4  -91387.7
       60.3      32.8    6059.0   21299.9    6023.7   21328.4    6134.2   21534.3    6017.8   21248.8
vertex track :          2   3  56    2957475 -2.9137  1.6906  124217.9   98920.1     140.2     0   704.3
   57 3      1 -3.0425  1.7825  124294.0   17471.3    -826.4 -2.8563  1.6566  127287.4   99182.7  -87639.3
      267.5      25.2  124050.4   17584.8  123873.1   17688.7  124744.5   17569.6  124075.9   17628.2
   58 4      2 -2.8813  1.6577   15038.3   14510.3   -3698.2 -2.8563  1.6566  135490.2   94425.2  -90511.2
      759.5     119.1   14320.6   14785.8   15032.1   14376.5   15963.1   14446.5   14439.4   14992.3
   59 4      3 -2.9562  1.9393   15790.5   10766.7   -4504.5 -2.8563  1.6566  137793.0   93089.5  -91317.4
     1011.0     191.6   14840.0   11161.1   15910.0   10459.2   16948.0   10584.3   15050.2   11481.5
