groupid:   1504, ntrk:  2
vertex track :          0   3  88     323734  0.1443 -0.1274  110349.5   83732.6     262.4    13  2675.5
   89 1      1  0.1440 -0.1279  110986.7   81193.7    -850.3  0.1442 -0.1320  110038.0   83043.2 -147576.0
       13.2       1.2  110997.4   81185.8  111007.9   81176.5  111186.1   81411.4  110995.8   81184.0
   90 1      2  0.1428 -0.1282  112635.5   83933.3   -3716.9  0.1442 -0.1320  109624.8   83421.6 -150442.6
       25.8       5.1  112658.1   83919.8  112649.7   83927.4  112823.0   84156.6  112651.3   83912.3
   91 1      3  0.1451 -0.1255  110416.7   82405.4   -4567.8  0.1442 -0.1320  109502.1   83533.9 -151293.5
       30.7       8.0  110445.2   82391.4  110429.2   82405.2  110598.4   82629.4  110434.8   82379.3
vertex track :          5   3  88    1277825 -0.1427  0.3594  110255.2   83888.0     261.4     0    -1.0
   89 3      1 -0.1434  0.3517  110094.1    7957.1    -836.0 -0.1295  0.3702  110250.6   82650.4 -147560.4
   669041.2  624006.1 -720361.9  391809.4 -215081.0 -847118.5  940760.0 -375684.9  435239.1  863106.5
   90 1      2 -0.1233  0.3516  108815.7   81709.4   -3932.2 -0.1295  0.3702  110651.6   81504.1 -150656.6
  3064713.0 2858418.5 -3602684.4 2027933.8 -1574499.0 -3756127.8 3820525.6 -1864304.6 1792104.4 3919620.5
   91 1      3 -0.1476  0.3631  109741.7   84793.8   -4764.0 -0.1295  0.3702  110759.4   81196.2 -151488.4
  4858027.3 4531019.7 -5916798.5 2879678.7 -2259118.2 -6121515.2 6136491.8 -2709880.7 2478570.6 6291179.1
