groupid:  15632, ntrk:  4
vertex track :          0   3  80    2761405  0.6686 -0.3070   50232.9  153488.0     327.7    13   807.0
   81 3      1  0.6703 -0.3044   48191.4   74065.7    -849.9  0.6797 -0.3031   49614.4  153963.0 -132997.2
       49.5       5.6   48238.8   74050.3   48289.5   74027.3   48354.7   74290.7   48234.2   74040.1
   82 3      2  0.6707 -0.3033   50374.8   76018.3   -3712.8  0.6797 -0.3031   47668.6  154830.8 -135860.0
       89.7      22.6   50465.8   76001.9   50443.2   76012.1   50494.4   76244.3   50447.1   75960.7
   83 3      3  0.6735 -0.2976   46835.7   74441.8   -4564.7  0.6797 -0.3031   47089.5  155089.0 -136712.0
      108.2      35.9   46949.1   74430.8   46892.6   74455.8   46932.9   74662.4   46920.1   74365.2
vertex track :          3   3  80    3418412  4.3290 -3.8282   51131.0  152510.0     322.9     0  1750.7
   81 3      1  4.3709 -4.1376   48370.1   78304.8    -824.0  4.4627 -3.8708   46202.9  157074.8 -132971.0
      619.6      27.2   48838.7   77898.6   48856.7   77881.6   48115.8   78916.9   48801.3   77859.2
   82 5      2  3.9100 -3.7049   31804.6    5852.8   -3428.7  4.4627 -3.8708   34578.8  167157.2 -135575.7
     1743.4     103.7   33141.4    4729.0   31431.5    6349.2   30681.7    7183.0   32998.8    4578.4
   83 5      3  4.0094 -3.2809   30407.2   12804.7   -4291.1  4.4627 -3.8708   30730.2  170495.4 -136438.1
     2224.0     167.9   32234.6   11526.2   29634.3   13654.1   28793.7   14289.9   32022.0   11266.3
vertex track :          7   3  81    3839003  4.4690 -3.7866   45914.5  154686.5     235.5     0  1452.7
   78 3     -2  4.4841 -3.7798   70593.5   56170.8    4568.8  4.5789 -3.8613   67631.7  138929.9 -128298.1
     2237.4     191.9   72427.9   54875.6   69948.1   56965.8   68973.6   57672.3   72180.5   54582.1
   79 3     -1  4.4940 -3.7579   67087.0   59031.4    3717.5  4.5789 -3.8613   63733.7  142217.0 -129149.4
     1706.7     116.2   68470.8   58025.7   66796.0   59426.2   65917.7   60243.3   68321.7   57847.4
   80 3      0  4.4468 -3.8042   50722.4   74015.3     850.1  4.5789 -3.8613   50604.0  153289.2 -132016.9
      454.0      17.3   51078.6   73733.3   51322.5   73524.7   50580.7   74503.5   51056.1   73707.1
vertex track :         13   3  81    4532235 -1.0780 -5.4983   48313.7  154123.1     230.8     0  9318.7
   78 3     -2 -1.6448 -5.5555   42891.0   49883.0    5103.6 -1.1378 -5.5624   44663.0  128002.2 -127766.9
     2001.6      46.9   42367.8   47950.5   43158.8   50622.3   43622.7   52020.0   42277.9   47977.1
   79 3     -1 -1.2797 -5.2636   41588.1   56597.3    4269.1 -1.1378 -5.5624   45612.4  132643.8 -128601.3
     1666.6      34.9   41228.3   54969.6   41747.0   57103.1   42156.7   58429.7   41160.5   54986.1
   80 3      0 -1.0421 -5.5111   46113.2   69732.4     823.5 -1.1378 -5.5624   49532.7  151809.8 -132047.0
      412.7       4.8   46041.2   69326.0   45975.8   68979.7   46394.0   70343.3   46031.7   69327.8
