groupid:  15775, ntrk:  2
vertex track :          0   3  22    1861033 -0.2730 -0.3256  134751.0   80000.8     400.3    13  1391.7
   23 2      1 -0.2736 -0.3257   12445.5   79401.1    -850.1 -0.2734 -0.3235  131982.5   79812.1  -25753.6
       29.1       3.0   12429.0   79376.9   12409.0   79353.1   12671.6   79635.0   12424.5   79380.7
   24 2      2 -0.2739 -0.3250   12240.2   80934.9   -3720.2 -0.2734 -0.3235  132767.1   80740.6  -28623.7
       53.2      11.3   12214.6   80886.9   12225.6   80900.0   12475.5   81192.5   12197.3   80901.5
   25 2      3 -0.2714 -0.3273   12147.9   80514.9   -4563.1 -0.2734 -0.3235  132997.5   81013.3  -29466.5
       62.9      17.5   12121.2   80455.3   12144.5   80483.3   12384.2   80784.1   12094.2   80477.7
vertex track :          5   3  22    2338974 -0.7241  1.1218  134550.6   80487.6     399.6     0    -1.0
   23 2      1 -0.7421  1.1555   16926.8   79346.9    -826.0 -0.7081  1.1351  132312.5   78509.5  -25727.5
  2298623.3 1377914.0 -2384632.8 1268812.1   99548.4 -2599116.2 2418695.7 -1109907.3  -65850.6 2758052.5
   24 2      2 -0.7584  1.0667   20261.4   75117.8   -3769.1 -0.7081  1.1351  134396.6   75168.8  -28670.6
  9314449.3 5583563.8 -9927557.4 4431268.9  866495.9 -10751419.9 9968289.4 -4280822.3 -826132.3 10901879.5
   25 2      3 -0.6311  1.1788   21548.1   78775.4   -4599.5 -0.7081  1.1351  134984.7   74226.2  -29501.0
  14776414.8 8857749.1 -14761879.7 8924815.0 -813131.8 -17128698.8 14805185.3 -8767053.1  856095.5 17286497.0
