groupid:  16373, ntrk:  3
vertex track :          0   3  22    6448462  0.3958 -0.0753  157681.1  209226.3     443.2    13  2223.4
   23 6      1  0.3956 -0.0777   36233.0   48393.4    -850.0  0.3988 -0.0834  155570.9  208507.3  -25427.4
       27.8       2.2   36260.7   48390.1   36289.2   48384.5   36415.7   48606.5   36259.8   48385.9
   24 6      2  0.3956 -0.0779   34285.7   49826.6   -3716.9  0.3988 -0.0834  154427.5  208746.3  -28294.3
       50.3       7.8   34336.5   49824.5   34320.9   49827.6   34445.2   50038.7   34333.5   49809.3
   25 6      3  0.3962 -0.0763   33223.1   52306.3   -4569.2  0.3988 -0.0834  154087.6  208817.4  -29146.5
       58.8      11.6   33283.0   52306.6   33250.7   52312.9   33373.5   52516.0   33278.6   52283.8
vertex track :          2   3  22    5552314 -1.8147  0.0600  157347.9  209247.4     444.5     0    -1.0
   23 6      1 -1.8037  0.0417   42073.2   48843.3    -825.5 -1.8157  0.0754  158058.1  208328.4  -25403.6
  4134256.9 1994472.0 -4137169.5 -1849558.3 4128757.5 -2040625.1 4221524.2 1947455.0 -4044989.8 2138320.4
   24 6      2 -1.8609  0.2071   48355.0   48497.3   -4061.3 -1.8157  0.0754  163933.3  208084.3  -28639.4
  17614682.2 8497776.2 -18398148.2 -6448867.3 16614673.4 -10345369.8 18495066.4 6546072.1 -16518354.2 10442407.8
   25 6      3 -1.6547  0.1618   51968.9   55553.0   -4888.9 -1.8157  0.0754  165436.0  208021.9  -29467.0
  27465411.5 13250021.7 -28572624.0 -10458465.7 26097070.5 -15804630.2 28676770.1 10569781.8 -25993480.2 15915770.2
vertex track :          5   3  22    6448461  0.0393  3.1263  157635.1  209707.2     443.2     0     nan
   23 6      1  0.0582  3.1288   36466.8   46234.0    -850.2  0.0668  3.0738  155958.2  204903.9  -25425.5
        nan       nan      -nan       nan       nan       nan       nan       nan       nan       nan
   24 6      2  0.0633  3.1329   35590.0   37405.6   -3716.0  0.0668  3.0738  155766.7  196094.9  -28291.3
        nan       nan      -nan       nan       nan       nan       nan       nan       nan       nan
   25 6      3  0.0490  3.1334   34882.3   37245.7   -4568.4  0.0668  3.0738  155709.8  193474.5  -29143.8
        nan       nan      -nan       nan       nan       nan       nan       nan       nan       nan
