groupid:   1629, ntrk:  2
vertex track :          0   3  96      67552 -0.0092  0.4712  123681.2   62595.9     176.6    13   752.4
   97 1      1 -0.0148  0.4712  122723.0   63179.7    -849.9 -0.0078  0.4838  121068.6   63329.5 -162388.3
       31.2       4.3  122717.7   63210.8  122716.5   63247.3  122938.2   63359.1  122726.3   63211.0
   98 1      2 -0.0088  0.4720  120555.3   61243.4   -3718.1 -0.0078  0.4838  121091.1   61941.7 -165256.6
       58.8      19.2  120534.9   61301.8  120535.3   61283.3  120785.6   61395.4  120573.4   61302.5
   99 1      3 -0.0127  0.4725  121644.3   62672.0   -4566.3 -0.0078  0.4838  121097.8   61531.3 -166104.8
       72.4      30.9  121611.5   62743.6  121612.7   62698.1  121887.2   62811.0  121673.3   62745.2
vertex track :         14   3  96    2504744  2.9842  2.7144  124069.4   62894.4     337.4     0     nan
   97 1      1  3.1259  2.7638  121907.6   61074.4    -821.9  3.0432  2.8292  117922.6   60852.9 -162523.0
        nan       nan      -nan       nan       nan       nan       nan       nan       nan       nan
   98 1      2  2.7453  2.6305  116436.6   52418.8   -3642.8  3.0432  2.8292  109338.2   52872.0 -165343.8
        nan       nan      -nan       nan       nan       nan       nan       nan       nan       nan
   99 1      3  3.1198  2.7635  112193.3   49171.5   -4484.9  3.0432  2.8292  106775.6   50489.5 -166185.9
        nan       nan      -nan       nan       nan       nan       nan       nan       nan       nan
