groupid:  16015, ntrk:  3
vertex track :          0   3  98    3956534 -0.1873  0.1149  148516.0  106036.4     256.2    13  1469.2
   99 4      1 -0.1877  0.1142   29681.8   28139.7    -850.7 -0.1888  0.1138  149309.0  107203.8 -166179.7
       15.1       2.1   29667.9   28145.8   29654.2   28154.1   29905.6   28343.8   29670.1   28149.3
  100 4      2 -0.1892  0.1115   29964.7   26444.3   -3716.3 -0.1888  0.1138  149850.1  106877.8 -169045.4
       29.6       8.9   29934.7   26451.6   29946.0   26445.0   30204.6   26647.0   29943.7   26467.0
  101 4      3 -0.1885  0.1127   32560.9   27991.0   -4566.6 -0.1888  0.1138  150010.7  106781.0 -169895.7
       36.0      14.2   32522.7   27997.3   32545.0   27984.0   32809.0   28194.8   32537.3   28021.7
vertex track :         10   3  99    3954172 -1.8342  0.7270  150109.5  107731.7     367.3     0  4713.1
   96 4     -2 -1.8376  0.6809   23120.1   31553.0    4568.7 -1.8486  0.7327  142221.3  110057.6 -161696.2
      292.4      17.9   22839.6   31637.8   23002.2   31577.5   23608.7   31678.9   22852.1   31671.4
   97 4     -1 -1.8418  0.7034   24511.6   31284.2    3716.1 -1.8486  0.7327  143797.6  109432.9 -162548.9
      243.4      12.7   24279.7   31359.1   24347.7   31333.2   24951.7   31420.0   24288.8   31382.9
   98 4      0 -1.8437  0.7027   26483.9   28608.3     849.8 -1.8486  0.7327  149096.1  107332.8 -165415.1
      122.3       1.7   26369.0   28650.2   26210.4   28710.7   26806.9   28777.1   26370.3   28653.5
vertex track :         11   3  99    4177330 -0.1699  0.0369  149380.5  108048.7     368.1     0  1034.2
   96 4     -2 -0.1638  0.0428   25631.4   32370.7    4455.6 -0.1706  0.0365  148553.3  107449.4 -161808.9
       29.2      16.6   25599.0   32362.0   25621.1   32356.3   25873.7   32589.4   25607.4   32394.1
   97 4     -1 -0.1709  0.0381   27401.7   32044.9    3635.1 -0.1706  0.0365  148693.3  107419.4 -162629.4
       22.4       9.9   27377.7   32040.1   27385.6   32038.3   27635.6   32259.7   27382.0   32059.4
   98 4      0 -0.1669  0.0264   29394.0   31307.3     826.2 -0.1706  0.0365  149172.7  107316.8 -165438.3
       10.8       1.2   29383.2   31307.8   29369.4   31310.0   29614.6   31516.8   29383.5   31310.1
