groupid:  16580, ntrk:  3
vertex track :          0   3  50     318007  0.0147 -0.3043   60375.9   77618.7     234.2    13   741.0
   51 1      1  0.0152 -0.3046   60873.8   79677.2    -850.2  0.0177 -0.3088   62839.5   80314.2  -77307.7
       20.8       4.1   60879.0   79656.7   60880.1   79634.2   61078.7   79907.5   60870.7   79656.3
   52 1      2  0.0146 -0.3055   61772.0   79840.1   -3717.6  0.0177 -0.3088   62788.6   81199.8  -80175.2
       41.5      17.9   61791.9   79799.5   61791.0   79818.3   61962.1   80090.5   61756.1   79797.8
   53 1      3  0.0153 -0.3051   64153.8   81460.3   -4567.8  0.0177 -0.3088   62773.5   81462.4  -81025.3
       52.8      28.9   64185.3   81409.1   64183.3   81450.4   64332.3   81721.3   64127.6   81406.2
vertex track :         13   3  50    1491915  1.0734  1.3742   60557.1   77896.0     234.2     0     nan
   51 1      1  1.0794  1.3621   59073.6   75049.3    -819.3  1.0941  1.4142   61889.2   78773.0  -77277.8
        nan       nan      -nan       nan       nan       nan       nan       nan       nan       nan
   52 1      2  1.1027  1.3527   55194.8   71500.9   -3190.2  1.0941  1.4142   59295.4   75420.3  -79648.7
        nan       nan      -nan       nan       nan       nan       nan       nan       nan       nan
   53 1      3  1.1188  1.4434   51701.9   69061.9   -4029.1  1.0941  1.4142   58377.5   74233.9  -80487.6
        nan       nan      -nan       nan       nan       nan       nan       nan       nan       nan
vertex track :         16   3  51     669725  1.9156  5.0974   59821.6   76818.8     265.4     0    -1.0
   48 3     -2  1.9100  5.1054   69934.6   20542.6    4568.3  1.9810  5.2541   70297.6   99929.5  -72733.1
  260921076.0 47127069.0 47358600.1 260912379.7 -135496625.0 -227843186.6 -47218518.9 -260871079.4 135636895.4 227885343.9
   49 3     -1  1.8952  5.1009   69227.0   18062.3    3718.9  1.9810  5.2541   68615.1   95466.9  -73582.5
  156905819.0 28340030.9 28150727.5 156970356.8 -81143227.3 -137192622.6 -28012061.5 -156934017.0 81282079.3 137229818.5
   50 1      0  1.9229  5.0919   60875.5   79167.5     849.9  1.9810  5.2541   62931.6   80392.7  -76451.5
  22175935.3 4005375.3 4148173.1 22240149.8 -11520206.2 -19250679.7 -4026210.1 -22081599.7 11642361.0 19410084.0
