groupid:  17075, ntrk:  3
vertex track :          0   3  54    5463712  0.4295  0.1474  109669.2  181245.6     117.7    13 10000.6
   55 5      1  0.4302  0.1448  111846.0   21533.9    -850.3  0.4216  0.1432  110849.6  182277.1  -84150.8
       29.5       1.2  111873.6   21544.4  111908.0   21556.0  112028.9   21733.6  111874.4   21542.2
   56 5      2  0.4309  0.1437  109581.3   18494.5   -3717.5  0.4216  0.1432  109640.7  181866.4  -87018.0
       52.5       4.7  109629.7   18515.5  109620.5   18512.4  109743.4   18683.5  109632.6   18506.6
   57 5      3  0.4301  0.1459  109894.0   22393.4   -4568.5  0.4216  0.1432  109281.8  181744.6  -87869.0
       61.3       5.9  109950.1   22418.6  109924.4   22409.9  110048.3   22578.2  109953.9   22407.5
vertex track :          3   3  54    5264501 -0.8296  0.4618  108631.5  181535.2     118.2     0     nan
   55 5      1 -0.8572  0.4715  107698.1   18683.6    -830.5 -0.8129  0.4657  111011.4  182270.1  -84130.8
        nan       nan      -nan       nan       nan       nan       nan       nan       nan       nan
   56 5      2 -0.8208  0.5194  111806.4   19129.3   -3457.0 -0.8129  0.4657  113146.6  181046.9  -86757.3
        nan       nan      -nan       nan       nan       nan       nan       nan       nan       nan
   57 5      3 -0.9173  0.4560  109844.2   19567.9   -4289.9 -0.8129  0.4657  113823.6  180659.0  -87590.1
        nan       nan      -nan       nan       nan       nan       nan       nan       nan       nan
vertex track :         13   3  55    5032955 -0.7779  0.4996  111415.1  182519.0     306.3     0    -1.0
   52 5     -2 -0.7773  0.5035  105709.3   26385.6    4568.2 -0.7630  0.5025  107628.8  184443.7  -79746.6
  7442904.9 5465039.6 -9112306.2 -513690.6 3380964.2 -8606881.5 9323933.9  566672.4 -3169708.9 8659758.5
   53 5     -1 -0.7744  0.5066  109315.7   24638.4    3717.3 -0.7630  0.5025  108278.0  184016.2  -80597.5
  4457743.8 3273150.3 -5412979.9 -274098.1 2047706.6 -5154734.2 5631820.5  323585.3 -1829237.9 5204117.3
   54 5      0 -0.7766  0.5017  109111.1   26372.5     849.9 -0.7630  0.5025  110465.9  182575.4  -83464.8
   592750.9  435234.2 -624956.7  -17522.9  370629.1 -660766.9  843388.2   70478.5 -152570.0  713617.3
