groupid:  17472, ntrk:  5
vertex track :          0   3  98    2775104  0.1650  0.0567   53129.2  157035.8     224.4    13 10000.6
   99 3      1  0.1645  0.0582   53801.7   78355.6    -850.2  0.1673  0.0572   53193.5  158036.7 -165889.7
       11.9       0.6   53812.7   78360.1   53824.8   78364.4   54000.8   78561.2   53813.1   78359.1
  100 3      2  0.1640  0.0605   52576.8   77021.8   -3718.1  0.1673  0.0572   52713.6  157872.7 -168757.5
       23.3       2.2   52598.0   77032.0   52588.6   77028.5   52765.9   77221.8   52599.5   77027.9
  101 3      3  0.1645  0.0586   55334.2   78537.0   -4568.1  0.1673  0.0572   52571.4  157824.1 -169607.6
       27.4       3.0   55359.1   78549.0   55341.9   78542.9   55519.5   78735.1   55361.1   78543.5
vertex track :          1   3  98    3132769 -1.0802 -1.2316   52040.4  155926.5     223.5     0   575.1
   99 3      1 -1.1422 -1.3066   51895.5   76175.9    -823.1 -1.0908 -1.2505   53415.7  158281.8 -165862.4
      113.2      13.4   51831.1   76081.8   51740.2   75977.9   52168.7   76478.6   51810.9   76099.5
  100 3      2 -1.1735 -1.2253   54835.0   79518.6   -3689.2 -1.0908 -1.2505   56541.9  161865.8 -168728.5
      239.8      59.6   54712.1   79304.2   54797.4   79393.3   55166.6   79941.8   54626.0   79386.6
  101 3      3 -0.9381 -1.2409   53186.9   81692.1   -4517.8 -1.0908 -1.2505   57445.7  162901.9 -169557.0
      307.4      95.7   53077.9   81389.2   53251.6   81618.9   53504.9   82203.8   52925.1   81504.6
vertex track :          2   3  98    3689358  0.0753  2.3894   53143.2  158246.9     224.4     0     nan
   99 3      1  0.0538  2.3917   53886.1   77649.5    -849.7  0.0776  2.3896   53304.6  156747.4 -165887.3
        nan       nan      -nan       nan       nan       nan       nan       nan       nan       nan
  100 3      2  0.0251  2.3943   53069.7   69671.5   -3721.9  0.0776  2.3896   53081.8  149883.9 -168759.5
        nan       nan      -nan       nan       nan       nan       nan       nan       nan       nan
  101 3      3  0.0626  2.3981   55816.4   69292.0   -4566.1  0.0776  2.3896   53016.3  147866.8 -169603.7
        nan       nan      -nan       nan       nan       nan       nan       nan       nan       nan
vertex track :          9   3  99    3695009 -1.2551 -0.0901   53843.4  158337.0     328.5     0     nan
   96 3     -2 -1.2515 -0.0906   48938.3   77594.7    4567.8 -1.2662 -0.0950   48398.2  157687.3 -161395.0
        nan       nan      -nan       nan       nan       nan       nan       nan       nan       nan
   97 3     -1 -1.2504 -0.1058   50115.6   78662.9    3717.5 -1.2662 -0.0950   49474.8  157768.1 -162245.3
        nan       nan      -nan       nan       nan       nan       nan       nan       nan       nan
   98 3      0 -1.2540 -0.0962   50402.5   78281.7     850.3 -1.2662 -0.0950   53105.3  158040.4 -165112.5
        nan       nan      -nan       nan       nan       nan       nan       nan       nan       nan
vertex track :         10   3  99    3695010 -1.4304 -0.1617   53835.7  158393.9     328.5     0    -1.0
   96 3     -2 -1.4350 -0.1856   43504.3   80241.3    4492.5 -1.4436 -0.1672   47747.5  157450.8 -161470.2
  13741313.0 7839829.2 -12578631.1 -9457489.3 14676649.1 -5932189.9 12665848.2 9618181.7 -14589941.8 6092633.5
   97 3     -1 -1.5354 -0.0968   47212.4   81596.2    3662.4 -1.4436 -0.1672   48945.9  157589.6 -162300.3
  8228678.3 4694706.6 -7869770.0 -5121557.4 8554655.1 -4086079.2 7964403.1 5284959.7 -8460552.8 4249251.2
   98 3      0 -1.3906 -0.2028   52088.2   80470.8     825.7 -1.4436 -0.1672   53040.9  158063.9 -165137.0
  1024382.4  584440.7 -877229.0 -645683.4 1149797.6 -350063.4  981613.9  806834.7 -1045913.2  510962.4
