groupid:  17570, ntrk:  2
vertex track :          0   3  24    1416402  0.0546  0.0648  204348.1   85356.9     344.7    13   883.8
   25 2      1  0.0540  0.0652   83535.2   84618.1    -849.7  0.0541  0.0670  204520.2   83859.0  -29673.8
        7.7       3.5   83537.4   84626.3   83538.9   84628.1   83743.1   84820.0   83542.9   84621.8
   26 2      2  0.0539  0.0662   82992.5   85058.0   -3716.4  0.0541  0.0670  204365.1   83667.0  -32540.5
       21.9      14.3   82995.2   85084.0   82978.9   85064.0   83199.9   85242.0   83017.4   85065.9
   27 2      3  0.0539  0.0654   84539.2   84259.7   -4565.5  0.0541  0.0670  204319.2   83610.1  -33389.7
       30.4      23.1   84540.7   84297.8   84513.4   84264.7   84747.7   84431.7   84576.3   84268.5
vertex track :          6   3  24    1866163  0.4493 -3.6610  204702.8   82634.3     337.0     0   811.3
   25 4      1  0.5955 -3.8871   86406.7   11681.7    -830.5  0.4076 -3.6634  204436.2   85468.0  -29641.0
      329.5      30.2   86486.5   11360.6   86511.8   11195.6   86537.5   12208.9   86426.7   11351.4
   26 4      2  0.8695 -4.1125   81671.9   20284.6   -3441.8  0.4076 -3.6634  203371.9   95034.2  -32252.3
      852.8     115.3   81961.2   19474.1   81791.0   20279.2   81593.6   21301.0   81735.5   19426.4
   27 4      3  0.4912 -3.6286   82279.3   21913.3   -4263.0  0.4076 -3.6634  203037.1   98042.8  -33073.5
     1129.0     186.6   82615.6   20819.5   82415.9   22295.1   82153.5   23213.5   82245.9   20769.5
