groupid:    189, ntrk:  4
vertex track :          0   3  34    7685173  0.2083 -0.3916  198962.5  193155.0     391.6    13   938.4
   35 6      1  0.2102 -0.3902   75967.1   31817.3    -850.0  0.2057 -0.3905  198068.1  192766.1  -47603.4
       30.5       4.2   75985.3   31792.5   76000.5   31764.2   76159.2   32051.8   75977.9   31788.5
   36 6      2  0.2087 -0.3922   77814.3   37854.1   -3717.0  0.2057 -0.3905  197478.5  193885.7  -50470.4
       56.6      16.3   77855.3   37811.7   77845.9   37829.4   77983.6   38106.1   77826.6   37796.5
   37 6      3  0.2098 -0.3902   75455.1   32661.6   -4565.7  0.2057 -0.3905  197303.9  194217.2  -51319.1
       68.4      25.7   75510.1   32613.5   75489.4   32652.1   75610.4   32919.3   75464.9   32589.2
vertex track :          5   3  34    7685243 -1.9665  2.5686  198799.5  193373.7     391.7     0     nan
   35 6      1 -1.7581  2.6047   81182.8   35149.0    -815.5 -1.9713  2.5670  200540.6  189400.1  -47569.3
        nan       nan      -nan       nan       nan       nan       nan       nan       nan       nan
   36 6      2 -1.9485  2.7114   86967.3   28072.6   -4072.4 -1.9713  2.5670  206960.9  181039.5  -50826.1
        nan       nan      -nan       nan       nan       nan       nan       nan       nan       nan
   37 6      3 -2.0610  2.3762   86760.0   25312.4   -4891.1 -1.9713  2.5670  208574.8  178937.9  -51644.8
        nan       nan      -nan       nan       nan       nan       nan       nan       nan       nan
vertex track :          7   3  34    7685737  1.8514 -0.2654  199754.6  193220.0     390.9     0   167.1
   35 6      1  1.8524 -0.2578   75441.5   31734.5    -849.7  1.8446 -0.2667  196828.5  192675.5  -47600.7
      218.1      81.4   75668.7   31785.1   75625.7   31791.0   75426.1   31893.8   75646.3   31623.9
   36 6      2  1.8470 -0.2651   71975.1   37394.3   -3720.2  1.8446 -0.2667  191533.5  193441.1  -50471.2
      731.1     321.5   72744.5   37608.6   71685.0   37760.7   71417.6   37389.7   72653.2   36972.2
   37 6      3  1.8467 -0.2536   68298.6   32083.5   -4566.4  1.8446 -0.2667  189972.6  193666.8  -51317.4
     1137.4     516.1   69495.7   32440.0   67629.8   32696.3   67313.4   31936.7   69355.2   31417.4
vertex track :          9   3  35    7497227  1.9143 -0.1656  195107.7  191967.8     161.8     0   417.0
   32 6     -2  1.9151 -0.1921   84642.6   30542.4    4565.7  1.9043 -0.1945  205948.4  191678.9  -42773.6
      435.7     150.0   85091.1   30648.2   84626.2   30694.9   84406.0   30646.4   85061.1   30349.7
   33 6     -1  1.9136 -0.1870   83785.1   31874.6    3716.3  1.9043 -0.1945  204330.9  191844.0  -43623.0
      313.0      90.5   84105.4   31934.3   83884.3   31955.9   83676.7   32024.8   84087.8   31754.1
   34 6      0  1.9117 -0.1986   80180.2   32935.3     850.6  1.9043 -0.1945  198873.7  192401.4  -46488.8
      126.6      14.7   80307.7   32936.8   80457.3   32921.3   80264.7   33143.6   80304.7   32907.6
