groupid:   2290, ntrk:  3
vertex track :          0   3  38    1571396  0.7348  0.8544  196893.1   48315.8     301.6    13   667.7
   39 2      1  0.7358  0.8551   75868.1   47586.9    -850.0  0.7434  0.8467  196035.9   47117.5  -55330.5
       76.2       8.8   75911.1   47650.4   75966.2   47714.4   76035.8   47734.2   75924.5   47638.9
   40 2      2  0.7364  0.8539   73430.4   43940.1   -3718.9  0.7434  0.8467  193903.1   44688.3  -58199.4
      143.2      36.3   73496.4   44072.2   73464.0   44034.6   73575.0   44018.8   73551.3   44024.8
   41 2      3  0.7316  0.8567   75679.5   45633.1   -4567.2  0.7434  0.8467  193272.5   43970.1  -59047.7
      176.5      57.9   75750.2   45804.9   75674.6   45716.4   75819.6   45672.2   75838.2   45729.8
vertex track :          8   3  38    2011182 -0.2844 -4.0891  196105.1   44912.4     298.4     0     nan
   39 2      1 -0.3244 -4.1025   75456.0   46890.0    -823.3 -0.3236 -4.0691  196433.2   49270.1  -55300.4
        nan       nan      -nan       nan       nan       nan       nan       nan       nan       nan
   40 2      2 -0.0440 -4.0403   77550.2   60694.2   -3815.8 -0.3236 -4.0691  197401.5   61447.0  -58293.0
        nan       nan      -nan       nan       nan       nan       nan       nan       nan       nan
   41 2      3 -0.4313 -3.8338   74175.5   61224.6   -4630.8 -0.3236 -4.0691  197665.2   64763.0  -59107.9
        nan       nan      -nan       nan       nan       nan       nan       nan       nan       nan
vertex track :         26   3  39    2043544  0.5106 -1.3426  196807.9   49586.6     299.8     0 10001.0
   36 2     -2  0.5209 -1.3393   79115.3   42993.1    4568.1  0.5049 -1.3369  198586.0   43426.3  -50728.9
      189.3      11.5   79194.6   42820.7   79166.7   42892.4   79246.5   43374.0   79173.2   42812.4
   37 2     -1  0.5237 -1.3369   77954.7   43425.6    3718.0  0.5049 -1.3369  198156.8   44562.9  -51579.1
      160.1       8.9   78021.4   43279.7   78014.5   43297.2   78098.5   43780.1   78004.8   43273.2
   38 2      0  0.5213 -1.3378   76380.6   47888.1     850.3  0.5049 -1.3369  196709.1   48396.7  -54446.8
       88.9       1.4   76414.2   47805.8   76459.1   47690.4   76557.5   48179.0   76411.5   47804.7
