groupid:    228, ntrk:  2
vertex track :          0   3  50    2944307 -0.0024 -0.3348   43146.1  141304.1     242.4    13  2114.9
   51 3      1  0.0004 -0.3350   43384.8   63757.9    -850.0 -0.0016 -0.3385   45558.8  143942.2  -77190.9
       22.4       1.7   43386.6   63735.6   43386.6   63710.0   43593.1   63990.0   43383.2   63735.6
   52 3      2 -0.0015 -0.3351   43797.3   64594.7   -3716.9 -0.0016 -0.3385   45563.5  144912.8  -80057.9
       41.1       7.1   43804.2   64553.6   43804.3   64565.3   44000.4   64845.4   43790.0   64553.6
   53 3      3 -0.0006 -0.3353   46634.8   66614.7   -4567.3 -0.0016 -0.3385   45564.9  145200.7  -80908.3
       48.4      10.9   46645.6   66566.2   46645.7   66592.7   46833.9   66872.8   46623.8   66566.3
vertex track :          1   3  50    2943935  0.5963  1.7502   43278.4  141766.2     242.5     0   377.7
   51 3      1  0.5389  1.6466   42085.2   58905.8    -825.1  0.6068  1.7508   45044.1  142167.5  -77165.2
      136.7      24.6   42104.4   59043.4   42132.5   59129.3   42276.6   58979.9   42151.1   59028.1
   52 3      2  0.6273  1.8155   38885.4   54917.5   -3255.1  0.6068  1.7508   43569.7  137912.9  -79595.2
      303.2      94.7   38894.8   55235.0   38828.5   55043.2   39086.5   54811.8   39073.9   55173.2
   53 3      3  0.5061  1.6941   36389.1   52434.5   -4082.3  0.6068  1.7508   43067.7  136464.5  -80422.5
      426.7     156.8   36360.9   52888.3   36222.9   52426.3   36627.7   52192.5   36661.5   52798.5
