groupid:   2271, ntrk:  2
vertex track :          0   3  88    3578987  0.0242 -0.0403  131748.6  133164.1     430.9    13  1252.5
   89 4      1  0.0242 -0.0402   12410.2   52000.8    -850.0  0.0271 -0.0424  132032.3  131952.7 -147786.1
        5.8       2.7   12415.5   51997.2   12414.5   51998.7   12614.9   52214.4   12410.9   51994.4
   90 4      2  0.0240 -0.0402   14422.3   53598.5   -3716.8  0.0271 -0.0424  131954.6  132074.2 -150652.9
       17.7      10.3   14440.2   53588.5   14427.1   53610.5   14614.5   53818.4   14422.6   53578.0
   91 4      3  0.0242 -0.0403   13136.5   52541.6   -4564.1  0.0271 -0.0424  131931.6  132110.1 -151500.2
       23.9      16.5   13162.9   52529.5   13143.4   52562.0   13320.1   52763.5   13134.6   52512.6
vertex track :          5   3  88    4061965 -3.5564  0.7622  129958.0  133558.9     434.0     0     nan
   89 4      1 -3.3988  0.7767   12245.3   56645.4    -834.7 -3.5539  0.7633  134762.1  131331.3 -147767.3
        nan       nan      -nan       nan       nan       nan       nan       nan       nan       nan
   90 4      2 -3.7132  0.7495   20616.7   50738.5   -3810.2 -3.5539  0.7633  145336.6  129060.0 -150742.8
        nan       nan      -nan       nan       nan       nan       nan       nan       nan       nan
   91 4      3 -3.7806  0.9570   26067.3   53673.5   -4619.3 -3.5539  0.7633  148212.2  128442.3 -151551.9
        nan       nan      -nan       nan       nan       nan       nan       nan       nan       nan
