groupid:    234, ntrk:  2
vertex track :          0   3  54    2844041  0.1315  0.0369  123037.8  107483.4     144.4    13   882.3
   55 4      1  0.1316  0.0368    4768.8   29452.0    -850.1  0.1346  0.0361  123947.3  108326.5  -84197.0
        9.8       3.0    4777.5   29457.5    4786.2   29459.9    4970.3   29656.6    4779.1   29451.8
   56 3      2  0.1319  0.0363  124036.3   27445.1   -3719.4  0.1346  0.0361  123561.1  108223.0  -87066.3
       23.8      13.7  124055.7   27464.7  124037.4   27459.7  124227.1   27635.6  124063.0   27438.2
   57 3      3  0.1315  0.0374  124504.2   29846.6   -4569.4  0.1346  0.0361  123446.7  108192.3  -87916.3
       32.2      22.4  124529.1   29876.9  124494.7   29867.1  124689.5   30026.3  124541.3   29833.9
vertex track :          9   3  55    3052080  0.6206  4.4488  124868.7  107924.0     250.0     0  1060.6
   52 4     -2  0.6140  4.4680    4764.7   47378.9    4569.0  0.6662  4.3987  126698.7  126421.9  -79707.0
     1427.8     176.8    4783.9   48817.5    4524.1   46926.8    4956.1   46154.8    5134.3   48769.3
   53 4     -1  0.6476  4.4491    7434.9   45473.0    3717.4  0.6662  4.3987  126131.4  122675.8  -80558.7
     1074.1     106.6    7484.1   46551.2    7310.7   45359.8    7596.3   44609.3    7695.1   46520.5
   54 3      0  0.6140  4.4489  123993.0   31793.9     851.5  0.6662  4.3987  124222.3  110069.5  -83424.5
      321.0      15.5  124021.5   32114.0  124062.7   32412.3  124175.1   31688.3  124052.2   32109.7
