groupid:   2395, ntrk:  5
vertex track :          0   3  46    1379707 -0.6443 -0.6016  149602.7   54665.0     288.7    13   978.9
   47 2      1 -0.6399 -0.6062   31021.2   56427.2    -850.0 -0.6495 -0.5995  150471.8   55870.8  -69752.7
       58.8       5.1   30982.1   56383.0   30933.1   56336.6   31269.7   56680.7   30975.0   56390.4
   48 2      2 -0.6422 -0.6036   31283.0   56014.1   -3718.3 -0.6495 -0.5995  152335.0   57590.5  -72621.0
      105.6      21.0   31220.4   55926.5   31239.5   55944.4   31555.0   56311.2   31191.7   55957.1
   49 2      3 -0.6443 -0.6006   31561.8   57869.9   -4569.1 -0.6495 -0.5995  152887.6   58100.5  -73471.8
      126.0      33.1   31492.1   57759.9   31541.2   57805.6   31840.8   58189.4   31447.0   57808.2
vertex track :          3   3  46    1380244  0.4007  0.4276  150130.2   55193.3     290.5     0   271.1
   47 2      1  0.4165  0.4352   28318.5   54142.6    -814.9  0.4036  0.4167  149817.3   55248.8  -69717.2
       42.3      15.0   28336.9   54183.5   28365.9   54213.7   28510.5   54312.1   28358.6   54162.8
   48 2      2  0.3756  0.3985   28246.8   54681.8   -4059.7  0.4036  0.4167  148507.7   53896.6  -72962.0
      109.4      71.2   28270.0   54810.3   28198.8   54734.7   28433.9   54763.8   28373.6   54712.7
   49 2      3  0.4289  0.4466   29067.3   53808.8   -4875.2  0.4036  0.4167  148178.6   53556.8  -73777.5
      153.8     112.0   29093.0   53997.4   28970.0   53869.3   29252.0   53830.7   29254.6   53842.1
vertex track :          4   3  46    1768851 -0.1986 -0.8547  149839.2   54543.7     288.7     0   246.6
   47 2      1 -0.1926 -0.8562   30886.3   56515.6    -849.9 -0.2029 -0.8563  150199.9   56040.8  -69753.3
       64.8      21.5   30893.0   56447.7   30881.0   56394.3   31089.3   56792.7   30851.1   56457.1
   48 2      2 -0.1967 -0.8550   29706.8   56913.9   -3718.1 -0.2029 -0.8563  150781.8   58496.9  -72621.5
      157.1      90.2   29759.5   56740.5   29788.6   56867.2   29863.9   57296.4   29583.6   56781.0
   49 2      3 -0.1979 -0.8538   29606.3   58989.2   -4569.0 -0.2029 -0.8563  150954.4   59225.5  -73472.4
      226.7     145.8   29697.2   58735.4   29758.0   58997.8   29725.3   59452.1   29413.2   58801.2
vertex track :          7   3  46    2241098  0.6603 -0.4640  150243.5   54749.6     290.6     0    -1.0
   47 2      1  0.6501 -0.4121   28251.9   54394.5    -814.1  0.6627 -0.4721  149643.1   55789.1  -69718.7
  1065249.6  828980.1 1371799.0  184185.3 -427455.5 1324808.2 -1315084.6  -75186.7  484095.8 -1216105.8
   48 2      2  0.6291 -0.4710   27434.4   57689.6   -4063.1  0.6627 -0.4721  147489.8   57323.1  -72967.7
  5054692.8 3933575.6 6431234.5  177190.2 -1661306.4 6235830.3 -6376155.1  -61601.4 1716307.3 -6120550.0
   49 2      3  0.7454 -0.4961   27980.5   57407.1   -4878.2  0.6627 -0.4721  146949.7   57708.0  -73782.8
  7919449.9 6162937.4 10035368.7  800150.1 -3150070.6 9575626.3 -9979196.9 -685126.4 3206188.1 -9460916.3
vertex track :         13   3  47    1805511  0.7228 -0.0573  150727.5   56387.2     358.4     0    -1.0
   44 2     -2  0.7221 -0.0611   34962.9   56280.1    4566.2  0.7258 -0.0704  152918.8   55213.7  -65214.7
  5734179.9 4642409.1 6140263.1 4198512.6 -5287081.2 5165769.4 -6070126.5 -4085742.6 5357158.7 -5053222.1
   45 2     -1  0.7222 -0.0650   34679.2   53463.5    3717.6  0.7258 -0.0704  152302.8   55273.5  -66063.3
  3423243.5 2771468.1 3692717.4 2506703.7 -3126020.1 3120802.6 -3623148.3 -2399566.8 3195530.1 -3013889.2
   46 2      0  0.7224 -0.0599   29972.8   54389.1     849.2  0.7258 -0.0704  150220.9   55475.5  -68931.7
   416968.2  337578.7  473420.2  356343.2 -357510.2  425268.9 -413263.8 -247355.1  417607.5 -316503.3
