groupid:   2643, ntrk:  3
vertex track :          0   3  38    3362196  0.2945  0.2256  170853.2  129266.3     388.8    13  1456.1
   39 4      1  0.2947  0.2254   51561.5   50708.5    -849.8  0.2961  0.2196  171175.3  129200.0  -55443.5
       25.4       2.7   51580.1   50726.1   51601.5   50742.5   51753.2   50901.1   51583.3   50721.8
   40 4      2  0.2957  0.2241   49087.1   49145.8   -3717.4  0.2961  0.2196  170326.1  128570.3  -58311.1
       46.9      10.4   49118.2   49182.3   49105.6   49172.8   49266.3   49319.4   49130.8   49165.8
   41 4      3  0.2947  0.2251   51847.0   50589.7   -4566.4  0.2961  0.2196  170074.6  128383.8  -59160.1
       55.6      16.2   51881.4   50636.3   51854.9   50616.0   52022.9   50753.3   51901.1   50610.6
vertex track :          1   3  38    3362192 -0.3071 -0.0419  170735.1  129213.6     388.8     0   164.0
   39 4      1 -0.2996 -0.0565   51022.1   49242.9    -825.6 -0.3092 -0.0414  171798.7  129470.8  -55419.6
       35.7      27.5   50992.0   49209.3   50999.4   49210.6   51261.8   49486.5   50981.8   49263.3
   40 4      2 -0.3185 -0.0282   51534.5   51452.2   -3863.5 -0.3092 -0.0414  172737.9  129596.5  -58457.4
      127.4     115.6   51417.8   51325.8   51604.7   51342.4   51860.9   51788.6   51397.4   51556.1
   41 4      3 -0.3105 -0.0626   49318.4   48123.1   -4677.0 -0.3092 -0.0414  172989.5  129630.1  -59270.9
      197.0     183.0   49161.5   47904.7   49482.6   47969.5   49685.1   48551.5   49089.1   48263.6
vertex track :          5   3  38    4029515 -4.0747 -6.5674  170016.1  127971.9     387.1     0    -1.0
   39 4      1 -4.0807 -6.5501   54337.2   55010.4    -850.6 -4.2260 -6.6306  175921.2  136397.0  -55446.4
  114619919.6 14707708.6 -48070427.8 -105007112.5 73144940.3 89561629.7 48179308.0 105117336.7 -73037122.9 -89452984.4
   40 4      2 -4.1125 -6.5478   65185.4   73873.4   -3716.0 -4.2260 -6.6306  188030.3  155396.3  -58311.7
  451357615.8 57916951.0 -190951482.8 -412952400.6 289172349.8 351490509.7 191082059.6 413100350.8 -289042842.5 -351344138.1
   41 4      3 -4.0943 -6.5652   71370.7   80902.6   -4567.9 -4.2260 -6.6306  191630.6  161045.2  -59163.7
  721434289.2 92572436.9 -303138539.5 -661055119.7 460379117.0 563242978.6 303281486.7 661217128.3 -460237235.4 -563082552.2
