groupid:   2686, ntrk:  3
vertex track :          0   3  86    2793217 -0.0817 -0.1396   87209.6   90783.2     226.9    13 10000.6
   87 3      1 -0.0827 -0.1387   86090.5   10818.3    -850.9 -0.0809 -0.1332   86033.9   91689.9 -143915.7
       11.1       0.5   86085.3   10808.5   86079.3   10798.4   86305.6   11038.0   86084.3   10809.0
   88 3      2 -0.0830 -0.1399   86996.8   13567.0   -3718.5 -0.0809 -0.1332   86265.8   92071.8 -146783.3
       22.0       2.1   86987.3   13547.0   86992.3   13555.5   87216.1   13796.9   86983.8   13549.1
   89 3      3 -0.0822 -0.1390   87290.6   12176.3   -4567.9 -0.0809 -0.1332   86334.5   92184.9 -147632.7
       25.9       2.8   87279.8   12152.5   87288.9   12168.0   87511.2   12409.9   87274.9   12155.4
vertex track :          4   3  86    2793216 -1.2400 -0.1992   87123.9   90781.8     226.9     0    -1.0
   87 3      1 -1.2292 -0.1936   91099.1   12741.2    -831.6 -1.2435 -0.1740   87176.6   91730.4 -143896.1
  1789062.9 1114388.8 -1502829.1 -1366389.4 2031479.6 -809813.9 1685236.0 1392081.7 -1849539.5  835255.7
   88 3      2 -1.2417 -0.2002   94393.1   10391.7   -3542.5 -1.2435 -0.1740   90547.7   92202.2 -146607.1
  7551778.9 4703925.0 -6612383.0 -5835583.7 8298360.5 -3431585.2 6801378.0 5856577.0 -8109834.9 3452326.7
   89 3      3 -1.2572 -0.2023   94492.6   13998.0   -4372.4 -1.2435 -0.1740   91579.7   92346.6 -147436.9
  12250618.3 7630783.5 -10787976.5 -9466422.4 13401712.5 -5573295.7 10977170.4 9494628.2 -13212991.4 5601249.2
vertex track :         12   3  86    2945169 -0.2418 -1.0144   87198.3   90712.8     226.9     0    -1.0
   87 3      1 -0.2488 -1.0114   86174.3   11493.4    -848.9 -0.2511 -0.9900   86204.8   92542.1 -143913.5
  1393759.5  964676.0  689981.6 -1572357.0 1355810.5 1134248.8 -517423.2 1595552.7 -1183514.0 -1111474.4
   88 3      2 -0.2523 -1.0111   87590.7   16601.5   -3718.0 -0.2511 -0.9900   86925.2   95382.4 -146782.5
  6085681.7 4212140.5 2700994.0 -6907831.5 5647778.1 4901199.8 -2525602.9 6941243.5 -5472649.7 -4868209.2
   89 3      3 -0.2470 -1.0110   87982.5   15938.9   -4567.8 -0.2511 -0.9900   87138.6   96223.8 -147632.3
  9816168.6 6794157.8 4358516.5 -11132167.9 9017528.7 7939111.2 -4182341.8 11164254.6 -8841615.6 -7907445.8
