groupid:   3187, ntrk:  6
vertex track :          0   3  50    4655339  0.1111 -0.3723  133526.7  126524.2     291.4    13  1067.7
   51 4      1  0.1126 -0.3717   13460.9   49064.3    -850.3  0.1130 -0.3743  135871.1  129245.1  -77537.4
       26.2       3.3   13471.6   49040.2   13480.1   49012.3   13660.2   49298.1   13465.3   49038.2
   52 4      2  0.1151 -0.3715   13555.5   50430.0   -3713.1  0.1130 -0.3743  135547.6  130316.5  -80400.2
       48.8      13.5   13582.8   50387.4   13578.1   50402.6   13738.3   50682.3   13557.0   50379.4
   53 4      3  0.1115 -0.3724   16681.5   52357.8   -4564.4  0.1130 -0.3743  135451.4  130635.2  -81251.6
       58.9      21.4   16718.9   52307.5   16708.5   52342.1   16854.2   52617.7   16677.9   52295.2
vertex track :          2   3  50    4002751  0.1434 -0.3413  133529.9  126527.5     291.4     0   845.6
   51 4      1  0.1623 -0.3324   12365.4   45461.4    -826.4  0.1460 -0.3431  135840.1  129204.6  -77513.5
       25.1       3.9   12379.9   45440.6   12392.0   45415.9   12561.0   45691.9   12372.9   45437.2
   52 4      2  0.1868 -0.3352   10629.8   47904.5   -3258.0  0.1460 -0.3431  135485.2  130038.9  -79945.1
       43.8      14.6   10663.8   47873.4   10660.5   47879.4   10805.9   48145.3   10638.3   47859.2
   53 4      3  0.1545 -0.3543    8724.9   47181.6   -4066.4  0.1460 -0.3431  135367.2  130316.3  -80753.5
       54.0      23.8    8768.3   47141.7    8757.6   47166.2    8891.7   47431.2    8724.7   47122.7
vertex track :          3   3  50    4002756 -0.3180  0.6211  133485.8  126618.3     291.4     0   474.0
   51 4      1 -0.3206  0.6195   13775.4   48339.6    -850.3 -0.3174  0.6145  136321.4  128210.0  -77537.1
       47.4       9.0   13745.6   48377.6   13721.9   48423.5   14014.9   48512.2   13761.6   48385.9
   52 4      2 -0.3249  0.6188   14947.4   47301.4   -3719.9 -0.3174  0.6145  137232.3  126446.8  -80406.8
       92.2      37.4   14871.4   47365.7   14888.9   47332.3   15233.1   47447.8   14937.6   47400.5
   53 4      3 -0.3173  0.6260   18398.1   48408.7   -4568.4 -0.3174  0.6145  137501.6  125925.4  -81255.2
      118.2      60.1   18291.0   48487.0   18331.3   48407.6   18714.8   48541.0   18398.2   48541.3
vertex track :          5   3  50    4655335 -0.6032  0.8187  133457.5  126636.8     291.4     0    -1.0
   51 4      1 -0.6541  0.8013   12966.0   44596.9    -825.4 -0.6046  0.8090  136605.6  128026.3  -77512.2
  1402667.2  983503.6 -1635917.4  509288.3  137914.7 -1663774.6 1662058.7 -419883.7 -112120.1 1753136.7
   52 4      2 -0.6505  0.8008   13301.6   43820.4   -3248.8 -0.6046  0.8090  138070.8  126065.8  -79935.5
  5220163.3 3660204.8 -6119150.2 1787448.6  463930.4 -6315572.3 6145962.8 -1699596.9 -437463.8 6403381.3
   53 4      3 -0.6131  0.8447   12035.3   41975.2   -4056.3 -0.6046  0.8090  138559.0  125412.5  -80743.0
  8545488.2 5991811.8 -9856759.6 3438159.0  182437.8 -10393272.4 9881039.6 -3353997.7 -158496.0 10477400.3
vertex track :          6   3  50    4655337  0.1794  0.3494  133533.2  126592.2     291.4     0   771.1
   51 4      1  0.1782  0.3501   13407.5   48538.7    -850.2  0.1850  0.3469  135795.7  128489.7  -77537.2
       26.7       4.5   13415.6   48564.5   13428.8   48590.4   13609.5   48723.2   13423.6   48560.5
   52 4      2  0.1758  0.3508   13366.9   48144.7   -3715.0  0.1850  0.3469  135265.6  127496.0  -80401.9
       51.1      18.5   13373.2   48198.7   13364.3   48181.0   13570.8   48301.0   13406.4   48182.1
   53 4      3  0.1767  0.3467   16417.3   49502.5   -4563.7  0.1850  0.3469  135108.6  127201.7  -81250.6
       63.4      29.7   16419.6   49572.4   16399.2   49532.3   16625.2   49642.9   16472.5   49545.5
vertex track :         11   3  51    3572118  0.1543  0.0130  133893.8  128511.8     421.0     0   228.9
   48 4     -2  0.1541  0.0146   14832.7   48332.4    4568.3  0.1582  0.0109  136529.6  128895.5  -73070.6
       92.2      88.5   14916.2   48429.2   14764.9   48414.9   14959.4   48445.7   14932.9   48253.1
   49 4     -1  0.1543  0.0143   17065.9   49407.9    3716.9  0.1582  0.0109  136394.9  128886.2  -73922.1
       55.9      52.2   17116.8   49465.0   17037.8   49457.7   17225.2   49560.7   17126.4   49361.1
   50 4      0  0.1540  0.0146   12976.3   47698.8     850.1  0.1582  0.0109  135941.3  128854.9  -76788.9
       11.1       5.6   12986.8   47705.4   12997.1   47706.4   13175.9   47902.1   12987.9   47694.2
