groupid:   3265, ntrk:  2
vertex track :          0   3  50    4996387  0.3275  0.2802  163707.5   93161.5     242.3    13   581.5
   51 4      1  0.3264  0.2816   43628.2   15265.1    -850.4  0.3289  0.2824  166068.7   95174.9  -77598.9
       29.2       5.7   43646.6   15288.5   43670.9   15309.5   43820.1   15452.0   43654.0   15279.9
   52 4      2  0.3252  0.2846   43427.2   15234.4   -3718.6  0.3289  0.2824  165125.4   94365.1  -80467.1
       57.5      24.6   43454.3   15290.8   43436.0   15274.8   43610.4   15388.3   43486.7   15253.8
   53 4      3  0.3273  0.2825   46082.1   16380.8   -4573.3  0.3289  0.2824  164844.3   94123.7  -81321.8
       73.3      39.7   46111.7   16458.7   46069.4   16422.3   46262.8   16513.1   46163.5   16398.7
vertex track :          2   3  50    4319960 -0.2194 -0.0695  163433.9   92986.3     243.0     0   157.2
   51 4      1 -0.2250 -0.0732   42607.9   11690.2    -822.4 -0.2217 -0.0721  166388.7   95382.6  -77572.0
       29.7      24.7   42587.3   11657.5   42596.5   11660.5   42838.3   11932.9   42572.0   11704.5
   52 4      2 -0.2211 -0.0818   42167.5   13806.6   -3290.4 -0.2217 -0.0721  166935.9   95560.7  -80040.0
      102.9      96.8   42104.6   13680.1   42251.2   13734.3   42440.2   14143.0   42037.4   13861.6
   53 4      3 -0.2248 -0.0661   40277.8   12457.1   -4096.6 -0.2217 -0.0721  167114.7   95618.8  -80846.2
      166.7     159.5   40162.9   12257.0   40435.5   12337.2   40602.4   12867.1   40072.9   12563.1
