groupid:   3371, ntrk:  2
vertex track :          0   3  22    3436223 -0.2176 -0.3816   55397.0  100140.1     251.4    13  1068.2
   23 3      1 -0.2202 -0.3796   54661.4   21184.7    -850.0 -0.2187 -0.3786   52733.4  100859.6  -25283.9
       29.4       3.3   54649.5   21157.7   54632.7   21128.7   54883.0   21421.4   54643.8   21161.0
   24 3      2 -0.2171 -0.3808   52608.3   23200.7   -3716.7 -0.2187 -0.3786   53360.4  101944.8  -28150.7
       54.1      13.8   52593.5   23146.9   52601.5   23160.8   52832.8   23464.1   52569.5   23160.6
   25 3      3 -0.2167 -0.3818   53186.6   22087.9   -4567.5 -0.2187 -0.3786   53546.6  102266.9  -29001.5
       64.9      21.9   53173.7   22020.6   53192.3   22053.4   53409.4   22364.8   53135.5   22042.2
vertex track :         11   3  23    3459413  1.8312 -2.3815   53107.3  100477.7     251.6     0     nan
   20 3     -2  1.8122 -2.3810   62731.2   11648.8    4569.2  1.8225 -2.4144   60205.3   90669.2  -20689.8
        nan       nan      -nan       nan       nan       nan       nan       nan       nan       nan
   21 3     -1  1.8053 -2.3920   60898.5   12596.0    3716.8  1.8225 -2.4144   58651.7   92727.4  -21542.2
        nan       nan      -nan       nan       nan       nan       nan       nan       nan       nan
   22 3      0  1.8219 -2.3875   56950.4   19741.7     849.7  1.8225 -2.4144   53426.5   99649.6  -24409.3
        nan       nan      -nan       nan       nan       nan       nan       nan       nan       nan
