groupid:   3561, ntrk:  2
vertex track :          0   3  60    3113656 -0.6336 -0.3359   77917.8  129007.6     290.8    13   552.8
   61 3      1 -0.6322 -0.3380   78221.7   49790.0    -850.1 -0.6340 -0.3270   79272.7  130045.8  -95218.0
       48.4       7.7   78182.6   49760.5   78135.2   49735.1   78470.1   50029.2   78175.4   49774.0
   62 3      2 -0.6348 -0.3324   81620.9   52688.4   -3718.0 -0.6340 -0.3270   81090.9  130983.7  -98086.0
       91.3      31.9   81554.8   52617.8   81583.2   52632.7   81896.3   52968.6   81525.3   52674.3
   63 3      3 -0.6340 -0.3372   82802.9   51601.1   -4569.1 -0.6340 -0.3270   81630.5  131262.0  -98937.1
      114.3      51.1   82726.0   51502.3   82794.7   51538.8   83089.2   51909.6   82678.0   51592.5
vertex track :          3   3  60    3113920  1.4114 -1.5888   79517.1  128071.6     287.8     0    -1.0
   61 3      1  1.4476 -1.5673   78642.9   52084.6    -831.7  1.4100 -1.5981   78572.9  130510.2  -95197.7
  4967373.2 2114956.6 5002632.1 -2161999.4 -1737718.7 5135805.4 -4845134.9 2266377.0 1895308.4 -5031965.4
   62 3      2  1.3969 -1.5178   72948.0   55320.3   -3797.3  1.4100 -1.5981   74391.3  135249.5  -98163.3
  21632773.7 9210577.8 21499831.4 -9624571.7 -7799419.6 22209749.5 -21353724.0 9735420.8 7945609.0 -22099427.5
   63 3      3  1.4149 -1.5198   71297.9   58140.8   -4628.5  1.4100 -1.5981   73219.3  136577.8  -98994.5
  34471156.0 14676770.9 34301932.0 -15171169.5 -12674714.4 35288487.3 -34159124.8 15287659.6 12817607.3 -35172524.8
