groupid:   3718, ntrk:  3
vertex track :          0   3  72    6588368  0.1530 -0.2091  202002.5  180219.6     375.9    13  3238.8
   73 6      1  0.1540 -0.2085   80282.9   22348.4    -850.1  0.1522 -0.2102  199719.7  179605.5 -118016.8
       17.9       1.3   80294.6   22334.8   80305.7   22319.8   80481.4   22571.8   80292.5   22333.2
   74 6      2  0.1520 -0.2093   82539.4   23641.2   -3720.5  0.1522 -0.2102  199282.7  180208.9 -120887.3
       33.6       4.9   82563.1   23616.9   82555.5   23627.4   82725.8   23875.3   82555.1   23611.1
   75 6      3  0.1523 -0.2088   78600.5   17112.2   -4570.5  0.1522 -0.2102  199153.3  180387.5 -121737.2
       39.5       7.4   78629.7   17084.6   78615.2   17104.6   78781.4   17349.5   78617.8   17076.0
vertex track :          3   3  72    7446624 -0.2730  0.5498  201636.1  180870.7     376.0     0   220.8
   73 6      1 -0.2974  0.5464   80519.7   29062.2    -833.0 -0.2776  0.5494  199872.2  179335.3 -117999.8
       48.3      21.7   80477.6   29094.3   80461.3   29124.1   80771.6   29240.7   80515.7   29115.0
   74 6      2 -0.3365  0.5031   83814.4   23129.7   -3641.4 -0.2776  0.5494  200651.8  177792.3 -120808.3
      123.1      85.8   83674.7   23184.3   83740.8   23085.3   84163.9   23285.6   83817.4   23279.8
   75 6      3 -0.2676  0.6229   83870.1   23405.0   -4462.8 -0.2776  0.5494  200879.8  177340.9 -121629.7
      181.0     137.8   83672.0   23517.0   83758.8   23315.1   84277.8   23503.7   83925.2   23625.8
vertex track :         12   3  73    8328268 -0.2607  0.5375  202323.3  176510.1     158.0     0    -1.0
   70 6     -2 -0.2660  0.5338   78808.3   21961.2    4567.1 -0.2685  0.5352  198581.3  181904.8 -113211.8
  5199284.4 4463513.9 -6235029.9 2684847.2 -1597445.4 -6622162.9 6392856.2 -2640714.2 1755006.1 6666197.4
   71 6     -1 -0.2646  0.5351   78012.6   19303.8    3716.9 -0.2685  0.5352  198809.6  181449.8 -114062.0
  3146389.8 2701132.2 -3738018.3 1642199.8 -948437.6 -3998344.1 3894253.3 -1603381.7 1104407.3 4037064.1
   72 6      0 -0.2637  0.5359   81587.3   23720.9     849.7 -0.2685  0.5352  199579.6  179915.2 -116929.2
   511150.6  438815.7 -537817.5  288620.6  -86528.7 -628539.0  701201.9 -240968.2  249647.9  676093.3
