groupid:   3948, ntrk:  2
vertex track :          0   3  26     901418 -0.4537  0.4376   99808.7   41554.9     173.1    13   542.9
   27 1      1 -0.4544  0.4366  100631.2   40708.2    -849.6 -0.4488  0.4322   99709.2   40973.1  -32691.5
       41.7       6.5  100596.6   40732.4  100561.3   40766.3  100875.4   40894.5  100605.7   40741.8
   28 1      2 -0.4566  0.4351  101570.2   37572.2   -3717.7 -0.4488  0.4322  100996.2   39733.6  -35559.6
       79.0      29.5  101492.7   37605.3  101511.2   37587.7  101857.3   37749.5  101533.3   37648.0
   29 1      3 -0.4584  0.4343  101214.1   39256.7   -4567.9 -0.4488  0.4322  101377.8   39366.2  -36409.8
       99.7      47.6  101109.0   39290.7  101157.5   39244.8  101528.8   39433.2  101174.5   39359.8
vertex track :         10   3  26    1318269 -0.0627 -3.6986  100106.8   39526.6     175.2     0     nan
   27 1      1 -0.1568 -3.6037   99650.5   43317.9    -838.0 -0.0394 -3.7026   99597.6   43145.8  -32685.7
        nan       nan      -nan       nan       nan       nan       nan       nan       nan       nan
   28 1      2 -0.1480 -3.8179  100043.1   56158.8   -3737.4 -0.0394 -3.7026   99711.8   53881.0  -35585.1
        nan       nan      -nan       nan       nan       nan       nan       nan       nan       nan
   29 1      3  0.0388 -3.5480  100688.0   57590.9   -4562.0 -0.0394 -3.7026   99744.2   56934.4  -36409.8
        nan       nan      -nan       nan       nan       nan       nan       nan       nan       nan
