groupid:   4319, ntrk:  4
vertex track :          0   3  48    1379890  0.1587 -0.1694  156842.7   58479.6     267.1    13  1124.1
   49 2      1  0.1576 -0.1702   36004.5   59454.0    -850.1  0.1572 -0.1716  157327.7   59679.8  -73774.5
       16.0       2.7   36017.3   59444.1   36028.7   59431.8   36201.7   59673.7   36013.3   59440.4
   50 2      2  0.1579 -0.1704   33733.8   57253.3   -3718.2  0.1572 -0.1716  156876.8   60172.0  -76642.6
       31.9      11.6   33764.0   57237.8   33753.8   57248.8   33913.8   57478.7   33747.0   57222.1
   51 2      3  0.1572 -0.1709   33569.4   59695.1   -4568.8  0.1572 -0.1716  156743.1   60318.0  -77493.2
       39.5      18.6   33609.8   59678.6   33589.3   59700.9   33739.0   59921.4   33582.4   59653.4
vertex track :          4   3  48    2102926 -0.2460  0.7885  156561.7   59145.0     266.1     0   945.6
   49 2      1 -0.2894  0.7838   37278.5   57483.9    -823.0 -0.2344  0.7998  157486.8   59291.4  -73747.0
       54.6       4.8   37255.1   57533.5   37232.1   57595.6   37511.7   57645.1   37264.2   57536.8
   50 2      2 -0.2583  0.7469   39680.3   54203.0   -3841.7 -0.2344  0.7998  158194.3   56877.1  -76765.8
      100.8      21.4   39627.1   54291.3   39638.8   54257.6   39943.3   54325.5   39667.6   54305.3
   51 2      3 -0.2541  0.7880   38564.6   52321.2   -4656.6 -0.2344  0.7998  158385.3   56225.3  -77580.7
      119.6      33.4   38496.1   52424.8   38516.1   52362.7   38842.8   52428.5   38559.6   52445.2
vertex track :          5   3  48    2103037 -0.4112  3.1450  156424.1   60858.8     267.9     0   402.6
   49 2      1 -0.3931  3.1455   36042.2   59107.3    -850.1 -0.3656  3.1872  157528.2   58327.3  -73778.2
      295.0      48.6   35957.5   59394.0   35948.1   59469.2   36336.6   59033.8   36053.8   59406.1
   50 2      2 -0.4032  3.1394   35432.1   46937.9   -3717.6 -0.3656  3.1872  158576.6   49188.2  -76645.6
      906.5     206.4   35111.9   47810.7   35258.2   46671.8   35961.9   46278.3   35521.3   47863.3
   51 2      3 -0.3773  3.1529   35674.5   46655.7   -4564.0 -0.3656  3.1872  158886.1   46490.6  -77492.0
     1314.0     333.3   35187.5   47920.7   35420.5   45973.6   36371.1   45603.8   35849.3   47999.9
vertex track :         13   3  49    1601522 -1.5227  2.8291  157870.7   55917.5     350.0     0     nan
   46 2     -2 -1.5566  2.8013   30447.5   70236.5    4570.7 -1.5407  2.7791  152100.1   69183.7  -69264.7
        nan       nan      -nan       nan       nan       nan       nan       nan       nan       nan
   47 2     -1 -1.5793  2.8005   32880.1   69781.4    3717.6 -1.5407  2.7791  153414.5   66812.9  -70117.8
        nan       nan      -nan       nan       nan       nan       nan       nan       nan       nan
   48 2      0 -1.5660  2.8071   36198.9   58257.2     850.8 -1.5407  2.7791  157831.3   58845.8  -72984.6
        nan       nan      -nan       nan       nan       nan       nan       nan       nan       nan
