groupid:   4891, ntrk:  3
vertex track :          0   3  22    5690135  0.6097 -0.3721   83305.1  189980.3     307.2    13   670.5
   23 5      1  0.6078 -0.3759   81356.5   30489.9    -849.7  0.6088 -0.3812   80751.8  190466.7  -25227.1
       48.0       6.4   81400.8   30470.1   81446.7   30441.7   81522.9   30719.3   81394.0   30459.1
   24 5      2  0.6058 -0.3796   77618.7   31722.4   -3717.2  0.6088 -0.3812   79006.0  191559.9  -28094.5
       88.5      26.4   77707.7   31697.8   77684.9   31712.1   77740.3   31956.6   77679.6   31653.0
   25 5      3  0.6059 -0.3780   77866.1   35528.4   -4566.4  0.6088 -0.3812   78489.0  191883.6  -28943.8
      108.5      42.2   77980.4   35506.7   77923.6   35542.2   77962.3   35759.6   77935.8   35435.2
vertex track :          2   3  22    4831874  0.1174 -0.5228   83218.6  189954.0     307.2     0     nan
   23 5      1  0.1415 -0.5127   85922.7   31153.1    -829.6  0.1134 -0.5259   81240.4  190598.3  -25206.9
        nan       nan      -nan       nan       nan       nan       nan       nan       nan       nan
   24 5      2  0.1340 -0.5550   85292.0   30888.4   -3804.1  0.1134 -0.5259   80903.1  192162.6  -28181.4
        nan       nan      -nan       nan       nan       nan       nan       nan       nan       nan
   25 5      3  0.0996 -0.4655   88669.4   40866.1   -4637.5  0.1134 -0.5259   80808.7  192600.8  -29014.8
        nan       nan      -nan       nan       nan       nan       nan       nan       nan       nan
vertex track :          5   3  22    5038400 -0.4747  0.1541   83116.1  190073.7     307.2     0   221.2
   23 5      1 -0.4737  0.1570   82065.4   30141.3    -850.1 -0.4719  0.1575   81814.1  189938.9  -25227.1
       39.6      19.2   82021.7   30135.6   81997.5   30143.6   82318.6   30357.2   82033.8   30172.0
   24 5      2 -0.4721  0.1579   81521.1   29799.3   -3721.2 -0.4719  0.1575   83168.9  189486.9  -28098.2
      106.9      79.7   81394.4   29757.7   81498.1   29723.0   81857.3   30051.2   81445.0   29908.9
   25 5      3 -0.4724  0.1565   82671.6   33105.3   -4569.8 -0.4719  0.1575   83569.4  189353.3  -28946.8
      159.3     128.6   82479.9   33033.3   82683.2   32965.9   83072.9   33387.5   82560.9   33277.5
