groupid:   4800, ntrk:  2
vertex track :          0   3  50    6605963 -0.0381 -0.0646  161381.2  189295.8     217.8    13  3285.4
   51 6      1 -0.0385 -0.0645   42058.0   31215.1    -849.9 -0.0394 -0.0676  164159.8  191844.2  -77206.4
        6.1       0.9   42055.6   31209.4   42053.7   31206.3   42270.3   31430.7   42054.1   31210.3
   52 6      2 -0.0379 -0.0647   40918.1   33835.8   -3718.2 -0.0394 -0.0676  164273.0  192038.2  -80074.7
       15.8       3.8   40913.4   33820.2   40921.4   33833.9   41132.8   34061.3   40906.9   33824.0
   53 6      3 -0.0380 -0.0646   44819.9   33071.8   -4571.2 -0.0394 -0.0676  164306.6  192095.9  -80927.7
       19.4       6.1   44815.3   33052.0   44827.0   33071.9   45034.5   33301.6   44804.9   33058.2
vertex track :          1   3  50    6616833 -0.1704 -0.0732  161365.2  189293.9     217.5     0   304.6
   51 6      1 -0.1726 -0.0747   41138.3   27485.9    -825.9 -0.1726 -0.0760  164281.7  191849.4  -77182.1
       16.1      10.0   41127.5   27470.4   41120.8   27467.5   41359.0   27711.4   41119.6   27488.7
   52 6      2 -0.1637 -0.0781   38521.1   31304.6   -3634.5 -0.1726 -0.0760  164766.4  192062.9  -79990.6
       50.7      44.0   38494.3   31243.1   38551.4   31270.4   38757.8   31576.1   38456.4   31322.5
   53 6      3 -0.1838 -0.0658   37751.4   27689.8   -4444.4 -0.1726 -0.0760  164906.2  192124.4  -80800.6
       77.5      71.1   37702.4   27596.8   37809.7   27635.2   38010.2   27992.8   37654.5   27730.6
