groupid:    490, ntrk:  3
vertex track :          0   3  56    2379536 -0.4852  0.1697  202803.9   83299.2     224.6    13   847.9
   57 4      1 -0.4855  0.1679   84666.3    6539.9    -850.4 -0.4825  0.1691  203967.1   84500.8  -88166.7
       34.2       4.2   84632.7    6547.2   84595.3    6560.1   84909.5    6742.9   84635.4    6555.0
   58 2      2 -0.4845  0.1672   84201.2   82306.3   -3717.9 -0.4825  0.1691  205350.7   84015.9  -91034.2
       63.0      17.9   84135.8   82309.9   84153.1   82303.9   84476.1   82512.9   84147.5   82343.8
   59 2      3 -0.4851  0.1654   85704.1   83896.1   -4568.6 -0.4825  0.1691  205761.2   83872.1  -91885.0
       76.4      28.6   85622.5   83893.7   85665.3   83879.1   85995.2   84108.7   85641.0   83947.8
vertex track :          1   3  56    1296950 -1.4900  0.1063  202639.7   83295.7     224.6     0    -1.0
   57 2      1 -1.4065  0.0985   81311.2   81443.0    -821.8 -1.4862  0.1111  204838.1   84563.7  -88137.4
  2353346.2 1309136.4 -2357762.8 -1060044.7 2337128.7 -1388921.1 2520593.9 1223140.7 -2174801.5 1551827.7
   58 2      2 -1.6181  0.0787   87601.6   83033.5   -3583.8 -1.4862  0.1111  208943.0   84256.8  -90899.4
  10168877.3 5656816.5 -10344051.5 -5073152.3 9969355.4 -6061041.9 10519463.1 5239429.3 -9794492.0 6227125.3
   59 2      3 -1.4021  0.2592   86192.0   81318.4   -4395.8 -1.4862  0.1111  210149.8   84166.5  -91711.4
  16388071.5 9116474.7 -17685970.1 -5904435.8 14543866.4 -11862082.9 17858562.7 6067282.9 -14371776.9 12024774.1
vertex track :          2   3  56    1429205  1.0606 -0.4409  203047.5   83203.2     224.8     0   217.9
   57 4      1  1.0619 -0.4365   83624.8    6949.1    -850.4  1.0737 -0.4596  202538.8   85079.0  -88168.2
       87.7      29.2   83717.1    6942.7   83777.8    6917.7   83743.7    7165.0   83694.9    6888.7
   58 2      2  1.0619 -0.4363   78901.6   84383.0   -3717.1  1.0737 -0.4596  199460.6   86396.5  -91034.9
      235.9     127.8   79168.5   84411.6   78955.0   84499.3   78845.9   84564.0   79071.3   84175.1
   59 4      3  1.0652 -0.4250   80626.1    7950.1   -4569.5  1.0737 -0.4596  198545.4   86788.3  -91887.3
      351.8     207.4   81029.8    8012.3   80599.9    8183.8   80433.6    8097.4   80876.0    7627.1
