groupid:   5083, ntrk:  3
vertex track :          0   3  66    1264261 -0.1956 -0.6265   83985.8   76215.4     230.5    13  1048.2
   67 1      1 -0.1939 -0.6277   85478.6   78377.6    -850.5 -0.2004 -0.6435   83718.2   78036.9 -106612.2
       43.3       3.9   85469.5   78335.1   85454.3   78286.0   85697.5   78629.5   85462.1   78337.4
   68 1      2 -0.1944 -0.6260   85951.4   80272.8   -3719.2 -0.2004 -0.6435   84293.0   79882.8 -109480.9
       77.1      16.4   85944.2   80194.3   85949.1   80210.1   86168.4   80560.7   85912.9   80204.1
   69 1      3 -0.1910 -0.6279   84990.7   77488.3   -4569.2 -0.2004 -0.6435   84463.4   80429.7 -110330.9
       91.8      25.9   84988.8   77393.0   85002.1   77436.7   85202.5   77793.0   84939.3   77408.0
vertex track :          2   3  66     331343  0.2056  1.1538   84278.7   77491.9     228.7     0   628.5
   67 1      1  0.1734  1.1052   82612.7   75075.9    -816.7  0.2189  1.1923   83578.5   77410.2 -106578.7
       78.1       8.8   82616.1   75154.4   82628.3   75232.3   82819.4   75208.6   82633.5   75151.7
   68 1      2  0.2349  1.1051   82243.2   71336.3   -3473.8  0.2189  1.1923   82997.0   74242.1 -109235.7
      142.2      36.7   82236.9   71483.0   82227.0   71436.8   82459.7   71400.6   82308.6   71467.8
   69 1      3  0.1557  1.1554   82673.6   74211.8   -4293.5  0.2189  1.1923   82817.6   73264.8 -110055.4
      177.0      59.3   82638.5   74395.1   82623.9   74286.8   82918.9   74239.5   82756.0   74379.3
vertex track :          4   3  66     772321  0.1462 -0.3926   84231.6   76384.8     227.3     0   516.1
   67 1      1  0.1472 -0.3928   85441.0   78359.4    -850.5  0.1457 -0.4034   83593.6   77950.5 -106609.6
       28.6       6.4   85457.0   78334.9   85467.9   78305.9   85635.1   78593.5   85445.0   78330.4
   68 1      2  0.1469 -0.3923   85018.9   79638.9   -3716.2  0.1457 -0.4034   83176.0   79106.5 -109475.3
       57.9      27.8   85065.3   79594.4   85055.5   79620.5   85182.7   79892.9   85013.1   79574.9
   69 1      3  0.1494 -0.3929   83790.1   76655.8   -4567.5  0.1457 -0.4034   83051.9   79449.9 -110326.6
       75.4      45.0   83859.0   76601.3   83836.7   76659.7   83931.4   76919.9   83774.9   76569.3
