groupid:   5208, ntrk:  2
vertex track :          0   3  92    1339402  0.2933  0.0652  154508.2   43193.9     320.9    13  1834.8
   93 2      1  0.2932  0.0638   33545.7   40242.7    -850.2  0.2953  0.0610  154838.0   40790.4 -155158.8
       20.5       2.0   33565.3   40249.0   33586.9   40253.7   33736.5   40446.5   33566.2   40245.1
   94 2      2  0.2935  0.0623   36817.3   42066.7   -3718.2  0.2953  0.0610  153990.9   40615.4 -158026.8
       38.1       7.9   36853.0   42082.3   36840.0   42079.6   36991.9   42261.2   36856.2   42066.9
   95 2      3  0.2948  0.0623   33419.7   42182.3   -4568.6  0.2953  0.0610  153739.7   40563.4 -158877.2
       45.2      12.3   33461.4   42203.7   33434.8   42198.1   33588.3   42371.0   33466.5   42179.6
vertex track :          5   3  92    1549766  0.2678 -3.5576  154354.6   40772.9     318.4     0     nan
   93 2      1  0.0997 -3.5795   33745.2   46358.0    -827.1  0.2245 -3.5186  154741.6   42485.9 -155129.7
        nan       nan      -nan       nan       nan       nan       nan       nan       nan       nan
   94 2      2  0.3925 -3.7307   29135.0   52751.6   -3568.1  0.2245 -3.5186  154126.2   52130.5 -157870.7
        nan       nan      -nan       nan       nan       nan       nan       nan       nan       nan
   95 2      3  0.4811 -3.5490   28273.0   56356.9   -4385.6  0.2245 -3.5186  153942.6   55007.0 -158688.2
        nan       nan      -nan       nan       nan       nan       nan       nan       nan       nan
