groupid:   5355, ntrk:  2
vertex track :          0   3  70    3856163  0.1108 -0.0964  189074.4  146088.1     400.3    13  1220.7
   71 4      1  0.1108 -0.0962   68429.2   66031.4    -850.3  0.1096 -0.0975  188671.1  145932.0 -114711.1
       10.9       2.7   68439.2   66026.3   68446.0   66020.5   68629.2   66246.4   68435.6   66022.2
   72 4      2  0.1115 -0.0957   70973.9   70082.0   -3717.7  0.1096 -0.0975  188356.8  146211.5 -117578.4
       23.8      10.7   70999.0   70074.7   70986.2   70085.6   71159.0   70299.3   70985.0   70058.4
   73 4      3  0.1125 -0.0947   67949.5   67330.0   -4567.9  0.1096 -0.0975  188263.6  146294.4 -118428.7
       30.3      17.1   67983.8   67323.6   67961.0   67342.8   68125.4   67546.4   67961.7   67297.4
vertex track :          9   3  71    3817309 -0.4647  2.0582  188741.9  145264.1     221.5     0   537.9
   68 4     -2 -0.4679  2.0603   67332.3   77195.4    4567.5 -0.4479  2.0718  186864.1  154621.7 -109936.3
      441.3     126.2   67111.5   77597.8   67208.7   77169.7   67762.6   77005.0   67357.6   77653.7
   69 4     -1 -0.4711  2.0587   66169.1   74064.8    3720.2 -0.4479  2.0718  187243.6  152866.4 -110783.6
      327.3      76.0   66022.0   74367.0   66069.1   74161.2   66525.8   73974.8   66170.3   74400.9
   70 4      0 -0.4702  2.0589   68941.9   68543.2     849.9 -0.4479  2.0718  188529.1  146919.8 -113653.9
      136.6      11.4   68900.3   68673.8   68862.4   68839.9   69192.9   68624.6   68922.6   68678.9
