groupid:    599, ntrk:  4
vertex track :          0   3  28    6811013 -0.0034 -0.4978  155226.5  188314.1     220.1    13  1200.5
   29 6      1 -0.0035 -0.4978   34833.0   30703.7    -849.9 -0.0035 -0.4932  155205.1  191179.8  -36558.2
       33.0       3.0   34835.8   30670.8   34835.5   30632.1   35040.2   30946.2   34829.7   30670.8
   30 6      2 -0.0003 -0.5009   33946.2   30255.5   -3719.7 -0.0035 -0.4932  155215.0  192595.2  -39428.0
       59.8      13.0   33959.1   30195.7   33959.1   30210.2   34143.3   30524.9   33933.2   30195.7
   31 6      3 -0.0048 -0.4968   35318.8   33001.4   -4568.1 -0.0035 -0.4932  155218.0  193013.6  -40276.4
       71.2      20.3   35338.5   32930.1   35338.8   32968.1   35509.1   33282.3   35297.8   32930.4
vertex track :          3   3  28    6811075  0.9438  0.1502  155762.2  188672.6     221.2     0   183.0
   29 6      1  0.8662  0.1019   36390.0   26659.7    -829.3  0.9475  0.1479  154743.7  190851.5  -36539.4
       75.9      31.1   36461.7   26699.5   36492.9   26703.2   36529.1   26830.1   36469.0   26637.7
   30 6      2  0.9111  0.1354   32644.8   26227.5   -3560.3  0.9475  0.1479  152155.9  190447.6  -39270.4
      212.7     133.2   32835.6   26390.5   32606.1   26356.4   32664.8   26274.6   32874.8   26127.0
   31 6      3  0.9722  0.0608   31256.8   26941.4   -4406.1  0.9475  0.1479  151354.4  190322.5  -40116.2
      325.8     217.9   31568.4   27179.2   31122.2   27151.3   31156.2   26913.6   31595.6   26744.2
vertex track :          5   3  28    7048392  0.0514  0.7941  155256.5  189034.8     221.3     0   537.7
   29 6      1  0.0519  0.7942   34810.1   30350.2    -850.0  0.0521  0.7935  155176.0  190519.3  -36560.9
       53.1       7.9   34805.6   30403.7   34809.6   30464.5   35024.6   30507.5   34821.4   30402.7
   30 6      2  0.0491  0.7936   33779.0   26383.8   -3717.9  0.0521  0.7935  155026.5  188243.6  -39428.9
      100.7      34.6   33750.7   26486.5   33748.6   26452.0   34017.3   26491.9   33819.7   26482.2
   31 6      3  0.0517  0.7955   35099.7   28037.1   -4567.3  0.0521  0.7935  154982.2  187569.6  -40278.2
      126.8      55.6   35052.4   28167.3   35046.8   28081.2   35357.0   28117.8   35163.4   28160.1
vertex track :          8   3  29    5944221 -0.0694  0.5223  154046.3  190677.0     427.6     0   204.5
   26 6     -2 -0.0726  0.5209   33475.3   37382.5    4567.7 -0.0676  0.5229  154940.9  192947.1  -32178.8
      151.3     121.6   33334.0   37515.6   33360.5   37325.3   33826.6   37460.0   33574.9   37549.1
   27 6     -1 -0.0658  0.5219   35820.7   33269.0    3718.4 -0.0676  0.5229  154998.4  192503.0  -33028.1
       97.3      71.8   35737.3   33356.6   35747.9   33273.1   36114.1   33392.0   35879.8   33374.6
   28 6      0 -0.0661  0.5218   34926.7   27949.2     850.0 -0.0676  0.5229  155192.3  191003.2  -35896.5
       33.2       7.7   34915.0   27981.2   34909.5   28024.8   35148.4   28127.7   34930.2   27983.1
