groupid:    592, ntrk:  2
vertex track :          0   3 126    1601758 -0.0786  0.2469  168647.6   86800.7     382.9    13   704.9
  127 2      1 -0.0802  0.2460   47640.8   84258.1    -849.6 -0.0746  0.2479  168177.9   84777.2 -217933.3
       18.6       4.9   47630.4   84274.2   47625.1   84290.6   47861.1   84452.2   47639.7   84277.2
  128 2      2 -0.0797  0.2465   49702.3   85064.9   -3715.8 -0.0746  0.2479  168391.7   84066.7 -220799.5
       38.7      19.2   49672.1   85095.8   49679.2   85073.9   49942.4   85244.2   49708.7   85107.7
  129 2      3 -0.0773  0.2468   49429.4   83113.3   -4566.7 -0.0746  0.2479  168455.1   83855.8 -221650.4
       50.1      30.8   49385.0   83151.9   49398.7   83108.0   49683.7   83284.9   49443.8   83170.3
vertex track :          2   3 126    1438934  0.9018  0.3588  169070.9   86846.1     378.7     0    -1.0
  127 4      1  0.9450  0.3756   49390.8    9065.7    -833.0  0.9147  0.3522  167404.1   84697.7 -217913.3
  1440932.2 1034002.3 1006489.8 1502185.9 -1671374.4  437782.5 -907497.3 -1483844.0 1770354.4 -419572.1
  128 4      2  0.8528  0.4125   45043.7    7159.2   -3747.8  0.9147  0.3522  164738.0   83671.2 -220828.1
  5841987.8 4192167.3 3478816.0 6324777.1 -7039246.8 1237440.6 -3388517.8 -6310248.3 7129513.3 -1223035.6
  129 4      3  0.9446  0.3682   43540.1    7407.6   -4557.1  0.9147  0.3522  163997.7   83386.1 -221637.4
  9246091.2 6634926.7 6248572.9 9547324.9 -10980708.8 2831315.2 -6161281.7 -9532299.4 11067987.4 -2816422.7
