groupid:   6164, ntrk:  5
vertex track :          0   3 118    4006765  0.2238 -0.3277  204518.9  126131.5     357.6    13  1977.7
  119 4      1  0.2250 -0.3269   82694.6   45205.5    -850.2  0.2228 -0.3292  202578.6  125536.8 -203314.4
       26.9       2.1   82711.7   45184.5   82728.4   45160.3   82887.8   45436.1   82708.1   45182.1
  120 4      2  0.2238 -0.3285   82045.6   47892.2   -3716.3  0.2228 -0.3292  201939.9  126480.4 -206180.6
       48.9       8.2   82080.0   47856.4   82071.8   47868.3   82221.5   48137.7   82066.4   47847.2
  121 4      3  0.2255 -0.3253   82585.0   47365.0   -4566.2  0.2228 -0.3292  201750.5  126760.2 -207030.5
       57.5      12.5   82628.0   47324.9   82609.9   47351.0   82752.2   47614.8   82607.5   47310.7
vertex track :          1   3 118    3552619 -0.3201  0.5244  204253.8  126533.1     360.1     0   264.4
  119 4      1 -0.3097  0.5270   85877.1   50237.7    -832.3 -0.3201  0.5246  202964.7  124916.1 -203299.0
       45.6      17.1   85839.3   50268.3   85820.5   50300.3   86124.6   50417.5   85868.7   50285.6
  120 4      2 -0.3473  0.4832   84586.9   44468.5   -3793.3 -0.3201  0.5246  203912.4  123362.7 -206260.0
      110.5      71.0   84464.7   44516.7   84520.8   44438.7   84918.7   44630.6   84580.1   44599.6
  121 4      3 -0.4330  0.5218   83278.3   48046.3   -4613.7 -0.3201  0.5246  204175.0  122932.3 -207080.4
      156.7     113.1   83091.2   48094.7   83200.5   47963.1   83675.0   48208.4   83265.2   48239.1
vertex track :          8   3 119    3775646  0.1482  0.5427  202725.4  123735.8     198.5     0    -1.0
  116 4     -2  0.1422  0.5413   85051.3   47198.6    4565.7  0.1525  0.5413  203330.4  127476.0 -198568.7
  4952707.1 4316620.5 -2831403.5 5934202.2 -5348343.5 -3645981.2 3001716.3 -5839594.5 5518476.0 3740492.0
  117 4     -1  0.1502  0.5403   86187.2   48544.4    3714.2  0.1525  0.5413  203200.6  127015.1 -199420.2
  2987436.3 2603753.6 -1622488.4 3624119.4 -3222430.0 -2132432.0 1795072.9 -3526820.1 3394835.9 2229634.1
  118 4      0  0.1514  0.5418   84204.8   46777.6     849.9  0.1525  0.5413  202763.9  125464.7 -202284.4
   462482.6  403085.0 -179564.7  600666.9 -428429.0 -290068.1  348184.5 -506901.1  596870.4  383737.0
vertex track :          9   3 119    3775800 -0.4286 -0.1292  202948.9  123963.9     198.3     0   195.0
  116 4     -2 -0.4854 -0.1117   77608.3   45880.4    4760.7 -0.4332 -0.1281  200914.7  124754.8 -198373.1
      161.5     137.3   77481.7   45710.5   77694.5   45759.4   77944.4   46260.3   77420.1   45978.0
  117 4     -1 -0.5061 -0.0909   77726.5   40904.3    3932.7 -0.4332 -0.1281  201273.4  124860.9 -199201.1
      105.0      84.0   77638.0   40803.1   77738.3   40821.1   78024.4   41215.4   77608.3   40968.4
  118 4      0 -0.4034 -0.1277   80915.5   41225.3     823.2 -0.4332 -0.1281  202620.5  125259.3 -202310.6
       30.6      11.6   80889.9   41205.0   80863.4   41196.6   81150.7   41455.4   80882.9   41227.1
vertex track :         13   3 119    4219182  0.6023 -0.2263  202583.2  123997.8     198.3     0    -1.0
  116 4     -2  0.6029 -0.2213   87071.8   43834.7    4565.0  0.6034 -0.2297  205158.5  124371.8 -198569.0
  5420629.2 4558622.4 6746472.7 2455605.5 -3430804.3 6190975.9 -6572118.4 -2367726.3 3605074.6 -6103352.9
  117 4     -1  0.5995 -0.2290   87807.9   45778.4    3716.5  0.6034 -0.2297  204646.5  124566.7 -199417.5
  3272713.8 2752275.8 4127274.9 1448769.4 -1986964.5 3784777.5 -3951448.5 -1357002.9 2162706.2 -3693268.8
  118 4      0  0.6008 -0.2297   84439.0   46397.5     850.1  0.6034 -0.2297  202916.8  125225.1 -202283.9
   506582.8  426024.3  709751.7  263438.6 -236489.8  625181.2 -540663.1 -170433.8  405494.0 -532434.5
