groupid:    647, ntrk:  6
vertex track :          0   3  64    3395389  0.0594  0.4891  209059.1  136808.8     362.2    13   730.0
   65 4      1  0.0593  0.4891   86805.4   55912.4    -850.1  0.0616  0.4926  209663.2  134483.1 -103705.3
       33.8       5.3   86804.2   55946.6   86808.5   55982.2   87016.7   56088.7   86814.8   55945.3
   66 4      2  0.0580  0.4883   89703.6   53891.2   -3717.1  0.0616  0.4926  209486.6  133070.7 -106572.3
       63.6      21.2   89690.1   53956.8   89687.3   53933.0   89927.2   54036.0   89732.1   53951.9
   67 4      3  0.0620  0.4893   91070.1   54814.9   -4568.2  0.0616  0.4926  209434.2  132651.5 -107423.5
       78.1      33.7   91046.5   54896.6   91039.9   54844.3   91303.7   54943.6   91113.3   54888.2
vertex track :          2   3  64    3767862  0.2827  0.2900  209092.6  136778.8     362.2     0    -1.0
   65 4      1  0.2804  0.2972   89257.2   59338.0    -830.1  0.2857  0.2899  209430.7  134704.1 -103685.2
   741403.1  687187.7   98128.8 1070192.5 -919303.3   -8367.5   80596.0 -951306.2 1097876.6  127105.9
   66 4      2  0.2811  0.3038   88185.4   58523.6   -3430.3  0.2857  0.2899  208687.8  133950.2 -106285.5
  2781813.7 2578392.7   85351.5 3851489.3 -3693596.7 -231712.1   91229.6 -3734231.7 3870026.6  348823.1
   67 4      3  0.2704  0.2640   86722.7   56076.8   -4267.2  0.2857  0.2899  208448.7  133707.6 -107122.3
  4514640.9 4184506.4  393480.7 6204082.7 -6066792.5 -103957.2 -219825.1 -6091718.7 6240294.6  216166.4
vertex track :          3   3  64    3767863 -0.0593 -0.5615  209042.2  136658.8     362.2     0   162.7
   65 4      1 -0.0593 -0.5612   86891.1   56630.6    -850.6 -0.0655 -0.5669  209799.1  135616.6 -103705.9
       52.8      32.1   86917.4   56574.7   86916.1   56561.9   87074.7   56895.9   86853.6   56581.4
   66 4      2 -0.0574 -0.5613   90071.0   57348.2   -3719.8 -0.0655 -0.5669  209987.0  137243.0 -106575.1
      162.1     128.8   90182.6   57173.9   90203.5   57378.5   90169.3   57732.0   89926.4   57200.0
   67 4      3 -0.0615 -0.5627   91580.8   59139.3   -4567.7 -0.0655 -0.5669  210042.5  137723.7 -107423.0
      250.1     207.2   91759.6   58868.2   91801.1   59247.2   91611.9   59619.8   91347.6   58913.2
vertex track :          7   3  64    4074983  1.9075  4.4195  210350.8  139874.7     365.2     0  1188.2
   65 4      1  2.2652  4.3091   89163.4   58920.9    -829.8  1.9456  4.4227  208738.7  132879.5 -103684.5
      486.2      31.3   89362.0   59365.8   89385.2   59410.0   89177.1   58690.3   89417.3   59336.7
   66 4      2  2.4062  4.2731   83458.6   46264.4   -3461.6  1.9456  4.4227  203618.5  121240.2 -106316.2
     1320.7     117.7   84004.2   47473.0   83213.4   46068.7   83125.5   45270.1   84209.2   47357.5
   67 4      3  2.2636  4.9156   80411.9   40638.1   -4300.5  1.9456  4.4227  201986.4  117530.1 -107155.1
     1710.8     189.9   80955.0   42271.4   79999.2   40195.9   80081.1   39219.7   81300.0   42112.6
vertex track :          8   3  65    3565326  0.6650  1.1763  207294.4  134795.6     211.0     0   249.1
   62 4     -2  0.6626  1.1776   92914.0   63405.6    4570.7  0.6805  1.1785  212435.4  139598.8  -98960.7
      355.4     183.5   92928.4   63805.3   92718.9   63433.2   93110.3   63217.1   93248.2   63625.4
   63 4     -1  0.6688  1.1755   92092.2   60677.7    3717.2  0.6805  1.1785  211854.6  138592.9  -99814.2
      238.1     110.0   92114.3   60939.1   92019.3   60772.1   92280.7   60627.6   92305.5   60830.3
   64 4      0  0.6693  1.1752   88984.9   57795.0     850.4  0.6805  1.1785  209903.9  135214.4 -102681.0
       88.8      16.7   89014.3   57880.5   89067.0   57972.9   89166.1   57920.7   89043.4   57863.9
vertex track :         10   3  65    4251912  0.8401  1.4383  207216.9  134680.9     211.0     0   351.4
   62 4     -2  0.8033  1.3945   89229.6   62718.3    5157.8  0.8677  1.4247  213681.7  141394.0  -98373.7
      428.1     174.4   89292.2   63176.3   89033.5   62727.2   89377.9   62471.6   89594.5   63002.2
   63 4     -1  0.7058  1.3996   87258.6   63263.1    4328.1  0.8677  1.4247  212961.7  140211.9  -99203.5
      309.1     109.3   87300.3   63588.3   87170.1   63330.2   87427.7   63149.2   87495.4   63489.9
   64 4      0  1.0013  1.5002   86321.7   54578.8     827.8  0.8677  1.4247  209924.5  135225.1 -102703.7
      107.6      13.4   86370.3   54675.7   86461.1   54811.8   86484.1   54693.4   86392.5   54660.8
