groupid:   7403, ntrk:  2
vertex track :          0   3 128    3742800 -0.2344 -0.1932  205647.6  111030.9     324.1    13  1332.4
  129 4      1 -0.2341 -0.1938   85208.5   30937.9    -849.8 -0.2383 -0.1933  204391.6  111062.6 -221542.1
       20.8       2.6   85194.2   30922.6   85177.0   30908.4   85432.6   31162.9   85190.9   30926.6
  130 4      2 -0.2344 -0.1934   84548.3   32896.2   -3718.6 -0.2383 -0.1933  205075.1  111617.1 -224410.8
       39.2      10.5   84524.7   32863.2   84536.0   32872.5   84781.6   33139.1   84511.4   32879.4
  131 4      3 -0.2353 -0.1926   85768.5   32185.9   -4568.5 -0.2383 -0.1933  205277.6  111781.4 -225260.7
       47.1      16.6   85742.5   32143.2   85766.0   32162.5   86004.2   32438.4   85721.5   32168.9
vertex track :         12   3 129    5056363  4.3898 -1.4753  203683.7  110752.0     194.0     0    -1.0
  126 4     -2  4.3911 -1.4823  102923.3   26854.7    4567.5  4.3804 -1.4927  221296.5  105113.5 -216815.9
  179088007.1 37799760.4 181873473.2 -21439476.6 -157486551.2 93121135.4 -181667412.1 21493394.5 157693319.9 -93067737.3
  127 4     -1  4.3919 -1.4607   97293.3   27091.9    3721.7  4.3804 -1.4927  217591.5  106376.1 -217661.7
  108336052.6 22866281.7 110113178.5 -12465790.9 -95484605.2 55914990.4 -109918377.5 12520183.2 95680114.1 -55861113.4
  128 4      0  4.3996 -1.4524   87265.6   32307.7     850.2  4.3804 -1.4927  205013.3  110662.4 -220533.2
  16842473.0 3554908.3 17195172.0 -1871846.9 -14790892.7 8687589.4 -17020426.5 1936670.9 14966347.8 -8623279.0
