groupid:   7568, ntrk:  2
vertex track :          0   3  56    1162968 -0.1383  0.0887  203964.4   64522.6     205.9    13  1192.3
   57 2      1 -0.1385  0.0884   85255.0   66528.4    -849.9 -0.1325  0.0897  204547.8   65450.9  -88185.5
       11.5       2.4   85244.1   66532.6   85234.3   66538.9   85475.8   66734.4   85246.6   66536.6
   58 2      2 -0.1382  0.0882   84183.5   63827.2   -3719.0 -0.1325  0.0897  204928.1   65193.6  -91054.5
       24.5      10.5   84157.2   63831.6   84169.5   63823.8   84419.6   64032.9   84168.4   63849.2
   59 2      3 -0.1387  0.0877   85491.4   65478.5   -4568.0 -0.1325  0.0897  205040.6   65117.5  -91903.5
       31.1      16.9   85456.0   65480.9   85479.5   65466.0   85736.6   65686.3   85474.1   65509.4
vertex track :          5   3  57    1393271  0.0059  0.3115  205764.2   66710.9     308.0     0    -1.0
   54 2     -2  0.0054  0.3094   83731.4   66487.4    4566.4  0.0159  0.3158  204495.8   66640.1  -83691.3
  3827479.2 3654232.5 -3503491.4 3956840.1 -3636407.9 -3696899.2 3671164.2 -3823655.1 3803871.8 3829938.9
   55 2     -1  0.0070  0.3131   84853.3   67343.6    3717.3  0.0159  0.3158  204482.3   66371.9  -84540.3
  2292890.9 2189105.7 -2052454.4 2408593.0 -2154955.2 -2175977.4 2222370.9 -2273695.4 2324663.2 2310730.3
   56 2      0  0.0073  0.3115   83485.0   64305.3     850.2  0.0159  0.3158  204436.7   65466.4  -87407.5
   304211.4  290441.6 -199751.8  375235.9 -214000.5 -232954.6  366931.9 -246414.9  380972.1  361630.7
