groupid:   7753, ntrk:  4
vertex track :          0   3 118    4222320  0.3488 -0.1677  180498.6  125274.9     375.7    13  1408.7
  119 4      1  0.3497 -0.1664   58565.6   44131.4    -849.7  0.3508 -0.1707  178283.4  124580.5 -203323.7
       26.5       2.8   58590.6   44122.6   58616.3   44110.3   58750.8   44350.1   58588.3   44117.5
  120 4      2  0.3482 -0.1672   57570.5   46455.6   -3720.8  0.3508 -0.1707  177276.2  125070.7 -206194.9
       48.7      10.8   57619.0   46444.3   57604.4   46451.3   57732.3   46676.8   57609.7   46424.8
  121 4      3  0.3491 -0.1647   58022.6   45627.7   -4569.2  0.3508 -0.1707  176978.6  125215.5 -207043.3
       57.7      16.8   58082.0   45618.3   58050.8   45633.0   58173.5   45847.0   58067.6   45587.9
vertex track :          3   3 118    4221645 -5.0104  0.2246  175994.8  125477.3     382.5     0    -1.0
  119 4      1 -5.0175 -0.1010   61713.9   49361.2    -831.6 -5.0022  0.2356  180265.5  124301.4 -203307.8
  38711952.1 7569542.7 -38490054.8 -8297754.4 38917114.0 -6739563.5 38613687.6 8396686.6 -38794739.9 6838264.6
  120 4      2 -5.2635  0.7294   73663.8   44425.3   -3771.3 -5.0022  0.2356  194971.0  123608.7 -206247.6
  157742669.3 30844217.4 -160409790.5 -8853685.3 152087740.8 -52161741.0 160557322.8 8942746.6 -151941518.6 52250744.7
  121 4      3 -4.7492  0.2704   76664.1   48199.7   -4606.5 -5.0022  0.2356  199148.8  123411.9 -207082.7
  250571771.3 48995558.6 -252875180.5 -34623714.8 247456948.4 -63112481.4 253028713.9 34720324.5 -247304617.6 63208937.6
vertex track :          4   3 118    4221686 -0.8522  1.1011  179998.0  125783.4     377.5     0    -1.0
  119 4      1 -0.8560  1.0980   59070.2   43582.0    -849.7 -0.8480  1.1013  179253.5  123530.6 -203324.3
  2466043.1 1438567.4 -2591691.9 1103914.6  440613.6 -2785521.6 2710041.5 -1016539.4 -322652.9 2872916.3
  120 4      2 -0.8495  1.1067   61581.7   42186.0   -3717.8 -0.8480  1.1013  181685.6  120372.1 -206192.4
  9781304.5 5705928.6 -10420413.7 4326962.8 1490893.5 -11190929.2 10543786.2 -4242379.7 -1367908.6 11275533.5
  121 4      3 -0.8585  1.0923   63068.1   40350.7   -4568.4 -0.8480  1.1013  182406.9  119435.3 -207043.0
  15646636.4 9127472.7 -16781938.5 6701712.5 2555521.5 -17901403.3 16908283.9 -6620800.0 -2429565.5 17982334.0
vertex track :         10   3 119    3782199  0.1751 -0.2650  178697.4  123092.0     225.1     0    -1.0
  116 4     -2  0.1777 -0.2637   61216.4   42465.2    4568.8  0.1751 -0.2675  179300.0  123452.0 -198582.3
  3927305.3 3743090.1 5360224.0 -1121566.0  969563.4 5391187.6 -5237581.1 1206706.0 -847093.3 -5306312.7
  117 4     -1  0.1739 -0.2647   62272.6   44777.4    3717.5  0.1751 -0.2675  179150.9  123679.7 -199433.6
  2365136.7 2254197.0 3244951.5 -694026.1  647476.1 3259197.7 -3120196.1  783790.7 -522894.4 -3169698.5
  118 4      0  0.1734 -0.2659   60200.2   45612.0     850.2  0.1751 -0.2675  178648.9  124446.7 -202301.0
   353530.1  336947.3  535538.7  -66505.3  149406.0  525728.8 -414928.1  157939.0  -28969.2 -434560.6
