groupid:   7803, ntrk:  3
vertex track :          0   3  24    5251964  0.3178 -0.7854   72494.8  185982.1     316.8    13   641.6
   25 5      1  0.3129 -0.7872   72334.1   30048.7    -849.8  0.3184 -0.7872   73012.2  186602.4  -28969.9
       57.2       7.5   72362.1   29998.3   72385.6   29939.3   72516.3   30308.3   72348.2   29992.8
   26 5      2  0.3179 -0.7838   70669.1   30060.3   -3718.5  0.3184 -0.7872   72098.8  188860.6  -31838.6
      106.1      30.6   70737.3   29973.5   70724.3   30005.4   70811.2   30356.3   70680.6   29950.5
   27 5      3  0.3098 -0.7874   72927.1   28972.6   -4568.0  0.3184 -0.7872   71828.2  189529.3  -32688.1
      130.4      48.8   73020.2   28869.1   72989.8   28946.5   73044.2   29285.4   72929.5   28833.4
vertex track :          2   3  24    5030264  0.4142  1.4907   72509.8  186333.1     316.8     0    -1.0
   25 5      1  0.3771  1.3899   74753.0   34527.9    -826.2  0.4325  1.4924   72907.2  184328.7  -28946.8
  2745721.2 1490489.2 -644741.6 3074736.8 -2082635.3 -2224799.0  794458.0 -3005469.7 2232220.5 2294146.6
   26 5      2  0.3273  1.4407   68721.4   21856.4   -3590.0  0.4325  1.4924   71712.0  180204.1  -31710.6
  11130860.0 6042283.6 -3357367.5 12214770.3 -8289375.6 -9493423.0 3495020.6 -12170846.0 8426887.1 9537438.4
   27 5      3  0.2654  1.5728   70101.3   19989.0   -4429.3  0.4325  1.4924   71349.0  178951.4  -32549.9
  17948752.0 9743312.7 -6550800.5 19339758.7 -12523907.3 -16056974.8 6691213.3 -19299569.1 12664165.6 16097283.1
vertex track :         11   3  25    5468302  0.8115  1.2229   69439.3  182685.8     315.2     0   329.1
   22 5     -2  0.8322  1.2078   78798.7   29409.1    4570.8  0.8473  1.2102   76360.8  190125.3  -24370.3
      313.8     139.2   78862.1   29746.5   78680.8   29483.3   78946.1   29283.0   79091.3   29588.6
   23 5     -1  0.8348  1.2087   76322.9   29618.0    3723.6  0.8473  1.2102   75643.0  189100.1  -25217.4
      220.3      83.1   76379.7   29846.5   76304.7   29737.8   76476.9   29600.7   76516.5   29752.1
   24 5      0  0.8339  1.2075   71913.1   26192.0     849.6  0.8473  1.2102   73208.0  185621.9  -28091.4
       92.7      10.8   71956.9   26274.4   72026.6   26375.4   72080.2   26320.7   71974.7   26262.1
