groupid:     79, ntrk:  2
vertex track :          0   3  20    5535711  0.2296  0.0011  170224.0  201121.6     416.2    13  1474.2
   21 6      1  0.2296  0.0015   48003.2   39740.2    -850.8  0.2314 -0.0004  167577.8  200972.9  -21622.5
       16.2       2.4   48019.4   39742.7   48035.1   39742.8   48197.2   39947.6   48019.4   39737.9
   22 6      2  0.2295  0.0027   48352.3   40505.2   -3719.6  0.2314 -0.0004  166913.8  200974.1  -24491.4
       31.7       9.3   48383.9   40514.9   48368.8   40514.7   48531.0   40705.5   48384.1   40496.2
   23 6      3  0.2299  0.0023   47280.0   40919.6   -4566.7  0.2314 -0.0004  166717.8  200974.4  -25338.4
       38.3      14.8   47318.1   40934.7   47289.8   40934.4   47452.1   41114.4   47318.4   40905.2
vertex track :          6   3  20    6412694 -1.1966 -0.3760  170195.0  201113.4     416.2     0   262.3
   21 6      1 -1.1847 -0.3057   50479.7   42118.4    -823.0 -1.1952 -0.3796  169323.0  201434.5  -21594.7
       97.2      29.0   50392.8   42066.0   50332.3   42050.3   50775.4   42380.4   50378.3   42122.2
   22 6      2 -1.1673 -0.3820   52560.2   42547.7   -3813.7 -1.1952 -0.3796  172897.4  202569.8  -24585.5
      246.2     118.5   52363.1   42358.5   52586.0   42431.4   52966.3   42946.5   52289.4   42583.7
   23 6      3 -1.2406 -0.3265   56855.3   43934.3   -4635.7 -1.1952 -0.3796  173879.8  202881.8  -25407.4
      351.3     187.9   56563.4   43663.2   56982.3   43773.5   57356.0   44415.1   56467.8   44026.6
