groupid:   7902, ntrk:  2
vertex track :          0   3 116    1288526  0.0161 -0.0549  175346.3   82394.8     255.1    13   921.8
  117 4      1  0.0161 -0.0549   55592.6    6300.5    -850.2  0.0197 -0.0579  172481.2   84937.8 -199301.0
        6.0       3.1   55597.2    6295.5   55597.2    6295.6   55797.9    6515.3   55591.3    6293.8
  118 4      2  0.0160 -0.0551   53930.6    6486.9   -3718.7  0.0197 -0.0579  172424.6   85103.9 -202169.5
       19.6      13.3   53948.8    6471.7   53941.3    6497.8   54122.3    6711.9   53923.2    6464.3
  119 2      3  0.0163 -0.0549   52506.5   83938.6   -4566.0  0.0197 -0.0579  172407.9   85152.9 -203016.8
       27.7      21.6   52535.1   83918.2   52522.7   83959.7   52687.9   84168.9   52493.6   83905.9
vertex track :          4   3 116    1829793  0.0383  0.5352  175352.1   82548.6     258.8     0   187.2
  117 2      1  0.0363  0.5312   53709.9   78626.5    -821.9  0.0419  0.5350  172463.5   84450.3 -199276.0
       43.8      22.9   53690.1   78671.8   53691.8   78695.9   53939.8   78791.8   53735.7   78668.6
  118 2      2  0.0286  0.5373   55664.7   77159.7   -3934.0  0.0419  0.5350  172333.2   82785.3 -202388.1
      137.4     106.8   55565.3   77302.6   55556.7   77141.0   55974.0   77227.4   55778.6   77291.3
  119 2      3  0.1109  0.5685   57048.2   80103.7   -4756.0  0.0419  0.5350  172298.7   82345.5 -203210.2
      206.7     169.9   56921.0   80339.1   56865.2   80052.8   57385.5   80078.9   57254.5   80274.1
