groupid:   9198, ntrk:  3
vertex track :          0   3  66    1605836  0.1724 -0.3752  208359.6   76338.1     238.8    13   999.9
   67 2      1  0.1725 -0.3754   89628.6   77734.6    -849.0  0.1721 -0.3841  208036.3   77491.7 -107095.9
       27.6       3.4   89643.1   77711.0   89656.3   77682.3   89824.2   77967.9   89637.0   77708.2
   68 2      2  0.1726 -0.3751   88865.0   78667.8   -3716.9  0.1721 -0.3841  207542.7   78593.2 -109963.8
       51.3      14.4   88899.5   78627.3   88892.9   78641.6   89040.7   78918.0   88873.4   78615.2
   69 2      3  0.1768 -0.3746   87462.5   77582.2   -4570.8  0.1721 -0.3841  207395.7   78921.1 -110817.6
       62.0      22.9   87509.7   77535.9   87493.9   77569.5   87625.5   77838.2   87468.2   77516.4
vertex track :          1   3  66    1416262  0.1232  0.7481  208347.0   76626.7     239.5     0   773.7
   67 2      1  0.1292  0.7263   86906.8   73856.6    -823.6  0.1305  0.7631  208074.2   76557.4 -107071.0
       50.1       5.4   86910.2   73906.9   86919.8   73960.8   87113.4   74017.1   86920.8   73905.0
   68 2      2  0.0849  0.8061   86294.7   71192.5   -3385.1  0.1305  0.7631  207739.9   74602.8 -109632.5
       85.7      21.4   86282.4   71280.0   86282.3   71278.8   86517.0   71315.9   86324.9   71275.5
   69 2      3  0.0981  0.7080   86786.0   75568.4   -4206.4  0.1305  0.7631  207632.7   73976.1 -110453.8
      103.9      34.5   86766.0   75676.1   86758.1   75618.9   87016.0   75671.5   86834.4   75666.6
vertex track :          2   3  66    1605619 -0.0596  1.8176  208299.0   76910.0     239.5     0   688.3
   67 2      1 -0.0610  1.8186   89755.9   76503.9    -850.1 -0.0460  1.8539  208216.7   75638.1 -107097.3
      127.9      13.2   89738.5   76631.2   89734.2   76757.6   89983.3   76588.4   89764.8   76632.1
   68 2      2 -0.0631  1.8187   89595.7   71800.5   -3716.3 -0.0460  1.8539  208348.5   70324.3 -109963.6
      272.8      56.6   89529.6   72071.2   89535.3   71907.8   89871.7   71741.7   89642.8   72075.1
   69 2      3 -0.0776  1.8191   88470.6   68906.9   -4569.5 -0.0460  1.8539  208387.8   68742.7 -110816.7
      345.8      91.1   88364.9   69248.6   88378.1   68939.5   88786.3   68777.1   88546.9   69256.3
