groupid:   9344, ntrk:  3
vertex track :          0   3  24    3070208 -0.1545 -0.1945   98928.2  105842.4     249.8    13 10000.6
   25 3      1 -0.1536 -0.1953   98913.8   25995.9    -850.4 -0.1471 -0.1911   99302.4  105424.9  -29118.9
       16.8       0.8   98904.0   25982.2   98892.5   25967.5   99133.4   26219.3   98902.8   25983.2
   26 3      2 -0.1551 -0.1942   99551.3   26836.1   -3717.0 -0.1471 -0.1911   99724.0  105972.8  -31985.5
       31.4       2.9   99533.9   26809.8   99540.5   26818.1   99778.5   27072.3   99529.4   26813.4
   27 3      3 -0.1559 -0.1933  100858.6   27055.4   -4568.5 -0.1471 -0.1911   99849.2  106135.5  -32836.9
       36.8       3.7  100838.4   27024.4  100851.8   27041.1  101088.6   27296.2  100832.6   27029.1
vertex track :          2   3  24    2619409 -0.5905 -0.5798   98755.1  105669.6     250.2     0     nan
   25 3      1 -0.5589 -0.5341  100503.3   31946.0    -827.5 -0.5813 -0.5681   99593.5  105656.4  -29094.9
        nan       nan      -nan       nan       nan       nan       nan       nan       nan       nan
   26 3      2 -0.5807 -0.5585  100288.2   28359.5   -3636.9 -0.5813 -0.5681  101226.6  107252.3  -31904.3
        nan       nan      -nan       nan       nan       nan       nan       nan       nan       nan
   27 3      3 -0.6034 -0.6146  101135.2   30117.9   -4467.5 -0.5813 -0.5681  101709.3  107724.1  -32734.8
        nan       nan      -nan       nan       nan       nan       nan       nan       nan       nan
vertex track :          5   3  24    3260014  3.3519 -3.7318  101382.1  103579.8     246.9     0  1124.6
   25 3      1  3.3706 -3.7140   98494.3   26638.7    -850.0  3.4225 -3.8221   97828.8  107140.9  -29133.2
      494.7      32.0   98850.4   26293.9   98893.4   26246.6   98351.5   27189.8   98803.0   26250.9
   26 3      2  3.3382 -3.7395   89225.2   37505.6   -3716.2  3.4225 -3.8221   88019.4  118095.7  -31999.3
     1497.9     137.1   90325.0   36479.4   89031.0   37929.0   88338.8   38738.0   90120.5   36296.8
   27 3      3  3.3100 -3.7445   87700.7   40731.3   -4569.1  3.4225 -3.8221   85100.1  121355.9  -32852.3
     1953.6     220.5   89159.8   39413.7   87267.2   41554.7   86455.0   42255.2   88829.4   39121.6
