groupid:   9430, ntrk:  3
vertex track :          0   3  56    3676424 -0.0512  0.0402  132669.1   88477.7     280.5    13  1126.0
   57 4      1 -0.0513  0.0400   14173.9   11569.9    -849.8 -0.0443  0.0402  133001.5   90250.1  -87856.9
        6.2       2.6   14167.4   11571.7   14166.5   11572.4   14390.4   11778.1   14170.6   11575.8
   58 4      2 -0.0512  0.0402   13102.9    9483.7   -3717.3 -0.0443  0.0402  133128.6   90134.9  -90724.4
       18.6      11.0   13081.6    9486.5   13100.0    9472.1   13334.3    9691.0   13095.1    9503.8
   59 4      3 -0.0516  0.0396   15163.6   10273.6   -4566.9 -0.0443  0.0402  133166.2   90100.8  -91573.9
       25.3      17.8   15132.7   10274.9   15162.0   10252.4   15404.4   10482.3   15154.4   10303.1
vertex track :          4   3  56    3676427  0.4093 -0.2671  132762.0   88415.5     280.5     0   492.6
   57 4      1  0.3891 -0.2537   10062.0    8267.3    -825.7  0.4210 -0.2784  132579.4   90539.2  -87833.5
       33.4       7.2   10093.9    8255.2   10119.7    8238.3   10240.5    8489.3   10086.0    8243.1
   58 4      2  0.4228 -0.2650   11324.5   11202.3   -3709.0  0.4210 -0.2784  131365.4   91341.7  -90716.8
       67.2      30.9   11397.9   11192.8   11372.7   11208.5   11461.5   11421.5   11365.0   11140.4
   59 4      3  0.3878 -0.2353    9085.9    9086.2   -4530.2  0.4210 -0.2784  131019.6   91570.3  -91538.1
       86.5      49.5    9185.6    9083.7    9119.0    9124.0    9196.6    9298.6    9134.2    8999.0
vertex track :         11   3  57    4103797 -0.2328  1.1719  134463.3   89992.7     352.7     0    -1.0
   54 4     -2 -0.2300  1.1717   11528.6   15101.2    4568.6 -0.2180  1.1717  132152.8   94675.0  -83339.5
  10338834.1 6635749.2 -8491500.6 8882071.0 -4508436.5 -11408094.0 8514767.6 -8851657.4 4531445.5 11438542.5
   55 4     -1 -0.2261  1.1756   13171.8   14885.4    3718.5 -0.2180  1.1717  132338.1   93679.1  -84189.6
  6173673.1 3962433.9 -5044081.1 5328953.0 -2711827.8 -6795870.4 5070634.4 -5298971.1 2738123.9 6825888.1
   56 4      0 -0.2228  1.1710   12071.2    9902.8     849.6 -0.2180  1.1717  132963.4   90317.7  -87058.5
   760078.0  487839.1 -609230.6  665410.0 -325159.3 -827713.2  633582.8 -645393.1  349254.9  847764.8
