groupid:   9456, ntrk:  2
vertex track :          0   3  26    3474285 -0.2052  0.4012   53339.3  101933.6     186.6    13   414.0
   27 3      1 -0.2063  0.4003   53854.4   22411.8    -849.6 -0.2013  0.3984   52816.6  101406.3  -32411.6
       30.8       7.7   53833.5   22435.6   53818.3   22465.0   54085.2   22598.4   53847.2   22442.7
   28 3      2 -0.2068  0.3998   54333.8   19374.2   -3720.3 -0.2013  0.3984   53394.6  100262.6  -35282.4
       64.9      34.7   54273.1   19415.9   54289.4   19384.6   54604.2   19542.9   54334.8   19447.8
   29 3      3 -0.2100  0.3987   53738.8   20719.7   -4568.0 -0.2013  0.3984   53565.2   99924.8  -36130.1
       86.9      56.3   53648.5   20770.3   53685.4   20700.3   54038.8   20879.4   53748.0   20822.8
vertex track :          8   3  27    3063282  0.9097  3.6727   53008.6   98503.5     258.7     0   749.7
   24 3     -2  0.8665  3.6757   55266.3   37162.1    4564.8  0.9067  3.6659   55862.1  114755.5  -27898.7
     1151.1     195.3   55340.3   38327.3   54994.0   36858.5   55403.1   36210.6   55720.4   38237.7
   25 3     -1  0.8573  3.6795   54910.7   32671.9    3717.4  0.9067  3.6659   55093.8  111649.2  -28746.0
      841.0     117.4   54987.2   33517.6   54785.5   32652.1   55045.0   32039.8   55215.8   33464.4
   26 3      0  0.8883  3.6850   52614.7   22666.5     850.2  0.9067  3.6659   52494.0  101138.0  -31613.3
      262.4      16.8   52659.9   22925.5   52723.4   23189.1   52780.4   22621.1   52692.5   22917.6
