groupid:     96, ntrk:  5
vertex track :          0   3 114    4139627  0.1641  0.3938  151248.8   99816.2     260.8    13   960.4
  115 4      1  0.1605  0.3951   31414.3   20465.1    -850.3  0.1654  0.3952  150959.2  100412.3 -195691.9
       28.6       3.6   31421.7   20493.0   31433.9   20522.9   31617.0   20647.6   31428.4   20490.3
  116 4      2  0.1601  0.3960   32960.1   18291.0   -3715.8  0.1654  0.3952  150485.2   99279.8 -198557.4
       53.2      15.2   32965.9   18346.0   32959.7   18330.6   33164.3   18446.4   32994.0   18334.6
  117 4      3  0.1653  0.3936   33689.6   20439.2   -4564.5  0.1654  0.3952  150344.8   98944.4 -199406.1
       64.4      24.1   33692.3   20507.9   33677.2   20471.9   33897.1   20581.0   33736.7   20489.2
vertex track :          4   3 114    4399327 -1.4369 -0.0429  150630.2   99650.7     261.9     0   175.5
  115 4      1 -1.4352 -0.0708   31048.7   21977.6    -817.6 -1.4553 -0.0424  152088.7  100731.2 -195661.3
      128.6      48.8   30922.6   21922.5   30878.2   21920.3   31383.3   22242.6   30917.8   22020.0
  116 4      2 -1.4467 -0.0489   32637.5   22503.6   -3499.8 -1.4553 -0.0424  155992.0  100845.0 -198343.4
      393.0     202.0   32251.6   22288.4   32733.2   22304.7   33231.9   22928.7   32237.9   22692.2
  117 4      3 -1.4269 -0.2147   33055.4   18272.3   -4321.2 -1.4553 -0.0424  157187.5  100879.8 -199164.9
      609.8     329.1   32501.3   17856.2   33407.7   17992.6   33818.0   18898.2   32403.4   18507.0
vertex track :          5   3 114    4399479 -1.5736  0.3567  150612.5   99807.1     263.6     0    -1.0
  115 4      1 -1.5779  0.3430   32196.3   20493.0    -850.0 -1.5922  0.3610  152273.3  100441.1 -195695.2
  2882637.8 1518571.9 -3107234.6 -851077.7 2526131.3 -2075692.8 3171835.5  892274.0 -2462070.1 2116750.8
  116 4      2 -1.5788  0.3371   38438.8   18460.1   -3721.7 -1.5922  0.3610  156845.7   99404.4 -198566.9
  12279004.4 6468572.5 -13320642.4 -3743365.2 10695616.0 -8871569.6 13397728.4 3780495.7 -10619070.0 8908560.5
  117 4      3 -1.5731  0.3661   40605.6   20564.7   -4571.3 -1.5922  0.3610  158198.5   99097.7 -199416.5
  19756768.4 10407854.2 -21561072.0 -5638132.1 16923664.6 -14594572.8 21642491.7 5679471.8 -16842783.7 14635779.0
vertex track :          7   3 114    4400139  0.6387  0.2072  151438.2   99745.5     260.0     0  9999.8
  115 4      1  0.6083  0.1940   30052.3   21827.0    -817.8  0.6438  0.2066  150640.4  100557.2 -195658.5
       44.0       1.7   30093.8   21842.0   30137.6   21856.0   30221.5   22022.2   30094.8   21838.8
  116 4      2  0.6576  0.2510   25754.2   21491.5   -3467.9  0.6438  0.2066  148934.2  100009.7 -198308.6
       73.5       5.9   25820.8   21523.2   25821.5   21523.5   25898.3   21670.0   25825.0   21512.1
  117 4      3  0.6284  0.2293   24296.2   17044.9   -4278.4  0.6438  0.2066  148412.4   99842.3 -199119.1
       85.1       7.4   24373.5   17081.0   24345.7   17070.8   24429.4   17219.0   24378.6   17067.1
vertex track :         17   3 115    8702275 -1.5028  0.5681  151891.7   99657.3     272.2     0    -1.0
  112 4     -2 -1.5112  0.6070   26964.3   24949.2    4566.2 -1.5128  0.5917  145289.1  102988.5 -191105.2
  17243099.0 9111636.0 -19369752.3 -2003290.9 12631186.8 -14856857.0 19423889.5 2053400.0 -12577575.5 14906882.9
  113 4     -1 -1.4992  0.5754   26887.9   23088.5    3716.4 -1.5128  0.5917  146574.7  102485.7 -191955.0
  10356152.5 5472420.7 -11602443.8 -1375456.6 7734427.0 -8796443.3 11656428.1 1421844.2 -7680965.9 8842741.2
  114 4      0 -1.4950  0.5870   31039.4   20057.6     849.9 -1.5128  0.5917  150911.2  100789.4 -194821.5
  1450084.6  766256.9 -1598778.3 -163216.7 1100444.0 -1223039.6 1661065.5  203542.6 -1038679.2 1263278.1
