groupid:   9665, ntrk:  6
vertex track :          0   3  48    1427662  0.1636  0.1967  165204.4   80555.7     271.9    13  1004.1
   49 2      1  0.1648  0.1958   44496.1   81181.3    -850.2  0.1687  0.1982  166080.1   81439.8  -73806.8
       17.6       3.1   44505.1   81196.8   44517.0   81211.0   44697.3   81376.1   44509.8   81192.8
   50 2      2  0.1647  0.1954   42200.6   77871.5   -3716.0  0.1687  0.1982  165596.7   80872.0  -76672.6
       34.9      13.1   42213.1   77906.7   42202.6   77894.3   42398.3   78046.5   42233.1   77889.8
   51 2      3  0.1656  0.1948   42147.3   79981.8   -4567.7  0.1687  0.1982  165453.0   80703.2  -77524.3
       43.5      21.1   42159.4   80028.6   42137.9   80003.3   42345.4   80145.3   42191.5   80001.3
vertex track :         15   3  48    2341356  0.3979 -0.0114  165239.9   80524.2     270.9     0   321.7
   49 2      1  0.4130 -0.0171   45115.4   79590.6    -822.4  0.4003 -0.0151  165866.8   81646.5  -73778.0
       28.8      10.8   45144.7   79600.1   45173.8   79598.9   45296.6   79791.0   45143.8   79578.6
   50 2      2  0.4165 -0.0296   45831.0   78743.3   -3840.6  0.4003 -0.0151  164658.7   81692.0  -76796.2
       71.3      48.5   45905.6   78786.7   45850.7   78790.6   45966.8   78909.9   45898.7   78689.9
   51 2      3  0.4282  0.0019   44323.2   77232.9   -4659.6  0.4003 -0.0151  164330.9   81704.4  -77615.2
      100.4      77.4   44423.3   77310.7   44312.3   77310.2   44433.5   77365.0   44424.0   77155.9
vertex track :         16   3  48    2341361  1.0786 -0.2261  165342.7   80492.1     270.9     0   190.2
   49 2      1  1.0768 -0.2318   43871.8   81462.9    -850.5  1.0809 -0.2400  165195.1   81865.5  -73806.1
       90.0      35.3   43967.2   81478.5   44017.4   81467.7   43987.5   81657.1   43952.3   81409.4
   50 2      2  1.0771 -0.2347   38815.4   79473.0   -3717.6  1.0809 -0.2400  162096.2   82553.6  -76673.2
      257.6     150.1   39099.0   79564.8   38821.9   79625.2   38742.8   79591.0   39035.1   79271.5
   51 2      3  1.0744 -0.2405   38047.5   81949.5   -4569.4  1.0809 -0.2400  161175.5   82758.1  -77524.9
      390.9     242.9   38482.1   82101.1   37944.7   82221.4   37824.0   82007.7   38375.9   81627.1
vertex track :         22   3  49    1821153 -3.0300 -3.2463  167310.1   81771.4     381.7     0   880.0
   46 2     -2 -2.9859 -3.2902   32540.1   66351.3    4569.4 -3.0465 -3.3036  155279.1   69749.0  -69319.2
     1448.5     202.9   31716.9   65142.3   33036.7   66596.7   33570.3   67767.0   31416.4   65415.0
   47 2     -1 -2.9591 -3.2968   36129.4   70883.5    3719.3 -3.0465 -3.3036  157868.9   72557.3  -70169.3
     1058.2     120.9   35512.5   70015.2   36304.8   70897.9   36953.3   71958.5   35332.5   70176.7
   48 2      0 -2.9816 -3.2890   44091.3   79224.2     850.2 -3.0465 -3.3036  166609.6   82035.6  -73038.3
      299.8      14.2   43900.4   78992.6   43676.9   78746.0   44489.1   79662.5   43879.4   79011.6
vertex track :         25   3  49    2346675  0.3705  0.2311  165286.8   79701.1     379.8     0   489.7
   46 2     -2  0.3626  0.2555   45281.9   80925.9    4865.6  0.3735  0.2375  167673.1   82536.1  -69019.5
       74.8      44.7   45317.3   81005.6   45271.2   80973.1   45456.9   81056.6   45368.8   80932.5
   47 2     -1  0.3669  0.2447   44098.0   80619.9    4049.6  0.3735  0.2375  167368.3   82342.2  -69835.5
       57.2      27.4   44130.4   80674.4   44112.2   80662.3   44276.0   80775.5   44160.9   80628.8
   48 2      0  0.3928  0.2457   44139.6   81741.6     820.4  0.3735  0.2375  166162.3   81575.2  -73064.7
       26.8       2.7   44160.9   81758.1   44197.9   81781.2   44328.7   81935.3   44163.8   81753.5
vertex track :         29   3  49    2371451 -0.1881 -2.3254  165545.6   81157.8     384.5     0   410.5
   46 2     -2 -0.1589 -2.3182   44633.6   70458.7    4568.4 -0.1918 -2.3533  165457.4   73101.9  -69322.2
      596.9     184.3   44776.6   69850.6   44824.8   70554.8   44700.4   71274.5   44408.9   69875.8
   47 2     -1 -0.1468 -2.3285   45866.9   74288.3    3716.9 -0.1918 -2.3533  165620.7   75106.0  -70173.8
      414.0     109.3   45950.0   73868.2   45971.2   74205.7   45993.7   74916.1   45731.8   73882.0
   48 2      0 -0.1532 -2.3245   44647.9   79371.5     849.9 -0.1918 -2.3533  166170.7   81852.8  -73040.8
      148.6      12.7   44650.8   79222.3   44638.1   79030.8   44854.8   79728.3   44625.4   79224.0
