19 1260 4631442 5 -1 0.35267 0.73674 68213.4 163935 90007 90013 0
19 1260 -1 5 128642 -1.09182 -0.20112 76560 1311.87 120018 110017 -1
19 1260 4631442 5 -1 0.35267 0.73674 68213.4 163935 90007 90013 0
19 1260 -1 5 116528 1.01679 1.69448 41601.1 -1142.96 100020 110028 -1
19 6597 6405714 6 -1 -0.37278 0.19133 190345 204944 120036 120026 0
19 6597 -1 6 220237 0.10252 -1.29969 67976.6 39542.7 90004 90004 -1
19 6611 5951438 6 -1 0.27129 -0.15556 165556 195445 110027 110015 0
19 6611 -1 6 209792 -0.10114 -1.53108 54099.2 35883.6 90005 100019 -1
19 6597 6405714 6 -1 -0.37278 0.19133 190345 204944 120036 120026 0
19 6597 -1 6 911618 -0.30187 -3.05545 47545.9 41760.1 100010 100016 -1
19 6611 5951438 6 -1 0.27129 -0.15556 165556 195445 110027 110015 0
19 6611 -1 6 209792 -0.10114 -1.53108 54099.2 35883.6 90005 100019 -1
20 1260 -1 3 -1 0.3529 0.7374 71407.5 84009.9 -1 -1 1
20 1260 -1 3 310429 0.05881 0.02522 73430.9 84060.4 160090 160086 -1
20 1260 -1 3 -1 0.3529 0.7374 71407.5 84009.9 -1 -1 1
20 1260 -1 3 310748 0.02937 -0.06624 69428.9 84200.6 160081 160068 -1
20 6597 -1 6 -1 -0.3711 0.1941 75932.3 44694.6 -1 -1 1
20 6597 -1 6 14252 0.05493 -0.08407 77521.2 42651.6 160116 160113 -1
20 6611 -1 6 -1 0.2702 -0.1575 49472.5 36261.7 -1 -1 1
20 6611 -1 6 2071 0.08888 0.07974 49768.8 36440.8 160088 160068 -1
20 6597 -1 6 -1 -0.3711 0.1941 75932.3 44694.6 -1 -1 1
20 6597 -1 6 14506 0.00359 0.00692 77187.5 44845.5 160110 160086 -1
20 6611 -1 6 -1 0.2702 -0.1575 49472.5 36261.7 -1 -1 1
20 6611 -1 6 214557 0.04883 -0.05677 49034.8 36061.7 160075 160089 -1
21 1260 -1 3 -1 0.3573 0.7357 71226.1 82315.2 -1 -1 1
21 1260 -1 3 550210 -0.01471 -0.0039 72179.8 81412.6 160131 160102 -1
21 6956 2933941 3 -1 -0.16131 -0.25245 74720 146700 120043 110028 0
21 6956 -1 3 1233653 0 0 0 0 -1 -1 -1
21 8219 2459428 3 -1 -0.23963 0.07751 65096.3 124526 130051 110022 0
21 8219 -1 3 235611 -1.13964 2.29743 61330.5 44316.1 90008 110035 -1
21 1260 -1 3 -1 0.3573 0.7357 71226.1 82315.2 -1 -1 1
21 1260 -1 3 550210 -0.01471 -0.0039 72179.8 81412.6 160131 160102 -1
21 6956 2933941 3 -1 -0.16131 -0.25245 74720 146700 120043 110028 0
21 6956 -1 3 1233653 0 0 0 0 -1 -1 -1
21 8219 2459428 3 -1 -0.23963 0.07751 65096.3 124526 130051 110022 0
21 8219 -1 3 250381 1.09772 -0.23658 63655 49066.7 80004 90015 -1
21 6597 -1 6 -1 -0.3714 0.1934 75011.1 42349.9 -1 -1 1
21 6597 -1 6 235634 0.00045 0.00455 75959 42659.9 160115 160070 -1
21 6611 -1 6 -1 0.2702 -0.1568 48033 34173.7 -1 -1 1
21 6611 -1 6 209671 -0.03434 0.17127 47664.8 33301.1 160110 160122 -1
21 6597 -1 6 -1 -0.3714 0.1934 75011.1 42349.9 -1 -1 1
21 6597 -1 6 235634 0.00045 0.00455 75959 42659.9 160115 160070 -1
21 6611 -1 6 -1 0.2702 -0.1568 48033 34173.7 -1 -1 1
21 6611 -1 6 209735 0.04757 -0.05801 47776 33888.7 160106 160068 -1
22 1260 -1 3 -1 0.3528 0.7372 71270.2 80109.9 -1 -1 1
22 1260 -1 3 293115 -0.23015 -0.24981 70542.7 79197.2 160222 160219 -1
22 6956 -1 3 -1 -0.1589 -0.2539 76396.5 68894.9 -1 -1 1
22 6956 -1 3 262409 -0.0505 0.00773 78730.9 70382.5 160071 160067 -1
22 8219 -1 3 -1 -0.2402 0.0758 67175.1 45655.8 -1 -1 1
22 8219 -1 3 236041 -0.14414 0.53423 66451.9 42798.6 160169 160185 -1
22 1260 -1 3 -1 0.3528 0.7372 71270.2 80109.9 -1 -1 1
22 1260 -1 3 293115 -0.23015 -0.24981 70542.7 79197.2 160222 160219 -1
22 6956 -1 3 -1 -0.1589 -0.2539 76396.5 68894.9 -1 -1 1
22 6956 -1 3 262574 0.04412 -0.07556 78094.2 68921.6 160129 160072 -1
22 8219 -1 3 -1 -0.2402 0.0758 67175.1 45655.8 -1 -1 1
22 8219 -1 3 236041 -0.14414 0.53423 66451.9 42798.6 160169 160185 -1
22 6597 -1 6 -1 -0.3715 0.1911 77148.7 42714.4 -1 -1 1
22 6597 -1 6 237731 0.05848 -0.07873 77119.8 41716.6 160126 160124 -1
22 6611 -1 6 -1 0.2705 -0.1564 48286.1 35423.9 -1 -1 1
22 6611 -1 6 869175 -0.54809 0.24177 47613.5 34212.9 160185 160206 -1
22 6597 -1 6 -1 -0.3715 0.1911 77148.7 42714.4 -1 -1 1
22 6597 -1 6 237731 0.05848 -0.07873 77119.8 41716.6 160126 160124 -1
22 6611 -1 6 -1 0.2705 -0.1564 48286.1 35423.9 -1 -1 1
22 6611 -1 6 427543 0.09154 0.38845 45644.5 32872.4 160184 160203 -1
23 6956 -1 3 -1 -0.16 -0.2535 75556.2 68854.7 -1 -1 1
23 6956 -1 3 287826 0.07947 -0.07011 73536 71321 160130 160115 -1
23 8219 -1 3 -1 -0.2404 0.0763 66320.9 45369.2 -1 -1 1
23 8219 -1 3 15604 -0.09897 -0.14388 66309.1 44784.4 160090 160070 -1
23 6956 -1 3 -1 -0.16 -0.2535 75556.2 68854.7 -1 -1 1
23 6956 -1 3 270859 0.02661 -0.14562 76671.7 70933.5 160125 160100 -1
23 8219 -1 3 -1 -0.2404 0.0763 66320.9 45369.2 -1 -1 1
23 8219 -1 3 15604 -0.09897 -0.14388 66309.1 44784.4 160090 160070 -1
23 5573 5483194 5 -1 0.47673 -0.7444 104283 186004 90014 130046 0
23 5573 -1 5 639607 1.70489 -4.42961 54879.3 25745.4 120022 110013 -1
23 5573 5483194 5 -1 0.47673 -0.7444 104283 186004 90014 130046 0
23 5573 -1 5 172732 1.0623 -1.70633 129671 21567.9 120050 100021 -1
24 6956 -1 3 -1 -0.1587 -0.2537 73102.2 70677.4 -1 -1 1
24 6956 -1 3 270600 0.03675 -0.07713 74047.5 70051.3 160074 160103 -1
24 8219 -1 3 -1 -0.2412 0.0739 64210.7 46242.2 -1 -1 1
24 8219 -1 3 235724 -0.09492 0.00489 64211.3 45329.2 160111 160069 -1
24 6956 -1 3 -1 -0.1587 -0.2537 73102.2 70677.4 -1 -1 1
24 6956 -1 3 270600 0.03675 -0.07713 74047.5 70051.3 160074 160103 -1
24 8219 -1 3 -1 -0.2412 0.0739 64210.7 46242.2 -1 -1 1
24 8219 -1 3 235724 -0.09492 0.00489 64211.3 45329.2 160111 160069 -1
24 5573 -1 5 -1 0.471 -0.7486 101553 28687.7 -1 -1 1
24 5573 -1 5 191361 -0.06601 0.04085 98739.1 27230.5 160069 160070 -1
24 5573 -1 5 -1 0.471 -0.7486 101553 28687.7 -1 -1 1
24 5573 -1 5 405653 0.07619 0.74603 104219 29175.9 160276 160237 -1
25 566 2535852 3 -1 0.14114 -0.13689 75749.8 140460 150073 140042 0
25 566 -1 3 252216 0.76504 0.70042 46154.9 46755.9 90008 70005 -1
25 566 2535852 3 -1 0.14114 -0.13689 75749.8 140460 150073 140042 0
25 566 -1 3 506966 0.26566 1.16632 113269 69533.8 80016 120029 -1
25 5573 -1 5 -1 0.4712 -0.7473 101913 32806.4 -1 -1 1
25 5573 -1 5 422230 -0.10193 0.00936 98958.5 32284.8 160104 160090 -1
25 5573 -1 5 -1 0.4712 -0.7473 101913 32806.4 -1 -1 1
25 5573 -1 5 422230 -0.10193 0.00936 98958.5 32284.8 160104 160090 -1
26 566 -1 3 -1 0.139 -0.1387 77398 63703.5 -1 -1 1
26 566 -1 3 256036 -0.0315 -0.00047 78030.4 63378.9 160080 160069 -1
26 566 -1 3 -1 0.139 -0.1387 77398 63703.5 -1 -1 1
26 566 -1 3 256036 -0.0315 -0.00047 78030.4 63378.9 160080 160069 -1
26 5573 -1 5 -1 0.4744 -0.7458 99802.6 32893 -1 -1 1
26 5573 -1 5 634877 0.35324 -0.74362 100697 33435.4 160220 160173 -1
26 5573 -1 5 -1 0.4744 -0.7458 99802.6 32893 -1 -1 1
26 5573 -1 5 634877 0.35324 -0.74362 100697 33435.4 160220 160173 -1
27 2189 2527530 3 -1 0.22994 0.42016 66778.3 142095 100039 100015 0
27 2189 -1 3 249247 1.05211 -1.44678 74901.6 61946.3 90013 90011 -1
27 566 -1 3 -1 0.1386 -0.1404 78633.3 63986 -1 -1 1
27 566 -1 3 83872 -0.08276 -0.0479 78400.3 66053.1 160073 160064 -1
27 2189 2527530 3 -1 0.22994 0.42016 66778.3 142095 100039 100015 0
27 2189 -1 3 249247 1.05211 -1.44678 74901.6 61946.3 90013 90011 -1
27 566 -1 3 -1 0.1386 -0.1404 78633.3 63986 -1 -1 1
27 566 -1 3 83872 -0.08276 -0.0479 78400.3 66053.1 160073 160064 -1
28 2189 -1 3 -1 0.2284 0.4203 65794.3 60370.2 -1 -1 1
28 2189 -1 3 516572 0.09286 0.05039 66537.6 61359.4 160098 160079 -1
28 566 -1 3 -1 0.1378 -0.1393 77976.3 62625.4 -1 -1 1
28 566 -1 3 496586 0.00455 0.20282 76173.4 60529.7 160080 160056 -1
28 2189 -1 3 -1 0.2284 0.4203 65794.3 60370.2 -1 -1 1
28 2189 -1 3 516572 0.09286 0.05039 66537.6 61359.4 160098 160079 -1
28 566 -1 3 -1 0.1378 -0.1393 77976.3 62625.4 -1 -1 1
28 566 -1 3 514559 -0.01526 0.01931 76098.2 63938.1 160101 160088 -1
29 2189 -1 3 -1 0.2256 0.4226 64513.5 61780.6 -1 -1 1
29 2189 -1 3 73396 0.04241 0.00347 64425.8 61516.6 160088 160085 -1
29 4716 2452085 3 -1 0.18008 -0.06071 89335.7 122797 140058 150057 0
29 4716 -1 3 13250 -0.60269 0.12788 80097.5 45569.2 90015 110031 -1
29 2189 -1 3 -1 0.2256 0.4226 64513.5 61780.6 -1 -1 1
29 2189 -1 3 73396 0.04241 0.00347 64425.8 61516.6 160088 160085 -1
29 4716 2452085 3 -1 0.18008 -0.06071 89335.7 122797 140058 150057 0
29 4716 -1 3 13250 -0.60269 0.12788 80097.5 45569.2 90015 110031 -1
30 2189 -1 3 -1 0.2271 0.4198 64358 59130.9 -1 -1 1
30 2189 -1 3 66883 -0.0316 -0.10607 64153.3 59745.6 160079 160092 -1
30 4716 -1 3 -1 0.18 -0.061 89745.5 42915.6 -1 -1 1
30 4716 -1 3 438701 -0.02473 -0.04537 90516 41203.7 160112 160119 -1
30 2189 -1 3 -1 0.2271 0.4198 64358 59130.9 -1 -1 1
30 2189 -1 3 483538 0.15809 0.42729 64848.8 58693.6 160265 160265 -1
30 4716 -1 3 -1 0.18 -0.061 89745.5 42915.6 -1 -1 1
30 4716 -1 3 13248 0.76279 -0.14776 89100.8 44755 160240 160218 -1
31 4716 -1 3 -1 0.1799 -0.0609 89912.5 44320.9 -1 -1 1
31 4716 -1 3 12005 0.17451 0.41461 90495.5 45945.8 160286 160280 -1
31 4716 -1 3 -1 0.1799 -0.0609 89912.5 44320.9 -1 -1 1
31 4716 -1 3 12146 -0.07413 -0.0756 88582.6 42576.4 160099 160091 -1
32 4716 -1 3 -1 0.1796 -0.0618 88929.8 44022.2 -1 -1 1
32 4716 -1 3 906883 0.14079 0.38111 89562.6 44150.9 160216 160262 -1
32 4716 -1 3 -1 0.1796 -0.0618 88929.8 44022.2 -1 -1 1
32 4716 -1 3 906883 0.14079 0.38111 89562.6 44150.9 160216 160262 -1
33 561 4824982 5 -1 -0.10788 -0.17668 105614 170904 100017 130031 0
33 561 -1 5 144260 0.58986 -1.31632 101020 10090.7 110014 110024 -1
33 561 4824982 5 -1 -0.10788 -0.17668 105614 170904 100017 130031 0
33 561 -1 5 144260 0.58986 -1.31632 101020 10090.7 110014 110024 -1
34 561 -1 5 -1 -0.1104 -0.1749 107882 11138.5 -1 -1 1
34 561 -1 5 346762 -0.23294 -0.28682 105686 10221.4 160299 160253 -1
34 561 -1 5 -1 -0.1104 -0.1749 107882 11138.5 -1 -1 1
34 561 -1 5 346762 -0.23294 -0.28682 105686 10221.4 160299 160253 -1
35 8189 448657 1 -1 -0.23984 0.14381 94098.7 68817.1 120050 100015 0
35 8189 -1 1 1614301 -0.19376 -1.04212 95576.5 70533 70003 110026 -1
35 8189 448657 1 -1 -0.23984 0.14381 94098.7 68817.1 120050 100015 0
35 8189 -1 1 1614301 -0.19376 -1.04212 95576.5 70533 70003 110026 -1
35 561 -1 5 -1 -0.109 -0.1756 105656 9537.3 -1 -1 1
35 561 -1 5 119564 -0.01903 0.19282 105524 10460.3 160112 160147 -1
35 561 -1 5 -1 -0.109 -0.1756 105656 9537.3 -1 -1 1
35 561 -1 5 119564 -0.01903 0.19282 105524 10460.3 160112 160147 -1
36 8189 -1 1 -1 -0.2385 0.1452 95829.6 70694.8 -1 -1 1
36 8189 -1 1 523849 -0.07391 0.11431 95951.2 71189.5 160106 160138 -1
36 8189 -1 1 -1 -0.2385 0.1452 95829.6 70694.8 -1 -1 1
36 8189 -1 1 1180403 -0.05694 0.38289 95709.9 70591.6 160179 160167 -1
36 561 -1 5 -1 -0.1101 -0.1757 107455 14688 -1 -1 1
36 561 -1 5 571408 -0.49171 0.33326 109159 17578.8 160288 160336 -1
36 561 -1 5 -1 -0.1101 -0.1757 107455 14688 -1 -1 1
36 561 -1 5 571408 -0.49171 0.33326 109159 17578.8 160288 160336 -1
37 8189 -1 1 -1 -0.2381 0.146 95757.4 68079.2 -1 -1 1
37 8189 -1 1 1109882 0.54036 -0.32317 95384.7 68315.6 160252 160246 -1
37 8189 -1 1 -1 -0.2381 0.146 95757.4 68079.2 -1 -1 1
37 8189 -1 1 1109882 0.54036 -0.32317 95384.7 68315.6 160252 160246 -1
37 2620 3870770 4 -1 0.07824 -0.14354 208425 98590.7 160047 140050 0
37 2620 -1 4 841153 -1.28017 -0.18881 121862 17479.5 110019 80008 -1
37 2620 3870770 4 -1 0.07824 -0.14354 208425 98590.7 160047 140050 0
37 2620 -1 4 841153 -1.28017 -0.18881 121862 17479.5 110019 80008 -1
38 8189 -1 1 -1 -0.2383 0.1452 95888.1 69229 -1 -1 1
38 8189 -1 1 73785 0.07506 0.00449 96494.4 67288.1 160086 160045 -1
38 8189 -1 1 -1 -0.2383 0.1452 95888.1 69229 -1 -1 1
38 8189 -1 1 293850 -0.07177 -0.43716 93206.2 69313.5 160138 160160 -1
38 2620 -1 4 -1 0.0783 -0.1435 87032 21321.3 -1 -1 1
38 2620 -1 4 184662 0.07487 -0.14521 87031.4 21324.6 160124 160094 -1
38 2620 -1 4 -1 0.0783 -0.1435 87032 21321.3 -1 -1 1
38 2620 -1 4 184662 0.07487 -0.14521 87031.4 21324.6 160124 160094 -1
39 2620 -1 4 -1 0.0783 -0.1435 88420.2 22469.6 -1 -1 1
39 2620 -1 4 180720 -0.19728 0.31913 89311.5 24436.8 160157 160175 -1
39 2620 -1 4 -1 0.0783 -0.1435 88420.2 22469.6 -1 -1 1
39 2620 -1 4 180720 -0.19728 0.31913 89311.5 24436.8 160157 160175 -1
39 595 5893008 6 -1 -0.09449 0.1857 194284 170476 140038 130030 0
39 595 -1 6 143868 0.42455 -1.43659 113035 7147.54 90007 80005 -1
39 595 5893008 6 -1 -0.09449 0.1857 194284 170476 140038 130030 0
39 595 -1 6 369318 -0.95753 -2.00818 24880.3 8878.93 90010 110027 -1
40 2620 -1 4 -1 0.0779 -0.1436 86473.8 21854.5 -1 -1 1
40 2620 -1 4 604255 -0.50599 0.57244 86630 24634.1 160223 160185 -1
40 2620 -1 4 -1 0.0779 -0.1436 86473.8 21854.5 -1 -1 1
40 2620 -1 4 169668 0.08599 -0.06051 89238.7 20013.3 160103 160060 -1
40 595 -1 6 -1 -0.0941 0.186 73022 13362.7 -1 -1 1
40 595 -1 6 158193 0.48185 -0.10896 74626.2 14853.5 160171 160118 -1
40 595 -1 6 -1 -0.0941 0.186 73022 13362.7 -1 -1 1
40 595 -1 6 813459 0.33568 -0.32197 74914.4 13635.1 160209 160170 -1
41 5228 3838436 4 -1 0.00802 -0.12261 200363 146920 160060 140038 0
41 5228 -1 4 284286 -1.11062 -1.0169 105285 62410.1 110016 110025 -1
41 5228 3838436 4 -1 0.00802 -0.12261 200363 146920 160060 140038 0
41 5228 -1 4 1167313 1.51622 3.10402 103918 62434.3 100014 90008 -1
41 595 -1 6 -1 -0.0942 0.1858 76136 9960.8 -1 -1 1
41 595 -1 6 791005 -0.31611 0.39323 76601.9 8541.26 160180 160202 -1
41 595 -1 6 -1 -0.0942 0.1858 76136 9960.8 -1 -1 1
41 595 -1 6 354273 0.02256 0.08722 74410 9888.8 160070 160056 -1
42 5228 -1 4 -1 0.007 -0.1223 81311.3 66366.5 -1 -1 1
42 5228 -1 4 82721 0.16757 -0.54281 81541.9 64497.2 160271 160206 -1
42 5228 -1 4 -1 0.007 -0.1223 81311.3 66366.5 -1 -1 1
42 5228 -1 4 82721 0.16757 -0.54281 81541.9 64497.2 160271 160206 -1
42 595 -1 6 -1 -0.094 0.1863 77471.3 8745.7 -1 -1 1
42 595 -1 6 375882 0.1014 -0.03416 79270.1 6984.53 160104 160066 -1
42 595 -1 6 -1 -0.094 0.1863 77471.3 8745.7 -1 -1 1
42 595 -1 6 375882 0.1014 -0.03416 79270.1 6984.53 160104 160066 -1
43 5228 -1 4 -1 0.0071 -0.1223 78520.4 65688.8 -1 -1 1
43 5228 -1 4 517988 -0.15376 0.04135 76734.9 66166.4 160113 160079 -1
43 8742 4503017 4 -1 0.08341 -0.36543 185408 145316 120043 130035 0
43 8742 -1 4 531777 1.18985 0.46863 110713 70752.4 160272 160244 -1
43 5228 -1 4 -1 0.0071 -0.1223 78520.4 65688.8 -1 -1 1
43 5228 -1 4 82002 0.31158 0.49272 76357.8 62961.8 160288 160296 -1
43 8742 4503017 4 -1 0.08341 -0.36543 185408 145316 120043 130035 0
43 8742 -1 4 531777 1.18985 0.46863 110713 70752.4 160272 160244 -1
44 5228 -1 4 -1 0.0071 -0.1232 80549.6 67857.3 -1 -1 1
44 5228 -1 4 788227 0.68433 0.2867 81300.7 68677.5 160282 160285 -1
44 8742 -1 4 -1 0.0826 -0.3657 67619.6 69495.5 -1 -1 1
44 8742 -1 4 80051 0.04454 -0.05789 68851.1 68761.3 160087 160083 -1
44 5228 -1 4 -1 0.0071 -0.1232 80549.6 67857.3 -1 -1 1
44 5228 -1 4 788227 0.68433 0.2867 81300.7 68677.5 160282 160285 -1
44 8742 -1 4 -1 0.0826 -0.3657 67619.6 69495.5 -1 -1 1
44 8742 -1 4 790762 -0.56618 0.16137 69307.3 66625.3 160298 160250 -1
45 8742 -1 4 -1 0.0819 -0.3659 67981.7 67121.7 -1 -1 1
45 8742 -1 4 288950 0.07311 -0.25299 70115.5 64979.7 160088 160051 -1
45 8742 -1 4 -1 0.0819 -0.3659 67981.7 67121.7 -1 -1 1
45 8742 -1 4 301658 0.2135 -0.74995 65961.4 67236.9 160267 160188 -1
46 8742 -1 4 -1 0.0827 -0.3646 64155.9 69001.3 -1 -1 1
46 8742 -1 4 69295 -0.04077 -0.19281 63851.8 69154.8 160138 160105 -1
46 8742 -1 4 -1 0.0827 -0.3646 64155.9 69001.3 -1 -1 1
46 8742 -1 4 69295 -0.04077 -0.19281 63851.8 69154.8 160138 160105 -1
47 7667 52728 1 -1 0.29429 0.12118 117716 65170.5 100011 100013 0
47 7667 -1 1 283024 0.08438 -0.06079 117912 63527.8 160077 160049 -1
47 7799 245832 1 -1 -0.06792 -0.16012 57783.1 49584.5 150053 130036 0
47 7799 -1 1 483500 0.14048 0.4153 57091.1 49024.1 160207 160183 -1
47 7667 52728 1 -1 0.29429 0.12118 117716 65170.5 100011 100013 0
47 7667 -1 1 717914 0.58246 0.11835 120664 66422.4 160273 160228 -1
47 7799 245832 1 -1 -0.06792 -0.16012 57783.1 49584.5 150053 130036 0
47 7799 -1 1 483500 0.14048 0.4153 57091.1 49024.1 160207 160183 -1
47 361 3797710 4 -1 -0.19332 0.38564 161669 135566 100009 100022 0
47 361 -1 4 262319 -1.58853 0.49022 88448.4 52919.8 120037 120029 -1
47 361 3797710 4 -1 -0.19332 0.38564 161669 135566 100009 100022 0
47 361 -1 4 262622 -1.64 -1.56233 82909.9 54213.8 100009 90010 -1
47 71 5331755 5 -1 -0.35274 -0.29336 53859.6 208256 120030 110026 0
47 71 -1 5 27288 -0.02545 -0.32033 129280 55017.3 120022 100010 -1
47 71 5331755 5 -1 -0.35274 -0.29336 53859.6 208256 120030 110026 0
47 71 -1 5 27288 -0.02545 -0.32033 129280 55017.3 120022 100010 -1
48 7667 -1 1 -1 0.2938 0.1217 115278 62715.9 -1 -1 1
48 7667 -1 1 50636 -0.0056 -0.07262 113914 59985.3 160058 160059 -1
48 7799 -1 1 -1 -0.0675 -0.1601 56525.5 47944.1 -1 -1 1
48 7799 -1 1 31533 0.0241 0.54962 57371.4 47035.6 160147 160078 -1
48 7667 -1 1 -1 0.2938 0.1217 115278 62715.9 -1 -1 1
48 7667 -1 1 285539 0.15535 0.18225 114243 61785.8 160083 160080 -1
48 7799 -1 1 -1 -0.0675 -0.1601 56525.5 47944.1 -1 -1 1
48 7799 -1 1 31533 0.0241 0.54962 57371.4 47035.6 160147 160078 -1
48 361 -1 4 -1 -0.194 0.3853 40420.7 53418.5 -1 -1 1
48 361 -1 4 269864 -0.01901 0.05567 38255.3 54468.4 160070 160076 -1
48 361 -1 4 -1 -0.194 0.3853 40420.7 53418.5 -1 -1 1
48 361 -1 4 269864 -0.01901 0.05567 38255.3 54468.4 160070 160076 -1
48 71 -1 5 -1 -0.3535 -0.292 54047.4 52309.3 -1 -1 1
48 71 -1 5 260844 0.41824 0.0129 54465 53027 160158 160107 -1
48 71 -1 5 -1 -0.3535 -0.292 54047.4 52309.3 -1 -1 1
48 71 -1 5 260844 0.41824 0.0129 54465 53027 160158 160107 -1
49 7667 -1 1 -1 0.2961 0.1161 115087 62861.8 -1 -1 1
49 7667 -1 1 287427 -0.0933 -0.16781 114674 65276.7 160066 160054 -1
49 7799 -1 1 -1 -0.0706 -0.1589 56388.9 49398.9 -1 -1 1
49 7799 -1 1 32933 0.12092 0.13811 54201.3 51246.6 160103 160053 -1
49 7667 -1 1 -1 0.2961 0.1161 115087 62861.8 -1 -1 1
49 7667 -1 1 1019518 0.63218 0.50183 112458 64784.9 160305 160277 -1
49 7799 -1 1 -1 -0.0706 -0.1589 56388.9 49398.9 -1 -1 1
49 7799 -1 1 943754 0.333 0.45675 59175.5 48748.7 160273 160316 -1
49 8346 3113382 3 -1 0.57194 0.74269 81836 120190 120028 90016 0
49 8346 -1 3 17829 0.60739 -1.21325 61298.1 42413 90005 120019 -1
49 8346 3113382 3 -1 0.57194 0.74269 81836 120190 120028 90016 0
49 8346 -1 3 17829 0.60739 -1.21325 61298.1 42413 90005 120019 -1
49 10234 3662204 4 -1 0.29655 -0.05179 161676 161954 120030 80006 0
49 10234 -1 4 114200 0.87279 0.30827 45230.5 -843.81 110039 110024 -1
49 361 -1 4 -1 -0.1936 0.3865 42948.4 54099.3 -1 -1 1
49 361 -1 4 260869 0.05753 -0.03418 44312.6 55581 160072 160058 -1
49 10234 3662204 4 -1 0.29655 -0.05179 161676 161954 120030 80006 0
49 10234 -1 4 2968920 0 0 0 0 -1 -1 -1
49 361 -1 4 -1 -0.1936 0.3865 42948.4 54099.3 -1 -1 1
49 361 -1 4 260869 0.05753 -0.03418 44312.6 55581 160072 160058 -1
49 71 -1 5 -1 -0.3547 -0.2893 55738.2 54470.9 -1 -1 1
49 71 -1 5 261739 0.67768 0.21569 53405.4 53047 160231 160207 -1
49 71 -1 5 -1 -0.3547 -0.2893 55738.2 54470.9 -1 -1 1
49 71 -1 5 261739 0.67768 0.21569 53405.4 53047 160231 160207 -1
50 7667 -1 1 -1 0.295 0.1168 112292 61833.7 -1 -1 1
50 7667 -1 1 62433 -0.0343 -0.06321 112004 61044.9 160102 160074 -1
50 7799 -1 1 -1 -0.0697 -0.159 54777.6 48939 -1 -1 1
50 7799 -1 1 252760 0.00607 -0.08631 54835.6 49747.1 160104 160053 -1
50 7667 -1 1 -1 0.295 0.1168 112292 61833.7 -1 -1 1
50 7667 -1 1 62433 -0.0343 -0.06321 112004 61044.9 160102 160074 -1
50 7799 -1 1 -1 -0.0697 -0.159 54777.6 48939 -1 -1 1
50 7799 -1 1 252760 0.00607 -0.08631 54835.6 49747.1 160104 160053 -1
50 8346 -1 3 -1 0.5643 0.7485 77693 38986.5 -1 -1 1
50 8346 -1 3 440187 0.06716 -0.04295 77188.8 38598.8 160092 160081 -1
50 8346 -1 3 -1 0.5643 0.7485 77693 38986.5 -1 -1 1
50 8346 -1 3 440187 0.06716 -0.04295 77188.8 38598.8 160092 160081 -1
50 10234 -1 4 -1 0.2975 -0.0474 37437.7 83092.7 -1 -1 1
50 10234 -1 4 895366 0.41647 0.44 37797.2 83282.3 160255 160246 -1
50 361 -1 4 -1 -0.1941 0.386 39903.3 51306.4 -1 -1 1
50 361 -1 4 271957 0.03345 -0.0615 37229.3 53920.6 160056 160058 -1
50 10234 -1 4 -1 0.2975 -0.0474 37437.7 83092.7 -1 -1 1
50 10234 -1 4 895366 0.41647 0.44 37797.2 83282.3 160255 160246 -1
50 361 -1 4 -1 -0.1941 0.386 39903.3 51306.4 -1 -1 1
50 361 -1 4 272000 -0.07632 -0.1971 39716.4 52685.1 160054 160045 -1
50 71 -1 5 -1 -0.3551 -0.2893 54292.8 51916.4 -1 -1 1
50 71 -1 5 273348 0.0485 -0.00201 53818.3 52891.1 160074 160077 -1
50 71 -1 5 -1 -0.3551 -0.2893 54292.8 51916.4 -1 -1 1
50 71 -1 5 273348 0.0485 -0.00201 53818.3 52891.1 160074 160077 -1
51 8346 -1 3 -1 0.5619 0.7535 77900.5 38918.9 -1 -1 1
51 8346 -1 3 1100811 0.13939 -0.36745 77860.9 38345.5 160157 160144 -1
51 8346 -1 3 -1 0.5619 0.7535 77900.5 38918.9 -1 -1 1
51 8346 -1 3 1100811 0.13939 -0.36745 77860.9 38345.5 160157 160144 -1
51 10234 -1 4 -1 0.2973 -0.05 38077.1 84066.2 -1 -1 1
51 10234 -1 4 753690 -0.1142 0.52222 40700 86131.1 160157 160165 -1
51 10234 -1 4 -1 0.2973 -0.05 38077.1 84066.2 -1 -1 1
51 10234 -1 4 1210243 0.54163 0.29169 40245.7 83914.1 160246 160202 -1
52 8346 -1 3 -1 0.5667 0.7461 76844.4 37011.4 -1 -1 1
52 8346 -1 3 1068698 -0.47376 -0.40357 75910.1 36049.7 160277 160292 -1
52 8346 -1 3 -1 0.5667 0.7461 76844.4 37011.4 -1 -1 1
52 8346 -1 3 1068698 -0.47376 -0.40357 75910.1 36049.7 160277 160292 -1
52 10234 -1 4 -1 0.2977 -0.0486 37432.3 84805.6 -1 -1 1
52 10234 -1 4 114194 0.22312 -0.10024 37860.1 84265.8 160104 160116 -1
52 10234 -1 4 -1 0.2977 -0.0486 37432.3 84805.6 -1 -1 1
52 10234 -1 4 114194 0.22312 -0.10024 37860.1 84265.8 160104 160116 -1
53 8669 2803472 3 -1 0.55649 -0.09686 60230.3 86512.5 130022 100012 0
53 8669 -1 3 961586 0.0031 -3.55667 52637.5 14869.8 120013 110020 -1
53 8669 2803472 3 -1 0.55649 -0.09686 60230.3 86512.5 130022 100012 0
53 8669 -1 3 961586 0.0031 -3.55667 52637.5 14869.8 120013 110020 -1
53 7982 4430581 4 -1 -0.41229 -0.29542 182709 120015 90014 110030 0
53 7982 -1 4 15108 0.23181 -0.71102 15662.6 43426 90008 110030 -1
53 7982 4430581 4 -1 -0.41229 -0.29542 182709 120015 90014 110030 0
53 7982 -1 4 15108 0.23181 -0.71102 15662.6 43426 90008 110030 -1
54 8669 -1 3 -1 0.5567 -0.0924 56981.4 6557.4 -1 -1 1
54 8669 -1 3 369978 0.01893 0.03247 56863.8 7416.97 160071 160070 -1
54 8669 -1 3 -1 0.5567 -0.0924 56981.4 6557.4 -1 -1 1
54 8669 -1 3 369978 0.01893 0.03247 56863.8 7416.97 160071 160070 -1
54 7982 -1 4 -1 -0.41 -0.2987 61616.3 41136.4 -1 -1 1
54 7982 -1 4 220996 -0.01827 -0.0368 61870.1 41173.2 160088 160057 -1
54 7982 -1 4 -1 -0.41 -0.2987 61616.3 41136.4 -1 -1 1
54 7982 -1 4 267 -0.01369 0.00346 62318.3 40452.9 160083 160086 -1
55 8669 -1 3 -1 0.5554 -0.0963 58305.2 7612.1 -1 -1 1
55 8669 -1 3 571724 -0.66378 -0.00039 58366.2 7157.89 160187 160115 -1
55 8669 -1 3 -1 0.5554 -0.0963 58305.2 7612.1 -1 -1 1
55 8669 -1 3 571724 -0.66378 -0.00039 58366.2 7157.89 160187 160115 -1
55 7982 -1 4 -1 -0.411 -0.2966 63467.2 41996.8 -1 -1 1
55 7982 -1 4 14368 0.08922 0.27061 64216.7 44549.6 160077 160068 -1
55 7982 -1 4 -1 -0.411 -0.2966 63467.2 41996.8 -1 -1 1
55 7982 -1 4 232908 0.03765 -0.19755 60566.3 43624.7 160052 160061 -1
55 4721 5522522 6 -1 -0.14489 -0.10778 150192 198069 150055 140046 0
55 4721 -1 6 3960 0.41619 -1.00697 26976.4 36322.2 70002 80004 -1
55 4721 5522522 6 -1 -0.14489 -0.10778 150192 198069 150055 140046 0
55 4721 -1 6 891813 0.83359 -2.34693 24726.9 40333 100016 110009 -1
56 8669 -1 1 -1 0.5556 -0.0943 54965.5 84575.3 -1 -1 1
56 8669 -1 1 333499 -0.03187 -0.09535 55347.3 84303.4 160106 160081 -1
56 8669 -1 1 -1 0.5556 -0.0943 54965.5 84575.3 -1 -1 1
56 8669 -1 1 333499 -0.03187 -0.09535 55347.3 84303.4 160106 160081 -1
56 7982 -1 4 -1 -0.4116 -0.2944 62960.9 40796.8 -1 -1 1
56 7982 -1 4 441479 -0.00873 0.0033 62906 39840.5 160090 160074 -1
56 7982 -1 4 -1 -0.4116 -0.2944 62960.9 40796.8 -1 -1 1
56 7982 -1 4 441479 -0.00873 0.0033 62906 39840.5 160090 160074 -1
56 4721 -1 6 -1 -0.146 -0.1066 29292.1 34709.8 -1 -1 1
56 4721 -1 6 433133 -0.64432 -0.3688 29487.7 33902.2 160134 160137 -1
56 4721 -1 6 -1 -0.146 -0.1066 29292.1 34709.8 -1 -1 1
56 4721 -1 6 433133 -0.64432 -0.3688 29487.7 33902.2 160134 160137 -1
57 8371 1334082 2 -1 -0.39263 -0.2067 158650 44170.4 130036 130041 0
57 8371 -1 2 22850 -1.12673 -0.81449 126334 49904.7 100007 90008 -1
57 8371 1334082 2 -1 -0.39263 -0.2067 158650 44170.4 130036 130041 0
57 8371 -1 2 22850 -1.12673 -0.81449 126334 49904.7 100007 90008 -1
57 8047 2494010 3 -1 0.06114 -0.15787 48337.1 132057 160050 150046 0
57 8047 -1 3 272525 0.34457 1.63102 96482 59160.3 100020 90015 -1
57 8047 2494010 3 -1 0.06114 -0.15787 48337.1 132057 160050 150046 0
57 8047 -1 3 271794 -0.45085 -0.59783 102921 59364 100020 120025 -1
57 4721 -1 6 -1 -0.1456 -0.1072 31620.6 38479.8 -1 -1 1
57 4721 -1 6 5793 -0.00781 0.02475 32321.4 37485.7 160076 160081 -1
57 4721 -1 6 -1 -0.1456 -0.1072 31620.6 38479.8 -1 -1 1
57 4721 -1 6 5793 -0.00781 0.02475 32321.4 37485.7 160076 160081 -1
58 8371 -1 2 -1 -0.3931 -0.2069 37697.9 42008.6 -1 -1 1
58 8371 -1 2 887609 0.4358 -0.70093 39321.7 39801.4 160247 160237 -1
58 8371 -1 2 -1 -0.3931 -0.2069 37697.9 42008.6 -1 -1 1
58 8371 -1 2 235273 0.03708 0.02431 40511 42729.5 160082 160062 -1
58 8047 -1 3 -1 0.06 -0.1578 47354.1 52551.7 -1 -1 1
58 8047 -1 3 971455 -0.4665 0.46858 45196.7 51776.6 160290 160274 -1
58 8047 -1 3 -1 0.06 -0.1578 47354.1 52551.7 -1 -1 1
58 8047 -1 3 970760 0.28055 -0.62003 47138.9 53845.2 160258 160310 -1
58 4721 -1 6 -1 -0.1456 -0.1073 29895.2 41362.4 -1 -1 1
58 4721 -1 6 891406 -0.44083 -0.03959 30354.4 41125.9 160167 160135 -1
58 4721 -1 6 -1 -0.1456 -0.1073 29895.2 41362.4 -1 -1 1
58 4721 -1 6 891406 -0.44083 -0.03959 30354.4 41125.9 160167 160135 -1
59 5518 296297 1 -1 0.25312 -0.12925 123492 69520.2 110023 130043 0
59 5518 -1 1 77170 0.07661 -0.05843 122650 68591.4 160090 160093 -1
59 5518 296297 1 -1 0.25312 -0.12925 123492 69520.2 110023 130043 0
59 5518 -1 1 77170 0.07661 -0.05843 122650 68591.4 160090 160093 -1
59 8371 -1 2 -1 -0.3918 -0.2072 39331.8 43699.9 -1 -1 1
59 8371 -1 2 16913 0.25795 0.00125 42004.3 44756.6 160059 160091 -1
59 8371 -1 2 -1 -0.3918 -0.2072 39331.8 43699.9 -1 -1 1
59 8371 -1 2 4669 -0.33151 -0.08718 37330.2 41200.8 160185 160183 -1
59 8047 -1 3 -1 0.0614 -0.1575 48121.1 52802.7 -1 -1 1
59 8047 -1 3 967672 -0.71384 -0.15778 48897.4 55509.7 160283 160304 -1
59 8047 -1 3 -1 0.0614 -0.1575 48121.1 52802.7 -1 -1 1
59 8047 -1 3 967672 -0.71384 -0.15778 48897.4 55509.7 160283 160304 -1
59 8426 5544854 6 -1 -0.12984 0.12017 202163 205242 160084 150059 0
59 8426 -1 6 32505 -0.70654 1.04453 18712.4 46894.7 110021 120020 -1
59 8426 5544854 6 -1 -0.12984 0.12017 202163 205242 160084 150059 0
59 8426 -1 6 32505 -0.70654 1.04453 18712.4 46894.7 110021 120020 -1
60 5518 -1 1 -1 0.2519 -0.1314 120663 69776.1 -1 -1 1
60 5518 -1 1 72936 -0.18731 0.59146 121107 70764.6 160179 160175 -1
60 5518 -1 1 -1 0.2519 -0.1314 120663 69776.1 -1 -1 1
60 5518 -1 1 72936 -0.18731 0.59146 121107 70764.6 160179 160175 -1
60 8371 -1 2 -1 -0.393 -0.2062 38604.1 44639.3 -1 -1 1
60 8371 -1 2 915640 0.50571 0.38379 37972.2 42275.7 160260 160264 -1
60 8371 -1 2 -1 -0.393 -0.2062 38604.1 44639.3 -1 -1 1
60 8371 -1 2 461251 0.42252 0.25373 41495.1 44525 160260 160276 -1
60 8047 -1 3 -1 0.0601 -0.1582 46629.7 54044.4 -1 -1 1
60 8047 -1 3 962245 0.49419 -0.0362 44010.6 56179.7 160179 160144 -1
60 8047 -1 3 -1 0.0601 -0.1582 46629.7 54044.4 -1 -1 1
60 8047 -1 3 263425 0.00503 -0.03858 45658.6 55454.6 160114 160086 -1
60 8426 -1 6 -1 -0.1289 0.1212 81109.6 44499 -1 -1 1
60 8426 -1 6 16085 0.06769 -0.06139 80263.2 45232.7 160045 160065 -1
60 8426 -1 6 -1 -0.1289 0.1212 81109.6 44499 -1 -1 1
60 8426 -1 6 16085 0.06769 -0.06139 80263.2 45232.7 160045 160065 -1
61 5518 -1 1 -1 0.2528 -0.1295 120154 69219.9 -1 -1 1
61 5518 -1 1 74523 -0.00219 -0.00014 119632 70145.5 160063 160059 -1
61 5518 -1 1 -1 0.2528 -0.1295 120154 69219.9 -1 -1 1
61 5518 -1 1 74523 -0.00219 -0.00014 119632 70145.5 160063 160059 -1
61 3475 3565891 4 -1 -0.00112 -0.25658 142127 129956 120022 120024 0
61 3475 -1 4 45573 0.09188 -1.30924 40887.7 55493.6 110017 120025 -1
61 7265 3564452 4 -1 -0.3527 0.12515 161453 127646 120039 140045 0
61 7265 -1 4 249169 -1.30922 0.23959 108004 48974.4 130040 130029 -1
61 3475 3565891 4 -1 -0.00112 -0.25658 142127 129956 120022 120024 0
61 3475 -1 4 45573 0.09188 -1.30924 40887.7 55493.6 110017 120025 -1
61 7265 3564452 4 -1 -0.3527 0.12515 161453 127646 120039 140045 0
61 7265 -1 4 249169 -1.30922 0.23959 108004 48974.4 130040 130029 -1
61 3015 4489911 5 -1 -0.0331 -0.00242 65548.1 207531 160083 160065 0
61 3015 -1 5 258567 0.61474 -1.2854 63742.9 48675.6 100012 100010 -1
61 3015 4489911 5 -1 -0.0331 -0.00242 65548.1 207531 160083 160065 0
61 3015 -1 5 258567 0.61474 -1.2854 63742.9 48675.6 100012 100010 -1
61 8426 -1 6 -1 -0.1289 0.1209 80838.8 48158.7 -1 -1 1
61 8426 -1 6 258997 -0.00221 -0.11166 81914.2 47746.9 160085 160065 -1
61 8426 -1 6 -1 -0.1289 0.1209 80838.8 48158.7 -1 -1 1
61 8426 -1 6 28755 -0.09181 -0.00488 78343 48253.9 160097 160059 -1
62 5518 -1 1 -1 0.2524 -0.1313 121002 70754 -1 -1 1
62 5518 -1 1 89441 0.01383 -0.03474 121215 71405.7 160120 160064 -1
62 5518 -1 1 -1 0.2524 -0.1313 121002 70754 -1 -1 1
62 5518 -1 1 89441 0.01383 -0.03474 121215 71405.7 160120 160064 -1
62 3475 -1 4 -1 -0.0009 -0.2566 23962.1 53783.7 -1 -1 1
62 3475 -1 4 268902 -0.01276 0.03923 23290.2 54111 160090 160075 -1
62 7265 -1 4 -1 -0.3531 0.1251 44300.3 50417.1 -1 -1 1
62 7265 -1 4 255519 -0.09707 -0.14458 45059.7 50407.5 160089 160080 -1
62 3475 -1 4 -1 -0.0009 -0.2566 23962.1 53783.7 -1 -1 1
62 3475 -1 4 268902 -0.01276 0.03923 23290.2 54111 160090 160075 -1
62 7265 -1 4 -1 -0.3531 0.1251 44300.3 50417.1 -1 -1 1
62 7265 -1 4 947659 -0.03409 0.40825 43840.1 50003 160261 160234 -1
62 3015 -1 5 -1 -0.0331 -0.0022 67564.6 52034.6 -1 -1 1
62 3015 -1 5 43081 0.3583 -0.28734 67495.9 53429.5 160114 160145 -1
62 3015 -1 5 -1 -0.0331 -0.0022 67564.6 52034.6 -1 -1 1
62 3015 -1 5 965866 -0.42397 0.32226 69937.7 53714.9 160271 160227 -1
62 8426 -1 6 -1 -0.1287 0.1214 83089.9 44719.9 -1 -1 1
62 8426 -1 6 16375 0.02325 -0.07069 83530.8 45530.5 160079 160079 -1
62 8426 -1 6 -1 -0.1287 0.1214 83089.9 44719.9 -1 -1 1
62 8426 -1 6 16375 0.02325 -0.07069 83530.8 45530.5 160079 160079 -1
63 5741 253329 1 -1 -0.06035 -0.03117 69310.8 50856.3 160070 160066 0
63 5741 -1 1 253329 -0.06035 -0.03117 69310.8 50856.4 160070 160066 -1
63 5741 253329 1 -1 -0.06035 -0.03117 69310.8 50856.3 160070 160066 0
63 5741 -1 1 253329 -0.06035 -0.03117 69310.8 50856.4 160070 160066 -1
63 3475 -1 4 -1 -0.0021 -0.256 23679.8 52541.6 -1 -1 1
63 3475 -1 4 249368 -0.0276 0.08705 26388.4 49642.1 160078 160067 -1
63 7265 -1 4 -1 -0.3522 0.1262 44292.9 48770.6 -1 -1 1
63 7265 -1 4 248329 0.13298 0.41645 43506.1 48099.6 160268 160272 -1
63 3475 -1 4 -1 -0.0021 -0.256 23679.8 52541.6 -1 -1 1
63 3475 -1 4 42957 -0.11122 -0.03554 26009.9 55403.2 160061 160068 -1
63 7265 -1 4 -1 -0.3522 0.1262 44292.9 48770.6 -1 -1 1
63 7265 -1 4 248329 0.13298 0.41645 43506.1 48099.6 160268 160272 -1
63 2825 4556382 5 -1 0.3127 -0.12759 82140.2 166633 110016 120022 0
63 2825 -1 5 372097 0.33339 -0.44115 103693 9671.36 110018 100011 -1
63 3015 -1 5 -1 -0.033 -0.0021 68137.1 47971.9 -1 -1 1
63 3015 -1 5 906119 0.27361 -0.27531 67780 49592.2 160113 160123 -1
63 2825 4556382 5 -1 0.3127 -0.12759 82140.2 166633 110016 120022 0
63 2825 -1 5 372097 0.33339 -0.44115 103693 9671.36 110018 100011 -1
63 3015 -1 5 -1 -0.033 -0.0021 68137.1 47971.9 -1 -1 1
63 3015 -1 5 906270 -0.43028 0.3276 69723.6 50066.7 160237 160236 -1
64 5741 -1 1 -1 -0.0602 -0.0314 68377.2 53551.7 -1 -1 1
64 5741 -1 1 479667 -0.76566 0.02654 69161.9 54227.8 160267 160242 -1
64 5741 -1 1 -1 -0.0602 -0.0314 68377.2 53551.7 -1 -1 1
64 5741 -1 1 261910 -0.78263 0.02783 69165.7 54227.6 160222 160242 -1
64 3475 -1 4 -1 -0.0019 -0.257 22887.7 54754.7 -1 -1 1
64 3475 -1 4 999461 0.6628 -0.09715 21335.5 57025 160185 160221 -1
64 7265 -1 4 -1 -0.3516 0.1276 44784.2 49571 -1 -1 1
64 7265 -1 4 29041 -0.06031 -0.03018 43442.9 47276.3 160074 160062 -1
64 3475 -1 4 -1 -0.0019 -0.257 22887.7 54754.7 -1 -1 1
64 3475 -1 4 999461 0.6628 -0.09715 21335.5 57025 160185 160221 -1
64 7265 -1 4 -1 -0.3516 0.1276 44784.2 49571 -1 -1 1
64 7265 -1 4 943321 -0.53347 0.35561 44208.1 48548.4 160208 160199 -1
64 2825 -1 5 -1 0.313 -0.1276 79766 8875.9 -1 -1 1
64 2825 -1 5 738088 0.25932 -0.39738 78900.8 10080.8 160168 160162 -1
64 3015 -1 5 -1 -0.033 -0.0021 67904.9 49223.8 -1 -1 1
64 3015 -1 5 933457 0.48942 0.5364 66961 48748.5 160175 160134 -1
64 2825 -1 5 -1 0.313 -0.1276 79766 8875.9 -1 -1 1
64 2825 -1 5 738088 0.25932 -0.39738 78900.8 10080.8 160168 160162 -1
64 3015 -1 5 -1 -0.033 -0.0021 67904.9 49223.8 -1 -1 1
64 3015 -1 5 264104 0.13522 -0.23734 68664.3 48335.2 160110 160067 -1
65 5741 -1 1 -1 -0.0601 -0.0316 67163.7 51845.9 -1 -1 1
65 5741 -1 1 33913 0.07268 -0.02015 67089.9 51786.4 160081 160077 -1
65 5741 -1 1 -1 -0.0601 -0.0316 67163.7 51845.9 -1 -1 1
65 5741 -1 1 33913 0.07268 -0.02015 67089.9 51786.4 160081 160077 -1
65 2825 -1 5 -1 0.3132 -0.1268 77305.4 7639.8 -1 -1 1
65 2825 -1 5 144051 0.06494 0.00938 77010.4 7177.8 160074 160082 -1
65 2825 -1 5 -1 0.3132 -0.1268 77305.4 7639.8 -1 -1 1
65 2825 -1 5 144051 0.06494 0.00938 77010.4 7177.8 160074 160082 -1
66 5741 -1 1 -1 -0.0603 -0.0315 68896.9 51781 -1 -1 1
66 5741 -1 1 38430 -0.11721 0.16896 69843.5 51469.4 160079 160080 -1
66 5741 -1 1 -1 -0.0603 -0.0315 68896.9 51781 -1 -1 1
66 5741 -1 1 258784 0.08602 0.36467 68074.8 52498.6 160131 160103 -1
66 2825 -1 5 -1 0.3125 -0.1279 78900.4 7544.6 -1 -1 1
66 2825 -1 5 148718 -0.07018 -0.08339 78976.7 7353.01 160065 160071 -1
66 2825 -1 5 -1 0.3125 -0.1279 78900.4 7544.6 -1 -1 1
66 2825 -1 5 148718 -0.07018 -0.08339 78976.7 7353.01 160065 160071 -1
67 4350 2261071 3 -1 -0.31018 0.09377 51930.3 139780 80003 120018 0
67 4350 -1 3 67637 -0.18288 1.23428 41349.8 62021.9 90010 100010 -1
67 9723 2817202 3 -1 -0.14376 0.34259 113591 103720 100008 110012 0
67 9723 -1 3 614299 0.61903 -1.34374 6750.01 19001.2 100015 70002 -1
67 4350 2261071 3 -1 -0.31018 0.09377 51930.3 139780 80003 120018 0
67 4350 -1 3 67637 -0.18288 1.23428 41349.8 62021.9 90010 100010 -1
67 9723 2817202 3 -1 -0.14376 0.34259 113591 103720 100008 110012 0
67 9723 -1 3 826161 -0.03143 -0.50947 109352 23941.6 110035 120053 -1
68 4350 -1 3 -1 -0.3092 0.096 53405.7 60066.3 -1 -1 1
68 4350 -1 3 49032 -0.05704 -0.00958 52623.8 59920.3 160087 160061 -1
68 9723 -1 3 -1 -0.1412 0.3439 114299 22939.4 -1 -1 1
68 9723 -1 3 186018 -0.00663 0.02414 115351 23706.8 160102 160066 -1
68 4350 -1 3 -1 -0.3092 0.096 53405.7 60066.3 -1 -1 1
68 4350 -1 3 49032 -0.05704 -0.00958 52623.8 59920.3 160087 160061 -1
68 9723 -1 3 -1 -0.1412 0.3439 114299 22939.4 -1 -1 1
68 9723 -1 3 399970 -0.40876 -0.46404 111633 23458.5 160115 160173 -1
69 4350 -1 3 -1 -0.3108 0.0897 51057.6 57784.9 -1 -1 1
69 4350 -1 3 989579 0.77316 0.12646 53598.7 60368 160200 160203 -1
69 9723 -1 3 -1 -0.1471 0.3421 112467 21557.1 -1 -1 1
69 9723 -1 3 404565 0.48843 0.55263 109993 22415.6 160290 160258 -1
69 4350 -1 3 -1 -0.3108 0.0897 51057.6 57784.9 -1 -1 1
69 4350 -1 3 57701 0.08312 0.00468 48486.9 58661.7 160068 160066 -1
69 9723 -1 3 -1 -0.1471 0.3421 112467 21557.1 -1 -1 1
69 9723 -1 3 839586 0.48642 0.54972 109994 22417.7 160273 160261 -1
69 6568 4557401 5 -1 0.28886 0.07392 89786 170657 120033 130041 0
69 6568 -1 5 144245 0.10118 -0.0149 67884.3 9795.64 160081 150048 -1
69 6568 4557401 5 -1 0.28886 0.07392 89786 170657 120033 130041 0
69 6568 -1 5 144244 -0.2983 0.90995 66392.8 9852.57 110014 80003 -1
70 4350 -1 3 -1 -0.3102 0.0906 54134 59137.5 -1 -1 1
70 4350 -1 3 1002166 -0.64884 0.44018 53476.2 59969.5 160225 160210 -1
70 9723 -1 3 -1 -0.1469 0.3422 114835 21768.9 -1 -1 1
70 9723 -1 3 387992 -0.12381 -0.10257 115019 21110.4 160069 160064 -1
70 4350 -1 3 -1 -0.3102 0.0906 54134 59137.5 -1 -1 1
70 4350 -1 3 278743 0.03963 -0.08251 54993.6 58792.5 160070 160076 -1
70 9723 -1 3 -1 -0.1469 0.3422 114835 21768.9 -1 -1 1
70 9723 -1 3 387992 -0.12381 -0.10257 115019 21110.4 160069 160064 -1
70 6568 -1 5 -1 0.2892 0.0723 89685.4 12150.4 -1 -1 1
70 6568 -1 5 165582 -0.00619 -0.18639 90550.2 12507.3 160096 160065 -1
70 6568 -1 5 -1 0.2892 0.0723 89685.4 12150.4 -1 -1 1
70 6568 -1 5 165582 -0.00619 -0.18639 90550.2 12507.3 160096 160065 -1
71 1243 2224797 3 -1 0.0129 -0.40679 81295.7 121533 140058 130027 0
71 1243 -1 3 16947 0.34486 -0.60702 88277.5 43646.7 110023 100034 -1
71 1243 2224797 3 -1 0.0129 -0.40679 81295.7 121533 140058 130027 0
71 1243 -1 3 16947 0.34486 -0.60702 88277.5 43646.7 110023 100034 -1
71 6568 -1 5 -1 0.2898 0.0708 88753.5 11602.4 -1 -1 1
71 6568 -1 5 144038 0.09065 -0.17682 89332.9 9949.74 160061 160052 -1
71 6568 -1 5 -1 0.2898 0.0708 88753.5 11602.4 -1 -1 1
71 6568 -1 5 382812 0.09413 0.01446 86391.3 11246.3 160068 160086 -1
72 1243 -1 3 -1 0.011 -0.4067 83067.3 46811.5 -1 -1 1
72 1243 -1 3 25965 0.04419 0.02349 82099.9 47534.1 160108 160080 -1
72 1243 -1 3 -1 0.011 -0.4067 83067.3 46811.5 -1 -1 1
72 1243 -1 3 25965 0.04419 0.02349 82099.9 47534.1 160108 160080 -1
72 6568 -1 5 -1 0.2899 0.0714 90129.8 15939.6 -1 -1 1
72 6568 -1 5 1005777 -0.4354 -0.56989 92484.9 13166.1 160271 160267 -1
72 6568 -1 5 -1 0.2899 0.0714 90129.8 15939.6 -1 -1 1
72 6568 -1 5 376673 -0.07585 -0.06919 93077.3 18713.7 160097 160085 -1
73 1243 -1 3 -1 0.0078 -0.4075 81761.3 44151.8 -1 -1 1
73 1243 -1 3 449116 -0.00361 -0.13544 82714.6 44017 160078 160065 -1
73 1243 -1 3 -1 0.0078 -0.4075 81761.3 44151.8 -1 -1 1
73 1243 -1 3 18224 0.09883 0.09056 82189.8 44416.4 160113 160157 -1
74 1243 -1 3 -1 0.0116 -0.4071 82726.1 47061.6 -1 -1 1
74 1243 -1 3 27647 0.00415 -0.00126 83722.4 47997.6 160086 160082 -1
74 1243 -1 3 -1 0.0116 -0.4071 82726.1 47061.6 -1 -1 1
74 1243 -1 3 27828 -0.04067 -0.0634 83217.8 47627.4 160063 160059 -1
77 7535 1816076 2 -1 -0.26521 -0.2884 174944 56332.3 130042 140039 0
77 7535 -1 2 36000 -0.80445 -1.7888 30320.2 52329.4 120027 90005 -1
77 7535 1816076 2 -1 -0.26521 -0.2884 174944 56332.3 130042 140039 0
77 7535 -1 2 271429 -0.21017 0.03029 105419 60716.7 90006 80003 -1
77 3615 2208786 3 -1 -0.12254 0.01535 56475.8 117767 150051 160059 0
77 3615 -1 3 442140 0.18204 -0.40359 59180.2 37449.2 120041 110015 -1
77 3638 2208786 3 -1 -0.12254 0.01535 56475.8 117767 150051 160059 0
77 3638 -1 3 894 -0.44354 -0.76672 55827.2 39677.9 100017 90007 -1
77 3615 2208786 3 -1 -0.12254 0.01535 56475.8 117767 150051 160059 0
77 3615 -1 3 442140 0.18204 -0.40359 59180.2 37449.2 120041 110015 -1
77 3638 2208786 3 -1 -0.12254 0.01535 56475.8 117767 150051 160059 0
77 3638 -1 3 442140 0.18204 -0.40359 59180.2 37449.2 120041 110015 -1
78 7535 -1 2 -1 -0.2661 -0.2878 55479.5 57204.2 -1 -1 1
78 7535 -1 2 692221 -0.35782 0.31225 56018.5 55011.9 160170 160119 -1
78 7535 -1 2 -1 -0.2661 -0.2878 55479.5 57204.2 -1 -1 1
78 7535 -1 2 37319 -0.61671 0.22072 53554.4 55775.2 160205 160213 -1
78 3615 -1 3 -1 -0.1226 0.0152 57591.2 39016.4 -1 -1 1
78 3615 -1 3 221709 -0.40711 0.29298 58348.4 38808.6 160160 160121 -1
78 3638 -1 3 -1 -0.1226 0.0152 57591.2 39016.4 -1 -1 1
78 3638 -1 3 221709 -0.40711 0.29298 58348.4 38808.6 160160 160121 -1
78 3615 -1 3 -1 -0.1226 0.0152 57591.2 39016.4 -1 -1 1
78 3615 -1 3 884136 0.56089 0.31725 57771.4 39706.8 160227 160281 -1
78 3638 -1 3 -1 -0.1226 0.0152 57591.2 39016.4 -1 -1 1
78 3638 -1 3 884136 0.56089 0.31725 57771.4 39706.8 160227 160281 -1
79 7535 -1 2 -1 -0.2622 -0.2913 57186.3 56992.1 -1 -1 1
79 7535 -1 2 275733 -0.03479 0.04826 57255.3 57941.1 160070 160085 -1
79 7535 -1 2 -1 -0.2622 -0.2913 57186.3 56992.1 -1 -1 1
79 7535 -1 2 1165342 0.36422 0.659 57272.4 57730.3 160265 160242 -1
79 3615 -1 3 -1 -0.1227 0.0148 57980.2 38709.6 -1 -1 1
79 3615 -1 3 884509 0.47773 0.31173 57637.4 39155.1 160243 160226 -1
79 3638 -1 3 -1 -0.1227 0.0148 57980.2 38709.6 -1 -1 1
79 3638 -1 3 884702 0.46871 -0.56764 57853.5 38263 160219 160283 -1
79 3615 -1 3 -1 -0.1227 0.0148 57980.2 38709.6 -1 -1 1
79 3615 -1 3 884702 0.46871 -0.56764 57853.5 38263 160219 160283 -1
79 3638 -1 3 -1 -0.1227 0.0148 57980.2 38709.6 -1 -1 1
79 3638 -1 3 884509 0.47773 0.31173 57637.4 39155.1 160243 160226 -1
80 7535 -1 2 -1 -0.2641 -0.2903 55929.1 59119.5 -1 -1 1
80 7535 -1 2 50382 0.06062 0.00275 55236.9 59195.3 160089 160066 -1
80 7535 -1 2 -1 -0.2641 -0.2903 55929.1 59119.5 -1 -1 1
80 7535 -1 2 50439 0.05038 0.21624 55086.5 59721.2 160141 160108 -1
80 3615 -1 3 -1 -0.1223 0.016 57277.5 40515.3 -1 -1 1
80 3615 -1 3 884924 -0.23753 0.34576 56844.1 40322.1 160197 160203 -1
80 3638 -1 3 -1 -0.1223 0.016 57277.5 40515.3 -1 -1 1
80 3638 -1 3 884924 -0.23753 0.34576 56844.1 40322.1 160197 160203 -1
80 3615 -1 3 -1 -0.1223 0.016 57277.5 40515.3 -1 -1 1
80 3615 -1 3 884179 0.52675 -0.18453 57613.2 40285.4 160165 160253 -1
80 3638 -1 3 -1 -0.1223 0.016 57277.5 40515.3 -1 -1 1
80 3638 -1 3 884179 0.52675 -0.18453 57613.2 40285.4 160165 160253 -1
81 8711 1567431 2 -1 0.3122 0.09015 145993 45540.7 120028 140035 0
81 8711 -1 2 22778 -0.88832 1.5962 23047 42297.9 110020 110027 -1
81 8711 1567431 2 -1 0.3122 0.09015 145993 45540.7 120028 140035 0
81 8711 -1 2 22778 -0.88832 1.5962 23047 42297.9 110020 110027 -1
81 10057 3396646 3 -1 -0.25167 -0.3682 54445.9 143871 100014 110012 0
81 10057 -1 3 1474244 0 0 0 0 -1 -1 -1
81 10057 3396646 3 -1 -0.25167 -0.3682 54445.9 143871 100014 110012 0
81 10057 -1 3 1474244 0 0 0 0 -1 -1 -1
82 8711 -1 2 -1 0.3114 0.0909 28387.1 46691.1 -1 -1 1
82 8711 -1 2 22780 -0.13378 -0.16108 28807.9 45760.1 160071 160049 -1
82 8711 -1 2 -1 0.3114 0.0909 28387.1 46691.1 -1 -1 1
82 8711 -1 2 22780 -0.13378 -0.16108 28807.9 45760.1 160071 160049 -1
82 10057 -1 3 -1 -0.2523 -0.3685 59074.6 67137.4 -1 -1 1
82 10057 -1 3 1142082 0.33711 0.20775 59850.7 67109.8 160187 160163 -1
82 10057 -1 3 -1 -0.2523 -0.3685 59074.6 67137.4 -1 -1 1
82 10057 -1 3 72765 0.04021 -0.10545 59052.8 66401.8 160103 160072 -1
83 8711 -1 2 -1 0.3107 0.0942 27026.5 43283.2 -1 -1 1
83 8711 -1 2 920621 -0.77476 -0.04509 25736.4 42829 160193 160194 -1
83 8711 -1 2 -1 0.3107 0.0942 27026.5 43283.2 -1 -1 1
83 8711 -1 2 7072 0.06266 -0.07502 24461 40343.4 160047 160059 -1
83 10057 -1 3 -1 -0.2488 -0.3701 56376.9 65704.4 -1 -1 1
83 10057 -1 3 517781 0.33586 0.20831 56678 65202.6 160142 160114 -1
83 10057 -1 3 -1 -0.2488 -0.3701 56376.9 65704.4 -1 -1 1
83 10057 -1 3 517781 0.33586 0.20831 56678 65202.6 160142 160114 -1
84 8711 -1 2 -1 0.3109 0.0941 27374.3 44098.6 -1 -1 1
84 8711 -1 2 252553 0.04919 0.08011 25531.6 43383.3 160070 160056 -1
84 8711 -1 2 -1 0.3109 0.0941 27374.3 44098.6 -1 -1 1
84 8711 -1 2 251537 -0.21054 0.34699 29873.6 45168.5 160254 160272 -1
84 10057 -1 3 -1 -0.2514 -0.3675 59295.4 68100.7 -1 -1 1
84 10057 -1 3 525882 0.33897 0.21091 57911.2 65928.6 160142 160160 -1
84 10057 -1 3 -1 -0.2514 -0.3675 59295.4 68100.7 -1 -1 1
84 10057 -1 3 525882 0.33897 0.21091 57911.2 65928.6 160142 160160 -1
85 4634 3382330 4 -1 0.16659 0.01305 151922 148816 160059 150045 0
85 4634 -1 4 69585 -0.882 1.13193 117632 68301.1 130026 100017 -1
85 4634 3382330 4 -1 0.16659 0.01305 151922 148816 160059 150045 0
85 4634 -1 4 1188099 0.46618 0.83116 61000.6 79146.4 100027 100015 -1
86 4634 -1 4 -1 0.1668 0.0141 34666.2 72888.4 -1 -1 1
86 4634 -1 4 324002 -0.50432 -0.1 36989.7 72975.2 160258 160227 -1
86 4634 -1 4 -1 0.1668 0.0141 34666.2 72888.4 -1 -1 1
86 4634 -1 4 66375 0.66154 0.2867 36846.9 70872.6 160261 160244 -1
87 4634 -1 4 -1 0.1671 0.0139 33009.2 71180.5 -1 -1 1
87 4634 -1 4 310590 0.71682 0.22686 34757.6 68981.1 160243 160230 -1
87 4634 -1 4 -1 0.1671 0.0139 33009.2 71180.5 -1 -1 1
87 4634 -1 4 768572 -0.46064 -0.14521 35865.8 71383.7 160267 160236 -1
88 4634 -1 4 -1 0.1671 0.0131 32794.2 73398 -1 -1 1
88 4634 -1 4 1139200 0.74694 0.22506 33098.1 70639.2 160227 160275 -1
88 4634 -1 4 -1 0.1671 0.0131 32794.2 73398 -1 -1 1
88 4634 -1 4 1139200 0.74694 0.22506 33098.1 70639.2 160227 160275 -1
91 7169 3596014 4 -1 -0.06814 -0.196 153789 141710 140044 130034 0
91 7169 -1 4 1028154 -0.5412 -0.27036 124293 22540.6 140092 110030 -1
91 7169 3596014 4 -1 -0.06814 -0.196 153789 141710 140044 130034 0
91 7169 -1 4 1028154 -0.5412 -0.27036 124293 22540.6 140092 110030 -1
92 7169 -1 4 -1 -0.0697 -0.1956 33652.8 63934 -1 -1 1
92 7169 -1 4 291114 -0.1029 -0.02491 34014 64375.4 160054 160086 -1
92 7169 -1 4 -1 -0.0697 -0.1956 33652.8 63934 -1 -1 1
92 7169 -1 4 291114 -0.1029 -0.02491 34014 64375.4 160054 160086 -1
93 7169 -1 4 -1 -0.0684 -0.1959 31516.9 62185.3 -1 -1 1
93 7169 -1 4 66508 0.01878 0.02024 31708.3 64723.1 160099 160075 -1
93 7169 -1 4 -1 -0.0684 -0.1959 31516.9 62185.3 -1 -1 1
93 7169 -1 4 66508 0.01878 0.02024 31708.3 64723.1 160099 160075 -1
94 7169 -1 4 -1 -0.0703 -0.1958 36881.3 64747.9 -1 -1 1
94 7169 -1 4 69791 -0.09309 0.06397 39634.4 67055.7 160044 160059 -1
94 7169 -1 4 -1 -0.0703 -0.1958 36881.3 64747.9 -1 -1 1
94 7169 -1 4 302918 -0.19377 -0.0193 38840 67031.3 160086 160053 -1
95 1908 3325065 4 -1 -0.32546 -0.64589 209137 119083 100020 140040 0
95 1908 -1 4 13386 1.02125 -1.55696 118893 43249.8 110012 120016 -1
95 1908 3325065 4 -1 -0.32546 -0.64589 209137 119083 100020 140040 0
95 1908 -1 4 13386 1.02125 -1.55696 118893 43249.8 110012 120016 -1
96 1908 -1 4 -1 -0.3101 -0.6536 88635.4 43327.1 -1 -1 1
96 1908 -1 4 439047 -0.08841 0.06076 85890.9 41084 160089 160099 -1
96 1908 -1 4 -1 -0.3101 -0.6536 88635.4 43327.1 -1 -1 1
96 1908 -1 4 10340 0.29257 -0.15583 90009.6 43291.5 160170 160198 -1
97 1908 -1 4 -1 -0.3116 -0.6528 88805.8 43986.7 -1 -1 1
97 1908 -1 4 231648 0.31924 -0.13035 89677.5 43523.6 160173 160174 -1
97 1908 -1 4 -1 -0.3116 -0.6528 88805.8 43986.7 -1 -1 1
97 1908 -1 4 231648 0.31924 -0.13035 89677.5 43523.6 160173 160174 -1
98 1908 -1 4 -1 -0.3132 -0.6529 86548.8 45160.8 -1 -1 1
98 1908 -1 4 9783 0.30307 -0.12741 85627.8 43187.7 160144 160164 -1
98 1908 -1 4 -1 -0.3132 -0.6529 86548.8 45160.8 -1 -1 1
98 1908 -1 4 906432 0.49038 0.40235 89007.7 45083 160210 160215 -1
101 8719 2069450 2 -1 -0.45907 -0.03213 163922 57124.5 120041 140058 0
101 8719 -1 2 288489 -0.62063 -0.89819 123415 63089.9 110016 90010 -1
101 8719 2069450 2 -1 -0.45907 -0.03213 163922 57124.5 120041 140058 0
101 8719 -1 2 41754 -1.16395 -0.87922 124540 57297.9 130038 110029 -1
102 8719 -1 2 -1 -0.4597 -0.034 40024.2 53741.5 -1 -1 1
102 8719 -1 2 269791 0.09984 0.15713 41668.3 55732.8 160141 160129 -1
102 8719 -1 2 -1 -0.4597 -0.034 40024.2 53741.5 -1 -1 1
102 8719 -1 2 44261 -0.00241 -0.05539 42765.8 56240.9 160088 160081 -1
103 8719 -1 2 -1 -0.4597 -0.0302 42423.1 57179.3 -1 -1 1
103 8719 -1 2 48745 -0.01311 -0.06057 44818.1 59676.2 160077 160051 -1
103 8719 -1 2 -1 -0.4597 -0.0302 42423.1 57179.3 -1 -1 1
103 8719 -1 2 279360 0.01516 0.0724 40780.8 57081 160057 160066 -1
104 8719 -1 2 -1 -0.4607 -0.032 44788.1 54940.1 -1 -1 1
104 8719 -1 2 262484 -0.36299 -0.04318 46201.2 56131.6 160192 160191 -1
104 8719 -1 2 -1 -0.4607 -0.032 44788.1 54940.1 -1 -1 1
104 8719 -1 2 275782 -0.01891 -0.03751 47424.3 57614.8 160052 160085 -1
105 4414 5041301 5 -1 0.45962 -0.24098 77194.4 180382 100013 100006 0
105 4414 -1 5 395726 -0.45878 -1.70643 82166 19990 110017 110011 -1
105 4414 5041301 5 -1 0.45962 -0.24098 77194.4 180382 100013 100006 0
105 4414 -1 5 395726 -0.45878 -1.70643 82166 19990 110017 110011 -1
106 4414 -1 5 -1 0.4593 -0.2406 75672.7 26922.6 -1 -1 1
106 4414 -1 5 1084436 0.17683 -0.37313 75054.9 26688.8 160122 160112 -1
106 4414 -1 5 -1 0.4593 -0.2406 75672.7 26922.6 -1 -1 1
106 4414 -1 5 1084436 0.17683 -0.37313 75054.9 26688.8 160122 160112 -1
107 5497 4319052 4 -1 0.06629 0.36038 187716 162996 120042 130039 0
107 5497 -1 4 321855 1.60064 0.35853 115106 3676.23 80004 100009 -1
107 5497 4319052 4 -1 0.06629 0.36038 187716 162996 120042 130039 0
107 5497 -1 4 550943 -1.0502 0.64464 82508.2 4567.62 140096 100016 -1
107 4414 -1 5 -1 0.4602 -0.2377 72914 23140.1 -1 -1 1
107 4414 -1 5 394607 -0.03921 0.13906 71996.4 25382.2 160079 160081 -1
107 4414 -1 5 -1 0.4602 -0.2377 72914 23140.1 -1 -1 1
107 4414 -1 5 394587 -0.00799 0.5737 73233.3 24223.9 160116 160105 -1
108 4414 -1 5 -1 0.4572 -0.2421 73000.8 27954.9 -1 -1 1
108 4414 -1 5 412936 -0.03991 0.1423 73639 27311.7 160098 160075 -1
108 4414 -1 5 -1 0.4572 -0.2421 73000.8 27954.9 -1 -1 1
108 4414 -1 5 412936 -0.03991 0.1423 73639 27311.7 160098 160075 -1
108 5497 -1 6 -1 0.0694 0.3599 69151.8 9536.7 -1 -1 1
108 5497 -1 6 553996 0.69816 -0.03049 69581.8 10453.8 160173 160121 -1
108 5497 -1 6 -1 0.0694 0.3599 69151.8 9536.7 -1 -1 1
108 5497 -1 6 153191 -0.07253 0.02864 68618.5 8849.52 160068 160057 -1
109 5497 -1 4 -1 0.0679 0.3614 68166.1 84606.6 -1 -1 1
109 5497 -1 4 508292 -0.07117 0.0296 67753.7 84193.8 160052 160047 -1
109 5497 -1 4 -1 0.0679 0.3614 68166.1 84606.6 -1 -1 1
109 5497 -1 4 508292 -0.07117 0.0296 67753.7 84193.8 160052 160047 -1
110 5497 -1 4 -1 0.0696 0.359 68560.5 84664.2 -1 -1 1
110 5497 -1 4 496147 -0.07201 0.02543 68584.7 85269.6 160063 160065 -1
110 5497 -1 4 -1 0.0696 0.359 68560.5 84664.2 -1 -1 1
110 5497 -1 4 496147 -0.07201 0.02543 68584.7 85269.6 160063 160065 -1
111 2346 6321668 6 -1 -0.21624 -0.31208 168148 169866 130033 150043 0
111 2346 -1 6 365779 0.62042 -1.76955 71374.5 15003.1 120024 100017 -1
111 2346 6321668 6 -1 -0.21624 -0.31208 168148 169866 130033 150043 0
111 2346 -1 6 365779 0.62042 -1.76955 71374.5 15003.1 120024 100017 -1
112 2346 -1 6 -1 -0.215 -0.3126 48593 15806.8 -1 -1 1
112 2346 -1 6 1458099 0.28965 -0.58455 49356.5 15735.5 160212 160192 -1
112 2346 -1 6 -1 -0.215 -0.3126 48593 15806.8 -1 -1 1
112 2346 -1 6 1458099 0.28965 -0.58455 49356.5 15735.5 160212 160192 -1
113 2346 -1 6 -1 -0.2153 -0.3127 48178.3 15294.3 -1 -1 1
113 2346 -1 6 163052 -0.12192 -0.02552 46813 14169 160058 160065 -1
113 2346 -1 6 -1 -0.2153 -0.3127 48178.3 15294.3 -1 -1 1
113 2346 -1 6 163052 -0.12192 -0.02552 46813 14169 160058 160065 -1
114 2346 -1 6 -1 -0.2169 -0.3109 48380.2 11972.9 -1 -1 1
114 2346 -1 6 371739 -0.11365 0.06185 46877.2 13940.2 160076 160074 -1
114 2346 -1 6 -1 -0.2169 -0.3109 48380.2 11972.9 -1 -1 1
114 2346 -1 6 161509 0.04405 0.05291 45866.3 12694.5 160069 160058 -1
115 7633 3667638 2 -1 0.05755 -0.0161 134098 54490.7 160072 120027 0
115 7633 -1 2 1632290 0.86031 0.27091 101935 67525.1 80005 80003 -1
115 7633 3667638 2 -1 0.05755 -0.0161 134098 54490.7 160072 120027 0
115 7633 -1 2 1632290 0.86031 0.27091 101935 67525.1 80005 80003 -1
116 7633 -1 2 -1 0.0574 -0.0166 14938.9 54297.8 -1 -1 1
116 7633 -1 2 264380 -0.19394 -0.02852 15828.5 54005.3 160089 160063 -1
116 7633 -1 2 -1 0.0574 -0.0166 14938.9 54297.8 -1 -1 1
116 7633 -1 2 264380 -0.19394 -0.02852 15828.5 54005.3 160089 160063 -1
117 9960 95847 1 -1 -0.15583 -0.04663 100897 76300.3 140042 110015 0
117 9960 -1 1 502698 0.01624 -0.58457 99157.8 78135.5 160178 160198 -1
117 9960 95847 1 -1 -0.15583 -0.04663 100897 76300.3 140042 110015 0
117 9960 -1 1 338021 0.01543 0.02979 103685 78977.8 160051 160062 -1
117 7633 -1 2 -1 0.0573 -0.0168 16305.4 56398.3 -1 -1 1
117 7633 -1 2 270595 0.20319 0.22039 17875.1 55909 160152 160145 -1
117 7633 -1 2 -1 0.0573 -0.0168 16305.4 56398.3 -1 -1 1
117 7633 -1 2 475319 0.69006 -0.44032 16699.8 55358.3 160276 160272 -1
117 3802 3699096 4 -1 -0.29455 -0.11031 150198 94149.8 100012 90011 0
117 3802 -1 4 163912 0.08601 -0.17025 64649.5 14974.1 140043 140039 -1
117 3802 3699096 4 -1 -0.29455 -0.11031 150198 94149.8 100012 90011 0
117 3802 -1 4 163912 0.08601 -0.17025 64649.5 14974.1 140043 140039 -1
118 9960 -1 1 -1 -0.1559 -0.0467 99677 76364.2 -1 -1 1
118 9960 -1 1 696354 0.00981 -0.60115 99605.2 77784.9 160275 160229 -1
118 9960 -1 1 -1 -0.1559 -0.0467 99677 76364.2 -1 -1 1
118 9960 -1 1 324557 0.70887 -0.0912 99735.5 78740.5 160186 160178 -1
118 7633 -1 2 -1 0.0574 -0.0166 14935 56053.8 -1 -1 1
118 7633 -1 2 268200 -0.00093 -0.1611 13286.7 53732.8 160076 160061 -1
118 7633 -1 2 -1 0.0574 -0.0166 14935 56053.8 -1 -1 1
118 7633 -1 2 268200 -0.00093 -0.1611 13286.7 53732.8 160076 160061 -1
118 3802 -1 4 -1 -0.2949 -0.11 29026.5 14886.1 -1 -1 1
118 3802 -1 4 974158 -0.52646 0.32294 29458 14818 160255 160229 -1
118 3802 -1 4 -1 -0.2949 -0.11 29026.5 14886.1 -1 -1 1
118 3802 -1 4 974158 -0.52646 0.32294 29458 14818 160255 160229 -1
119 8671 62642 1 -1 0.61829 -0.06803 60630.6 65870.3 90012 110009 0
119 8671 -1 1 1186212 3.74997 0.41539 53931.6 81250.8 110015 120023 -1
119 9960 -1 1 -1 -0.1556 -0.047 98252.2 73779.4 -1 -1 1
119 9960 -1 1 1140783 0.68601 -0.07952 97607.9 76187 160162 160172 -1
119 8671 62642 1 -1 0.61829 -0.06803 60630.6 65870.3 90012 110009 0
119 8671 -1 1 1044791 -0.01785 -0.49345 63488.4 63737.6 160167 160179 -1
119 9960 -1 1 -1 -0.1556 -0.047 98252.2 73779.4 -1 -1 1
119 9960 -1 1 502955 0.02086 -0.57291 98299.5 75829.2 160231 160240 -1
119 1694 3889189 4 -1 0.15907 -0.20714 202424 86405.3 140032 140050 0
119 1694 -1 4 153903 -0.53479 -0.31083 58352.8 9252.83 120040 100013 -1
119 3802 -1 4 -1 -0.2945 -0.1114 28089.7 13149.7 -1 -1 1
119 3802 -1 4 833489 -0.17451 0.42446 26070.4 11070.8 160171 160197 -1
119 1694 3889189 4 -1 0.15907 -0.20714 202424 86405.3 140032 140050 0
119 1694 -1 4 153903 -0.53479 -0.31083 58352.8 9252.83 120040 100013 -1
119 3802 -1 4 -1 -0.2945 -0.1114 28089.7 13149.7 -1 -1 1
119 3802 -1 4 168600 -0.27406 0.22118 30384.6 12780.1 160199 160173 -1
120 8671 -1 1 -1 0.6176 -0.0705 60073.1 69141.3 -1 -1 1
120 8671 -1 1 487168 0.06546 0.01799 59749.1 69985.8 160084 160056 -1
120 9960 -1 1 -1 -0.1561 -0.0471 99939.7 76871.2 -1 -1 1
120 9960 -1 1 739627 0.02595 -0.53456 99476.6 77585.8 160211 160225 -1
120 8671 -1 1 -1 0.6176 -0.0705 60073.1 69141.3 -1 -1 1
120 8671 -1 1 487168 0.06546 0.01799 59749.1 69985.8 160084 160056 -1
120 9960 -1 1 -1 -0.1561 -0.0471 99939.7 76871.2 -1 -1 1
120 9960 -1 1 739627 0.02595 -0.53456 99476.6 77585.8 160211 160225 -1
120 1694 -1 4 -1 0.1582 -0.2076 81816.2 9918.6 -1 -1 1
120 1694 -1 4 145030 -0.00261 -0.04652 84733.5 7577 160077 160052 -1
120 3802 -1 4 -1 -0.2948 -0.1104 28807.6 15451.3 -1 -1 1
120 3802 -1 4 164008 -0.2649 0.45652 29656.7 15275 160198 160202 -1
120 1694 -1 4 -1 0.1582 -0.2076 81816.2 9918.6 -1 -1 1
120 1694 -1 4 363541 0.27459 0.23537 80306.2 8322.44 160109 160113 -1
120 3802 -1 4 -1 -0.2948 -0.1104 28807.6 15451.3 -1 -1 1
120 3802 -1 4 164008 -0.2649 0.45652 29656.7 15275 160198 160202 -1
121 8671 -1 1 -1 0.6179 -0.0624 60492.8 66372.6 -1 -1 1
121 8671 -1 1 1174466 0.47245 0.34849 61043.9 67153.5 160246 160246 -1
121 8671 -1 1 -1 0.6179 -0.0624 60492.8 66372.6 -1 -1 1
121 8671 -1 1 291456 -0.09719 -0.10219 61073.6 66861.3 160101 160103 -1
121 1694 -1 4 -1 0.159 -0.2064 82678.5 9288.8 -1 -1 1
121 1694 -1 4 151281 -0.3242 -0.12617 83567.3 9107.6 160196 160158 -1
121 1694 -1 4 -1 0.159 -0.2064 82678.5 9288.8 -1 -1 1
121 1694 -1 4 151281 -0.3242 -0.12617 83567.3 9107.6 160196 160158 -1
122 8671 -1 1 -1 0.6161 -0.0732 58045.2 69091.6 -1 -1 1
122 8671 -1 1 80335 0.02987 -0.03099 58006.3 68289 160075 160052 -1
122 8671 -1 1 -1 0.6161 -0.0732 58045.2 69091.6 -1 -1 1
122 8671 -1 1 80335 0.02987 -0.03099 58006.3 68289 160075 160052 -1
122 1694 -1 4 -1 0.1569 -0.2085 83178.2 11598.1 -1 -1 1
122 1694 -1 4 972191 0.43625 0.24605 85226.6 9634.84 160156 160114 -1
122 1694 -1 4 -1 0.1569 -0.2085 83178.2 11598.1 -1 -1 1
122 1694 -1 4 369463 0.08182 -0.21709 85132.3 14482.8 160076 160050 -1
123 3578 3947831 4 -1 -0.52188 -0.154 206687 105266 110032 110025 0
123 3578 -1 4 417170 1.66687 1.24547 56393.5 29314.9 110018 110034 -1
123 3578 3947831 4 -1 -0.52188 -0.154 206687 105266 110032 110025 0
123 3578 -1 4 180428 0.34578 -1.8143 23472.1 17793.9 130023 110018 -1
123 7506 6613076 6 -1 -0.04085 -0.4631 192338 196458 110013 130045 0
123 7506 -1 6 440819 0.09341 -0.55635 72082 39899.4 100014 90010 -1
123 7506 6613076 6 -1 -0.04085 -0.4631 192338 196458 110013 130045 0
123 7506 -1 6 440819 0.09341 -0.55635 72082 39899.4 100014 90010 -1
124 3578 -1 4 -1 -0.5217 -0.1559 89150.6 27658.3 -1 -1 1
124 3578 -1 4 812543 0.75581 0.1687 89104.7 27487.5 160250 160221 -1
124 3578 -1 4 -1 -0.5217 -0.1559 89150.6 27658.3 -1 -1 1
124 3578 -1 4 812543 0.75581 0.1687 89104.7 27487.5 160250 160221 -1
124 7506 -1 6 -1 -0.0452 -0.4628 74443.4 42156.1 -1 -1 1
124 7506 -1 6 902534 0.41776 0.4309 75276.9 42442.4 160202 160202 -1
124 7506 -1 6 -1 -0.0452 -0.4628 74443.4 42156.1 -1 -1 1
124 7506 -1 6 902534 0.41776 0.4309 75276.9 42442.4 160202 160202 -1
125 3578 -1 4 -1 -0.5182 -0.1643 88272.8 27815.2 -1 -1 1
125 3578 -1 4 182426 -0.09431 -0.4425 91251.8 25919.3 160089 160102 -1
125 3578 -1 4 -1 -0.5182 -0.1643 88272.8 27815.2 -1 -1 1
125 3578 -1 4 182426 -0.09431 -0.4425 91251.8 25919.3 160089 160102 -1
125 7506 -1 6 -1 -0.0368 -0.4635 71835.2 41218 -1 -1 1
125 7506 -1 6 219838 0.41966 0.4375 72292.1 40777.5 160138 160177 -1
125 7506 -1 6 -1 -0.0368 -0.4635 71835.2 41218 -1 -1 1
125 7506 -1 6 219838 0.41966 0.4375 72292.1 40777.5 160138 160177 -1
126 3578 -1 4 -1 -0.5231 -0.1511 92033.9 28197.7 -1 -1 1
126 3578 -1 4 1040330 0.2543 0.46024 91072.9 27201.2 160164 160164 -1
126 3578 -1 4 -1 -0.5231 -0.1511 92033.9 28197.7 -1 -1 1
126 3578 -1 4 1040330 0.2543 0.46024 91072.9 27201.2 160164 160164 -1
126 7506 -1 6 -1 -0.0427 -0.4629 75741.1 44779.2 -1 -1 1
126 7506 -1 6 15451 -0.51354 0.07153 76025.6 43815.8 160210 160217 -1
126 7506 -1 6 -1 -0.0427 -0.4629 75741.1 44779.2 -1 -1 1
126 7506 -1 6 15451 -0.51354 0.07153 76025.6 43815.8 160210 160217 -1
