17 14017 9935778 6 -1 -0.64486 -0.01067 177184 193151 90005 100028 0
17 14017 -1 6 442422 0.25787 0.69442 57146.7 36781.3 160167 160224 -1
18 783 2895697 2 -1 0.21464 0.50256 171359 43933.6 80009 90018 0
18 783 -1 2 1560255 0.19446 -0.5198 50624.4 45495.9 160230 160246 -1
18 3521 6583068 3 -1 0.08289 -0.38633 70528.8 161240 130035 90015 0
18 3521 -1 3 868829 -0.13914 0.75995 68709.8 83201.1 160208 160256 -1
18 7216 8564966 4 -1 -0.59909 0.54594 147682 102090 110023 100012 0
18 7216 -1 4 820880 -0.19407 0.38558 26874.8 24292.7 160153 160170 -1
18 14017 -1 6 -1 -0.6454 -0.0031 62411.7 37967.1 -1 -1 1
18 14017 -1 6 441985 -0.44538 0.68899 63314.3 37181.9 160217 160237 -1
19 3668 474355 1 -1 -0.13868 0.58661 60568.1 46981.7 90013 120028 0
19 3668 -1 1 1349498 0.47389 -0.2759 61384.1 46681.8 160293 160366 -1
19 783 -1 2 -1 0.207 0.5058 47279.4 41817.3 -1 -1 1
19 783 -1 2 918079 -0.31646 -0.07944 47556.8 41466.8 160210 160199 -1
19 3521 -1 3 -1 0.0837 -0.3862 66561.8 81820.5 -1 -1 1
19 3521 -1 3 729892 -0.06129 -0.65041 68530.1 81251.7 160229 160272 -1
19 7216 -1 4 -1 -0.6086 0.5343 24782.4 20437.7 -1 -1 1
19 7216 -1 4 211023 -0.38917 0.57111 25674.3 20008.4 160301 160358 -1
19 2806 6680846 4 -1 -0.15368 -0.04832 137123 129223 140037 100021 0
19 2806 -1 4 54549 0.16201 0.73439 17117 49708.7 160184 160214 -1
19 14017 -1 6 -1 -0.6451 -0.0006 60022.5 35575.6 -1 -1 1
19 14017 -1 6 442658 -0.21415 0.0579 60070.5 38487.5 160188 160204 -1
20 3668 -1 1 -1 -0.1402 0.5867 60670 46759.9 -1 -1 1
20 3668 -1 1 2747563 0.69752 0.46122 61083.4 46413.9 160224 160265 -1
20 783 -1 2 -1 0.2088 0.505 47168.7 43611.8 -1 -1 1
20 783 -1 2 697216 -0.12545 0.12689 48050.3 43158.2 160070 160067 -1
20 3521 -1 3 -1 0.0873 -0.3851 66273.6 84778.1 -1 -1 1
20 3521 -1 3 795348 -0.08374 -0.70249 66306.9 85119.8 160159 160169 -1
20 3301 10242302 4 -1 -0.05027 -0.03539 154735 139514 160057 140029 0
20 3301 -1 4 2783793 0.00647 -0.49046 35328.3 60139.5 160140 160167 -1
20 7216 -1 4 -1 -0.6101 0.534 26649.2 22091.2 -1 -1 1
20 7216 -1 4 1668645 -0.40519 0.5712 26844.8 22461.5 160289 160258 -1
20 2806 -1 4 -1 -0.153 -0.0503 17220.4 51874 -1 -1 1
20 2806 -1 4 1629136 -0.27872 0.67822 17458.6 51278.2 160305 160265 -1
20 6206 14245988 6 -1 0.08141 0.18129 152743 172819 130039 110013 0
20 6206 -1 6 173320 -0.58864 0.51679 33507.1 13504 160271 160266 -1
20 14017 -1 6 -1 -0.6457 -0.0016 61893.3 33049.2 -1 -1 1
20 14017 -1 6 861869 0.0279 0.37785 61770 33677.2 160164 160164 -1
21 3668 -1 1 -1 -0.1407 0.5876 59798.2 44277 -1 -1 1
21 3668 -1 1 2711915 -0.43721 0.39817 60733.8 43510.9 160142 160155 -1
21 783 -1 2 -1 0.2097 0.5039 44726.7 39200.4 -1 -1 1
21 783 -1 2 3303 0.22595 -0.04046 44777 38204.7 160108 160104 -1
21 3521 -1 3 -1 0.0892 -0.3856 63344.8 88362.9 -1 -1 1
21 3521 -1 3 804426 0.21461 -0.25597 64848.5 85945.5 160256 160230 -1
21 3301 -1 4 -1 -0.0501 -0.0356 33046.6 56463.9 -1 -1 1
21 3301 -1 4 979914 0.20463 0.18198 33547.9 56960.3 160070 160068 -1
21 7216 -1 4 -1 -0.607 0.5379 25062.2 17446.4 -1 -1 1
21 7216 -1 4 2079793 0.42587 0.64049 25140.2 17975.8 160229 160249 -1
21 2806 -1 4 -1 -0.1536 -0.0495 15483.5 47779.4 -1 -1 1
21 2806 -1 4 2336297 -0.76675 0.08751 15533.6 47194 160223 160207 -1
21 717 9745941 4 -1 0.22369 0.48013 132514 123268 80005 80003 0
21 717 -1 4 252999 -0.11389 0.25168 10977.4 41544.5 160088 160086 -1
21 6206 -1 6 -1 0.0816 0.1811 31392.2 10159.1 -1 -1 1
21 6206 -1 6 543530 0.2606 0.00478 31671.6 10695 160076 160074 -1
22 3668 -1 1 -1 -0.1408 0.5856 64417.6 43548.5 -1 -1 1
22 3668 -1 1 1801066 -0.11036 -0.50333 65289.7 42617.2 160199 160253 -1
22 14348 7164071 4 -1 0.41153 0.16441 195245 144213 110024 140058 0
22 14348 -1 4 907887 -0.32636 -0.47143 74352 64422 160183 160132 -1
22 3301 -1 4 -1 -0.0495 -0.0364 38023.3 61077 -1 -1 1
22 3301 -1 4 1437421 0.31183 0.59117 38688.2 62010.8 160194 160225 -1
22 2806 -1 4 -1 -0.1525 -0.0519 20879.1 52153 -1 -1 1
22 2806 -1 4 239223 -0.06462 -0.05956 21343.6 52649 160121 160148 -1
22 717 -1 4 -1 0.215 0.4834 16348.8 44705.7 -1 -1 1
22 717 -1 4 470357 0.50045 -0.40455 15380.2 41842.6 160286 160281 -1
22 12366 7463762 5 -1 0.37499 -0.19035 93306.4 178920 120023 80007 0
22 12366 -1 5 178377 0.13909 0.26978 92914.2 19136.2 160245 160154 -1
22 6206 -1 6 -1 0.081 0.1817 35743.2 11935.9 -1 -1 1
22 6206 -1 6 406468 -0.28103 0.24069 34880.6 12207.7 160257 160275 -1
23 14348 -1 4 -1 0.4105 0.1662 75427.1 64596.7 -1 -1 1
23 14348 -1 4 268305 0.27914 0.16998 72604.4 65009.1 160281 160232 -1
23 3301 -1 4 -1 -0.05 -0.0356 38754.5 59084.3 -1 -1 1
23 3301 -1 4 250696 0.31277 0.57636 41133.3 60210.5 160228 160199 -1
23 717 -1 4 -1 0.2222 0.4813 16612.6 42601.7 -1 -1 1
23 717 -1 4 466826 -0.23594 0.40535 15623.6 42881.5 160174 160190 -1
23 12366 -1 5 -1 0.3749 -0.1906 94841.2 23810.5 -1 -1 1
23 12366 -1 5 329377 -0.09382 -0.10782 95246.2 24349.7 160104 160081 -1
23 6206 -1 6 -1 0.0813 0.181 35846.8 15790.3 -1 -1 1
23 6206 -1 6 573874 -0.25308 0.25787 35270 15993.9 160245 160231 -1
24 8785 5121480 2 -1 -0.38854 0.25745 150284 50371.7 110029 120029 0
24 8785 -1 2 478213 -0.07452 -0.00786 29545.3 49996 160070 160053 -1
24 4468 6002344 3 -1 0.25927 -0.02336 121242 128517 100017 140064 0
24 4468 -1 3 450923 -0.31124 0.32098 119246 49790.5 160191 160148 -1
24 14348 -1 4 -1 0.4117 0.1623 67789.7 65931.1 -1 -1 1
24 14348 -1 4 1523759 -0.45393 -0.28288 70777 65175.9 160253 160281 -1
24 717 -1 4 -1 0.2277 0.4788 9356 43641.7 -1 -1 1
24 717 -1 4 284727 -0.4199 -0.63475 9110.51 43000.3 160318 160297 -1
24 12366 -1 5 -1 0.3739 -0.1911 85912.6 20769.6 -1 -1 1
24 12366 -1 5 1454226 -0.7526 0.35093 87518.7 19650.4 160222 160218 -1
25 8785 -1 2 -1 -0.3898 0.2555 32077.4 46925.8 -1 -1 1
25 8785 -1 2 525905 0.49908 -0.61868 32545.3 47100.6 160208 160261 -1
25 4468 -1 3 -1 0.2592 -0.0228 122651 47126.4 -1 -1 1
25 4468 -1 3 1600868 -0.31607 -0.61423 121841 46219.6 160151 160164 -1
25 14348 -1 4 -1 0.4099 0.1666 69818.6 63496.5 -1 -1 1
25 14348 -1 4 992994 -0.2414 -0.31985 69921.8 64430.6 160188 160218 -1
25 12366 -1 5 -1 0.3743 -0.1909 87752.9 23353.1 -1 -1 1
25 12366 -1 5 1821535 0.37235 -0.13162 87082.5 24036 160132 160144 -1
25 340 15045094 6 -1 -0.47991 0.77388 207220 200543 100015 120045 0
25 340 -1 6 2012839 0.76385 0.16587 86710.8 45562.1 160172 160171 -1
26 8785 -1 2 -1 -0.3907 0.2559 34699.7 47552.1 -1 -1 1
26 8785 -1 2 53293 -0.43119 -0.57859 32797.8 50368 160314 160326 -1
26 4468 -1 3 -1 0.2594 -0.0226 123529 47535.7 -1 -1 1
26 4468 -1 3 254725 -0.35499 -0.18216 126192 46696.5 160229 160323 -1
26 14369 5928435 4 -1 0.79905 0.00942 202575 110896 80010 120055 0
26 14369 -1 4 824395 -0.01709 -0.13442 82570.8 31094.6 160104 160143 -1
26 7062 6135697 4 -1 -0.00595 -0.11467 148820 109668 130067 150056 0
26 7062 -1 4 392077 0.64947 0.49552 30026.5 29920 160315 160385 -1
26 10722 6874179 5 -1 -0.0173 0.21335 69875.8 201478 130038 150051 0
26 10722 -1 5 30866 0.07309 0.41033 69120.5 45688.1 160255 160284 -1
26 340 -1 6 -1 -0.4804 0.7755 89035.8 43975.6 -1 -1 1
26 340 -1 6 26387 -0.21712 0.00359 89685.6 43229.5 160127 160179 -1
27 8785 -1 2 -1 -0.3911 0.254 36406.3 47269 -1 -1 1
27 8785 -1 2 278164 0.06722 -0.00221 34131.7 46609.1 160154 160170 -1
27 4468 -1 3 -1 0.2594 -0.0224 123443 49651.9 -1 -1 1
27 4468 -1 3 702407 -0.65684 0.28175 121153 49743.6 160293 160313 -1
27 14369 -1 4 -1 0.798 0.0174 82953.2 32935.4 -1 -1 1
27 14369 -1 4 411898 0.00742 -0.66165 80652.7 33784.3 160258 160259 -1
27 7062 -1 4 -1 -0.0048 -0.1148 29883.3 31282.3 -1 -1 1
27 7062 -1 4 420593 0.01055 0.0218 29426.5 31557.9 160108 160088 -1
27 12178 5995573 4 -1 0.73238 0.02347 146887 132026 160236 160251 0
27 12178 -1 4 256440 0.7322 0.02855 28024.5 53566.9 160236 160251 -1
27 10722 -1 5 -1 -0.0168 0.213 70297.6 44249 -1 -1 1
27 10722 -1 5 903493 -0.51493 -0.24834 69404.1 44311.8 160213 160212 -1
27 340 -1 6 -1 -0.4777 0.7741 90936.2 42305.6 -1 -1 1
27 340 -1 6 28969 0.03448 0.01091 91643.3 42881.9 160132 160120 -1
28 14369 -1 4 -1 0.7983 0.0119 81091.6 33224.4 -1 -1 1
28 14369 -1 4 849877 0.00941 -0.67219 81523.1 34045.7 160262 160227 -1
28 7062 -1 4 -1 -0.0056 -0.1147 30526.2 32347.7 -1 -1 1
28 7062 -1 4 859178 0.3011 0.1984 29884.3 32519 160108 160129 -1
28 12178 -1 4 -1 0.7333 0.0236 26387.5 54181.5 -1 -1 1
28 12178 -1 4 264555 -0.36224 -0.20929 25868.2 56007 160210 160247 -1
28 1018 7796810 5 -1 0.86092 0.1678 65055.5 203495 90021 110022 0
28 1018 -1 5 966155 0.18127 0.29519 64790.7 47288.5 160188 160154 -1
28 10722 -1 5 -1 -0.0167 0.2127 71763.7 45938.7 -1 -1 1
28 10722 -1 5 249466 -0.51318 -0.26484 70808.4 46672.7 160287 160263 -1
28 340 -1 6 -1 -0.474 0.7757 93284 39900.8 -1 -1 1
28 340 -1 6 1096948 -0.1179 -0.16228 93820.1 39817.6 160162 160155 -1
29 9570 4696537 3 -1 -0.12226 0.28115 84966.8 149426 110041 110030 0
29 9570 -1 3 1804962 0.15429 -0.75495 84831.9 70119.4 160140 160149 -1
29 14369 -1 4 -1 0.7964 0.0041 80275 33712.7 -1 -1 1
29 14369 -1 4 1748198 0.01122 -0.65684 81414.7 34330.5 160221 160226 -1
29 7062 -1 4 -1 -0.0064 -0.1147 30393.5 33326.2 -1 -1 1
29 7062 -1 4 415716 0.5278 0.45693 33128.9 32536.3 160355 160365 -1
29 12178 -1 4 -1 0.7335 0.018 25809.2 55083 -1 -1 1
29 12178 -1 4 269605 0.04619 0.03775 25424.1 54226.2 160074 160061 -1
29 81 6966255 4 -1 -0.15008 -0.15835 142409 147913 110024 150068 0
29 81 -1 4 510507 0.39213 0.18009 19371.3 71906.6 160273 160273 -1
29 1018 -1 5 -1 0.8627 0.1588 64155.9 46678 -1 -1 1
29 1018 -1 5 469932 -0.12547 0.78566 63331.3 47091.6 160227 160219 -1
29 10722 -1 5 -1 -0.0156 0.2127 71143.3 44863.8 -1 -1 1
29 10722 -1 5 272481 0.68972 -0.35915 71627.8 45067 160211 160240 -1
30 5422 2202327 1 -1 0.18545 -0.20698 54834.1 76959.3 130048 120033 0
30 5422 -1 1 2202058 -0.11627 -0.04694 54110.7 76638.6 160149 160156 -1
30 6496 947303 1 -1 0.52744 0.20888 116430 71022.2 130044 110025 0
30 6496 -1 1 2073131 0.00456 -0.59224 116132 70537.6 160277 160279 -1
30 9570 -1 3 -1 -0.1241 0.2804 83898.7 69337.2 -1 -1 1
30 9570 -1 3 729622 -0.52688 -0.34597 82339.4 68722.6 160306 160270 -1
30 6142 9540429 4 -1 -0.5834 -0.17437 192296 135676 110022 110018 0
30 6142 -1 4 1348428 -0.18614 -0.00542 71759.4 57401.2 160051 160074 -1
30 12178 -1 4 -1 0.7315 0.0225 23700.3 54087.1 -1 -1 1
30 12178 -1 4 505635 -0.64511 -0.06144 23046.4 53241.7 160159 160185 -1
30 81 -1 4 -1 -0.1485 -0.1598 21505.3 69169.9 -1 -1 1
30 81 -1 4 690098 -0.34928 -0.48754 22237.6 69348.8 160334 160349 -1
30 1018 -1 5 -1 0.8613 0.167 62657.5 47698.7 -1 -1 1
30 1018 -1 5 1593865 -0.15201 -0.15405 63294.3 47085.2 160186 160201 -1
31 5422 -1 1 -1 0.1852 -0.2071 52468.8 75334.2 -1 -1 1
31 5422 -1 1 928520 -0.58614 0.38685 52536.5 75045.4 160215 160234 -1
31 6496 -1 1 -1 0.5275 0.2087 113749 69037 -1 -1 1
31 6496 -1 1 1945137 -0.26747 0.20464 113696 68603 160183 160228 -1
31 9125 6410777 3 -1 -0.20463 -0.1222 94990.6 123793 130032 130051 0
31 9125 -1 3 302288 -0.32809 0.41627 96845 47745.6 160264 160270 -1
31 9570 -1 3 -1 -0.1249 0.2804 82254.8 67422.1 -1 -1 1
31 9570 -1 3 1423851 -0.51494 -0.37322 81838.9 67723 160320 160282 -1
31 6142 -1 4 -1 -0.5835 -0.1738 70971 54972.2 -1 -1 1
31 6142 -1 4 260997 0.17893 0.08985 71664.3 55098 160089 160088 -1
31 81 -1 4 -1 -0.1484 -0.1592 19596.1 67447.2 -1 -1 1
31 81 -1 4 995011 -0.27854 0.64055 18996.8 66899.7 160303 160308 -1
31 1018 -1 5 -1 0.861 0.1656 59340.2 45905.5 -1 -1 1
31 1018 -1 5 281942 0.21984 0.69355 60242.1 44948.8 160214 160196 -1
32 5422 -1 1 -1 0.1851 -0.2066 54023.7 76994 -1 -1 1
32 5422 -1 1 2093720 -0.05833 -0.03692 53511.8 76375.8 160085 160079 -1
32 6496 -1 1 -1 0.527 0.2103 114036 69496.5 -1 -1 1
32 6496 -1 1 2038355 0.16863 -0.19129 112658 72221.9 160169 160205 -1
32 1111 3202567 2 -1 0.11187 0.00951 201595 72982.9 150069 140034 0
32 1111 -1 2 795613 -0.29445 0.29612 81525.2 72784.8 160246 160275 -1
32 11862 4535401 3 -1 0.12124 -0.35881 60949 92226.4 100024 140066 0
32 11862 -1 3 1885151 0.59637 -0.34631 62657.2 14871.5 160185 160191 -1
32 9125 -1 3 -1 -0.2046 -0.1215 98583.5 46956 -1 -1 1
32 9125 -1 3 1140712 0.15704 -0.10895 99229.8 46336.9 160055 160081 -1
32 9570 -1 3 -1 -0.1237 0.2793 84965.3 67740 -1 -1 1
32 9570 -1 3 1376142 -0.01423 -0.00426 85912.2 67992.9 160070 160077 -1
32 6142 -1 4 -1 -0.5821 -0.1759 75802.1 57042.2 -1 -1 1
32 6142 -1 4 259951 0.21414 -0.13906 75316.8 56852.2 160159 160187 -1
32 81 -1 4 -1 -0.1489 -0.1591 22972 69514.5 -1 -1 1
32 81 -1 4 769537 -0.13235 -0.4875 22817.2 70105.8 160181 160228 -1
32 4478 9827711 6 -1 0.00191 -0.28936 173080 175578 110036 140048 0
32 4478 -1 6 1204392 -0.47563 0.03155 53428.8 20469.4 160233 160239 -1
33 5422 -1 1 -1 0.1851 -0.2065 54026.7 77135.2 -1 -1 1
33 5422 -1 1 983748 -0.28166 0.18015 53599.7 76755.5 160174 160134 -1
33 6496 -1 1 -1 0.5279 0.2115 113755 69369.1 -1 -1 1
33 6496 -1 1 2053648 -0.76157 0.33576 114630 67173.7 160206 160128 -1
33 1111 -1 2 -1 0.1118 0.0106 81538.5 73580.4 -1 -1 1
33 1111 -1 2 1472357 -0.41697 -0.23767 81518.1 73568.6 160150 160207 -1
33 11862 -1 3 -1 0.119 -0.3593 61450.4 15165.3 -1 -1 1
33 11862 -1 3 157514 -0.55866 0.21845 60646.1 15427.9 160254 160238 -1
33 9125 -1 3 -1 -0.2045 -0.1208 98642 47867 -1 -1 1
33 9125 -1 3 279451 0.0219 -0.33351 98102.9 47955.1 160104 160190 -1
33 6142 -1 4 -1 -0.5827 -0.1736 75399.6 58630.3 -1 -1 1
33 6142 -1 4 705451 0.26993 -0.11768 76780.9 59644 160227 160227 -1
33 897 7301797 4 -1 -0.14549 0.51098 139558 119343 110037 90012 0
33 897 -1 4 8075 0.45038 -0.38851 19534.1 39747 160270 160301 -1
33 4478 -1 6 -1 0.0008 -0.2893 53249.4 20210.9 -1 -1 1
33 4478 -1 6 784250 0.67696 -0.08523 53618.4 17537.7 160185 160205 -1
34 1111 -1 2 -1 0.112 0.0091 78361.3 71374.8 -1 -1 1
34 1111 -1 2 2533865 -0.08119 -0.41997 79281.3 71846.8 160133 160109 -1
34 11862 -1 3 -1 0.118 -0.3583 58575.3 14175.2 -1 -1 1
34 11862 -1 3 949276 -0.05549 -0.05961 59385.7 14619.7 160066 160076 -1
34 1747 6019061 3 -1 0.03891 0.38452 126099 129408 130042 110026 0
34 1747 -1 3 264565 -0.55202 -0.33507 128548 49947.2 160313 160266 -1
34 7141 5925617 3 -1 0.38184 -0.04044 117513 156926 110035 110030 0
34 7141 -1 3 671820 -0.18487 0.00158 117248 79029.9 160171 160134 -1
34 9125 -1 3 -1 -0.2041 -0.1201 96637 46154.4 -1 -1 1
34 9125 -1 3 1789754 -0.20451 0.45606 97141.4 46026.9 160179 160248 -1
34 897 -1 4 -1 -0.1477 0.5103 17438.3 38448.4 -1 -1 1
34 897 -1 4 670735 0.45284 -0.37683 19428.2 36579.5 160287 160321 -1
34 4478 -1 6 -1 0.0002 -0.2892 50165 14906 -1 -1 1
34 4478 -1 6 842543 -0.03792 0.02563 50437.1 15863.3 160108 160122 -1
35 1111 -1 2 -1 0.1117 0.0102 78771.3 71015.7 -1 -1 1
35 1111 -1 2 742907 0.15973 0.02095 79309.3 70256.5 160145 160124 -1
35 11862 -1 3 -1 0.1193 -0.3586 58696.8 13008.2 -1 -1 1
35 11862 -1 3 1057296 -0.3091 0.4826 58670.8 13035.4 160157 160162 -1
35 7141 -1 3 -1 0.3817 -0.0419 117575 77167.8 -1 -1 1
35 7141 -1 3 798198 0.49488 0.45087 119285 77018.9 160236 160310 -1
35 1747 -1 4 -1 0.0349 0.3848 5533.3 48174.5 -1 -1 1
35 1747 -1 4 259830 -0.05317 -0.06729 6255.45 47468.3 160078 160088 -1
35 897 -1 4 -1 -0.15 0.5067 17693.3 35519.8 -1 -1 1
35 897 -1 4 9872 0.05633 0.26474 17617.4 36351.2 160075 160093 -1
35 4478 -1 6 -1 0.0022 -0.2894 50300.1 19812.6 -1 -1 1
35 4478 -1 6 214772 -0.1176 0.06471 50977.6 20311.6 160074 160065 -1
35 9056 11752584 6 -1 -0.13326 -0.41517 152164 201813 120033 90011 0
35 9056 -1 6 2054672 0.22195 -0.33481 30608.3 48342.1 160181 160212 -1
36 1747 -1 3 -1 0.036 0.3843 122550 51685.1 -1 -1 1
36 1747 -1 3 503646 0.13204 -0.00233 121904 51959.7 160183 160161 -1
36 7141 -1 3 -1 0.3825 -0.0371 112193 80947.9 -1 -1 1
36 7141 -1 3 1827248 0.29882 0.52506 114311 81400.6 160273 160256 -1
36 897 -1 4 -1 -0.1486 0.5115 16775.8 37184.2 -1 -1 1
36 897 -1 4 11900 -0.23265 0.45001 18212.3 38785.5 160261 160250 -1
36 2306 12208527 6 -1 0.00856 0.00202 136767 209173 160083 160054 0
36 2306 -1 6 1359864 -0.23454 0.18453 18237.4 50816.9 160262 160229 -1
36 9056 -1 6 -1 -0.1327 -0.4153 30282.2 49082.3 -1 -1 1
36 9056 -1 6 1354546 -0.46964 0.1623 31084.4 49510.6 160177 160185 -1
37 7141 -1 3 -1 0.3823 -0.0442 114552 79543.6 -1 -1 1
37 7141 -1 3 1125432 -0.44692 0.65117 116938 79744.3 160246 160210 -1
37 1747 -1 4 -1 0.0375 0.3844 3896.3 49895.3 -1 -1 1
37 1747 -1 4 241532 0.47714 -0.02398 6596.3 47975.4 160314 160265 -1
37 2306 -1 6 -1 0.0086 0.002 18126.7 52493.5 -1 -1 1
37 2306 -1 6 255231 -0.08846 -0.37525 19074.6 50242.6 160298 160316 -1
37 9056 -1 6 -1 -0.1318 -0.414 29880.3 50325.3 -1 -1 1
37 9056 -1 6 286013 0.58116 0.0538 27412.1 52806.6 160214 160224 -1
38 13413 3169828 2 -1 0.35033 -0.00098 211583 78894.3 130039 120050 0
38 13413 -1 2 534970 0.33374 0.54678 91048.1 76646 160322 160308 -1
38 9023 7163593 4 -1 -0.20653 -0.12697 191950 148095 130043 120026 0
38 9023 -1 4 985668 -0.03951 0.02156 73954.8 67592.8 160155 160128 -1
38 13268 8363541 5 -1 -0.25356 -0.25441 118061 167769 110024 90009 0
38 13268 -1 5 115852 0.05295 0.07621 119071 11429.7 160102 160080 -1
38 2306 -1 6 -1 0.0086 0.002 21575.6 53036.2 -1 -1 1
38 2306 -1 6 279917 0.55307 -0.4418 22364.4 52602.3 160284 160302 -1
38 9056 -1 6 -1 -0.133 -0.4122 33691.4 51900.2 -1 -1 1
38 9056 -1 6 1146148 -0.2821 -0.58707 31297.6 49664.6 160236 160160 -1
39 13413 -1 2 -1 0.3505 -0.0032 90084.5 75331.2 -1 -1 1
39 13413 -1 2 709828 0.34366 0.5354 90143.9 76726.9 160291 160310 -1
39 9023 -1 4 -1 -0.2076 -0.1252 70841.1 67278.1 -1 -1 1
39 9023 -1 4 986991 0.10975 -0.41398 69842.4 67423.8 160214 160264 -1
39 12067 8138005 4 -1 -0.13951 -0.19736 186423 113100 140047 100020 0
39 12067 -1 4 441330 -0.75144 0.0804 66649.6 37527.7 160232 160215 -1
39 13268 -1 5 -1 -0.2558 -0.2521 116474 7231.2 -1 -1 1
39 13268 -1 5 1034401 -0.06086 0.06706 117158 8022.19 160088 160080 -1
39 2306 -1 6 -1 0.0086 0.0019 20172.1 49186.3 -1 -1 1
39 2306 -1 6 269867 0.39048 0.40154 19781.1 49901.1 160202 160300 -1
40 13413 -1 2 -1 0.3503 0.0001 92360.9 79621 -1 -1 1
40 13413 -1 2 694770 0.07462 -0.48394 92694.3 79790.2 160295 160317 -1
40 9023 -1 4 -1 -0.2059 -0.127 74891.4 71470.1 -1 -1 1
40 9023 -1 4 622448 -0.40128 -0.06455 73266.3 72283.8 160261 160226 -1
40 12067 -1 4 -1 -0.1363 -0.1999 70881.3 39732.6 -1 -1 1
40 12067 -1 4 1765300 0.4184 0.43767 73649.3 39449.8 160298 160195 -1
40 13268 -1 5 -1 -0.2552 -0.2531 121190 12873.7 -1 -1 1
40 13268 -1 5 146540 -0.47179 -0.64726 121111 13111.2 160301 160270 -1
41 13413 -1 2 -1 0.3506 0.0033 92518.7 77306.4 -1 -1 1
41 13413 -1 2 1586372 0.29568 0.49112 93018.4 76436.2 160196 160199 -1
41 12860 6250531 3 -1 -0.07906 -0.47887 57794.8 150163 130048 90021 0
41 12860 -1 3 684654 0.44111 0.64093 56412.2 69983.4 160277 160263 -1
41 9023 -1 4 -1 -0.2056 -0.1278 75970 69399.7 -1 -1 1
41 9023 -1 4 1427207 -0.43235 -0.00374 74803.6 68926.1 160220 160226 -1
41 12067 -1 4 -1 -0.136 -0.1998 71947.4 37717.6 -1 -1 1
41 12067 -1 4 659769 0.5557 0.10897 72989 37139.9 160274 160291 -1
41 13268 -1 5 -1 -0.2539 -0.2553 121073 11830.8 -1 -1 1
41 13268 -1 5 151816 -0.47418 0.10084 122902 11947.3 160193 160155 -1
42 15140 5635577 3 -1 -0.15638 -0.05828 70502 150632 130056 140046 0
42 15140 -1 3 590598 -0.1939 -0.64026 71114.2 72258.8 160335 160338 -1
42 12860 -1 3 -1 -0.0837 -0.4782 57017.5 72922.1 -1 -1 1
42 12860 -1 3 595641 -0.224 0.15456 57269.9 73715.2 160195 160166 -1
42 12067 -1 4 -1 -0.1378 -0.1988 69595.3 37197 -1 -1 1
42 12067 -1 4 857902 -0.06585 -0.64598 68601.6 36209.9 160240 160224 -1
42 11677 9656071 6 -1 -0.08257 0.52067 163656 172517 120039 130040 0
42 11677 -1 6 197213 0.52138 0.41327 43902 17841 160153 160175 -1
43 15140 -1 3 -1 -0.1571 -0.0566 73093.7 73242.6 -1 -1 1
43 15140 -1 3 550616 0.08278 0.57789 71249.8 73064.5 160197 160162 -1
43 12860 -1 3 -1 -0.0892 -0.4764 58945.8 74373 -1 -1 1
43 12860 -1 3 554122 -0.71942 0.07338 57696.3 71376.3 160295 160283 -1
43 11677 -1 6 -1 -0.0802 0.521 45615.3 17810.2 -1 -1 1
43 11677 -1 6 166815 -0.16808 0.66018 45513.1 15962.8 160274 160292 -1
44 15140 -1 3 -1 -0.1566 -0.0583 72577.1 71037.4 -1 -1 1
44 15140 -1 3 503862 0.11256 -0.653 72532.1 69712.8 160221 160288 -1
44 12860 -1 3 -1 -0.0843 -0.4786 58195.8 73185.6 -1 -1 1
44 12860 -1 3 546189 -0.52295 0.25406 56169.8 73713.4 160261 160249 -1
44 14299 6135140 4 -1 -0.09214 -0.07676 158231 107755 150067 160077 0
44 14299 -1 4 839785 0.25522 -0.46896 38688.9 31127.5 160266 160282 -1
44 8067 6219326 4 -1 0.20933 0.13028 173997 133851 110029 130038 0
44 8067 -1 4 243733 -0.40767 0.02167 54584 54432.1 160123 160137 -1
44 11677 -1 6 -1 -0.0834 0.5213 45379.1 14433.9 -1 -1 1
44 11677 -1 6 150218 0.43689 0.43014 45817.3 13949.8 160178 160188 -1
45 15140 -1 3 -1 -0.1567 -0.0581 72390.4 74217.3 -1 -1 1
45 15140 -1 3 1014256 0.00631 -0.44111 71622 74916.3 160204 160192 -1
45 14299 -1 4 -1 -0.0925 -0.0763 36853.9 32208.9 -1 -1 1
45 14299 -1 4 864015 0.26461 -0.4127 35890.9 31413 160184 160243 -1
45 8067 -1 4 -1 0.2098 0.1293 52493.2 58054.6 -1 -1 1
45 8067 -1 4 268646 -0.26244 0.29188 53610.9 60650.5 160256 160274 -1
45 11677 -1 6 -1 -0.0829 0.5211 44146.8 15422.3 -1 -1 1
45 11677 -1 6 1900107 0.42855 0.49474 44740.1 14888.9 160120 160138 -1
46 13699 2225768 2 -1 0.00718 -0.28547 207051 44859.4 90014 130053 0
46 13699 -1 2 1100852 0.54146 0.41311 82369.9 40092.3 160325 160332 -1
46 8003 4891114 3 -1 -0.45277 0.31981 62341.9 163432 110022 110025 0
46 8003 -1 3 493989 0.13093 0.49225 62229.9 85634 160220 160237 -1
46 14299 -1 4 -1 -0.0919 -0.0773 39989.5 30939.1 -1 -1 1
46 14299 -1 4 1301456 0.65104 0.28933 41920 33489.3 160176 160193 -1
46 1556 5872951 4 -1 0.0419 -0.05947 203337 90628.8 140045 160070 0
46 1556 -1 4 569027 0.2892 0.11648 82298.5 13457.8 160257 160250 -1
46 5517 5478648 4 -1 0.13658 -0.09559 159436 94905.8 160073 140037 0
46 5517 -1 4 175269 -0.01712 -0.02531 37566.5 17479.8 160079 160077 -1
46 8067 -1 4 -1 0.2082 0.131 54457.4 56288.1 -1 -1 1
46 8067 -1 4 238453 -0.24803 0.27137 56979.3 58468.1 160256 160270 -1
46 7183 8213822 6 -1 -0.57081 -0.1894 169941 201449 100018 100013 0
46 7183 -1 6 1163079 0.57923 0.28426 50613.8 47065.7 160192 160234 -1
47 13699 -1 2 -1 0.006 -0.2856 83572.1 43091.3 -1 -1 1
47 13699 -1 2 1362745 -0.24328 0.31922 83646.4 42926.1 160298 160279 -1
47 8003 -1 3 -1 -0.4509 0.3223 61145.3 85094.3 -1 -1 1
47 8003 -1 3 1689757 0.13237 0.50957 61103.1 85663 160191 160233 -1
47 14299 -1 4 -1 -0.0922 -0.0766 37767.3 29519.3 -1 -1 1
47 14299 -1 4 616929 0.45551 -0.24605 36815.9 30213 160254 160258 -1
47 1556 -1 4 -1 0.0415 -0.0598 79772.9 11735.6 -1 -1 1
47 1556 -1 4 263561 -0.15138 0.23397 80609.8 11646 160163 160149 -1
47 5517 -1 4 -1 0.1359 -0.0965 35840.2 16363 -1 -1 1
47 5517 -1 4 1749952 -0.40536 -0.40814 36299.3 16053 160127 160181 -1
47 8067 -1 4 -1 0.209 0.13 52110.8 54614.6 -1 -1 1
47 8067 -1 4 975990 -0.2767 0.13443 53104.4 54371.5 160200 160129 -1
47 7183 -1 6 -1 -0.5719 -0.1851 47823.1 45284.4 -1 -1 1
47 7183 -1 6 723883 -0.10778 -0.0295 47252 46210.8 160177 160150 -1
48 13699 -1 2 -1 0.0076 -0.2851 82469.7 47305.4 -1 -1 1
48 13699 -1 2 1587312 0.50194 -0.2953 85119.8 46286.3 160216 160240 -1
48 8003 -1 3 -1 -0.4502 0.3239 60803.6 87889.6 -1 -1 1
48 8003 -1 3 1922005 0.13478 0.50113 60548 85474.8 160237 160212 -1
48 1556 -1 4 -1 0.0414 -0.06 78841.5 15891.7 -1 -1 1
48 1556 -1 4 149582 -0.54246 -0.07159 77368.7 15802.3 160131 160169 -1
48 5517 -1 4 -1 0.1359 -0.0963 34611.3 20611.6 -1 -1 1
48 5517 -1 4 178750 -0.02131 -0.01985 34462.9 20045.9 160087 160068 -1
48 7183 -1 6 -1 -0.5719 -0.1863 48394.5 49119.4 -1 -1 1
48 7183 -1 6 59706 0.52193 -0.02109 48541.9 50394.7 160242 160259 -1
49 13699 -1 2 -1 0.0041 -0.2853 82675 48224.7 -1 -1 1
49 13699 -1 2 1128855 0.43215 -0.19297 85414.5 45351.3 160321 160294 -1
49 12306 5511753 3 -1 -0.10673 -0.40331 100895 117402 110026 130049 0
49 12306 -1 3 877226 -0.08045 -0.02976 100286 40557.8 160098 160083 -1
49 1556 -1 4 -1 0.0408 -0.0605 79617.9 16139.9 -1 -1 1
49 1556 -1 4 647788 0.53539 0.27947 76741.7 14034 160238 160194 -1
49 5517 -1 4 -1 0.135 -0.0977 35374.9 21372 -1 -1 1
49 5517 -1 4 194141 -0.0192 -0.02207 35348.5 20747 160073 160103 -1
49 8003 -1 5 -1 -0.4484 0.3275 63116.4 10458.8 -1 -1 1
49 8003 -1 5 638030 0.35358 -0.4069 64624.5 10276.8 160252 160279 -1
49 7183 -1 6 -1 -0.5732 -0.1832 50235.5 50118.3 -1 -1 1
49 7183 -1 6 262267 0.36253 -0.62101 50474.5 49700.7 160207 160161 -1
50 13221 4254147 3 -1 0.03028 -0.12869 90869.2 137533 160086 140039 0
50 13221 -1 3 280609 0.08838 -0.11163 90530.4 61004.6 160247 160224 -1
50 9821 4228985 3 -1 -0.36731 0.79349 59958.6 132411 90012 110029 0
50 9821 -1 3 1409375 0.70872 0.43543 57858 53802.8 160229 160239 -1
50 9891 4774562 3 -1 -0.02423 0.2469 73210.3 100123 110030 120048 0
50 9891 -1 3 1493453 -0.53829 0.26711 72599.5 23645 160157 160166 -1
50 12306 -1 3 -1 -0.1062 -0.404 101373 40759.7 -1 -1 1
50 12306 -1 3 434347 -0.08017 -0.56908 101228 41141.9 160319 160296 -1
50 5987 7003950 5 -1 -0.06263 0.01606 98822.3 173615 140041 140022 0
50 5987 -1 5 1463010 0.31724 -0.35527 98828.4 19735.4 160108 160145 -1
51 13221 -1 3 -1 0.0302 -0.1288 89681.2 61165.3 -1 -1 1
51 13221 -1 3 295699 -0.23273 -0.2801 90160.9 60950.5 160136 160148 -1
51 9821 -1 3 -1 -0.3668 0.7943 59098.1 55333.4 -1 -1 1
51 9821 -1 3 1641628 -0.43137 -0.22373 57988.6 54504.8 160224 160199 -1
51 9891 -1 3 -1 -0.0239 0.2468 72028.2 23481.5 -1 -1 1
51 9891 -1 3 350631 -0.29801 -0.45646 72182.1 23854.7 160307 160300 -1
51 12306 -1 3 -1 -0.1057 -0.4045 100677 41171.5 -1 -1 1
51 12306 -1 3 1097655 -0.21019 0.77149 100632 40510.1 160322 160314 -1
51 5987 -1 5 -1 -0.0626 0.0162 98045.2 19813.3 -1 -1 1
51 5987 -1 5 778191 -0.18875 0.09132 98342.8 20324.9 160170 160159 -1
52 9491 4493385 2 -1 -0.08674 -0.09836 186656 68204 160051 160044 0
52 9491 -1 2 1906823 -0.75318 0.0162 66058.6 67606.3 160185 160214 -1
52 13221 -1 3 -1 0.0302 -0.1287 88849.9 61579.7 -1 -1 1
52 13221 -1 3 951767 -0.50997 -0.21099 86886.6 60576.8 160245 160269 -1
52 9821 -1 3 -1 -0.3649 0.7958 59148.7 53686.1 -1 -1 1
52 9821 -1 3 928276 -0.40857 0.24832 56732.8 53466 160272 160288 -1
52 9891 -1 3 -1 -0.0236 0.248 71292.8 23029.2 -1 -1 1
52 9891 -1 3 808185 -0.25933 -0.38205 72085.4 24980 160322 160334 -1
52 12306 -1 3 -1 -0.1057 -0.4054 100138 42229.2 -1 -1 1
52 12306 -1 3 887034 0.45492 0.39372 99838.8 42669.8 160342 160361 -1
52 12535 8262822 4 -1 0.11449 -0.36483 179439 143089 90027 90009 0
52 12535 -1 4 554215 -0.33464 -0.01856 59575.2 67222.5 160101 160150 -1
52 5987 -1 5 -1 -0.0625 0.0161 96798.4 19137.3 -1 -1 1
52 5987 -1 5 1425201 0.25218 0.34221 97945.7 18295.5 160165 160188 -1
52 5678 11037201 6 -1 -0.01098 -0.18314 187810 193035 150052 120031 0
52 5678 -1 6 661926 0.26922 -0.23609 69007.6 38236.2 160248 160217 -1
53 9491 -1 2 -1 -0.0875 -0.0976 70221 68328.6 -1 -1 1
53 9491 -1 2 2298877 -0.30035 0.24176 71620.4 65593.1 160268 160319 -1
53 13221 -1 3 -1 0.0295 -0.1291 93128.4 61681.4 -1 -1 1
53 13221 -1 3 1853850 -0.12482 0.24701 93532 61758.1 160190 160148 -1
53 9821 -1 3 -1 -0.362 0.7936 63736.3 53133.1 -1 -1 1
53 9821 -1 3 710273 -0.3031 0.19826 61295.9 53385.8 160286 160280 -1
53 9891 -1 3 -1 -0.0229 0.2465 75482.2 22887.8 -1 -1 1
53 9891 -1 3 379018 -0.20148 -0.36909 75530.8 22981.9 160271 160227 -1
53 12535 -1 4 -1 0.1091 -0.3665 64286.2 66673.4 -1 -1 1
53 12535 -1 4 268779 -0.34601 -0.34825 66019.4 68482.8 160291 160304 -1
53 5987 -1 5 -1 -0.0624 0.0165 101112 19219.4 -1 -1 1
53 5987 -1 5 324394 0.14951 -0.01909 101795 21305.7 160175 160143 -1
53 5678 -1 6 -1 -0.0132 -0.183 73155.7 39024.1 -1 -1 1
53 5678 -1 6 441101 -0.36527 0.10075 70343.5 36770.1 160228 160194 -1
54 9491 -1 2 -1 -0.0875 -0.0972 67596.1 68817.2 -1 -1 1
54 9491 -1 2 559154 0.11096 0.02026 66619.4 69205.2 160054 160068 -1
54 11300 5596824 3 -1 0.2081 -0.32819 55979.7 156321 80011 90015 0
54 11300 -1 3 542525 0.43148 -0.31967 52143 76483.9 160292 160240 -1
54 4126 5887365 3 -1 -0.09967 0.08406 77066.1 103597 140037 140051 0
54 4126 -1 3 1497177 -0.06094 -0.5576 75965.1 23678.8 160127 160130 -1
54 12535 -1 4 -1 0.1098 -0.366 61380.5 66282.6 -1 -1 1
54 12535 -1 4 289733 0.3014 -0.23981 60448.5 65922.7 160238 160259 -1
54 5678 -1 6 -1 -0.0134 -0.1821 71834.3 38983.7 -1 -1 1
54 5678 -1 6 440054 0.39275 0.12256 74830.3 41274.6 160228 160249 -1
55 9491 -1 2 -1 -0.087 -0.0982 67354.3 67683.9 -1 -1 1
55 9491 -1 2 738442 -0.35744 -0.28063 66102.1 64879.2 160206 160127 -1
55 11300 -1 3 -1 0.2109 -0.3263 53361.1 75626.5 -1 -1 1
55 11300 -1 3 677686 0.0635 -0.28875 52856.1 75019.8 160119 160122 -1
55 4126 -1 3 -1 -0.1004 0.0832 75173.2 22742.2 -1 -1 1
55 4126 -1 3 328362 -0.03603 -0.56529 74887.7 22350.7 160222 160181 -1
55 12535 -1 4 -1 0.1124 -0.3653 59921.2 65335.5 -1 -1 1
55 12535 -1 4 471245 -0.39931 0.61014 62123.2 63359.8 160284 160282 -1
55 5678 -1 6 -1 -0.0126 -0.183 69022.2 37793.1 -1 -1 1
55 5678 -1 6 1103082 -0.6657 0.27192 69994.3 36850.8 160188 160182 -1
56 11300 -1 3 -1 0.2047 -0.3295 55524.1 78986.2 -1 -1 1
56 11300 -1 3 549364 -0.79716 -0.09077 54564.8 79918.6 160206 160212 -1
56 4126 -1 3 -1 -0.099 0.0853 77166.2 24553.2 -1 -1 1
56 4126 -1 3 372808 -0.68144 0.35105 74386.4 27446.9 160230 160227 -1
56 5828 8871694 6 -1 -0.28243 0.02298 141353 206539 100024 100015 0
56 5828 -1 6 486452 -0.32203 -0.22931 20457.1 50430.2 160331 160328 -1
57 3069 2454636 1 -1 0.19588 0.35778 55698.8 68961.9 110042 110018 0
57 3069 -1 1 845268 0.11006 -0.40092 55651.5 68554.7 160152 160200 -1
57 11300 -1 3 -1 0.2081 -0.3283 55110.1 76488.6 -1 -1 1
57 11300 -1 3 473898 0.26688 -0.19685 54436.5 76216.3 160149 160178 -1
57 4126 -1 3 -1 -0.0997 0.0844 77547.6 21921.6 -1 -1 1
57 4126 -1 3 805449 0.43355 -0.62496 80358.6 24749.2 160334 160319 -1
57 5828 -1 6 -1 -0.2826 0.0215 20715.9 48943.1 -1 -1 1
57 5828 -1 6 693305 -0.31937 -0.23468 22376.1 49766.2 160334 160321 -1
58 3069 -1 1 -1 0.1973 0.3574 55072.5 67890.6 -1 -1 1
58 3069 -1 1 1483115 0.35564 0.2688 54400.1 68637.8 160265 160245 -1
58 2209 6382217 4 -1 0.17273 0.02384 156859 111017 140044 160061 0
58 2209 -1 4 865167 0.13293 -0.51185 36475.4 33666.9 160183 160241 -1
58 5828 -1 6 -1 -0.2829 0.0228 21580 43478.4 -1 -1 1
58 5828 -1 6 39852 0.60476 -0.12713 21105 42816.8 160207 160206 -1
59 3069 -1 1 -1 0.193 0.3587 54918.4 68919.3 -1 -1 1
59 3069 -1 1 1396769 0.39419 0.29981 56906.5 67981.7 160266 160279 -1
59 2209 -1 4 -1 0.1726 0.0246 35814.4 34399.4 -1 -1 1
59 2209 -1 4 648056 -0.09014 -0.0671 35303.2 35218.5 160092 160078 -1
59 5828 -1 6 -1 -0.283 0.0199 22593.5 50327.1 -1 -1 1
59 5828 -1 6 53771 -0.00988 0.62943 23534 50766.3 160150 160163 -1
59 15214 8149611 6 -1 -0.22804 -0.01924 134740 180875 140038 120023 0
59 15214 -1 6 199344 -0.1934 0.02038 16077.6 24162.9 160060 160065 -1
60 3069 -1 1 -1 0.1962 0.3556 53421.2 67386.1 -1 -1 1
60 3069 -1 1 1715964 0.5151 0.20604 53681.5 66501.3 160215 160220 -1
60 2209 -1 4 -1 0.1727 0.0265 36752.3 33963.5 -1 -1 1
60 2209 -1 4 420768 0.11464 -0.14807 37001.1 33408.9 160238 160241 -1
60 8485 7946506 5 -1 -0.13296 -0.01917 96357.6 178369 150046 150049 0
60 8485 -1 5 991646 -0.12314 -0.43389 96124.2 22385.1 160236 160224 -1
60 15214 -1 6 -1 -0.2283 -0.0175 16206.3 23864.9 -1 -1 1
60 15214 -1 6 659798 0.00591 -0.02106 15022.4 24594.5 160098 160093 -1
61 2209 -1 4 -1 0.1726 0.0264 37967.5 35426 -1 -1 1
61 2209 -1 4 864390 0.10306 0.41 38525.6 34542.5 160137 160127 -1
61 8485 -1 5 -1 -0.1329 -0.0196 97495 24116.1 -1 -1 1
61 8485 -1 5 328053 -0.24699 -0.17069 98732 21460.5 160239 160258 -1
61 15214 -1 6 -1 -0.2281 -0.0179 18319.1 25537.8 -1 -1 1
61 15214 -1 6 384991 -0.343 -0.42171 20917.3 28286.5 160288 160213 -1
62 10776 680283 1 -1 -0.10372 -0.41519 84171 60104.3 110039 130033 0
62 10776 -1 1 1800827 -0.60118 0.55536 82058.6 60899.2 160216 160173 -1
62 2243 5464922 3 -1 -0.70802 0.0697 110962 110242 90009 70006 0
62 2243 -1 3 857973 0.1322 -0.62224 109613 32482.1 160333 160309 -1
62 13480 6583122 4 -1 0.0262 -0.47821 208425 105264 130049 100026 0
62 13480 -1 4 840772 0.0254 -0.02646 89037.1 26671.1 160077 160078 -1
62 8485 -1 5 -1 -0.1329 -0.0195 96124.1 24712.4 -1 -1 1
62 8485 -1 5 323636 -0.06802 -0.00796 97074.4 25342.3 160111 160061 -1
62 1592 9670009 6 -1 -0.01676 -0.40888 137309 170792 80010 80018 0
62 1592 -1 6 173594 -0.45842 -0.51326 18918.7 14071.8 160331 160360 -1
62 15214 -1 6 -1 -0.2284 -0.0173 16484.8 25990.6 -1 -1 1
62 15214 -1 6 811996 -0.21553 0.11411 16158.3 25868.3 160155 160151 -1
63 10776 -1 1 -1 -0.1027 -0.4155 82783.1 57534.7 -1 -1 1
63 10776 -1 1 531359 0.4217 0.05813 83194.6 60313.6 160182 160167 -1
63 2243 -1 3 -1 -0.7084 0.0681 110156 28485.3 -1 -1 1
63 2243 -1 3 1277603 0.50605 -0.53034 109334 27759 160183 160160 -1
63 484 3989958 3 -1 0.21259 -0.24134 121116 134616 100030 140057 0
63 484 -1 3 496627 -0.18914 0.3565 120704 55448.2 160172 160252 -1
63 13480 -1 4 -1 0.0275 -0.4781 87611.7 24035.9 -1 -1 1
63 13480 -1 4 1057472 -0.21125 -0.45579 88542.2 23339.1 160107 160225 -1
63 8485 -1 5 -1 -0.1329 -0.0196 94982.8 22385.3 -1 -1 1
63 8485 -1 5 190890 0.6281 -0.00383 94105.6 21579.5 160183 160220 -1
63 576 7635364 5 -1 -0.09865 0.40959 59152.6 166988 110013 110030 0
63 576 -1 5 148373 0.15087 -0.26639 58606.6 12458 160107 160133 -1
63 1592 -1 6 -1 -0.0167 -0.4092 15507.5 12882.8 -1 -1 1
63 1592 -1 6 582454 0.01069 -0.47655 16417.9 13579.8 160190 160220 -1
64 10776 -1 1 -1 -0.1029 -0.4161 84964.7 61544.4 -1 -1 1
64 10776 -1 1 981149 -0.57933 -0.04599 85842.6 61228.2 160159 160163 -1
64 5021 2737659 2 -1 -0.03846 -0.01191 130921 86003.1 160083 160056 0
64 5021 -1 2 747970 -0.03842 -0.01203 11259.9 85682.5 160083 160056 -1
64 2243 -1 3 -1 -0.7079 0.073 114327 30301.7 -1 -1 1
64 2243 -1 3 826940 0.19753 0.6101 116659 28255.2 160192 160195 -1
64 9452 4158070 3 -1 0.12551 -0.04226 118645 88853.8 140068 150056 0
64 9452 -1 3 121355 0.47903 -0.56282 119169 9053.51 160296 160303 -1
64 484 -1 3 -1 0.2116 -0.243 123289 58327.6 -1 -1 1
64 484 -1 3 294151 -0.64726 0.02246 123615 58397.7 160153 160111 -1
64 13480 -1 4 -1 0.0277 -0.4785 89590.1 27964.2 -1 -1 1
64 13480 -1 4 383627 -0.01555 -0.0543 89454.2 28620.6 160076 160078 -1
64 12779 7865605 5 -1 -0.21943 0.50677 110056 166105 120040 100020 0
64 12779 -1 5 117342 0.49258 0.19887 109303 9050.9 160314 160278 -1
64 576 -1 5 -1 -0.0982 0.4101 61741.9 12761.7 -1 -1 1
64 576 -1 5 153063 -0.16176 0.31329 61879.8 12583.8 160242 160251 -1
64 1592 -1 6 -1 -0.0153 -0.4088 18747.8 16378.5 -1 -1 1
64 1592 -1 6 817457 0.21914 -0.58161 19433 17375.4 160152 160172 -1
65 10776 -1 1 -1 -0.097 -0.4182 85346.6 60276.4 -1 -1 1
65 10776 -1 1 1194951 -0.61237 -0.21038 86822.5 58810 160255 160301 -1
65 12779 -1 3 -1 -0.2194 0.5071 110720 85425.3 -1 -1 1
65 12779 -1 3 574258 0.44791 -0.43411 112843 86045.8 160230 160299 -1
65 2243 -1 3 -1 -0.7083 0.0675 114842 29779 -1 -1 1
65 2243 -1 3 366550 -0.7992 -0.11575 115739 30123.2 160125 160115 -1
65 9452 -1 3 -1 0.1256 -0.0426 119043 8610.2 -1 -1 1
65 9452 -1 3 709294 0.48705 -0.60295 118836 9080.92 160320 160322 -1
65 484 -1 3 -1 0.2131 -0.2414 122876 58118.8 -1 -1 1
65 484 -1 3 958712 0.20497 -0.63475 122564 60812.8 160297 160230 -1
65 13480 -1 4 -1 0.0339 -0.479 89074.6 28536.5 -1 -1 1
65 13480 -1 4 826243 0.27542 0.2156 88244.9 28303.5 160189 160197 -1
65 5021 -1 4 -1 -0.0383 -0.0125 11640.7 5724.5 -1 -1 1
65 5021 -1 4 621364 -0.01557 -0.02705 11162.8 6589.44 160092 160105 -1
65 2320 6851231 4 -1 0.0224 -0.07007 134942 116229 140054 150069 0
65 2320 -1 4 422168 0.03112 -0.7633 14764.2 35471.4 160301 160312 -1
65 576 -1 5 -1 -0.0991 0.4101 61714.8 11131.5 -1 -1 1
65 576 -1 5 116710 0.16678 0.73131 61184.7 10897.5 160192 160180 -1
65 1592 -1 6 -1 -0.014 -0.4099 17954.4 15595 -1 -1 1
65 1592 -1 6 777826 -0.66967 0.485 18753.7 15810.3 160214 160238 -1
66 5021 -1 2 -1 -0.0383 -0.0121 10609.2 83092.6 -1 -1 1
66 5021 -1 2 813311 -0.47137 0.29654 8127.46 83065.9 160328 160309 -1
66 12779 -1 3 -1 -0.2209 0.508 110633 83271.8 -1 -1 1
66 12779 -1 3 1500461 0.43129 0.11324 110785 81338.3 160217 160223 -1
66 9452 -1 3 -1 0.1256 -0.0427 118159 8000.9 -1 -1 1
66 9452 -1 3 100537 -0.03037 -0.16065 117196 7747.76 160078 160108 -1
66 484 -1 3 -1 0.2134 -0.241 121647 58070.1 -1 -1 1
66 484 -1 3 2085315 0.35469 0.6566 122322 59046.8 160264 160237 -1
66 576 -1 3 -1 -0.0988 0.4095 61610.1 86269.4 -1 -1 1
66 576 -1 3 788124 0.4417 -0.5455 61299.6 84218.5 160192 160234 -1
66 8190 8294041 4 -1 0.07693 -0.05423 161680 152053 160091 130028 0
66 8190 -1 4 1137845 0.1928 0.35924 43836.3 73971.3 160275 160250 -1
66 2320 -1 4 -1 0.0216 -0.0704 15561.9 36863.3 -1 -1 1
66 2320 -1 4 11778 -0.54829 -0.07608 15266.7 36869.4 160211 160226 -1
67 5021 -1 2 -1 -0.0384 -0.012 12121.9 84222.1 -1 -1 1
67 5021 -1 2 2072630 0.51244 -0.63304 12793.9 84465.2 160221 160185 -1
67 12779 -1 3 -1 -0.221 0.5066 110591 84973.6 -1 -1 1
67 12779 -1 3 1237344 0.37366 0.09555 111132 85249.6 160257 160236 -1
67 9452 -1 3 -1 0.1256 -0.0419 117898 10149.3 -1 -1 1
67 9452 -1 3 153845 0.48485 -0.60591 116381 12597.5 160355 160320 -1
67 8190 -1 4 -1 0.077 -0.0543 44209 74203.2 -1 -1 1
67 8190 -1 4 2126561 0.16912 -0.39707 44120.8 73205.7 160102 160092 -1
67 2320 -1 4 -1 0.0216 -0.0705 16723.7 37140.3 -1 -1 1
67 2320 -1 4 11850 -0.04498 0.01618 16432.4 36287.8 160068 160094 -1
67 4089 11259758 6 -1 0.13856 -0.0436 175657 195936 140044 150074 0
67 4089 -1 6 2019108 -0.61117 -0.17496 55051.4 41374.4 160187 160232 -1
68 8190 -1 4 -1 0.0766 -0.0546 44833.5 72767 -1 -1 1
68 8190 -1 4 327705 0.21196 -0.30636 44202 75094 160314 160296 -1
68 2320 -1 4 -1 0.0213 -0.0706 17341.2 35864.8 -1 -1 1
68 2320 -1 4 425266 -0.04448 0.01815 16549.8 35173 160101 160086 -1
68 4089 -1 6 -1 0.1387 -0.0428 56391.8 35447.9 -1 -1 1
68 4089 -1 6 651490 0.07684 -0.01016 56782.8 36075.5 160141 160117 -1
69 8190 -1 4 -1 0.0771 -0.0542 44332.1 74571.8 -1 -1 1
69 8190 -1 4 788395 0.06153 -0.24333 43475.7 74112 160136 160140 -1
69 4089 -1 6 -1 0.1392 -0.0414 54999.6 40808.6 -1 -1 1
69 4089 -1 6 1402 0.34444 0.37985 56179.7 40721.9 160300 160349 -1
70 9858 3654633 2 -1 0.66959 0.41027 131206 85270.7 110016 110028 0
70 9858 -1 2 855768 -0.08741 0.35428 10379.5 82778.4 160179 160164 -1
70 3121 5181329 3 -1 0.2766 0.28815 69030.5 102075 90007 80002 0
70 3121 -1 3 995620 -0.13467 0.16159 68508.2 23991.7 160140 160139 -1
70 5827 7500147 4 -1 -0.01783 -0.04442 208640 111987 160038 160053 0
70 5827 -1 4 406733 0.24319 -0.04276 88819 34613.7 160105 160084 -1
70 4089 -1 6 -1 0.1394 -0.0414 50974.4 35923.2 -1 -1 1
70 4089 -1 6 646443 -0.67821 0.11513 50023.8 35722.4 160123 160069 -1
71 9858 -1 2 -1 0.6727 0.4045 8552.6 82284.9 -1 -1 1
71 9858 -1 2 668967 -0.13209 -0.04448 8865.35 81558.3 160141 160113 -1
71 3121 -1 3 -1 0.2798 0.2848 67552 23908.6 -1 -1 1
71 3121 -1 3 2284937 -0.21118 0.45828 65542.1 26081.8 160243 160265 -1
71 5827 -1 4 -1 -0.0178 -0.0444 87840.4 31136.6 -1 -1 1
71 5827 -1 4 828339 -0.78749 -0.11439 87235 31125.3 160150 160139 -1
72 1623 307328 1 -1 0.13819 -0.0462 54716.1 77079.7 140040 160086 0
72 1623 -1 1 307429 0.13677 -0.24135 54708.2 77040.9 160195 160202 -1
72 5800 270539 1 -1 0.04556 0.14306 123340 61362 160059 120026 0
72 5800 -1 1 269945 0.00239 0.76101 125592 61275.9 160203 160213 -1
72 1338 1577335 2 -1 0.16068 -0.14068 139899 70720.8 140037 150048 0
72 1338 -1 2 277414 -0.14757 -0.07769 19554 70847.2 160145 160098 -1
72 9858 -1 2 -1 0.6752 0.4027 10157.9 84551.1 -1 -1 1
72 9858 -1 2 1618233 -0.43982 0.31276 8176.51 84760.9 160310 160316 -1
72 3121 -1 3 -1 0.2823 0.2815 70063.7 25372.5 -1 -1 1
72 3121 -1 3 1087033 -0.58555 0.5201 70497.5 26217.3 160317 160318 -1
72 5827 -1 4 -1 -0.0184 -0.0442 90568.4 35167.6 -1 -1 1
72 5827 -1 4 1096149 -0.63799 0.28675 91038.5 35245.2 160205 160252 -1
73 1623 -1 1 -1 0.1384 -0.0458 54328.9 77141.8 -1 -1 1
73 1623 -1 1 1007272 -0.14769 -0.00117 54500.4 76621.8 160092 160094 -1
73 5800 -1 1 -1 0.0453 0.1431 123065 61492.6 -1 -1 1
73 5800 -1 1 2529736 0.30132 -0.65686 125131 58589.8 160183 160228 -1
73 1338 -1 2 -1 0.1614 -0.1398 17770 71181.3 -1 -1 1
73 1338 -1 2 1487316 -0.15081 -0.06004 17703 71611.4 160098 160135 -1
73 9858 -1 2 -1 0.6756 0.402 7638.7 84937 -1 -1 1
73 9858 -1 2 807636 -0.43217 0.34441 7107.6 84955.4 160364 160361 -1
73 3121 -1 3 -1 0.2815 0.2828 67955.4 24778 -1 -1 1
73 3121 -1 3 817243 0.06948 0.1154 68136.2 24157.6 160078 160085 -1
73 5827 -1 4 -1 -0.0182 -0.0443 89667.1 34028.1 -1 -1 1
73 5827 -1 4 412567 -0.65132 0.3036 90656.1 33816.9 160281 160264 -1
74 1623 -1 1 -1 0.1384 -0.045 52586.7 74674.4 -1 -1 1
74 1623 -1 1 858005 -0.03491 -0.16515 53140.3 74845.8 160109 160108 -1
74 5800 -1 1 -1 0.0443 0.1435 121636 58924.3 -1 -1 1
74 5800 -1 1 710119 0.28373 -0.54222 119434 56415.4 160223 160222 -1
74 1338 -1 2 -1 0.1634 -0.1377 17250.4 69229.1 -1 -1 1
74 1338 -1 2 679164 0.13383 -0.59492 16289.8 68423.1 160233 160200 -1
74 3253 5078068 3 -1 0.26749 -0.22807 61958.1 116746 110024 110018 0
74 3253 -1 3 221177 0.61728 -0.32441 64268.1 36303.1 160301 160328 -1
74 14021 9675566 5 -1 0.25748 -0.20638 74026.5 188267 100028 140050 0
74 14021 -1 5 404434 0.50076 0.16495 74813.8 34353.4 160171 160155 -1
75 1623 -1 1 -1 0.1387 -0.0442 54499.4 76338.5 -1 -1 1
75 1623 -1 1 1069030 -0.31919 0.18905 56660.5 75751 160226 160235 -1
75 5800 -1 1 -1 0.0432 0.1437 123703 60903.9 -1 -1 1
75 5800 -1 1 902942 -0.19744 0.28635 125967 63642.8 160224 160263 -1
75 1338 -1 2 -1 0.1634 -0.138 19194.7 70607.8 -1 -1 1
75 1338 -1 2 1257725 0.32243 -0.45223 16817.7 73037.8 160277 160317 -1
75 11833 4781768 2 -1 -0.06775 0.26446 158318 83312.4 120040 120056 0
75 11833 -1 2 2758190 -0.0695 -0.2981 36985.7 84056.8 160237 160202 -1
75 14734 6651348 2 -1 0.32978 0.51477 184944 46979.4 90005 90016 0
75 14734 -1 2 2297937 0.37454 -0.23679 65597.8 48057.2 160183 160197 -1
75 3253 -1 3 -1 0.2677 -0.2278 63285.6 40154.1 -1 -1 1
75 3253 -1 3 854 0.38376 -0.26467 63300 39247.3 160261 160300 -1
75 14021 -1 5 -1 0.2583 -0.2057 75740.3 34092.9 -1 -1 1
75 14021 -1 5 593449 -0.53288 0.62141 76063.1 33920.4 160242 160253 -1
76 11833 -1 2 -1 -0.0665 0.265 37424 82333.3 -1 -1 1
76 11833 -1 2 975204 0.05698 -0.51773 38532.9 84790.8 160155 160190 -1
76 14734 -1 2 -1 0.3331 0.5139 62692.6 45148.4 -1 -1 1
76 14734 -1 2 2240203 -0.37408 -0.11464 59707.9 42489.3 160179 160175 -1
76 3253 -1 3 -1 0.2692 -0.2254 62051 40713.6 -1 -1 1
76 3253 -1 3 332 0.39671 -0.26121 62786.7 38058.8 160256 160222 -1
76 14021 -1 5 -1 0.2575 -0.2066 73970.3 31663.8 -1 -1 1
76 14021 -1 5 1748737 -0.5211 -0.39496 73729.7 30976.7 160292 160245 -1
76 10233 11197181 6 -1 -0.57952 0.54956 136077 171068 110042 100017 0
76 10233 -1 6 137306 0.03504 -0.07819 15695.8 10218.8 160100 160118 -1
77 11833 -1 2 -1 -0.0672 0.2651 36761.4 79997.7 -1 -1 1
77 11833 -1 2 1274417 0.42227 0.36704 34564.8 81463.7 160179 160200 -1
77 14734 -1 2 -1 0.3314 0.5161 61839 42691.7 -1 -1 1
77 14734 -1 2 235867 0.12509 -0.02928 59538.3 43714.6 160178 160187 -1
77 3253 -1 3 -1 0.2697 -0.224 60719.2 39329.6 -1 -1 1
77 3253 -1 3 882964 0.02376 0.83222 60625.3 38730.6 160202 160177 -1
77 14021 -1 5 -1 0.2575 -0.2062 72013.3 29524.9 -1 -1 1
77 14021 -1 5 406243 -0.11427 0.05211 72753.9 29589.5 160082 160063 -1
77 10233 -1 6 -1 -0.58 0.5489 14255.6 8723 -1 -1 1
77 10233 -1 6 355522 -0.17115 -0.12564 14636.6 7987.65 160081 160088 -1
78 11833 -1 2 -1 -0.0659 0.2645 39769.8 82195.2 -1 -1 1
78 11833 -1 2 783645 0.46918 -0.45674 39518.3 82939.5 160236 160238 -1
78 14734 -1 2 -1 0.335 0.5116 63608.6 44094 -1 -1 1
78 14734 -1 2 945868 0.6928 0.17409 64593.3 46652.6 160225 160249 -1
78 10233 -1 6 -1 -0.5788 0.5501 20256.4 10733.6 -1 -1 1
78 10233 -1 6 377098 0.32972 0.48521 19808.4 10928.4 160156 160167 -1
79 10233 -1 6 -1 -0.5773 0.5544 17870.3 9914 -1 -1 1
79 10233 -1 6 659773 0.60429 0.16313 18538.3 10804.5 160275 160268 -1
80 6875 1683683 1 -1 0.20575 0.3043 83409.6 55897.6 110032 120052 0
80 6875 -1 1 1683582 -0.12356 -0.44528 83355.4 55774.6 160216 160215 -1
81 6875 -1 1 -1 0.2082 0.3021 85099.9 53855 -1 -1 1
81 6875 -1 1 464800 -0.18082 0.25694 86016.4 54193.8 160179 160133 -1
82 6875 -1 1 -1 0.2028 0.3047 82303.1 50774.4 -1 -1 1
82 6875 -1 1 458338 0.66548 -0.49739 82719.8 48037.6 160230 160320 -1
83 6875 -1 1 -1 0.2067 0.3033 84825.7 52820.6 -1 -1 1
83 6875 -1 1 980052 0.08119 -0.01675 85040.6 52064.2 160151 160121 -1
84 3743 1337194 1 -1 -0.01728 -0.12698 122077 82888.4 150044 140054 0
84 3743 -1 1 1336241 0.00395 -0.04877 121460 83418.5 160068 160094 -1
84 14553 5203366 3 -1 -0.02627 0.12353 60731.3 99899.1 160086 160062 0
84 14553 -1 3 198734 -0.02562 0.12367 60859.5 21166 160086 160062 -1
84 4948 7177620 4 -1 0.11971 -0.15606 181357 164999 150051 120040 0
84 4948 -1 4 513584 -0.45127 -0.20381 61479.8 85380.4 160210 160231 -1
84 6374 8148463 4 -1 -0.45967 0.1412 156515 114592 80005 130031 0
84 6374 -1 4 864321 0.45636 0.58528 37122 35571.6 160268 160270 -1
85 3743 -1 1 -1 -0.017 -0.1271 121159 81314.5 -1 -1 1
85 3743 -1 1 973649 0.33045 0.07328 121192 81651.8 160163 160174 -1
85 14553 -1 3 -1 -0.0268 0.1233 59328.5 19243.3 -1 -1 1
85 14553 -1 3 316230 0.52731 -0.21951 59294.9 19576.9 160209 160160 -1
85 4948 -1 4 -1 0.1204 -0.1556 59625 84932 -1 -1 1
85 4948 -1 4 773305 -0.64788 -0.11349 60492 85846 160208 160176 -1
85 6374 -1 4 -1 -0.4604 0.1394 35467.9 34171.8 -1 -1 1
85 6374 -1 4 1094795 0.04182 -0.83327 35868.7 33585.4 160264 160275 -1
85 10957 7963840 4 -1 -0.16125 -0.34774 206122 134008 120062 120053 0
85 10957 -1 4 455794 -0.01586 -0.02412 85907.3 55986.3 160078 160063 -1
85 2720 10782125 5 -1 -0.14992 -0.05623 120497 167380 150032 110014 0
85 2720 -1 5 170622 0.43445 -0.3543 119274 12445.1 160192 160226 -1
86 3743 -1 1 -1 -0.0176 -0.1271 121606 83164.7 -1 -1 1
86 3743 -1 1 1081122 0.00204 -0.04917 120920 83433.5 160081 160074 -1
86 14553 -1 3 -1 -0.0248 0.124 60760.7 22171.2 -1 -1 1
86 14553 -1 3 341890 0.511 -0.22419 61190.7 22251.3 160212 160216 -1
86 6374 -1 4 -1 -0.4599 0.1454 37794.5 36281.9 -1 -1 1
86 6374 -1 4 416723 0.41121 0.41656 38511 33662.6 160210 160181 -1
86 10957 -1 4 -1 -0.1636 -0.3457 87420.5 58339.6 -1 -1 1
86 10957 -1 4 753985 -0.41504 -0.2127 86680.4 59038.4 160145 160130 -1
86 6755 8799127 5 -1 0.25009 -0.24196 63804.5 190376 80008 90017 0
86 6755 -1 5 404895 -0.31336 0.21661 64484.9 33516 160259 160227 -1
86 2720 -1 5 -1 -0.1502 -0.0554 121596 13067.4 -1 -1 1
86 2720 -1 5 1479083 0.23203 -0.54686 122230 15505.1 160223 160237 -1
86 1435 9499806 6 -1 0.05391 -0.10663 154358 194397 120031 140039 0
86 1435 -1 6 1078085 -0.63464 -0.09495 34621.4 33996.2 160241 160214 -1
86 4948 -1 6 -1 0.1187 -0.1557 60961.5 7276.3 -1 -1 1
86 4948 -1 6 82790 0.47367 -0.19834 60525.8 5466.2 160294 160316 -1
87 3743 -1 1 -1 -0.0166 -0.1273 120800 80907.6 -1 -1 1
87 3743 -1 1 860299 0.0044 -0.0444 120097 81104.4 160089 160090 -1
87 14553 -1 3 -1 -0.027 0.1234 58862.3 18887.1 -1 -1 1
87 14553 -1 3 1187319 -0.05981 0.03696 58317.9 19686 160068 160076 -1
87 4948 -1 4 -1 0.1208 -0.1553 58680.9 85896.3 -1 -1 1
87 4948 -1 4 591477 0.49078 -0.20335 60512.6 83963.3 160265 160299 -1
87 6374 -1 4 -1 -0.4617 0.1357 36723.5 34035.1 -1 -1 1
87 6374 -1 4 415187 0.03503 0.02943 36364.7 33919.4 160081 160053 -1
87 10957 -1 4 -1 -0.1586 -0.3487 85793.7 57156.6 -1 -1 1
87 10957 -1 4 927799 -0.46609 0.0673 85596.3 56945.9 160175 160183 -1
87 6755 -1 5 -1 0.2513 -0.2405 62878.2 32900.1 -1 -1 1
87 6755 -1 5 598339 0.75265 0.07372 63398 32849 160233 160237 -1
87 2720 -1 5 -1 -0.1498 -0.0563 121269 11735.5 -1 -1 1
87 2720 -1 5 2352748 -0.28702 -0.39349 120518 9303.94 160255 160228 -1
87 1435 -1 6 -1 0.0544 -0.1063 32192.1 37602.1 -1 -1 1
87 1435 -1 6 1773020 -0.04085 0.43769 32750.7 37694.4 160235 160177 -1
88 6637 6376168 4 -1 -0.58434 -0.33563 185286 96294.3 120040 90015 0
88 6637 -1 4 192571 0.21152 0.29454 68384.4 17898.2 160225 160271 -1
88 10957 -1 4 -1 -0.1583 -0.3489 88681.9 59106.6 -1 -1 1
88 10957 -1 4 301354 -0.06833 -0.11798 88037.8 58749.3 160068 160080 -1
88 6755 -1 5 -1 0.2512 -0.2408 61922.3 32237.5 -1 -1 1
88 6755 -1 5 1068667 -0.47289 0.65877 59987.9 35069.4 160235 160241 -1
88 2720 -1 5 -1 -0.1501 -0.0562 121506 10562.2 -1 -1 1
88 2720 -1 5 98214 -0.28276 0.35841 121762 10586.3 160275 160278 -1
88 1435 -1 6 -1 0.0548 -0.1066 32891.3 36045.8 -1 -1 1
88 1435 -1 6 409071 -0.46015 0.45719 32159 35311.5 160312 160294 -1
89 6637 -1 4 -1 -0.5837 -0.3372 68663.9 19982.6 -1 -1 1
89 6637 -1 4 827027 0.37159 -0.38852 71489.6 20295.7 160323 160317 -1
89 6755 -1 5 -1 0.2516 -0.241 62869.9 33079.6 -1 -1 1
89 6755 -1 5 1284493 0.10963 0.04893 63832.9 33256 160067 160080 -1
89 1435 -1 6 -1 0.0544 -0.1061 34303.8 37731.4 -1 -1 1
89 1435 -1 6 231766 0.04628 0.19505 35181.1 36790.8 160186 160170 -1
89 10182 11474896 6 -1 0.11969 -0.36641 211685 176907 100021 130049 0
89 10182 -1 6 302646 0.55432 0.35726 91493.2 19147.3 160198 160182 -1
90 11777 2894437 2 -1 -0.11746 -0.19755 180560 43179.9 110018 120036 0
90 11777 -1 2 465675 -0.48239 0.54013 59683.5 43018.2 160238 160266 -1
90 6637 -1 4 -1 -0.5851 -0.3359 68854.5 18558.2 -1 -1 1
90 6637 -1 4 988285 0.40892 -0.38415 68928.6 19047.4 160256 160326 -1
90 10182 -1 6 -1 0.1202 -0.3674 90496.5 15995.2 -1 -1 1
90 10182 -1 6 1079386 0.33516 -0.22203 89742.8 15773.5 160252 160247 -1
91 11777 -1 2 -1 -0.1177 -0.1975 59971.4 44617.6 -1 -1 1
91 11777 -1 2 1586933 -0.22968 0.67021 57123.8 45587.7 160296 160279 -1
91 6637 -1 4 -1 -0.5881 -0.3297 69348.3 19770.7 -1 -1 1
91 6637 -1 4 197717 0.36744 -0.3576 68637.9 20291.7 160303 160280 -1
91 10182 -1 6 -1 0.1208 -0.3668 90490.1 22683.9 -1 -1 1
91 10182 -1 6 217884 0.04539 0.08486 93114.7 22975.7 160203 160192 -1
92 11777 -1 2 -1 -0.1174 -0.1975 61273.6 44415 -1 -1 1
92 11777 -1 2 466279 -0.23706 0.60729 58751 42841.3 160286 160286 -1
92 10356 5823788 3 -1 0.15546 -0.07259 72314.6 139372 160055 130040 0
92 10356 -1 3 967243 -0.30527 0.15649 71578.8 60472.1 160287 160291 -1
92 12692 5784046 3 -1 0.25263 -0.02568 110068 132537 110017 130038 0
92 12692 -1 3 265127 -0.04133 -0.05056 109488 53631.2 160133 160117 -1
92 6971 10611451 5 -1 0.41616 -0.41305 113292 206196 80004 90009 0
92 6971 -1 5 1135767 0.31216 -0.23012 112415 49600.2 160180 160183 -1
92 10182 -1 6 -1 0.1204 -0.3667 90512.4 23075.5 -1 -1 1
92 10182 -1 6 180311 0.41873 0.37478 90111.4 20446.9 160278 160295 -1
93 1913 809617 1 -1 0.17128 -0.38112 69620 73417.8 120050 130039 0
93 1913 -1 1 809859 -0.08566 -0.05867 69708.4 72618.4 160181 160137 -1
93 11777 -1 2 -1 -0.1168 -0.1975 60312.3 45245.9 -1 -1 1
93 11777 -1 2 483856 -0.33015 0.30071 57837 45109.6 160234 160249 -1
93 10356 -1 3 -1 0.1557 -0.0723 71215.5 61410.1 -1 -1 1
93 10356 -1 3 684307 -0.38504 0.32071 70938.4 59151.6 160356 160310 -1
93 12692 -1 3 -1 0.2526 -0.0251 108884 54619.4 -1 -1 1
93 12692 -1 3 527224 0.36756 0.15387 107725 55170.6 160223 160294 -1
93 6971 -1 5 -1 0.4165 -0.4126 112536 51584.7 -1 -1 1
93 6971 -1 5 1451404 -0.46472 0.2517 115078 52900.4 160294 160306 -1
94 4796 1683191 1 -1 -0.12406 0.20024 70775.1 57484.7 120035 110033 0
94 4796 -1 1 1683188 0.38977 0.57262 70915.3 57585.1 160348 160323 -1
94 1913 -1 1 -1 0.1757 -0.3792 70354.8 75876.3 -1 -1 1
94 1913 -1 1 1847153 0.70438 -0.37985 70932.4 76007.7 160136 160200 -1
94 10356 -1 3 -1 0.1548 -0.0742 73458.1 63127.7 -1 -1 1
94 10356 -1 3 514913 0.16476 0.08809 73724 62408.1 160066 160068 -1
94 12692 -1 3 -1 0.2526 -0.0272 110851 55909.4 -1 -1 1
94 12692 -1 3 303690 0.27689 0.50226 113794 55377.1 160233 160290 -1
94 7621 6146754 3 -1 -0.19909 -0.00714 67547.8 111731 140060 130044 0
94 7621 -1 3 402266 -0.03561 -0.09335 69614.3 33439.3 160065 160079 -1
94 6971 -1 5 -1 0.4141 -0.4151 114390 53610.1 -1 -1 1
94 6971 -1 5 1198846 -0.01724 -0.0749 115177 54588.3 160132 160132 -1
94 14261 11218580 6 -1 -0.06923 -0.33418 208831 177933 100018 130053 0
94 14261 -1 6 179559 -0.2554 -0.34414 91513.7 20243.8 160195 160183 -1
95 4796 -1 1 -1 -0.1228 0.2008 69607.7 54219.2 -1 -1 1
95 4796 -1 1 510326 0.50762 -0.07503 69258.3 54369.3 160112 160132 -1
95 1913 -1 1 -1 0.1732 -0.3806 69056 73092.4 -1 -1 1
95 1913 -1 1 1537052 0.26596 -0.23972 70391.1 73417 160204 160240 -1
95 10356 -1 3 -1 0.1554 -0.0728 71655.3 60737.8 -1 -1 1
95 10356 -1 3 487311 -0.56098 -0.01586 71193.9 61398.6 160225 160267 -1
95 12692 -1 3 -1 0.2532 -0.0259 109021 53773.7 -1 -1 1
95 12692 -1 3 282562 -0.02845 0.04409 109076 53100.8 160081 160085 -1
95 7621 -1 3 -1 -0.1991 -0.0051 67777.5 30426.5 -1 -1 1
95 7621 -1 3 368925 -0.05838 0.71718 70528 30968.7 160272 160280 -1
95 14349 7808969 4 -1 -0.11657 -0.48762 178894 157806 100035 100026 0
95 14349 -1 4 1019097 0.64467 -0.4974 61349.9 78574.2 160323 160302 -1
95 6971 -1 5 -1 0.4153 -0.414 112167 51863.6 -1 -1 1
95 6971 -1 5 475130 0.0589 -0.27039 112329 52677 160108 160096 -1
95 14261 -1 6 -1 -0.0741 -0.3332 88971.8 17991.4 -1 -1 1
95 14261 -1 6 188929 -0.24516 -0.30491 88117.9 17464.2 160250 160244 -1
96 4796 -1 1 -1 -0.1198 0.2029 72067 53010.4 -1 -1 1
96 4796 -1 1 309894 0.54369 -0.16064 71394.8 52604 160244 160173 -1
96 1913 -1 1 -1 0.1664 -0.3845 71029 73484.8 -1 -1 1
96 1913 -1 1 1008280 0.2002 0.48279 73139.6 76125.9 160270 160246 -1
96 7621 -1 3 -1 -0.1992 -0.004 69575.8 30409.7 -1 -1 1
96 7621 -1 3 389940 0.58846 0.20451 68189.8 30023.2 160240 160242 -1
96 14349 -1 4 -1 -0.1233 -0.4854 62243.3 78925 -1 -1 1
96 14349 -1 4 1176527 -0.27957 0.72732 62278.8 78602.8 160277 160256 -1
96 12675 8371892 5 -1 0.14606 -0.05723 71962.5 194138 160057 150057 0
96 12675 -1 5 413452 -0.28909 -0.05551 70574.7 34646.7 160194 160182 -1
96 14261 -1 6 -1 -0.0774 -0.3322 90964.1 12376.8 -1 -1 1
96 14261 -1 6 548788 0.72262 0.2105 92449.3 13901 160264 160261 -1
97 4796 -1 1 -1 -0.1218 0.2014 72826.9 55004.4 -1 -1 1
97 4796 -1 1 490003 -0.22895 -0.13486 73331.9 55576.8 160247 160222 -1
97 7621 -1 3 -1 -0.1991 -0.0066 72302.5 31124.5 -1 -1 1
97 7621 -1 3 1039126 0.2277 -0.15846 71663.1 30755.3 160280 160246 -1
97 14349 -1 4 -1 -0.1159 -0.4874 62262.9 81307.3 -1 -1 1
97 14349 -1 4 1028097 -0.38799 0.70343 62492.1 79996.3 160319 160312 -1
97 12675 -1 5 -1 0.1463 -0.0565 72129.3 37274.7 -1 -1 1
97 12675 -1 5 439582 0.42266 0.60713 74581.4 39861.8 160306 160266 -1
97 14261 -1 6 -1 -0.0747 -0.3327 91984.9 15765.2 -1 -1 1
97 14261 -1 6 553215 0.49431 -0.24396 91624.8 15708.5 160120 160164 -1
98 7324 7589949 3 -1 0.08498 -0.41377 68182.2 136332 120030 130041 0
98 7324 -1 3 559298 0.11548 0.24837 67879.6 59817.4 160116 160130 -1
98 9676 6524962 3 -1 0.29084 0.20128 98435.8 86354.5 80003 120037 0
98 9676 -1 3 105684 0.36866 -0.4695 97562 10694 160228 160256 -1
98 10288 8983111 4 -1 -0.10681 0.06418 183742 98180.1 150060 130057 0
98 10288 -1 4 198731 0.1048 0.01839 65008.8 20795.6 160078 160076 -1
98 14349 -1 4 -1 -0.116 -0.4883 60198.5 83457 -1 -1 1
98 14349 -1 4 864307 0.41255 -0.16803 62378.9 84690.1 160352 160353 -1
98 12675 -1 5 -1 0.1464 -0.0555 67724.2 38210.3 -1 -1 1
98 12675 -1 5 1326888 0.70034 -0.25419 64913.8 37750 160260 160321 -1
99 7324 -1 3 -1 0.0859 -0.4137 68268.5 60617.7 -1 -1 1
99 7324 -1 3 1208359 -0.42868 0.35146 69164.3 61556.2 160309 160346 -1
99 9676 -1 3 -1 0.2901 0.2021 98472 10201.7 -1 -1 1
99 9676 -1 3 106867 0.63163 0.54671 99043.7 10854 160329 160327 -1
99 10288 -1 4 -1 -0.107 0.0642 65789 21316.9 -1 -1 1
99 10288 -1 4 1030259 -0.06124 -0.06981 66232.9 20778.9 160177 160154 -1
99 12675 -1 5 -1 0.1465 -0.0562 68564.3 38403.2 -1 -1 1
99 12675 -1 5 1543159 -0.49744 0.4037 65956.8 40184.2 160342 160346 -1
100 7324 -1 3 -1 0.0846 -0.4142 68195.1 60324.3 -1 -1 1
100 7324 -1 3 452779 0.67636 0.36882 67371 60131.4 160232 160221 -1
100 9676 -1 3 -1 0.2914 0.2012 97544.4 7820.2 -1 -1 1
100 9676 -1 3 110972 0.68069 0.01155 95873.6 9138.13 160246 160242 -1
100 10288 -1 4 -1 -0.1067 0.0649 64491 20009.3 -1 -1 1
100 10288 -1 4 182910 -0.67478 -0.1386 66743.5 20770.4 160172 160199 -1
100 9653 6764504 4 -1 0.12561 -0.24464 139166 91194.3 130028 120029 0
100 9653 -1 4 875067 -0.23379 0.31606 19687.5 11423.2 160270 160251 -1
101 7324 -1 3 -1 0.0837 -0.4139 69085.5 61814.2 -1 -1 1
101 7324 -1 3 569563 -0.4258 0.35822 70103.6 60580.1 160281 160362 -1
101 9676 -1 3 -1 0.2915 0.1999 98143.5 8736.3 -1 -1 1
101 9676 -1 3 1017947 -0.72146 0.30396 98412.7 9593.89 160239 160253 -1
101 10288 -1 4 -1 -0.1064 0.0648 65685.6 20887 -1 -1 1
101 10288 -1 4 834483 0.00637 -0.01471 65569.8 21397.2 160154 160153 -1
101 9653 -1 4 -1 0.1242 -0.2454 19830 13653.2 -1 -1 1
101 9653 -1 4 170860 -0.02552 0.26691 19886.4 13452.1 160232 160244 -1
102 9653 -1 4 -1 0.1268 -0.2443 17597.5 12200.8 -1 -1 1
102 9653 -1 4 166730 0.21051 0.39311 20513.4 14514.8 160192 160254 -1
103 9653 -1 4 -1 0.1268 -0.2442 18438.8 12822.9 -1 -1 1
103 9653 -1 4 1483748 0.0726 -0.4475 18860.3 12736.6 160145 160164 -1
104 10758 2900758 2 -1 0.02658 0.03406 201753 65402.2 150059 150053 0
104 10758 -1 2 525618 -0.07369 -0.43165 81094.3 66797.9 160215 160251 -1
104 14098 6068620 4 -1 0.26552 0.42086 168925 88172.3 120041 80011 0
104 14098 -1 4 120941 -0.26426 -0.17904 49979.3 11001.4 160206 160260 -1
105 10758 -1 2 -1 0.0259 0.0346 79855.5 64647.5 -1 -1 1
105 10758 -1 2 1002730 -0.12714 0.52783 80276.3 64043.5 160148 160191 -1
105 1036 4789438 3 -1 0.26097 -0.25929 103162 88713.9 100013 110031 0
105 1036 -1 3 950274 -0.50607 -0.26108 105342 12689.2 160260 160269 -1
105 14098 -1 4 -1 0.2591 0.4245 46888.2 8584.2 -1 -1 1
105 14098 -1 4 1485989 0.70366 -0.19956 45531.2 9587.85 160183 160220 -1
106 10758 -1 2 -1 0.0261 0.0343 80314.2 65612.1 -1 -1 1
106 10758 -1 2 1397910 0.49738 -0.44676 78049.5 68480.4 160210 160214 -1
106 1036 -1 3 -1 0.2606 -0.2595 102822 12845.5 -1 -1 1
106 1036 -1 3 957174 -0.42698 -0.41159 101721 15140.9 160271 160281 -1
106 14098 -1 4 -1 0.2584 0.4219 46949.4 9164.4 -1 -1 1
106 14098 -1 4 128064 0.07796 -0.42046 47750.5 8414.62 160182 160194 -1
106 12406 9016085 5 -1 -0.0734 0.21612 89215.1 186952 90012 130046 0
106 12406 -1 5 631518 -0.58467 0.0327 88977.1 31598.8 160174 160202 -1
106 13736 11058195 6 -1 -0.39153 -0.23797 156921 205205 120029 110022 0
106 13736 -1 6 1132303 -0.13804 0.02982 36459.7 49968.5 160087 160081 -1
107 10758 -1 2 -1 0.0261 0.0344 81847.1 64198.9 -1 -1 1
107 10758 -1 2 491341 -0.04401 -0.09591 82308.4 61597.6 160084 160071 -1
107 1036 -1 3 -1 0.2613 -0.2586 104093 12577.9 -1 -1 1
107 1036 -1 3 958904 -0.07292 -0.61376 104972 11825.7 160174 160176 -1
107 2084 5121610 3 -1 0.09887 -0.12604 106058 126011 120021 160061 0
107 2084 -1 3 1148625 0.63941 -0.45311 106894 49088.8 160331 160354 -1
107 14098 -1 4 -1 0.2589 0.4279 48320.2 6981.1 -1 -1 1
107 14098 -1 4 135039 0.42386 -0.58245 49229.9 6441.66 160198 160234 -1
107 12450 6990873 4 -1 0.12336 -0.00947 193686 94609.2 140065 130056 0
107 12450 -1 4 776213 0.32248 0.51328 74500.2 16031.4 160209 160229 -1
107 12406 -1 5 -1 -0.073 0.2164 91196.3 30695.3 -1 -1 1
107 12406 -1 5 398016 0.44228 0.5395 93082.7 32358.2 160272 160272 -1
107 13736 -1 6 -1 -0.3919 -0.2375 38388.7 49228.6 -1 -1 1
107 13736 -1 6 249941 -0.13155 0.02095 38189.3 48977.2 160069 160086 -1
108 1036 -1 3 -1 0.2603 -0.2594 104013 15301.2 -1 -1 1
108 1036 -1 3 547819 0.10121 -0.00792 103966 14936.6 160083 160054 -1
108 2084 -1 3 -1 0.0983 -0.1266 106973 50555.7 -1 -1 1
108 2084 -1 3 41453 0.01104 0.16429 106843 49880.5 160184 160113 -1
108 12450 -1 4 -1 0.1234 -0.0092 74529.3 18189.7 -1 -1 1
108 12450 -1 4 777854 0.09308 -0.5903 76255.9 19000.1 160229 160254 -1
108 12406 -1 5 -1 -0.0729 0.217 91927 31027.2 -1 -1 1
108 12406 -1 5 387875 -0.16246 -0.3098 91889.4 29451.6 160305 160295 -1
108 13736 -1 6 -1 -0.3935 -0.2356 41102 51367.5 -1 -1 1
108 13736 -1 6 674851 -0.76438 -0.01324 42015.7 50494.6 160215 160174 -1
109 2084 -1 3 -1 0.0993 -0.1261 104904 48931.8 -1 -1 1
109 2084 -1 3 243540 0.44081 0.65157 102138 51020.3 160323 160314 -1
109 12450 -1 4 -1 0.1234 -0.0085 72708.1 15945.9 -1 -1 1
109 12450 -1 4 150393 0.22056 -0.40968 73713.3 14434.4 160247 160266 -1
109 12406 -1 5 -1 -0.0736 0.2151 89652.5 29254.6 -1 -1 1
109 12406 -1 5 373842 -0.16962 -0.35093 89451.9 28267 160224 160247 -1
109 13736 -1 6 -1 -0.3917 -0.237 39494.6 48586.2 -1 -1 1
109 13736 -1 6 63476 -0.37338 -0.19837 42224.7 50260 160257 160276 -1
110 1861 270749 1 -1 0.28745 -0.13418 59097.7 44168 140044 110026 0
110 1861 -1 1 268730 0.5 0.16008 60891.4 44578.7 160225 160234 -1
110 3451 565328 1 -1 0.00372 -0.16061 119986 58232.6 160057 140063 0
110 3451 -1 1 1456560 -0.60936 0.0335 119880 58272 160307 160252 -1
110 2084 -1 3 -1 0.0988 -0.1255 104479 50077 -1 -1 1
110 2084 -1 3 456626 0.01894 0.38301 104809 50039.8 160197 160207 -1
110 12450 -1 4 -1 0.1238 -0.0098 73757.6 17311 -1 -1 1
110 12450 -1 4 183549 0.549 0.54763 71615.2 16996.4 160306 160322 -1
110 9814 8738205 5 -1 0.5557 0.11315 82903.9 169199 110025 80008 0
110 9814 -1 5 941219 -0.34282 -0.39824 82764.9 10002.5 160291 160397 -1
111 1861 -1 1 -1 0.2907 -0.1278 58150.1 39508.1 -1 -1 1
111 1861 -1 1 1768613 0.15491 0.47533 58548.9 39021.8 160168 160197 -1
111 3451 -1 1 -1 0.0074 -0.1604 118948 54969.1 -1 -1 1
111 3451 -1 1 342240 0.47608 0.13525 118582 56913.5 160262 160318 -1
111 9814 -1 3 -1 0.5548 0.1212 79439.6 86889.5 -1 -1 1
111 9814 -1 3 1301430 -0.45448 0.31518 80014.4 85467.7 160202 160255 -1
112 1861 -1 1 -1 0.2891 -0.1317 56273.9 41530.2 -1 -1 1
112 1861 -1 1 2264223 0.62958 0.36994 58647.5 43465.9 160261 160261 -1
112 3451 -1 1 -1 0.0041 -0.1602 118088 55729.4 -1 -1 1
112 3451 -1 1 2472909 -0.46697 0.18913 116190 56030.7 160253 160266 -1
112 13507 5023840 2 -1 -0.4855 -0.4124 170997 84802.5 90010 70003 0
112 13507 -1 2 625120 0.31182 0.63177 51321.9 83207.8 160187 160252 -1
112 9814 -1 5 -1 0.5509 0.1079 78575.9 5572 -1 -1 1
112 9814 -1 5 1310012 0.33712 0.72881 78071.5 8041.76 160274 160285 -1
113 1861 -1 1 -1 0.2872 -0.133 57699.8 43897.5 -1 -1 1
113 1861 -1 1 228604 0.37811 -0.38587 55858.8 41942.2 160236 160241 -1
113 3451 -1 1 -1 0.004 -0.1608 119696 58287.6 -1 -1 1
113 3451 -1 1 1412062 -0.21933 0.5725 120314 58734 160224 160210 -1
113 9314 554508 1 -1 -0.15502 -0.19303 74204.1 78892.6 120029 100021 0
113 9314 -1 1 2671721 -0.0178 0.50765 74872.3 78605.7 160243 160262 -1
113 13507 -1 4 -1 -0.4854 -0.4122 53333.2 8255.8 -1 -1 1
113 13507 -1 4 173426 -0.18105 -0.05304 53306.2 8904.93 160106 160105 -1
113 14353 10123084 4 -1 -0.26016 0.07537 191400 155523 100018 130051 0
113 14353 -1 4 2265213 0.37764 0.56043 71190.3 76198.3 160307 160321 -1
113 9814 -1 5 -1 0.5534 0.1143 79955.7 12192.4 -1 -1 1
113 9814 -1 5 828312 -0.04121 -0.34211 79371.4 11580.3 160216 160242 -1
113 11531 12603152 5 -1 -0.0948 -0.16791 83007.6 204004 150050 130032 0
113 11531 -1 5 939442 -0.59644 -0.30881 82231.4 49121.3 160175 160163 -1
114 9314 -1 1 -1 -0.155 -0.1932 73746.9 78080.6 -1 -1 1
114 9314 -1 1 665056 -0.39285 0.56608 72339.4 77643.1 160270 160284 -1
114 7864 3391086 2 -1 -0.06953 -0.05063 210681 59692.7 160072 120022 0
114 7864 -1 2 1206363 0.28056 0.06861 91083.2 59007.7 160167 160153 -1
114 1015 6770872 4 -1 0.16441 -0.29445 211366 92102.8 90007 140047 0
114 1015 -1 4 144534 0.233 -0.1066 92389.8 13582.4 160149 160147 -1
114 13507 -1 4 -1 -0.483 -0.4148 53842 9030.5 -1 -1 1
114 13507 -1 4 872587 -0.05196 -0.07289 53588.7 9484.64 160087 160057 -1
114 14353 -1 4 -1 -0.2602 0.0756 71628.1 75370.8 -1 -1 1
114 14353 -1 4 665652 -0.69374 0.34408 70649.8 74881.6 160206 160201 -1
114 11531 -1 5 -1 -0.0948 -0.1681 82147.7 48039.6 -1 -1 1
114 11531 -1 5 2246502 -0.38813 -0.60624 81952.6 46208.7 160248 160305 -1
115 9314 -1 1 -1 -0.1527 -0.1939 74876.3 78687.9 -1 -1 1
115 9314 -1 1 604205 0.35911 -0.01778 75683.6 78719.3 160154 160186 -1
115 7864 -1 2 -1 -0.0691 -0.0512 91876.2 61280 -1 -1 1
115 7864 -1 2 509552 0.24645 0.05619 91547.5 60753.3 160142 160167 -1
115 1015 -1 4 -1 0.1665 -0.2932 92811.1 14145.8 -1 -1 1
115 1015 -1 4 843686 0.24522 -0.10323 93323.8 13939.6 160152 160177 -1
115 13507 -1 4 -1 -0.4806 -0.4183 55478.7 9331.7 -1 -1 1
115 13507 -1 4 116643 0.4925 0.09739 53291.9 9262.16 160118 160172 -1
115 14353 -1 4 -1 -0.2605 0.0743 72663.1 75376.7 -1 -1 1
115 14353 -1 4 1281751 0.39413 0.51657 70272.3 76505 160372 160394 -1
115 11531 -1 5 -1 -0.0938 -0.1696 82842.9 48187.2 -1 -1 1
115 11531 -1 5 283743 -0.44406 -0.62819 80326 48212.8 160277 160225 -1
116 9314 -1 1 -1 -0.1543 -0.1937 75459 80971.3 -1 -1 1
116 9314 -1 1 721048 -0.30313 0.53791 76640.9 80853.2 160230 160263 -1
116 15170 2717653 2 -1 -0.0204 0.19923 150511 65768.1 90009 130040 0
116 15170 -1 2 1019332 0.35207 -0.59515 28562.9 65733.6 160334 160315 -1
116 7864 -1 2 -1 -0.0696 -0.0506 91435.9 61399.8 -1 -1 1
116 7864 -1 2 1352363 0.12993 -0.37834 90907.9 62138.6 160220 160256 -1
116 2709 5231719 3 -1 -0.05559 -0.1841 64397 144166 140032 160060 0
116 2709 -1 3 568814 0.61695 0.19691 62618.2 65127.8 160262 160270 -1
116 1015 -1 4 -1 0.1641 -0.2942 91345.6 16502.5 -1 -1 1
116 1015 -1 4 819342 0.37373 -0.36628 90342.1 14352.3 160306 160326 -1
116 14353 -1 4 -1 -0.2601 0.0766 72844.2 76846.4 -1 -1 1
116 14353 -1 4 583376 -0.01417 -0.06964 73539 76035.3 160081 160087 -1
116 11531 -1 5 -1 -0.0954 -0.1673 83890.2 45469.9 -1 -1 1
116 11531 -1 5 235319 -0.20747 0.64764 84794.1 46186 160268 160284 -1
117 15170 -1 2 -1 -0.0209 0.1992 28010 62472.1 -1 -1 1
117 15170 -1 2 549827 0.66618 -0.41763 27714 61868.8 160243 160229 -1
117 7864 -1 2 -1 -0.0696 -0.0503 89591.3 59034.4 -1 -1 1
117 7864 -1 2 1204694 0.08852 0.09158 89933.5 58773.8 160147 160134 -1
117 2709 -1 3 -1 -0.0544 -0.1844 61474.7 62982.4 -1 -1 1
117 2709 -1 3 1353607 0.38244 -0.32316 60430.3 62678.7 160279 160317 -1
117 14870 6139872 3 -1 -0.41483 -0.1176 119758 110443 140069 120031 0
117 14870 -1 3 399631 0.64802 0.41203 120068 32670.2 160261 160304 -1
117 1015 -1 4 -1 0.1651 -0.2936 88672.9 15001.3 -1 -1 1
117 1015 -1 4 1940243 -0.62936 0.34423 91641.6 16744.5 160225 160268 -1
117 1784 7989774 4 -1 -0.39445 0.24623 142289 128903 110020 80013 0
117 1784 -1 4 462332 0.45743 0.62165 22140 51584.6 160366 160371 -1
118 15170 -1 2 -1 -0.0201 0.1989 29468.3 63812 -1 -1 1
118 15170 -1 2 1209886 -0.38525 -0.3295 29043.9 64382.1 160103 160246 -1
118 14302 6458424 3 -1 0.43359 0.14406 89548.4 143218 120043 100024 0
118 14302 -1 3 1212854 -0.06681 -0.10777 86875.6 64978.2 160145 160144 -1
118 2709 -1 3 -1 -0.0552 -0.1844 63433.6 65657.2 -1 -1 1
118 2709 -1 3 1257794 -0.42793 -0.34441 63927.9 66965 160294 160348 -1
118 14870 -1 3 -1 -0.4146 -0.1169 122206 35038.1 -1 -1 1
118 14870 -1 3 394344 0.39274 -0.40409 120412 35552.1 160249 160321 -1
118 1784 -1 4 -1 -0.3953 0.2449 25049.2 52114.8 -1 -1 1
118 1784 -1 4 891408 -0.01241 -0.77637 26971.6 49358.8 160159 160165 -1
119 15170 -1 2 -1 -0.0198 0.1991 27138.3 61997 -1 -1 1
119 15170 -1 2 2246914 0.37611 0.4476 29240.1 64713.8 160207 160252 -1
119 14302 -1 3 -1 0.4309 0.1512 84862.6 63236.7 -1 -1 1
119 14302 -1 3 1201733 0.02356 0.24573 85419.4 62521.3 160167 160145 -1
119 2709 -1 3 -1 -0.0533 -0.184 61045.9 64135.9 -1 -1 1
119 2709 -1 3 533393 0.76048 0.19014 58245.4 62470.8 160225 160192 -1
119 14870 -1 3 -1 -0.4138 -0.1222 120379 33937.1 -1 -1 1
119 14870 -1 3 401360 0.6634 0.40894 120508 33044 160236 160288 -1
119 3679 7197000 3 -1 -0.30753 -0.39165 104176 157535 130034 90011 0
119 3679 -1 3 1369822 0.04246 -0.26592 103527 80160.7 160241 160219 -1
119 1784 -1 4 -1 -0.3951 0.2446 22904.7 48822.7 -1 -1 1
119 1784 -1 4 274917 0.20556 0.15474 24202.7 47860.6 160142 160140 -1
119 4095 8010213 4 -1 0.47937 -0.38657 146376 127085 110033 120022 0
119 4095 -1 4 947643 0.19025 -0.3769 26268.8 46631.4 160190 160242 -1
120 14302 -1 3 -1 0.4321 0.1482 86964.6 65002.9 -1 -1 1
120 14302 -1 3 1187514 -0.69714 -0.25631 87662.9 65096.4 160192 160179 -1
120 1658 4114936 3 -1 0.49237 0.01884 55443.9 93932.1 70005 110037 0
120 1658 -1 3 983268 0.31726 -0.45387 57810.9 17681.5 160311 160319 -1
120 2368 4352548 3 -1 -0.17462 -0.18429 59128.3 105564 120038 110032 0
120 2368 -1 3 1051688 0.4182 0.25421 58614.1 27591.6 160203 160161 -1
120 14870 -1 3 -1 -0.4147 -0.1188 124756 36218.9 -1 -1 1
120 14870 -1 3 1313589 0.63819 -0.2574 125240 36342.4 160202 160206 -1
120 3679 -1 3 -1 -0.3051 -0.3927 107304 82974.9 -1 -1 1
120 3679 -1 3 721910 0.07169 -0.45752 104991 82752.2 160256 160272 -1
120 6556 5777353 4 -1 0.0697 -0.1783 144210 125532 150065 150067 0
120 6556 -1 4 39255 0.432 0.1932 23805.2 43178.5 160275 160249 -1
120 1784 -1 4 -1 -0.3962 0.2438 27480.1 51572.6 -1 -1 1
120 1784 -1 4 700208 0.34232 0.69717 27903.4 50688.3 160179 160255 -1
120 4095 -1 4 -1 0.4829 -0.3851 27631.7 51935.1 -1 -1 1
120 4095 -1 4 258210 0.13311 -0.01852 27074.6 52073.9 160172 160173 -1
121 14302 -1 3 -1 0.4318 0.1483 86506.5 62732.8 -1 -1 1
121 14302 -1 3 317534 -0.10525 -0.80388 86143.3 62383.7 160308 160279 -1
121 1658 -1 3 -1 0.4922 0.0154 55090.4 13634 -1 -1 1
121 1658 -1 3 760710 -0.4453 0.02648 54259.8 14626.6 160273 160294 -1
121 2368 -1 3 -1 -0.1759 -0.1829 59411.1 25401.3 -1 -1 1
121 2368 -1 3 352170 0.26794 0.15173 59707 24908.6 160190 160211 -1
121 3679 -1 3 -1 -0.3043 -0.3924 107410 81196.4 -1 -1 1
121 3679 -1 3 546014 -0.06282 -0.21264 106915 81696.9 160181 160171 -1
121 6556 -1 4 -1 0.0681 -0.179 24417.3 43845.3 -1 -1 1
121 6556 -1 4 662291 0.03711 -0.17769 24399.3 44681.8 160071 160070 -1
121 4095 -1 4 -1 0.4816 -0.3852 26814.9 50124.4 -1 -1 1
121 4095 -1 4 685145 0.26515 -0.19338 27500.2 49326.5 160215 160121 -1
122 14144 3160424 2 -1 -0.02634 -0.12735 212495 53816.8 140044 110025 0
122 14144 -1 2 254893 -0.33141 -0.05849 91563.2 53439.4 160180 160214 -1
122 1658 -1 3 -1 0.4928 0.0165 55170.4 16003.3 -1 -1 1
122 1658 -1 3 966262 0.40998 0.44554 55613.1 14811.9 160249 160301 -1
122 2368 -1 3 -1 -0.1761 -0.182 61411.3 28307.9 -1 -1 1
122 2368 -1 3 1522407 0.29097 -0.25914 61263.1 27347.9 160171 160158 -1
122 3679 -1 3 -1 -0.307 -0.3915 109951 84427.3 -1 -1 1
122 3679 -1 3 731737 0.20466 -0.41694 110755 84381.4 160143 160172 -1
122 2377 6651925 4 -1 0.08185 0.13841 213679 142328 90017 140037 0
122 2377 -1 4 974711 -0.67749 0.20765 93366.9 64567.8 160318 160321 -1
122 4272 7336237 4 -1 -0.17075 0.10923 156098 155859 120015 80006 0
122 4272 -1 4 586250 -0.52415 -0.48652 36776.1 78737.1 160341 160356 -1
122 6556 -1 4 -1 0.0677 -0.1788 25666.6 47047.2 -1 -1 1
122 6556 -1 4 252657 0.48142 -0.24811 25543.5 47745.1 160182 160192 -1
122 4095 -1 4 -1 0.4809 -0.3829 27012.9 53875.1 -1 -1 1
122 4095 -1 4 1644355 0.53251 0.62543 24809.8 52522.1 160254 160283 -1
122 6911 10121929 6 -1 -0.00876 -0.07166 139140 174305 130026 140052 0
122 6911 -1 6 1720485 -0.0703 0.41784 19156.1 18390 160240 160221 -1
123 14144 -1 2 -1 -0.0255 -0.1275 90779.1 52223.9 -1 -1 1
123 14144 -1 2 519185 0.25814 -0.6976 91126.7 54168.7 160216 160250 -1
123 1658 -1 3 -1 0.4912 0.01 53505.3 14475.8 -1 -1 1
123 1658 -1 3 214442 0.36402 0.20683 53782.5 12052.7 160239 160273 -1
123 2368 -1 3 -1 -0.1774 -0.1805 60370.1 26883 -1 -1 1
123 2368 -1 3 1452139 0.25079 -0.1356 60474 26859.4 160133 160166 -1
123 2377 -1 4 -1 0.0816 0.1386 92115.7 62514.3 -1 -1 1
123 2377 -1 4 317793 0.21255 -0.22805 91806.1 62887.1 160195 160197 -1
123 4272 -1 4 -1 -0.171 0.1088 34724.8 75984.3 -1 -1 1
123 4272 -1 4 1055709 -0.51592 -0.50456 34926.8 76613.7 160299 160346 -1
123 6556 -1 4 -1 0.0686 -0.1793 24316.1 45017.6 -1 -1 1
123 6556 -1 4 693120 0.29121 0.63428 24314.1 45373.4 160185 160188 -1
123 13828 9680205 5 -1 0.12049 -0.01916 93150.2 188543 160096 100015 0
123 13828 -1 5 1071393 -0.31401 -0.20879 94943 32735.5 160174 160223 -1
123 6911 -1 6 -1 -0.0093 -0.0716 18170.4 17605.3 -1 -1 1
123 6911 -1 6 1033364 -0.11761 0.06439 19004.8 18489 160151 160147 -1
124 14144 -1 2 -1 -0.0252 -0.1277 89213 52629 -1 -1 1
124 14144 -1 2 280620 -0.19659 -0.19343 87394.6 53271.5 160125 160097 -1
124 14046 6224153 4 -1 0.22279 0.43444 166108 124406 100018 70003 0
124 14046 -1 4 223225 0.50196 -0.23342 47621.7 46907.6 160285 160296 -1
124 2377 -1 4 -1 0.0818 0.1381 90405.8 61932.6 -1 -1 1
124 2377 -1 4 301923 -0.05875 0.15767 90758.8 62497.8 160187 160188 -1
124 4272 -1 4 -1 -0.1709 0.1089 33798.2 75530.8 -1 -1 1
124 4272 -1 4 937561 0.08927 -0.57386 34227.3 76098.2 160271 160242 -1
124 13828 -1 5 -1 0.1202 -0.0203 92402 33020 -1 -1 1
124 13828 -1 5 1060944 -0.67177 -0.09262 90443.9 34217.8 160233 160250 -1
124 6911 -1 6 -1 -0.0092 -0.0716 15750.2 17622.7 -1 -1 1
124 6911 -1 6 1297682 -0.14518 0.35332 13207.7 15559.8 160221 160203 -1
125 14144 -1 2 -1 -0.026 -0.128 91181.4 53507.5 -1 -1 1
125 14144 -1 2 1849076 -0.70128 0.16526 89548.4 55805.6 160235 160188 -1
125 14046 -1 4 -1 0.2216 0.435 47752.6 48111.5 -1 -1 1
125 14046 -1 4 1350606 0.50587 -0.2073 48317.6 47760 160175 160164 -1
125 2377 -1 4 -1 0.0827 0.1385 92533.6 63016.6 -1 -1 1
125 2377 -1 4 526833 -0.05099 0.16315 92508.9 63920.1 160167 160161 -1
125 4272 -1 4 -1 -0.1711 0.1093 36174.5 76838.1 -1 -1 1
125 4272 -1 4 1396305 -0.51508 -0.47098 36865.1 77605.3 160344 160352 -1
125 14047 8220240 4 -1 -0.32655 -0.32278 166613 125166 130065 130019 0
125 14047 -1 4 943664 -0.66574 -0.12644 46740.6 46570.6 160274 160260 -1
125 13828 -1 5 -1 0.1203 -0.0204 94848.5 33583.5 -1 -1 1
125 13828 -1 5 1951316 0.44291 -0.32136 93916.2 33920 160157 160174 -1
125 6911 -1 6 -1 -0.009 -0.0718 18817.6 18606.5 -1 -1 1
125 6911 -1 6 1484717 0.56693 0.18031 17396.2 17463.8 160159 160161 -1
126 9297 4878250 3 -1 0.1143 0.02093 93538.1 134051 150047 160093 0
126 9297 -1 3 1170783 -0.17595 0.33877 93750.7 56325.8 160212 160222 -1
126 14046 -1 4 -1 0.217 0.4382 45012.7 46121.1 -1 -1 1
126 14046 -1 4 1384329 -0.53016 -0.10115 44059.5 46493.8 160123 160142 -1
126 14047 -1 4 -1 -0.324 -0.3258 45593.5 46922.9 -1 -1 1
126 14047 -1 4 707251 -0.63238 -0.13971 46588.7 46299.2 160268 160313 -1
126 9719 10338631 5 -1 0.53586 -0.14381 87361.9 189258 90015 140045 0
126 9719 -1 5 1266126 0.37918 0.5098 88215.3 33926.5 160331 160353 -1
126 13828 -1 5 -1 0.1205 -0.0202 92364 33707.6 -1 -1 1
126 13828 -1 5 623812 0.52449 -0.01756 91569.5 34339.6 160197 160237 -1
127 9297 -1 3 -1 0.1147 0.0187 96256 56744.7 -1 -1 1
127 9297 -1 3 307930 -0.0302 -0.2377 96996.4 55969.3 160190 160185 -1
127 14046 -1 4 -1 0.2228 0.4356 47424 45958.4 -1 -1 1
127 14046 -1 4 37659 -0.19501 0.04439 48056.3 45234.5 160180 160127 -1
127 14047 -1 4 -1 -0.328 -0.3226 48465.9 47374.3 -1 -1 1
127 14047 -1 4 895714 -0.78303 -0.27264 49791.4 46639.4 160261 160335 -1
127 9719 -1 5 -1 0.5331 -0.1533 90557.5 34439.7 -1 -1 1
127 9719 -1 5 1268349 0.22615 -0.39942 89062.7 31785 160216 160289 -1
128 258 3202080 2 -1 -0.25481 -0.08264 167511 76275.1 110039 90021 0
128 258 -1 2 823484 0.55592 -0.34029 48351.2 73403.2 160304 160297 -1
128 8879 3245139 2 -1 -0.32305 -0.12901 200855 80718.7 110029 90014 0
128 8879 -1 2 1714687 -0.04281 -0.0261 80847.7 78946.2 160071 160082 -1
128 9297 -1 3 -1 0.1146 0.0198 94060.6 55916.6 -1 -1 1
128 9297 -1 3 286594 -0.22367 0.28712 95652.7 55603.7 160291 160277 -1
128 6079 7503719 4 -1 -0.02175 -0.13625 191198 117617 160060 150070 0
128 6079 -1 4 1765501 0.28289 -0.50893 70579.7 40643.3 160106 160182 -1
128 14047 -1 4 -1 -0.3256 -0.323 47742.7 47694.2 -1 -1 1
128 14047 -1 4 1606162 -0.51779 0.20047 48582.9 47299.3 160168 160151 -1
128 2664 9441834 5 -1 0.30758 0.07872 54969 171577 90009 110050 0
128 2664 -1 5 1026526 0.59684 -0.55065 54509.5 13984.7 160260 160268 -1
128 9719 -1 5 -1 0.5348 -0.1488 86650.1 33903.5 -1 -1 1
128 9719 -1 5 1270928 0.24484 -0.38439 87370.1 33751.8 160154 160172 -1
129 258 -1 2 -1 -0.2545 -0.0831 47467.7 76248.5 -1 -1 1
129 258 -1 2 683284 0.54234 -0.35028 48481.1 74782.9 160276 160334 -1
129 8879 -1 2 -1 -0.3223 -0.1297 80845.3 80795.4 -1 -1 1
129 8879 -1 2 2118329 -0.15651 -0.44156 81022.1 81646.9 160102 160172 -1
129 9297 -1 3 -1 0.1145 0.02 94817.4 55380.4 -1 -1 1
129 9297 -1 3 290920 0.414 -0.02451 94495.1 55795.6 160229 160213 -1
129 6079 -1 4 -1 -0.0215 -0.1362 71646.7 39378.6 -1 -1 1
129 6079 -1 4 439436 0.02866 -0.06722 72639.9 39199.3 160060 160060 -1
129 13105 7006146 4 -1 0.14829 -0.13842 178866 95174 140048 150051 0
129 13105 -1 4 155430 0.09375 -0.14716 59426.6 16190.9 160164 160171 -1
129 2664 -1 5 -1 0.3081 0.0771 55837.6 16731.9 -1 -1 1
129 2664 -1 5 1082674 0.34674 -0.40397 55502.7 19526.9 160237 160286 -1
129 9719 -1 5 -1 0.5337 -0.1475 87209 33806.4 -1 -1 1
129 9719 -1 5 1272572 -0.59379 -0.37506 86606.1 33844.6 160336 160340 -1
130 258 -1 2 -1 -0.2556 -0.0794 49147 77107.1 -1 -1 1
130 258 -1 2 533880 0.45384 -0.36007 50420.3 75719.2 160304 160337 -1
130 8879 -1 2 -1 -0.3236 -0.1262 82756.6 81408 -1 -1 1
130 8879 -1 2 552307 -0.00708 -0.03447 84748.8 78679.2 160085 160067 -1
130 508 6687653 4 -1 0.08817 -0.08257 136652 139869 100014 160069 0
130 508 -1 4 731540 -0.53947 0.16888 17172.2 61129.8 160310 160264 -1
130 6079 -1 4 -1 -0.0231 -0.1359 73006.3 40754.6 -1 -1 1
130 6079 -1 4 1501956 -0.34418 0.449 75168.3 38839.6 160222 160168 -1
130 9657 6539797 4 -1 -0.13532 -0.11174 163626 161920 120030 120026 0
130 9657 -1 4 379497 0.30291 0.16951 44576.1 83126.7 160226 160237 -1
130 13105 -1 4 -1 0.1475 -0.1395 59590.7 18386 -1 -1 1
130 13105 -1 4 582867 -0.26263 -0.63275 61637.5 19851.2 160304 160305 -1
130 2664 -1 5 -1 0.3086 0.0744 56547.9 18073.4 -1 -1 1
130 2664 -1 5 168333 -0.45922 -0.1443 53712.2 15914.6 160242 160247 -1
131 258 -1 2 -1 -0.2542 -0.0838 47874 75577.9 -1 -1 1
131 258 -1 2 897860 0.44662 -0.3479 49118.4 73540 160353 160349 -1
131 8879 -1 2 -1 -0.3211 -0.1313 81450.2 80420.7 -1 -1 1
131 8879 -1 2 930003 0.42784 0.28058 79684.5 79417.1 160176 160224 -1
131 508 -1 4 -1 0.0894 -0.0812 14924.4 58786.1 -1 -1 1
131 508 -1 4 445267 0.5206 -0.1503 14997.3 57802 160249 160209 -1
131 6079 -1 4 -1 -0.0205 -0.1366 71198.2 39662 -1 -1 1
131 6079 -1 4 440097 -0.06644 -0.46182 71580.8 40334.9 160126 160181 -1
131 9657 -1 4 -1 -0.1338 -0.1136 41759 81233.8 -1 -1 1
131 9657 -1 4 585689 -0.08727 0.71436 40856.2 81104.7 160213 160226 -1
131 13105 -1 4 -1 0.1501 -0.136 58118.5 17031.7 -1 -1 1
131 13105 -1 4 805425 -0.23283 -0.6302 60402.9 17621.2 160273 160314 -1
131 2664 -1 5 -1 0.3072 0.0785 53343 15426.6 -1 -1 1
131 2664 -1 5 833097 0.57121 -0.54229 52131.3 12547.5 160312 160353 -1
132 508 -1 4 -1 0.0876 -0.0831 17400.6 63132 -1 -1 1
132 508 -1 4 517674 0.34698 -0.07549 17552.8 63495.5 160196 160164 -1
132 9657 -1 4 -1 -0.1362 -0.1114 45247.9 85172.1 -1 -1 1
132 9657 -1 4 722483 -0.31706 0.48893 46969.6 84888.2 160296 160294 -1
132 13105 -1 4 -1 0.1479 -0.1387 59649.7 20686 -1 -1 1
132 13105 -1 4 197334 -0.27232 0.15565 58664.4 20520.5 160192 160175 -1
133 508 -1 4 -1 0.0887 -0.0821 15380.7 60823.8 -1 -1 1
133 508 -1 4 931356 -0.31276 -0.01657 15640.1 59879.7 160147 160136 -1
133 9657 -1 4 -1 -0.1348 -0.1129 43189.6 83170 -1 -1 1
133 9657 -1 4 2736723 -0.08073 0.13843 43848.3 84102.8 160086 160107 -1
