18 3613 10789151 5 -1 0.23538 0.57427 104963 187098 120033 90006 0
18 3613 -1 5 1056629 -0.07328 0.29276 128707 75791.9 90025 70006 -1
19 4206 5989611 3 -1 0.06614 -0.59706 67385.3 163303 90015 110026 0
19 4206 -1 3 6110846 0 0 0 0 -1 -1 -1
19 4609 9169358 4 -1 -0.12878 -0.24233 134700 157452 90012 120034 0
19 4609 -1 4 684564 2.28948 1.77991 46266.4 60773.7 70004 80010 -1
19 3613 -1 5 -1 0.234 0.5744 107296 31765.4 -1 -1 1
19 3613 -1 5 357745 -0.07998 0.11074 107258 30038.3 160056 160078 -1
20 4206 -1 3 -1 0.0757 -0.5958 64110.8 85352.1 -1 -1 1
20 4206 -1 3 1746845 0.08121 -0.19534 66937.3 85659.1 160099 160089 -1
20 4609 -1 4 -1 -0.1246 -0.2445 13823.5 79121.2 -1 -1 1
20 4609 -1 4 2110627 -0.67387 0.00683 14514.4 80810 160179 160192 -1
20 3613 -1 5 -1 0.2318 0.5746 104799 28597.5 -1 -1 1
20 3613 -1 5 1289939 -0.43825 -0.04895 102231 25734.5 160283 160285 -1
21 8312 1162121 1 -1 0.66475 -0.3571 46321.2 63099.1 110020 100021 0
21 8312 -1 1 515967 -0.44405 0.35752 43412.6 64826.1 160284 160261 -1
21 4609 -1 4 -1 -0.1258 -0.2442 16802.2 80676.5 -1 -1 1
21 4609 -1 4 1923323 0.31748 0.25408 14767.8 83373.8 160138 160141 -1
21 3613 -1 5 -1 0.2333 0.5742 107513 28850.9 -1 -1 1
21 3613 -1 5 2160870 -0.60884 -0.02669 105662 31501.1 160198 160281 -1
21 4206 -1 5 -1 0.0724 -0.5963 67844.8 9333.8 -1 -1 1
21 4206 -1 5 121335 -0.75139 0.14706 69299.1 10154.8 160265 160267 -1
22 6088 953183 1 -1 0.61303 0.3947 85927.7 59558.2 110019 90012 0
22 6088 -1 1 954760 -0.01372 -0.09142 85233 58758.9 160081 160068 -1
22 8312 -1 1 -1 0.6693 -0.352 41878.6 61864.2 -1 -1 1
22 8312 -1 1 963175 0.0261 0.0079 41954 59674.1 160090 160097 -1
22 4609 -1 4 -1 -0.1231 -0.2463 14440.3 79622 -1 -1 1
22 4609 -1 4 1725519 0.52529 0.45856 14910.5 82554.6 160191 160249 -1
22 4206 -1 5 -1 0.0762 -0.5968 64178.4 9640.1 -1 -1 1
22 4206 -1 5 130572 0.01493 -0.01727 64141.1 10275.1 160095 160091 -1
23 6088 -1 1 -1 0.6109 0.3974 83853.7 59236.7 -1 -1 1
23 6088 -1 1 542441 0.46699 0.1022 84501.8 59022.6 160288 160292 -1
23 8312 -1 1 -1 0.6689 -0.3442 39748.8 61927.4 -1 -1 1
23 8312 -1 1 1274541 0.27331 0.0052 39882.6 61224 160099 160158 -1
23 10201 2964080 2 -1 0.04316 0.60503 144470 53886 110029 80011 0
23 10201 -1 2 1181163 -2.02162 1.33231 122603 24132.2 70004 70006 -1
23 10204 2964080 2 -1 0.04316 0.60503 144470 53886 110029 80011 0
23 10204 -1 2 1181163 -2.02162 1.33231 122603 24132.2 70004 70006 -1
23 8740 11437946 6 -1 0.82078 0.02956 153678 184116 100018 90012 0
23 8740 -1 6 1025317 -0.79813 1.8938 26950 11010.2 90008 110029 -1
24 6088 -1 1 -1 0.6123 0.3995 85950.4 61041.5 -1 -1 1
24 6088 -1 1 894260 -0.0113 -0.0918 86831.9 61008.4 160089 160081 -1
24 8312 -1 1 -1 0.6687 -0.3503 41686 65914.5 -1 -1 1
24 8312 -1 1 399578 0.00436 -0.04548 42007.6 63343.8 160071 160069 -1
24 10201 -1 2 -1 0.0448 0.6039 30246.9 53452 -1 -1 1
24 10201 -1 2 2229208 0.02877 0.38782 30291.1 53954.8 160162 160156 -1
24 10204 -1 2 -1 0.0448 0.6039 30246.9 53452 -1 -1 1
24 10204 -1 2 2229208 0.02877 0.38782 30291.1 53954.8 160162 160156 -1
24 10394 4822272 3 -1 0.2914 0.47239 56915.4 96038.5 110038 100019 0
24 10394 -1 3 1645028 0.47183 -1.05989 65201.7 53639.7 120057 110020 -1
24 4093 7778296 4 -1 0.41795 -0.21185 143930 139700 130037 120032 0
24 4093 -1 4 2051280 -2.40779 -0.40444 71701.8 47768.1 120021 90013 -1
24 8740 -1 6 -1 0.821 0.0152 39353 29515.5 -1 -1 1
24 8740 -1 6 381133 0.30264 -0.0583 37296.5 28834.6 160215 160187 -1
25 6088 -1 1 -1 0.6154 0.3914 86680.3 58609.9 -1 -1 1
25 6088 -1 1 1816129 -0.00789 -0.02728 87593.7 58435 160069 160077 -1
25 10201 -1 2 -1 0.0523 0.6042 28927.3 51762.7 -1 -1 1
25 10201 -1 2 1390095 0.2152 -0.04947 30906.3 48802.6 160096 160123 -1
25 10204 -1 2 -1 0.0523 0.6042 28927.3 51762.7 -1 -1 1
25 10204 -1 2 1390095 0.2152 -0.04947 30906.3 48802.6 160096 160123 -1
25 10394 -1 3 -1 0.2958 0.4699 57731.1 16237.4 -1 -1 1
25 10394 -1 3 202214 -0.00408 -0.04883 54735 18699.2 160074 160066 -1
25 4093 -1 4 -1 0.417 -0.2138 25787.8 58363.6 -1 -1 1
25 4093 -1 4 750140 0.31274 0.77178 25771.5 58855.7 160249 160223 -1
25 8740 -1 6 -1 0.8217 0.0138 37633.2 24425.5 -1 -1 1
25 8740 -1 6 1304315 0.24573 -0.39871 37281.6 24873.6 160163 160099 -1
26 10201 -1 2 -1 0.0492 0.6046 27470.1 49069.1 -1 -1 1
26 10201 -1 2 1775446 0.04882 0.41458 27537.2 50278.5 160177 160157 -1
26 10204 -1 2 -1 0.0492 0.6046 27470.1 49069.1 -1 -1 1
26 10204 -1 2 704691 -0.72047 -0.35888 25572.6 50998.8 160324 160303 -1
26 10394 -1 3 -1 0.2943 0.4704 56455.6 13568.7 -1 -1 1
26 10394 -1 3 1483362 -0.49551 -0.03559 56805.7 14140.6 160142 160125 -1
26 945 5729335 3 -1 -0.07829 0.06863 111106 118268 130065 140062 0
26 945 -1 3 2194965 0 0 0 0 -1 -1 -1
26 4093 -1 4 -1 0.4151 -0.2162 23464 58322.3 -1 -1 1
26 4093 -1 4 1214269 0.29791 0.78089 23547.1 58495.2 160262 160263 -1
26 8740 -1 6 -1 0.8217 0.0216 33791.4 28464.9 -1 -1 1
26 8740 -1 6 379600 0.19738 0.12711 36205.2 27830.8 160201 160241 -1
27 7176 1419563 1 -1 0.15802 0.10079 108557 53151.5 120029 120034 0
27 7176 -1 1 1419332 0.10169 -0.06283 108074 51293.9 160106 160102 -1
27 10394 -1 3 -1 0.2996 0.4649 56970.2 14017.9 -1 -1 1
27 10394 -1 3 169878 0.00579 -0.02173 56624.1 11886.1 160082 160080 -1
27 945 -1 3 -1 -0.0785 0.0687 111381 40782.8 -1 -1 1
27 945 -1 3 430209 -0.01726 0.01363 111326 39449.9 160053 160074 -1
27 4093 -1 4 -1 0.4145 -0.2168 24121.3 59171.3 -1 -1 1
27 4093 -1 4 987501 0.02513 0.26568 23732.6 59378.9 160202 160204 -1
27 1508 7076215 4 -1 0.65827 -0.26609 183262 139610 120030 90019 0
27 1508 -1 4 673690 1.34188 1.32974 6024.27 40185.7 90013 90011 -1
28 7176 -1 1 -1 0.1578 0.1014 107093 50093.1 -1 -1 1
28 7176 -1 1 275185 -0.15396 0.17189 109709 48528.5 160087 160068 -1
28 945 -1 3 -1 -0.0784 0.068 110561 38915.7 -1 -1 1
28 945 -1 3 1749915 -0.04377 0.10137 111292 36502 160114 160106 -1
28 1508 -1 4 -1 0.6602 -0.2656 60475 58872.3 -1 -1 1
28 1508 -1 4 1010419 0.1282 0.21799 58321.7 59518.7 160092 160099 -1
29 7176 -1 1 -1 0.1577 0.1017 107373 50124.2 -1 -1 1
29 7176 -1 1 693689 -0.09677 0.25989 107558 49699.4 160103 160119 -1
29 945 -1 3 -1 -0.0796 0.0673 109412 39768.7 -1 -1 1
29 945 -1 3 432343 0.38845 -0.73591 109877 39660.1 160155 160175 -1
29 1508 -1 4 -1 0.662 -0.2601 57788.6 59393.5 -1 -1 1
29 1508 -1 4 771109 -0.18416 -0.53127 54933.6 61363.6 160206 160206 -1
30 7176 -1 1 -1 0.1569 0.1014 108643 50712.6 -1 -1 1
30 7176 -1 1 743738 -0.39778 0.72926 107796 51667.4 160190 160212 -1
30 1508 -1 4 -1 0.6609 -0.2577 58946.4 61919 -1 -1 1
30 1508 -1 4 742614 0.19849 -0.09521 60293.9 60089.8 160223 160204 -1
31 6472 2921151 2 -1 -0.10032 -0.01668 150568 71227.1 140030 140046 0
31 6472 -1 2 614856 1.03853 2.24238 100271 32126.8 60004 70003 -1
31 8487 6617819 3 -1 0.274 0.83627 84398.2 119647 110016 100021 0
31 8487 -1 3 1099945 0.53849 -0.28124 7798.24 33734.9 90022 70003 -1
32 6472 -1 2 -1 -0.1005 -0.017 30002.4 72411.1 -1 -1 1
32 6472 -1 2 2465836 -0.10163 -0.43583 31082.8 72192.6 160157 160221 -1
32 8487 -1 3 -1 0.2664 0.8383 82940.9 40523.1 -1 -1 1
32 8487 -1 3 29797 0.17428 -0.12524 79248.9 44169.2 160100 160087 -1
33 6472 -1 2 -1 -0.1004 -0.0182 28625.7 69273.9 -1 -1 1
33 6472 -1 2 671994 0.73966 -0.32509 26869.7 72236.3 160281 160278 -1
33 8487 -1 3 -1 0.2526 0.8445 79989.2 37500 -1 -1 1
33 8487 -1 3 1318968 0.29404 0.02061 82750.2 37926.6 160119 160143 -1
33 1536 8294734 4 -1 -0.11092 -0.49045 134040 96028.6 100026 100024 0
33 1536 -1 4 823225 0.37512 -0.11506 99139.9 19435.6 100016 110023 -1
33 6323 9008794 5 -1 0.14927 -0.51785 115514 187086 100010 90011 0
33 6323 -1 5 1068687 0.1758 -0.49899 42633 21406.5 90012 70005 -1
34 6472 -1 2 -1 -0.1005 -0.0179 30743.5 73650 -1 -1 1
34 6472 -1 2 1788158 0.70036 -0.31778 28309.5 75231.4 160272 160297 -1
34 8487 -1 3 -1 0.2696 0.8389 80812.3 37274 -1 -1 1
34 8487 -1 3 1099675 -0.68577 0.10311 80855.8 37305.3 160186 160230 -1
34 1536 -1 4 -1 -0.1023 -0.4902 15909.9 21490.5 -1 -1 1
34 1536 -1 4 189627 -0.15327 -0.05928 17095.1 24487.3 160220 160214 -1
34 6323 -1 5 -1 0.1489 -0.5189 115186 36407.2 -1 -1 1
34 6323 -1 5 1741241 0.03958 -0.39614 112216 33504.3 160179 160158 -1
35 1536 -1 4 -1 -0.1124 -0.4915 15161 21965.7 -1 -1 1
35 1536 -1 4 218093 0.17685 0.10164 15272.3 23842.6 160092 160085 -1
35 6323 -1 5 -1 0.1441 -0.5217 115814 37579.4 -1 -1 1
35 6323 -1 5 640339 0.07928 0.45168 118443 36028.4 160203 160193 -1
36 9780 2241447 1 -1 0.01442 0.4272 76045.1 63120 90013 90012 0
36 9780 -1 1 884770 0.13058 0.07641 78301.6 64501.8 160147 160115 -1
36 3665 6366497 3 -1 0.53202 0.51662 41894 162218 90014 90007 0
36 3665 -1 3 2078994 0 0 0 0 -1 -1 -1
36 1536 -1 4 -1 -0.1155 -0.4878 13976.3 22390.9 -1 -1 1
36 1536 -1 4 194965 0.00223 0.05274 15390.4 19934.5 160069 160095 -1
36 6323 -1 5 -1 0.1481 -0.5164 113597 36808.1 -1 -1 1
36 6323 -1 5 1091443 -0.02908 0.00918 115779 38661.3 160086 160075 -1
37 9780 -1 1 -1 0.0183 0.427 75633.9 64897.2 -1 -1 1
37 9780 -1 1 1045583 -0.00672 -0.01541 74045 63350.1 160079 160083 -1
37 3665 -1 3 -1 0.5353 0.5136 41997 84910.2 -1 -1 1
37 3665 -1 3 1092581 -0.8029 0.18927 41168 85738.8 160256 160256 -1
37 10132 6364432 3 -1 0.24005 0.35614 98683.3 114408 100021 90013 0
37 10132 -1 3 1078313 0.53497 -1.12137 122047 82951.2 70004 60004 -1
37 9228 6956059 3 -1 0.01114 0.27633 90960.1 149796 100018 110024 0
37 9228 -1 3 1117781 0.46943 -1.20406 100457 45051.5 70002 110019 -1
37 2188 9428317 5 -1 0.21388 0.07516 81317.9 166994 130044 130027 0
37 2188 -1 5 1499110 -3.01254 0.88612 126748 8787.29 100019 120026 -1
38 9780 -1 1 -1 0.0142 0.4263 76649.2 63939.4 -1 -1 1
38 9780 -1 1 514758 0.12551 0.00919 74127.5 65811.9 160170 160114 -1
38 3665 -1 3 -1 0.5376 0.5105 41813 84347.2 -1 -1 1
38 3665 -1 3 1200275 -0.01425 -0.14469 39744.6 83575.8 160116 160133 -1
38 10132 -1 3 -1 0.2407 0.3564 99338.3 34962.6 -1 -1 1
38 10132 -1 3 400084 -0.24666 0.14634 97033 35048.8 160171 160127 -1
38 9228 -1 3 -1 0.0113 0.2761 92225.9 70544.2 -1 -1 1
38 9228 -1 3 519048 0.05537 0.02093 91754.5 71276.2 160078 160075 -1
38 2188 -1 5 -1 0.2137 0.074 82816.3 12094.6 -1 -1 1
38 2188 -1 5 812130 -0.05726 -0.08555 82686.4 11447.2 160130 160123 -1
39 9780 -1 1 -1 0.0141 0.4273 74575.9 62260 -1 -1 1
39 9780 -1 1 521366 -0.08392 -0.01287 79473.2 58772.4 160070 160080 -1
39 3665 -1 3 -1 0.5284 0.5199 36989.8 80847.9 -1 -1 1
39 3665 -1 3 843673 -0.00532 -0.1411 36938.9 81519.1 160110 160123 -1
39 10132 -1 3 -1 0.2342 0.3618 95621.9 32665.5 -1 -1 1
39 10132 -1 3 381858 -0.54015 -0.37655 94434.6 29965.5 160232 160202 -1
39 9228 -1 3 -1 0.0068 0.2761 88058.4 68165.8 -1 -1 1
39 9228 -1 3 1495591 0.03581 -0.01806 89449.6 67645.9 160066 160067 -1
39 3742 7342460 4 -1 0.19722 0.41741 174230 143911 100015 90020 0
39 3742 -1 4 565768 0.77846 -0.918 21471.8 64427.6 90020 90010 -1
39 2188 -1 5 -1 0.2121 0.0785 78380.6 6861.2 -1 -1 1
39 2188 -1 5 999294 0.12347 -0.75667 78421.9 6029.23 160268 160258 -1
40 10132 -1 3 -1 0.2392 0.3585 97723.5 32850.5 -1 -1 1
40 10132 -1 3 595505 -0.00205 0.01428 99226.7 34622.5 160117 160102 -1
40 9228 -1 3 -1 0.0094 0.2766 91317.5 68760.1 -1 -1 1
40 9228 -1 3 773471 -0.05783 -0.00676 89410 67314.5 160072 160062 -1
40 3742 -1 4 -1 0.1949 0.4195 56268.4 63536.9 -1 -1 1
40 3742 -1 4 750447 -0.382 0.04122 55889.6 63846 160238 160229 -1
40 2188 -1 5 -1 0.2122 0.0769 79994.6 9676.3 -1 -1 1
40 2188 -1 5 128312 0.18836 0.18487 78088.5 8624.82 160082 160084 -1
41 11741 712027 1 -1 0.09668 -0.04785 116217 53873 140043 160062 0
41 11741 -1 1 1782971 -0.0098 -0.01893 117111 53907.5 160086 160074 -1
41 3742 -1 4 -1 0.1969 0.4195 61218.3 63036.2 -1 -1 1
41 3742 -1 4 1242879 0.04316 -0.01492 63970 62256.9 160068 160103 -1
42 11741 -1 1 -1 0.097 -0.0473 110083 52735.3 -1 -1 1
42 11741 -1 1 2474903 0.49133 0.22415 109721 52604.1 160181 160163 -1
42 3742 -1 4 -1 0.1993 0.4162 54411.2 60180.8 -1 -1 1
42 3742 -1 4 493400 -0.37875 0.05092 57227.3 63028.7 160117 160252 -1
43 11741 -1 1 -1 0.0964 -0.0477 109017 55087.1 -1 -1 1
43 11741 -1 1 521505 -0.21704 -0.41111 109514 54487.4 160182 160150 -1
43 4090 6051188 3 -1 0.3403 -0.31422 127090 150323 100019 90014 0
43 4090 -1 3 4261823 0 0 0 0 -1 -1 -1
44 11741 -1 1 -1 0.097 -0.0466 111586 53606.9 -1 -1 1
44 11741 -1 1 741518 0.43569 0.29497 110669 53660.5 160152 160158 -1
44 4090 -1 4 -1 0.3444 -0.3101 8392.2 70582.9 -1 -1 1
44 4090 -1 4 815006 0.28443 -0.22618 8909.22 70995.9 160118 160112 -1
45 11955 6236976 4 -1 -0.07151 -0.17873 164011 139462 120021 140046 0
45 11955 -1 4 765947 0.76422 1.24591 106987 65566.8 120045 110019 -1
45 4090 -1 4 -1 0.3436 -0.3122 10161.7 72293.1 -1 -1 1
45 4090 -1 4 1425503 0.48551 0.21611 7721.16 69961.6 160140 160145 -1
46 11955 -1 4 -1 -0.0731 -0.1784 43764.7 61834.3 -1 -1 1
46 11955 -1 4 1803648 0.15153 -0.60521 43682.3 61654.3 160232 160212 -1
46 4090 -1 4 -1 0.3412 -0.3144 8801.1 74223.7 -1 -1 1
46 4090 -1 4 1881128 0.57206 0.25704 7251.59 71291.4 160235 160158 -1
47 11955 -1 4 -1 -0.0716 -0.1787 42658.6 59318.3 -1 -1 1
47 11955 -1 4 1255765 0.66035 -0.18916 44162.3 59970.8 160189 160197 -1
47 1484 10961780 5 -1 0.47787 -0.30412 105751 193542 80009 110019 0
47 1484 -1 5 1270026 0.38747 1.44281 72568.8 25017.8 60003 70005 -1
48 11955 -1 4 -1 -0.0712 -0.1784 44538.9 61035.2 -1 -1 1
48 11955 -1 4 1196757 0.16066 0.3125 41780.9 60028.8 160153 160137 -1
48 1484 -1 5 -1 0.4753 -0.3091 107557 36736.9 -1 -1 1
48 1484 -1 5 1486702 0.0745 -0.10651 104994 35136 160068 160055 -1
49 1484 -1 5 -1 0.4764 -0.307 102964 39693.4 -1 -1 1
49 1484 -1 5 649630 0.04665 -0.03303 103429 39163.5 160059 160087 -1
49 6951 10390585 5 -1 -0.08297 -0.23342 104464 168837 110023 140052 0
49 6951 -1 5 181411 1.66611 -0.23708 33588.4 15537.5 90007 80005 -1
49 12288 13022557 6 -1 -0.21726 -0.18298 191740 193507 120044 120040 0
49 12288 -1 6 658678 0.75618 -0.67156 80698.1 40492.6 80008 120024 -1
50 4150 3791512 2 -1 0.03944 0.74275 150097 51415.7 80005 90013 0
50 4150 -1 2 520974 0.84097 -0.61746 19828.7 47820.9 70003 70004 -1
50 1484 -1 5 -1 0.4753 -0.3071 102267 43105.1 -1 -1 1
50 1484 -1 5 2199824 -0.20331 -0.35977 101336 40175.2 160180 160209 -1
50 6951 -1 5 -1 -0.0829 -0.233 104419 16390.9 -1 -1 1
50 6951 -1 5 2092961 0.33023 0.31638 104174 16716.9 160243 160247 -1
50 12288 -1 6 -1 -0.217 -0.1839 73824.3 41140.1 -1 -1 1
50 12288 -1 6 1369432 -0.15522 -0.66497 76163.9 41941.6 160155 160296 -1
51 4150 -1 2 -1 0.0228 0.7429 32376.8 48645.4 -1 -1 1
51 4150 -1 2 51741 0.19746 -0.03112 33086.2 48133.9 160068 160057 -1
51 6951 -1 5 -1 -0.0819 -0.2337 104947 11003.1 -1 -1 1
51 6951 -1 5 783857 0.32939 0.31638 103720 11919.3 160246 160221 -1
51 12288 -1 6 -1 -0.2163 -0.1841 74059.9 37348.3 -1 -1 1
51 12288 -1 6 660813 -0.36591 -0.36624 74456.9 39269.1 160309 160347 -1
52 4150 -1 2 -1 0.0334 0.7438 31259.9 46823.8 -1 -1 1
52 4150 -1 2 692402 0.19629 -0.03465 33815.8 47447.5 160102 160082 -1
52 6951 -1 5 -1 -0.0821 -0.2351 104540 16048.6 -1 -1 1
52 6951 -1 5 835361 0.17691 0.49165 103074 18406 160195 160254 -1
52 12288 -1 6 -1 -0.2169 -0.1833 72572 40915.6 -1 -1 1
52 12288 -1 6 31828 0.03399 -0.01032 71465 41585 160087 160096 -1
53 4150 -1 2 -1 0.0348 0.7461 31783.3 47859.9 -1 -1 1
53 4150 -1 2 3144291 -0.53215 0.6322 32190.3 47954.6 160149 160200 -1
54 582 5201917 3 -1 0.37888 -0.07498 125604 159940 120040 80004 0
54 582 -1 3 903458 -0.16164 1.00461 86628.8 55631.8 80007 100017 -1
55 582 -1 3 -1 0.3792 -0.0728 122746 79536.2 -1 -1 1
55 582 -1 3 635272 -0.07461 0.16148 122922 79024.9 160103 160082 -1
55 4033 9920634 5 -1 0.06353 -0.14925 115671 166322 160089 120020 0
55 4033 -1 5 889692 -0.71166 0.03715 85682.3 78849.6 100037 120037 -1
56 582 -1 4 -1 0.3794 -0.0731 5514 81128.8 -1 -1 1
56 582 -1 4 722108 -0.02917 -0.03964 6896.38 83035.2 160119 160106 -1
56 4033 -1 5 -1 0.0629 -0.1493 119323 8747.5 -1 -1 1
56 4033 -1 5 2568436 0.42791 -0.16893 119799 8503.57 160224 160168 -1
57 4667 3973870 2 -1 0.19641 0.47844 148123 41122.2 110024 90015 0
57 4667 -1 2 902588 -0.22208 -0.23327 111000 78612.3 70003 90012 -1
57 582 -1 3 -1 0.3784 -0.0747 124039 79246.5 -1 -1 1
57 582 -1 3 1468988 -0.33184 -0.67185 125228 80505.6 160179 160172 -1
57 5259 6258907 3 -1 0.00208 0.24428 108313 154870 130042 120040 0
57 5259 -1 3 1496770 1.2365 -1.68561 21623.3 78128.9 80012 80005 -1
57 4033 -1 5 -1 0.0628 -0.1495 117707 11485.4 -1 -1 1
57 4033 -1 5 110616 -0.20108 0.26712 117528 11069 160209 160222 -1
58 4667 -1 2 -1 0.196 0.4794 25814.8 41031.4 -1 -1 1
58 4667 -1 2 2227054 -0.58035 -0.02371 28287 43843.1 160243 160264 -1
58 5259 -1 3 -1 0.0033 0.2448 106664 77052.1 -1 -1 1
58 5259 -1 3 2039406 -0.058 -0.04923 104968 74164.3 160064 160082 -1
58 4033 -1 5 -1 0.0621 -0.1503 117052 13282 -1 -1 1
58 4033 -1 5 1050045 -0.41993 -0.58022 115699 10311.1 160249 160291 -1
59 4667 -1 2 -1 0.2 0.4779 25155.8 40840.6 -1 -1 1
59 4667 -1 2 5088 0.25718 0.26213 24967.1 40959.7 160187 160160 -1
59 5259 -1 3 -1 0.0034 0.2452 107047 77613.7 -1 -1 1
59 5259 -1 3 365520 -0.02911 0.07277 107853 78144.6 160149 160138 -1
60 4667 -1 2 -1 0.1965 0.4783 23566 38031.2 -1 -1 1
60 4667 -1 2 1996826 0.22508 0.45004 23219.1 40172.2 160267 160222 -1
60 5259 -1 3 -1 0.0022 0.2447 106264 75783 -1 -1 1
60 5259 -1 3 800588 0.00605 -0.03231 104902 77976.3 160084 160072 -1
61 475 775290 1 -1 0.15114 0.67542 117321 58719.8 70005 70006 0
61 475 -1 1 775302 -0.66528 0.32289 115749 57279.2 160199 160226 -1
62 475 -1 1 -1 0.1487 0.6746 114282 55457.2 -1 -1 1
62 475 -1 1 1332953 0.62485 0.39234 111296 57531.7 160191 160205 -1
63 475 -1 1 -1 0.1519 0.6758 114236 55361.2 -1 -1 1
63 475 -1 1 229090 0.16108 0.32969 114521 55546.4 160170 160153 -1
63 12160 2747941 2 -1 -0.12045 0.25944 208240 84083.9 90008 110016 0
63 12160 -1 2 689936 1.35619 1.33087 26406.3 42790.6 80003 70004 -1
63 5002 9506226 6 -1 -0.26602 -0.16763 212189 203658 110015 90012 0
63 5002 -1 6 455681 0.29337 0.28465 81761.6 54906.4 110019 120021 -1
64 475 -1 1 -1 0.1469 0.6804 113390 53463.4 -1 -1 1
64 475 -1 1 708689 -0.01546 -0.03831 112605 50511.1 160041 160064 -1
64 12160 -1 2 -1 -0.1253 0.2566 88813.9 83999.4 -1 -1 1
64 12160 -1 2 2906581 0.2357 0.57794 89348 83438.2 160199 160221 -1
64 7456 11861575 6 -1 0.29616 0.35137 153103 173139 120026 90011 0
64 7456 -1 6 2424983 0 0 0 0 -1 -1 -1
64 5002 -1 6 -1 -0.265 -0.1692 92024.9 45547.9 -1 -1 1
64 5002 -1 6 684134 0.09879 -0.17793 92288.3 46054.9 160056 160096 -1
65 12160 -1 2 -1 -0.124 0.2578 87252.5 83785.2 -1 -1 1
65 12160 -1 2 2217308 -0.03399 0.56647 89842.8 82391.4 160231 160220 -1
65 9252 6058839 3 -1 0.07009 0.39667 100182 160761 120040 110017 0
65 9252 -1 3 615985 1.62108 -0.49135 20492.6 77243.1 70005 100022 -1
65 9965 4329682 3 -1 0.90835 0.29972 102551 92102.7 100029 90008 0
65 9965 -1 3 167797 0.01849 1.43777 75751.7 14119.5 60002 70003 -1
65 7456 -1 6 -1 0.2966 0.3507 32655.9 17388.9 -1 -1 1
65 7456 -1 6 197752 0.05816 -0.09333 33457.7 17460.6 160085 160070 -1
65 5002 -1 6 -1 -0.265 -0.1703 91124.6 49821.8 -1 -1 1
65 5002 -1 6 256329 -0.2179 -0.31094 93433.9 51344.8 160307 160353 -1
66 12160 -1 2 -1 -0.122 0.259 88144.3 82422.6 -1 -1 1
66 12160 -1 2 2235719 0.23009 0.57475 87939.6 82259.4 160230 160213 -1
66 9252 -1 3 -1 0.0741 0.3963 101461 83434.2 -1 -1 1
66 9252 -1 3 332565 -0.39628 0.19822 104187 81985.8 160083 160082 -1
66 9965 -1 3 -1 0.9098 0.2916 100532 15089.8 -1 -1 1
66 9965 -1 3 592301 -0.00835 0.04411 100019 17843.5 160077 160070 -1
66 7456 -1 6 -1 0.2986 0.3474 34808.3 13007 -1 -1 1
66 7456 -1 6 130681 0.16093 0.08155 33121.7 10478.8 160119 160151 -1
66 5002 -1 6 -1 -0.2663 -0.168 95113.9 46545.6 -1 -1 1
66 5002 -1 6 35396 0.12853 -0.1057 97798.9 49220.9 160056 160070 -1
67 9252 -1 3 -1 0.0744 0.3959 102211 81678.7 -1 -1 1
67 9252 -1 3 1534312 0.10568 0.20886 99411.5 81896.2 160118 160106 -1
67 9965 -1 3 -1 0.9097 0.2913 100583 13414.7 -1 -1 1
67 9965 -1 3 978421 -0.58148 -0.23767 100175 13365.6 160259 160198 -1
67 7456 -1 6 -1 0.3001 0.3464 33636.4 15684.7 -1 -1 1
67 7456 -1 6 1669351 0.46117 0.20203 36600.2 16850.6 160182 160186 -1
67 2347 13877635 6 -1 -0.00993 -0.3399 174487 189872 120022 120038 0
67 2347 -1 6 2434382 0 0 0 0 -1 -1 -1
68 1776 5077074 2 -1 0.33275 0.32745 184374 41501.3 100023 130057 0
68 1776 -1 2 2677315 0 0 0 0 -1 -1 -1
68 4348 6449654 3 -1 0.06056 0.07777 111877 124250 90010 130042 0
68 4348 -1 3 2693814 1.55565 -0.26586 102540 59930 100024 90005 -1
68 9252 -1 3 -1 0.0728 0.3962 103204 81504.2 -1 -1 1
68 9252 -1 3 2236152 0.0194 -0.05423 103882 80818.3 160078 160088 -1
68 9965 -1 3 -1 0.9103 0.2971 100099 13476.5 -1 -1 1
68 9965 -1 3 1299528 -0.09598 0.04484 100874 10525.6 160056 160051 -1
68 2347 -1 6 -1 -0.0103 -0.3392 55952 30794.9 -1 -1 1
68 2347 -1 6 1283086 0.11095 0.30632 55622.7 31698.1 160251 160204 -1
69 1776 -1 2 -1 0.3323 0.3281 64316.4 42773.3 -1 -1 1
69 1776 -1 2 252920 0.02464 0.41194 63920.7 42227.6 160237 160262 -1
69 4348 -1 3 -1 0.0611 0.0774 110589 46535.8 -1 -1 1
69 4348 -1 3 484060 -0.10618 -0.02079 107696 46242.6 160058 160103 -1
69 1127 10596885 5 -1 -0.00699 -0.33537 128751 201658 100025 120045 0
69 1127 -1 5 247441 0.8806 -1.07238 6361.03 38893.5 90008 80007 -1
69 2347 -1 6 -1 -0.0106 -0.3401 56904.7 32285.5 -1 -1 1
69 2347 -1 6 859992 0.01916 -4e-05 57477.6 32210.6 160092 160088 -1
70 1776 -1 2 -1 0.3327 0.3273 62354 42130 -1 -1 1
70 1776 -1 2 450952 -0.00349 -0.10213 63188.8 42777 160073 160065 -1
70 4348 -1 3 -1 0.0603 0.078 110745 47953.7 -1 -1 1
70 4348 -1 3 2472087 -0.46496 -0.29932 109380 48591 160174 160172 -1
70 1127 -1 6 -1 -0.0107 -0.3353 11579.1 42089.8 -1 -1 1
70 1127 -1 6 937180 0.23728 0.38722 12132.5 42658.9 160259 160345 -1
70 2347 -1 6 -1 -0.012 -0.3394 57426.3 33252.6 -1 -1 1
70 2347 -1 6 1963830 0.01143 0.80929 58430.2 33830.9 160183 160166 -1
71 1776 -1 2 -1 0.3282 0.3338 61491.8 40038.5 -1 -1 1
71 1776 -1 2 1146965 -0.48201 -0.27242 62998.5 42389.3 160121 160163 -1
71 4348 -1 3 -1 0.0598 0.0786 106678 44734 -1 -1 1
71 4348 -1 3 1132681 -0.06001 -0.00963 109105 44911.1 160085 160066 -1
71 1970 5328781 3 -1 0.35984 -0.22661 106461 122817 100022 80008 0
71 1970 -1 3 455068 -1.07613 -0.22482 9884.37 43801.1 80010 70004 -1
71 1127 -1 6 -1 -0.0059 -0.3358 7215.1 42208.5 -1 -1 1
71 1127 -1 6 936497 0.10854 0.04017 9098.41 45082.6 160075 160086 -1
72 1970 -1 3 -1 0.3611 -0.2248 104618 45347.2 -1 -1 1
72 1970 -1 3 1137040 -0.1016 -0.02559 106393 45894 160076 160089 -1
72 1127 -1 6 -1 -0.0092 -0.3356 5442.1 41270.7 -1 -1 1
72 1127 -1 6 699604 0.23905 0.40874 6244.06 41234.7 160270 160298 -1
73 1970 -1 3 -1 0.3609 -0.2246 107054 46661 -1 -1 1
73 1970 -1 3 1588466 -0.30717 0.01624 107392 46038.3 160261 160243 -1
74 1778 4277899 2 -1 -0.20256 0.26472 167739 80975.2 110020 120030 0
74 1778 -1 2 808105 -0.23437 -1.05169 83522.9 72521 80005 70005 -1
74 5264 5883406 3 -1 0.14015 0.09734 94820.9 90221.4 80006 150069 0
74 5264 -1 3 267166 -0.73561 -0.45298 38645.6 48023 110032 100013 -1
74 8307 5242575 3 -1 0.26995 0.43799 116688 91047.8 100021 90017 0
74 8307 -1 3 178234 0.70939 -0.82378 57169.5 13718.1 90007 60002 -1
74 1970 -1 3 -1 0.3584 -0.2279 103915 46103.4 -1 -1 1
74 1970 -1 3 1558101 -0.26101 0.28129 104799 43696.5 160127 160149 -1
75 1778 -1 2 -1 -0.2032 0.2641 51091.8 81972.4 -1 -1 1
75 1778 -1 2 653395 -0.06492 -0.03581 53906.8 83541 160082 160073 -1
75 5264 -1 3 -1 0.14 0.0976 97969.2 12378.5 -1 -1 1
75 5264 -1 3 170737 -0.01171 -0.01302 97780.9 11734.7 160063 160088 -1
75 8307 -1 3 -1 0.2692 0.4388 119728 12966.8 -1 -1 1
75 8307 -1 3 164297 -0.00622 0.06954 122339 11829.1 160079 160089 -1
76 1778 -1 2 -1 -0.2018 0.2658 51757 79095.5 -1 -1 1
76 1778 -1 2 1821386 -0.05968 -0.03547 53711.4 81721.3 160102 160107 -1
76 5264 -1 3 -1 0.1401 0.0974 96780.2 10622.7 -1 -1 1
76 5264 -1 3 117983 0.19879 0.0443 97310.8 10665.4 160125 160112 -1
76 8307 -1 3 -1 0.2697 0.4377 118079 9972.1 -1 -1 1
76 8307 -1 3 167856 0.04117 0.10913 120302 11535.4 160078 160082 -1
77 1778 -1 2 -1 -0.2031 0.2626 49611.2 78692.1 -1 -1 1
77 1778 -1 2 958360 0.05424 -0.09863 49465.5 78316.6 160061 160073 -1
77 5264 -1 3 -1 0.1393 0.0989 95624.6 10373.3 -1 -1 1
77 5264 -1 3 821331 0.19964 0.04117 96552.4 10447.7 160119 160118 -1
77 8307 -1 3 -1 0.2652 0.4417 116814 9654.5 -1 -1 1
77 8307 -1 3 123126 -0.01829 0.01152 114823 8570.31 160112 160077 -1
78 6828 7484482 4 -1 -0.00115 -0.40376 134658 94193.5 80008 130054 0
78 6828 -1 4 1931098 0.25929 -1.71236 112901 7846.71 90005 90010 -1
78 9136 7957757 4 -1 0.207 -0.2821 174650 163569 130054 90024 0
78 9136 -1 4 6610088 0 0 0 0 -1 -1 -1
79 6828 -1 4 -1 0.002 -0.4038 11745.5 14095.1 -1 -1 1
79 6828 -1 4 945921 0.01352 -0.01659 11318.9 14304.1 160069 160076 -1
79 9136 -1 4 -1 0.2091 -0.2805 51018.7 83671.6 -1 -1 1
79 9136 -1 4 1532008 0.45134 -0.07948 51774.7 84693.5 160170 160193 -1
80 6069 4158687 2 -1 0.0236 -0.19863 177646 83441.1 100015 160067 0
80 6069 -1 2 1527538 0.19096 4.9017 98109.2 391.35 70004 80002 -1
80 8478 5235947 3 -1 0.11891 0.58489 97691.2 89505.5 90014 100024 0
80 8478 -1 3 801498 1.14819 -1.57973 102073 80395.4 90010 80003 -1
80 2493 8596441 4 -1 -0.10997 -0.05113 200653 101874 130036 150082 0
80 2493 -1 4 132933 1.05062 1.40438 83844.2 8091.53 70003 60004 -1
80 6828 -1 4 -1 -0.0025 -0.4042 13257.4 18551 -1 -1 1
80 6828 -1 4 1065245 0.01305 -0.01698 14131 16669.9 160086 160109 -1
80 9136 -1 6 -1 0.2045 -0.2831 54029.1 6294.7 -1 -1 1
80 9136 -1 6 949750 0.00372 0.09107 54789.6 6467.09 160084 160100 -1
81 6069 -1 2 -1 0.0263 -0.1982 55850.2 81058.1 -1 -1 1
81 6069 -1 2 1947383 -0.3301 -0.21193 55452.7 81817.8 160226 160264 -1
81 8478 -1 3 -1 0.1143 0.5855 94871.4 7209.2 -1 -1 1
81 8478 -1 3 107854 -0.10869 0.06628 94035.1 6635.25 160070 160043 -1
81 2493 -1 4 -1 -0.1093 -0.0525 79018.8 20858.3 -1 -1 1
81 2493 -1 4 1058129 -0.01754 0.00451 83953.6 22657.9 160093 160093 -1
81 6828 -1 4 -1 -0.0015 -0.4041 10886.3 15543.6 -1 -1 1
81 6828 -1 4 177599 0.01252 -0.01955 12825.5 14686.7 160088 160074 -1
81 9136 -1 4 -1 0.2063 -0.2829 50118.8 84428.7 -1 -1 1
81 9136 -1 4 807929 -0.4764 0.24782 50295 85918 160204 160267 -1
82 8478 -1 1 -1 0.1153 0.5885 96724.6 84454.8 -1 -1 1
82 8478 -1 1 1495831 0.05868 0.05213 93890.4 81889.9 160102 160058 -1
82 6069 -1 2 -1 0.0246 -0.1991 57112.4 83037.3 -1 -1 1
82 6069 -1 2 2533947 -0.33402 -0.20731 56702 83153.4 160237 160249 -1
82 2493 -1 4 -1 -0.1096 -0.052 80744.5 21351.9 -1 -1 1
82 2493 -1 4 602192 -0.00402 -0.02119 79942.1 22415.6 160104 160085 -1
83 8478 -1 1 -1 0.1169 0.5852 93734.4 83977.6 -1 -1 1
83 8478 -1 1 1113716 -0.57483 -0.26441 96421.7 84849 160237 160198 -1
83 6069 -1 2 -1 0.0256 -0.1987 53692.7 82240 -1 -1 1
83 6069 -1 2 546974 -0.33534 -0.21414 54425.8 81624.2 160208 160241 -1
83 2493 -1 4 -1 -0.1088 -0.0529 78450.8 21072.8 -1 -1 1
83 2493 -1 4 332718 0.00057 -0.02233 78676.2 21723.8 160092 160076 -1
83 12259 8586760 5 -1 0.07486 -0.27128 67400.6 174531 110035 130044 0
83 12259 -1 5 655334 -1.31036 -0.36568 37680.6 78696.2 100013 90011 -1
83 8703 11206854 6 -1 0.27029 0.02612 144259 185066 100016 130048 0
83 8703 -1 6 207986 -0.95465 -0.48368 68762.3 25578.4 60002 90009 -1
84 12259 -1 5 -1 0.0745 -0.2714 71129 21107.6 -1 -1 1
84 12259 -1 5 331138 0.01508 0.05409 70471.1 23667 160085 160065 -1
84 8703 -1 6 -1 0.2706 0.0258 28073 30775 -1 -1 1
84 8703 -1 6 377410 0.04062 0.05207 27818.4 30192.4 160071 160054 -1
85 12259 -1 5 -1 0.0765 -0.2704 72657.3 20135.5 -1 -1 1
85 12259 -1 5 1917357 -0.12951 0.58563 69677.3 20319.8 160193 160119 -1
85 7795 11685901 5 -1 0.57192 -0.09508 123774 188433 100030 90008 0
85 7795 -1 5 999921 -0.04454 0.13915 103279 13769.8 140046 100013 -1
85 8703 -1 6 -1 0.2697 0.0274 30196.5 30188.5 -1 -1 1
85 8703 -1 6 1297724 0.02983 -0.72971 32798.8 30775 160174 160108 -1
86 12259 -1 5 -1 0.0761 -0.2697 69770.6 17203.3 -1 -1 1
86 12259 -1 5 178875 -0.03036 0.09797 69136.1 16967 160057 160060 -1
86 7795 -1 5 -1 0.5718 -0.0972 118930 29144.3 -1 -1 1
86 7795 -1 5 369233 -0.34768 0.31704 117453 27529.1 160174 160128 -1
86 8703 -1 6 -1 0.2714 0.0265 24811.3 26693.1 -1 -1 1
86 8703 -1 6 813380 -0.57338 -0.57861 25393.6 24778.7 160280 160284 -1
87 3250 1043431 1 -1 -0.12646 -0.08325 73843.3 83795.3 130023 130023 0
87 3250 -1 1 1952138 0 0 0 0 -1 -1 -1
87 3254 1043431 1 -1 -0.12646 -0.08325 73843.3 83795.3 130023 130023 0
87 3254 -1 1 526729 -0.11273 0.24015 71292.6 81293.9 160159 160215 -1
87 4433 4648899 3 -1 0.01259 -0.11715 73979.6 140285 120031 120021 0
87 4433 -1 3 798294 0.27692 -1.06335 12923 72459.3 80006 60002 -1
87 7795 -1 5 -1 0.5716 -0.0973 120430 28576.4 -1 -1 1
87 7795 -1 5 1262089 0.08173 -0.01737 119634 28558.1 160067 160072 -1
88 3250 -1 1 -1 -0.1265 -0.0832 67581.1 82076.4 -1 -1 1
88 3250 -1 1 1102429 0.0049 0.42321 66169.4 83081.3 160114 160132 -1
88 3254 -1 1 -1 -0.1265 -0.0832 67581.1 82076.4 -1 -1 1
88 3254 -1 1 1061327 -0.56343 0.07646 66071.9 79109.3 160177 160199 -1
88 3829 4533011 3 -1 0.2302 0.19678 80341.5 142542 80018 70004 0
88 3829 -1 3 936229 -1.06228 0.33169 19356.2 48574.7 80005 70005 -1
88 4433 -1 3 -1 0.0125 -0.117 68000.4 60383.3 -1 -1 1
88 4433 -1 3 1814783 -0.34527 -0.50092 65045.3 58017 160129 160174 -1
88 7795 -1 5 -1 0.5711 -0.0979 113501 31806.1 -1 -1 1
88 7795 -1 5 590682 -0.09381 -0.35283 113153 34754.1 160112 160175 -1
89 3250 -1 1 -1 -0.1258 -0.0838 69830 84027.4 -1 -1 1
89 3250 -1 1 1383841 0.1321 -0.05106 68082.8 83745.8 160069 160066 -1
89 3254 -1 1 -1 -0.1258 -0.0838 69830 84027.4 -1 -1 1
89 3254 -1 1 1383786 0.08079 -0.07613 68644.8 85123.2 160057 160121 -1
89 4293 3441006 2 -1 -0.10265 0.26433 189747 67019.1 120040 130050 0
89 4293 -1 2 1608252 -0.8273 0.87252 114014 628.08 110026 120044 -1
89 3829 -1 3 -1 0.2312 0.1957 82013.4 64329.2 -1 -1 1
89 3829 -1 3 1858648 -0.05017 -0.07306 84345.6 61418.5 160058 160075 -1
89 4433 -1 3 -1 0.0121 -0.1172 69115 60750.1 -1 -1 1
89 4433 -1 3 793629 -0.03648 0.09377 71609.8 63087.3 160085 160083 -1
90 3250 -1 1 -1 -0.1269 -0.0829 72761.1 82968.9 -1 -1 1
90 3250 -1 1 1237736 -0.41555 -0.09987 72953 82903.4 160225 160278 -1
90 3254 -1 1 -1 -0.1269 -0.0829 72761.1 82968.9 -1 -1 1
90 3254 -1 1 1237924 -0.83096 -0.02365 73420.5 82010.7 160200 160211 -1
90 4293 -1 2 -1 -0.1016 0.2646 73160.9 63458.9 -1 -1 1
90 4293 -1 2 771385 -0.0992 -0.14549 75450 63353 160083 160092 -1
90 3829 -1 3 -1 0.2298 0.1974 84473 63614.2 -1 -1 1
90 3829 -1 3 525432 -0.02287 0.0268 84989.4 62765.2 160075 160088 -1
90 4433 -1 3 -1 0.0129 -0.1177 72322 61054.9 -1 -1 1
90 4433 -1 3 525627 -0.09122 -0.09877 76258.7 62107.4 160059 160083 -1
90 806 7401938 4 -1 0.09474 0.35716 174422 94684.1 100027 90011 0
90 806 -1 4 132899 -0.83094 -0.28318 31236.6 9133.47 120034 80007 -1
91 4293 -1 2 -1 -0.0995 0.2653 73280.3 65098.4 -1 -1 1
91 4293 -1 2 2702382 -0.0524 -0.03283 73128.3 64893.3 160168 160150 -1
91 6231 4645792 2 -1 -0.0772 0.22939 183756 79512.4 120022 100021 0
91 6231 -1 2 1271249 -0.09049 -1.16711 22616.6 62796.1 60002 90015 -1
91 3829 -1 3 -1 0.2309 0.1965 84376.2 64832.6 -1 -1 1
91 3829 -1 3 502368 0.02847 -0.06762 83453.7 65386.2 160076 160063 -1
91 806 -1 4 -1 0.0985 0.3565 55234.9 16473.6 -1 -1 1
91 806 -1 4 745785 -0.09629 -0.32109 53363.9 13867.2 160183 160233 -1
92 8723 779457 1 -1 0.02832 0.03252 125666 78389.7 140039 160093 0
92 8723 -1 1 778115 0.07417 -0.07356 126618 78991.2 160080 160082 -1
92 4293 -1 2 -1 -0.101 0.2653 70005.9 62732.8 -1 -1 1
92 4293 -1 2 1565618 -0.24102 -0.26112 67749 62912.7 160205 160168 -1
92 6231 -1 2 -1 -0.0795 0.2288 60861.9 77663 -1 -1 1
92 6231 -1 2 842964 -0.02223 0.0402 61803.7 78613.2 160136 160127 -1
92 5271 8570307 4 -1 0.18516 -0.33756 130621 155039 110026 100033 0
92 5271 -1 4 1512171 0.21548 -0.15008 14266 31234.3 90013 70004 -1
92 806 -1 4 -1 0.0929 0.3582 51402.7 15298.8 -1 -1 1
92 806 -1 4 1229765 -0.08413 -0.29433 50132.9 14594.5 160233 160212 -1
93 8723 -1 2 -1 0.0285 0.0324 6322.5 80271.2 -1 -1 1
93 8723 -1 2 973207 -0.38754 0.19025 6415.32 80772.7 160141 160152 -1
93 6231 -1 2 -1 -0.0781 0.2285 62168.9 78772.5 -1 -1 1
93 6231 -1 2 1943535 -0.0248 0.03195 63813.4 78542.5 160055 160059 -1
93 5271 -1 4 -1 0.1858 -0.3371 12668.2 78947.5 -1 -1 1
93 5271 -1 4 481784 -0.24671 0.04835 15484 81241.4 160144 160151 -1
93 806 -1 4 -1 0.0927 0.3577 53955.6 16190.6 -1 -1 1
93 806 -1 4 643071 0.06419 0.28376 54881.4 16651.5 160177 160146 -1
93 5979 7373182 4 -1 -0.16967 -0.20467 159954 142358 90011 110021 0
93 5979 -1 4 2050356 0 0 0 0 -1 -1 -1
93 7243 10117575 5 -1 0.38183 -0.19763 115499 188098 100011 100019 0
93 7243 -1 5 597191 -0.4352 -0.44901 73729.7 81229.2 130055 120034 -1
94 8723 -1 2 -1 0.0286 0.0323 5657 78650.5 -1 -1 1
94 8723 -1 2 2750883 0.3958 -0.2051 5725.67 79730.9 160206 160173 -1
94 6231 -1 2 -1 -0.0773 0.2293 61791.7 76503.9 -1 -1 1
94 6231 -1 2 964682 -0.03427 0.04787 62558.3 78114.3 160071 160100 -1
94 2721 6208281 3 -1 0.11608 0.00661 95178 142760 100030 110015 0
94 2721 -1 3 2872409 0 0 0 0 -1 -1 -1
94 5271 -1 4 -1 0.1842 -0.3374 10703 78211.5 -1 -1 1
94 5271 -1 4 699988 0.08733 0.0098 10520.4 80807.4 160091 160079 -1
94 5979 -1 4 -1 -0.1688 -0.2058 39318 62833.4 -1 -1 1
94 5979 -1 4 2073158 0.35197 0.47066 41945.8 64443.2 160166 160182 -1
94 7243 -1 5 -1 0.3821 -0.1986 113223 26928.3 -1 -1 1
94 7243 -1 5 1240997 -0.50244 -0.28827 111123 27871.5 160204 160215 -1
95 8723 -1 2 -1 0.0286 0.0323 7560.3 80599 -1 -1 1
95 8723 -1 2 944497 0.40777 -0.69012 4702.85 79854.7 160260 160240 -1
95 2721 -1 3 -1 0.116 0.0077 96575.6 67085.3 -1 -1 1
95 2721 -1 3 1955404 -0.56595 -0.15237 97858.5 68842.3 160318 160295 -1
95 5271 -1 4 -1 0.1858 -0.3356 12810.6 79998.4 -1 -1 1
95 5271 -1 4 1963138 -0.14181 0.53874 12323.8 79050.6 160277 160243 -1
95 5979 -1 4 -1 -0.1669 -0.2068 41849.6 64763.1 -1 -1 1
95 5979 -1 4 1788853 -0.40204 -0.19491 41436.3 62420.3 160242 160250 -1
95 7243 -1 5 -1 0.3815 -0.1976 115600 30363.5 -1 -1 1
95 7243 -1 5 533954 0.24936 -0.00965 114855 30629.1 160132 160158 -1
96 1389 5658558 3 -1 0.37999 0.42417 101704 103056 80008 90006 0
96 1389 -1 3 2582621 0 0 0 0 -1 -1 -1
96 2721 -1 3 -1 0.1159 0.0056 94756.5 64280.7 -1 -1 1
96 2721 -1 3 1269548 0.00447 0.04304 96656.4 63024.2 160087 160067 -1
96 5979 -1 4 -1 -0.1704 -0.2047 41522.4 63191 -1 -1 1
96 5979 -1 4 1009622 -0.37516 -0.17139 41837.3 62637.4 160207 160186 -1
96 7243 -1 5 -1 0.38 -0.203 112461 29407.4 -1 -1 1
96 7243 -1 5 830228 -0.03406 0.35585 113710 30914.7 160148 160188 -1
97 1389 -1 3 -1 0.3767 0.4276 103329 25276.1 -1 -1 1
97 1389 -1 3 344920 -0.04287 0.05565 102870 25126.9 160080 160077 -1
97 2721 -1 3 -1 0.1161 0.0061 97094.1 65940.7 -1 -1 1
97 2721 -1 3 968589 0.5433 -0.19356 97180.8 65693 160182 160168 -1
98 1389 -1 3 -1 0.3711 0.4322 99084.8 22510.7 -1 -1 1
98 1389 -1 3 344809 -0.03543 -0.1148 99054.1 23055.7 160106 160119 -1
99 1389 -1 3 -1 0.3764 0.4276 100459 22408.4 -1 -1 1
99 1389 -1 3 984906 -0.06368 -0.10073 99851.9 22861 160060 160071 -1
102 2399 12365234 6 -1 -0.06831 -0.12886 175585 200379 100017 110023 0
102 2399 -1 6 1779892 -0.14905 -2.90556 84302.3 44670.3 100012 80003 -1
103 2399 -1 6 -1 -0.0684 -0.1289 53160 40301.1 -1 -1 1
103 2399 -1 6 886581 -0.42867 0.13225 53112.2 38690.2 160259 160267 -1
104 11186 12190872 5 -1 0.26312 -0.39567 80572.1 206498 100021 100032 0
104 11186 -1 5 457385 -0.25146 -0.26273 80753.1 44859 110018 110017 -1
104 2399 -1 6 -1 -0.0685 -0.1293 53750 40619.5 -1 -1 1
104 2399 -1 6 21335 -0.14229 -0.13959 53918.4 43447.2 160124 160071 -1
105 11186 -1 5 -1 0.2635 -0.3958 81564.6 44521.8 -1 -1 1
105 11186 -1 5 233872 0.28904 0.76411 81366.2 43834.8 160243 160194 -1
105 2399 -1 6 -1 -0.0687 -0.129 53634.8 38804.3 -1 -1 1
105 2399 -1 6 1327052 -0.47936 -0.16957 53837.4 38651.1 160150 160141 -1
106 11186 -1 5 -1 0.2587 -0.3973 79977.3 47210.6 -1 -1 1
106 11186 -1 5 716327 0.04471 -0.07215 80622.2 47842.8 160063 160069 -1
107 11186 -1 5 -1 0.2602 -0.3975 83079.5 48396.7 -1 -1 1
107 11186 -1 5 34913 0.02395 0.75557 81777.1 45459.9 160211 160240 -1
108 1875 5472755 3 -1 -0.13398 0.36456 100448 100293 110023 70003 0
108 1875 -1 3 1685805 0.76051 0.70522 112749 24795.9 120037 110028 -1
109 1875 -1 3 -1 -0.1323 0.3652 102403 22965.2 -1 -1 1
109 1875 -1 3 1168498 -0.00456 -0.07989 104840 21494.6 160071 160095 -1
110 1875 -1 3 -1 -0.1347 0.3636 101426 20540 -1 -1 1
110 1875 -1 3 206675 -0.53706 0.4066 101761 20745.3 160194 160167 -1
111 1875 -1 3 -1 -0.1337 0.3627 102653 21836.8 -1 -1 1
111 1875 -1 3 314579 -0.56624 0.08884 102202 21482.5 160199 160230 -1
117 9883 14472143 6 -1 -0.16406 -0.50316 176381 170674 90011 90019 0
117 9883 -1 6 2770360 0.48478 0.25644 100196 76461.3 100026 100013 -1
117 9887 13613540 6 -1 -0.09598 -0.49378 137502 181250 100025 130045 0
117 9887 -1 6 2859697 0 0 0 0 -1 -1 -1
118 9883 -1 6 -1 -0.1665 -0.5011 57552.7 13096 -1 -1 1
118 9883 -1 6 162305 0.03055 -0.05639 57218.7 12899.8 160095 160093 -1
118 9887 -1 6 -1 -0.0988 -0.494 18556.6 23803.4 -1 -1 1
118 9887 -1 6 1276019 0.02258 0.05434 18561 22980 160151 160125 -1
119 9883 -1 6 -1 -0.1657 -0.5014 55922.2 11601.2 -1 -1 1
119 9883 -1 6 177762 -0.10627 0.01779 56636.3 11286.8 160103 160080 -1
119 9887 -1 6 -1 -0.0974 -0.4922 16855.8 22238.9 -1 -1 1
119 9887 -1 6 214397 -0.07347 -0.00816 19034 20247.7 160080 160091 -1
120 11813 6296610 3 -1 0.07373 0.01247 101949 140058 120034 150064 0
120 11813 -1 3 1829312 0.90708 -0.99391 31570.4 2438.04 120020 100016 -1
120 9883 -1 6 -1 -0.1616 -0.5053 57485.2 15787.4 -1 -1 1
120 9883 -1 6 736979 0.35955 -0.13514 55770.8 15269.6 160153 160166 -1
120 9887 -1 6 -1 -0.094 -0.4941 18119.2 26206.6 -1 -1 1
120 9887 -1 6 847117 0.33818 0.1621 18626.5 26541.3 160201 160196 -1
121 11813 -1 3 -1 0.0738 0.012 101310 62184.7 -1 -1 1
121 11813 -1 3 2455969 -0.04911 0.03117 102038 63056.9 160083 160066 -1
121 3978 14026060 6 -1 0.04678 -0.05554 133318 166700 150051 160079 0
121 3978 -1 6 2615007 0.82724 1.02901 74235.4 75878.5 100008 110023 -1
122 10682 3494642 2 -1 -0.19091 0.01191 198583 83374.6 110034 140055 0
122 10682 -1 2 851708 -1.58486 -0.88676 121667 76760.8 70003 80007 -1
122 11813 -1 3 -1 0.0739 0.0118 101502 60430.9 -1 -1 1
122 11813 -1 3 304338 -0.30733 0.00999 100138 58203.8 160173 160157 -1
122 3978 -1 6 -1 0.0461 -0.0561 13418.3 6012.9 -1 -1 1
122 3978 -1 6 741281 0.01306 -0.12112 10628.6 7409.14 160099 160095 -1
123 10682 -1 2 -1 -0.1909 0.0111 78486.5 83591.1 -1 -1 1
123 10682 -1 2 1373394 -0.18517 -0.16877 79340.3 83821.9 160285 160311 -1
123 11813 -1 3 -1 0.0737 0.0118 102674 62114.2 -1 -1 1
123 11813 -1 3 586322 -0.05102 0.03185 103877 63440.3 160052 160074 -1
123 3978 -1 6 -1 0.0464 -0.0556 14990.7 6638.3 -1 -1 1
123 3978 -1 6 150662 -0.19516 -0.29732 12626.8 8512.15 160159 160165 -1
124 10682 -1 2 -1 -0.1911 0.0101 78907.1 82651.5 -1 -1 1
124 10682 -1 2 607089 -0.20507 -0.23562 77339.2 82519.1 160273 160284 -1
124 3978 -1 6 -1 0.0465 -0.0558 13133.2 5957.2 -1 -1 1
124 3978 -1 6 1716499 -0.70658 0.00492 13830.3 5609.03 160157 160146 -1
125 10682 -1 2 -1 -0.191 0.0108 79752.5 82949.8 -1 -1 1
125 10682 -1 2 2714411 -0.29474 -0.27539 79427.3 82148.3 160208 160217 -1
125 8825 7718009 3 -1 0.3303 0.18004 78776.6 108197 110029 80009 0
125 8825 -1 3 811229 -0.09417 0.89973 27208.1 82784.8 70003 90012 -1
126 8825 -1 3 -1 0.3301 0.1807 75461.5 26869.4 -1 -1 1
126 8825 -1 3 317388 -0.02189 -0.0584 77736.8 25449.8 160088 160064 -1
127 8825 -1 3 -1 0.3308 0.1796 76076.9 28758.1 -1 -1 1
127 8825 -1 3 2401602 0.80956 0.09912 73923.8 26251.6 160248 160216 -1
127 7205 9860290 4 -1 -0.07284 -0.18201 210644 100903 120029 110017 0
127 7205 -1 4 1218852 0.46044 -0.76508 24493.5 54786.6 100026 100019 -1
128 8825 -1 3 -1 0.3286 0.1834 72979.1 26124.2 -1 -1 1
128 8825 -1 3 1464115 0.02071 -0.1157 72780.2 25828.6 160067 160075 -1
128 13 11549415 4 -1 -0.07747 -0.32586 177654 148736 130037 130048 0
128 13 -1 4 2513499 -0.10245 -5.3611 54742.4 56701.8 90008 110007 -1
128 7205 -1 4 -1 -0.0683 -0.1839 88849.7 22909.8 -1 -1 1
128 7205 -1 4 340969 -0.04133 0.02927 91272.4 22880.3 160055 160079 -1
129 13 -1 4 -1 -0.0827 -0.3247 61544.7 73240.1 -1 -1 1
129 13 -1 4 899605 -0.25594 0.18241 60642.4 72414.2 160115 160127 -1
129 7205 -1 4 -1 -0.0735 -0.1816 91858.2 24112.8 -1 -1 1
129 7205 -1 4 370840 -0.02442 0.05062 92069 24757.6 160079 160114 -1
130 13 -1 4 -1 -0.0794 -0.3253 59445.3 73118.6 -1 -1 1
130 13 -1 4 536016 0.01264 -0.02697 56727.4 71109 160084 160069 -1
130 7205 -1 4 -1 -0.0712 -0.1824 90247.7 23805.6 -1 -1 1
130 7205 -1 4 325845 -0.21509 0.49307 92860.9 22873.2 160219 160198 -1
131 13 -1 4 -1 -0.0795 -0.3249 61555.3 73860.3 -1 -1 1
131 13 -1 4 769763 0.10372 0.00028 61007.7 76615.8 160110 160128 -1
