18 1587 487738 1 -1 0.15182 -0.16345 124847 74684 110016 110029 0
18 1587 -1 1 956414 -0.60722 0.21776 125132 73942.6 160141 160181 -1
18 10208 -1 3 -1 0.1514 -0.2607 90055 71213.6 -1 -1 1
18 10208 -1 3 1216450 -0.37601 0.07358 90108.8 70776.5 160131 160179 -1
19 10208 -1 3 -1 0.1515 -0.2612 91870.7 71930.3 -1 -1 1
19 10208 -1 3 1224592 0.26453 0.35273 94192.6 72145.9 160177 160172 -1
20 3858 45334 1 -1 0.23941 0.45229 56399.7 55083.6 130039 100014 0
20 3858 -1 1 51891 0.03911 0.00018 56985.7 55365.8 160081 160074 -1
20 10208 -1 3 -1 0.1533 -0.2606 90957.5 73200.5 -1 -1 1
20 10208 -1 3 1181452 -0.41862 0.08364 90711 73479.2 160188 160113 -1
21 1587 -1 1 -1 0.1529 -0.1632 124310 76157.8 -1 -1 1
21 1587 -1 1 327092 0.00836 0.00765 124437 76668.3 160102 160091 -1
21 3858 -1 1 -1 0.2415 0.4515 54717.4 54069 -1 -1 1
21 3858 -1 1 225343 0.04184 -0.03176 53081.3 53764 160045 160070 -1
23 3858 -1 1 -1 0.2388 0.4533 52329.2 51480.3 -1 -1 1
23 3858 -1 1 1167190 -0.54857 -0.46794 51335.7 51408.5 160256 160233 -1
23 2394 -1 2 -1 -0.1125 -0.0559 13760.2 44645.3 -1 -1 1
23 2394 -1 2 923134 -0.21284 -0.64222 10879.8 43705.2 160256 160230 -1
23 6983 3691057 3 -1 0.50397 -0.17646 87242.3 163837 110023 100015 0
23 6983 -1 3 1333160 0.03631 -0.62348 88219.8 84779.1 160150 160089 -1
24 10544 2625097 3 -1 -0.12622 -0.60316 94455.8 106972 100012 90008 0
24 10544 -1 3 195765 -0.09905 0.02607 93527.6 26689.6 160057 160067 -1
24 6295 -1 4 -1 0.273 0.1575 31823.7 83179.1 -1 -1 1
24 6295 -1 4 353151 0.00151 -0.17933 32051.7 82304.2 160107 160095 -1
24 10478 4804737 5 -1 0.06042 -0.80317 49871.2 177665 120025 90008 0
24 10478 -1 5 619856 0.04629 0.61149 49506.2 21627.8 160256 160196 -1
24 6983 -1 5 -1 0.5028 -0.1782 89882.2 11799.1 -1 -1 1
24 6983 -1 5 155931 0.00477 0.0164 88978.6 11323.4 160145 160131 -1
24 8023 -1 5 -1 -0.1436 -0.1186 84980.6 46973.7 -1 -1 1
24 8023 -1 5 233584 0.11577 0.07515 84798.4 46146.7 160069 160058 -1
24 9487 -1 6 -1 -0.0758 -0.0363 4898.4 19665.8 -1 -1 1
24 9487 -1 6 184486 0.0632 -0.04105 5068.24 20047.8 160081 160069 -1
25 10544 -1 3 -1 -0.1259 -0.603 93087.9 25292.9 -1 -1 1
25 10544 -1 3 177577 -0.06231 -0.18799 93727.7 26226.2 160155 160142 -1
25 6738 3377352 3 -1 0.17802 0.75911 116843 138158 130062 80005 0
25 6738 -1 3 461570 -0.08097 0.09683 116424 58893.3 160117 160056 -1
25 6295 -1 4 -1 0.2737 0.1565 30401.2 81000 -1 -1 1
25 6295 -1 4 336365 0.02632 -0.1456 29500.2 79388.5 160110 160095 -1
25 10478 -1 5 -1 0.0614 -0.8027 48447.4 19545.9 -1 -1 1
25 10478 -1 5 171241 0.03188 0.561 48062.3 19841.4 160254 160251 -1
25 9487 -1 5 -1 -0.0759 -0.036 124075 17410.6 -1 -1 1
25 9487 -1 5 150677 -0.03269 -0.03476 124149 15822.3 160061 160081 -1
25 6983 -1 5 -1 0.5027 -0.1784 88157.4 9698.5 -1 -1 1
25 6983 -1 5 140435 0.01833 0.02445 87668.4 9062.29 160126 160112 -1
25 8023 -1 5 -1 -0.1436 -0.1184 83799.8 44816.7 -1 -1 1
25 8023 -1 5 909866 -0.49048 -0.05077 82837.4 44847.1 160223 160239 -1
26 4196 35339 1 -1 -0.11072 -0.26607 97791.7 54439.1 140036 70002 0
26 4196 -1 1 46293 0.24219 -0.09326 98337.1 53595.3 160111 160089 -1
26 3196 -1 2 -1 0.0423 -0.2751 89167.1 48015.9 -1 -1 1
26 3196 -1 2 22612 -0.04645 -0.21332 88750.2 47513.8 160060 160051 -1
26 623 -1 2 -1 0.1409 0.1536 22554.4 73161.7 -1 -1 1
26 623 -1 2 77285 -0.22251 -0.00797 20599 70857.9 160226 160202 -1
26 10544 -1 3 -1 -0.1257 -0.602 92225.3 28179.5 -1 -1 1
26 10544 -1 3 846250 -0.21727 -0.35959 94831.9 29848.4 160208 160164 -1
26 5488 2689244 3 -1 -0.1207 -0.3176 82155.1 135744 120036 110009 0
26 5488 -1 3 466451 -0.03389 0.00052 83117.7 56494.3 160113 160081 -1
26 6738 -1 3 -1 0.1768 0.7584 115263 58138.8 -1 -1 1
26 6738 -1 3 49303 0.13167 -0.27669 115805 58822.3 160151 160154 -1
26 1124 4030950 4 -1 0.50672 0.29321 162622 133225 120042 100021 0
26 1124 -1 4 35611 -0.01579 0.00741 43543.3 53193.3 160057 160046 -1
26 6295 -1 4 -1 0.2727 0.1582 28883 82155 -1 -1 1
26 6295 -1 4 510470 -0.02589 -0.0855 28322.9 82479.8 160084 160072 -1
26 10478 -1 5 -1 0.0629 -0.8017 46791.7 23120.8 -1 -1 1
26 10478 -1 5 1064113 0.12048 -0.40524 48029.7 25083.2 160199 160222 -1
26 6983 -1 5 -1 0.5019 -0.1761 85339.1 11609.5 -1 -1 1
26 6983 -1 5 359735 -0.56579 0.23257 85158.5 11484.5 160224 160202 -1
26 8023 -1 5 -1 -0.1433 -0.1184 82620.2 46537.8 -1 -1 1
26 8023 -1 5 249986 0.05498 -0.08532 81971.4 49322.8 160104 160055 -1
29 5130 -1 6 -1 0.6865 0.102 17660.2 16555.1 -1 -1 1
29 5130 -1 6 178222 0.27705 -0.14887 16991.9 17483.2 160243 160204 -1
30 3852 -1 4 -1 0.1724 0.4499 55349.6 45602.9 -1 -1 1
30 3852 -1 4 474947 -0.65364 -0.36302 56115.8 48596.2 160181 160218 -1
32 9955 3079212 3 -1 -0.11441 0.07784 116634 114002 140048 160061 0
32 9955 -1 3 636695 -0.33508 -0.56926 115459 35980.3 160324 160315 -1
32 5210 4171823 4 -1 0.02401 0.19315 141195 105565 120021 130036 0
32 5210 -1 4 415171 -0.06083 0.54992 18591.9 27609.8 160186 160194 -1
33 9955 -1 3 -1 -0.1153 0.0766 113416 34379.8 -1 -1 1
33 9955 -1 3 432368 0.02396 -0.04372 113941 33925.7 160082 160062 -1
34 3492 85418 1 -1 -0.041 -0.05098 63989.4 67043.8 160062 160068 0
34 3492 -1 1 1342769 -0.4185 -0.23737 63391 67042.9 160228 160144 -1
35 9955 -1 3 -1 -0.1154 0.0764 113797 33426.3 -1 -1 1
35 9955 -1 3 203446 0.10127 -0.04967 113905 32817.4 160115 160151 -1
38 8322 -1 5 -1 -0.0191 -0.9266 116973 39167.8 -1 -1 1
38 8322 -1 5 431086 -0.54425 0.48985 117742 39207.3 160185 160141 -1
39 7224 -1 3 -1 0.2037 -0.1505 78082.3 8832.8 -1 -1 1
39 7224 -1 3 135304 0.06777 -0.05143 78807.1 8473.01 160084 160068 -1
39 2069 2428407 3 -1 -0.07299 -0.15238 59779.8 118063 150052 110017 0
39 2069 -1 3 1034 0.12618 0.33237 60318.7 37805.6 160102 160095 -1
39 450 -1 6 -1 -0.1978 -0.2191 46861.7 38358.7 -1 -1 1
39 450 -1 6 222544 -0.4199 0.04192 46126.6 37468.5 160108 160119 -1
40 3284 1568660 2 -1 -0.1417 -0.10653 200427 50694.1 160070 130034 0
40 3284 -1 2 30283 0.04857 -0.01756 81037.3 50838 160074 160061 -1
40 3815 1811851 2 -1 0.29097 0.19496 141735 72143.2 80009 110017 0
40 3815 -1 2 744558 -0.61138 -0.17194 20895.6 73265.8 160220 160203 -1
41 3284 -1 2 -1 -0.1423 -0.1058 79503 51723.5 -1 -1 1
41 3284 -1 2 35503 -0.02056 -0.03168 82136 48749.8 160069 160057 -1
41 3815 -1 2 -1 0.2922 0.194 20561.8 73217.7 -1 -1 1
41 3815 -1 2 546249 -0.11773 0.15327 20411.2 73056.9 160155 160114 -1
41 7224 -1 3 -1 0.2021 -0.1528 75999.2 10268.5 -1 -1 1
41 7224 -1 3 1085924 0.43475 -0.1548 73955.1 10964.4 160178 160146 -1
41 2069 -1 3 -1 -0.0755 -0.1511 60303.8 39631.9 -1 -1 1
41 2069 -1 3 662965 0.16241 -0.60975 59698.2 38957.9 160264 160278 -1
43 3284 -1 2 -1 -0.1421 -0.1061 82791.7 51652.3 -1 -1 1
43 3284 -1 2 482821 0.09191 -0.09015 83126.4 50708.7 160084 160060 -1
43 3815 -1 2 -1 0.2919 0.1937 22447.3 72120.1 -1 -1 1
43 3815 -1 2 265587 -0.04687 0.01566 19490.7 70934.7 160074 160073 -1
44 9343 2329508 2 -1 0.04634 -0.1108 146087 84589.2 150065 150068 0
44 9343 -1 2 792212 0.02363 -0.04272 25874.8 84834.7 160071 160062 -1
44 10856 6895457 6 -1 0.01536 0.22366 155113 202051 140033 120029 0
44 10856 -1 6 25042 0.09018 -0.00388 36605.7 47662.1 160141 160117 -1
45 9343 -1 2 -1 0.0459 -0.111 24286.9 83187.1 -1 -1 1
45 9343 -1 2 758583 0.02195 -0.04325 24603.5 83627.2 160079 160064 -1
45 10856 -1 6 -1 0.016 0.2237 35276.9 44739.5 -1 -1 1
45 10856 -1 6 24376 -0.08996 -0.07305 37043.5 47269.5 160069 160052 -1
48 2899 1583796 2 -1 -0.0402 0.14443 180084 52116.8 140044 140045 0
48 2899 -1 2 265624 -0.05907 0.01929 60187.7 51770.2 160127 160071 -1
48 9589 -1 4 -1 0.3543 -0.582 48965.7 54385.9 -1 -1 1
48 9589 -1 4 43123 0.02 0.00997 46290.5 53084.4 160103 160081 -1
48 5414 5218786 5 -1 0.12828 0.37126 88590.6 169155 120027 110017 0
48 5414 -1 5 1445057 -0.27227 -0.4625 89649 13745.1 160227 160145 -1
48 8782 -1 6 -1 -0.199 0.0805 43366.1 9512 -1 -1 1
48 8782 -1 6 363230 0.02306 0.16608 43925.4 9546.01 160083 160057 -1
49 5414 -1 5 -1 0.1285 0.3711 87114.8 11583.8 -1 -1 1
49 5414 -1 5 1236216 -0.59706 -0.4473 85785.4 10998.8 160268 160221 -1
49 11357 5508006 5 -1 0.1754 -0.24165 81592.9 189487 130031 120022 0
49 11357 -1 5 640250 -0.26571 -0.50959 80452.7 33966.8 160281 160283 -1
50 2899 -1 2 -1 -0.0408 0.1446 64366.1 51803.7 -1 -1 1
50 2899 -1 2 249304 -0.02246 -0.03443 63634.8 51019.7 160081 160064 -1
50 5414 -1 5 -1 0.1292 0.3703 93311.1 11828.6 -1 -1 1
50 5414 -1 5 1805900 -0.61012 0.4523 93840 14510.1 160317 160290 -1
50 11357 -1 5 -1 0.1754 -0.242 86762.5 36359.8 -1 -1 1
50 11357 -1 5 2197473 -0.37633 -0.29077 86698.8 36664.4 160166 160166 -1
52 11369 1641177 2 -1 0.12205 0.48637 203607 75023.2 90015 90005 0
52 11369 -1 2 459357 -0.15093 0.06275 83332.5 75139.7 160080 160050 -1
52 1751 -1 3 -1 0.1733 -0.2159 62230.4 44970.6 -1 -1 1
52 1751 -1 3 239499 0.18029 -0.05987 61444.1 44794.7 160067 160092 -1
52 11357 -1 5 -1 0.1748 -0.2424 83472.6 38125.1 -1 -1 1
52 11357 -1 5 439061 -0.11523 0.00376 82764.1 38525.5 160072 160084 -1
52 4089 -1 5 -1 0.0616 0.1868 59409 50483.7 -1 -1 1
52 4089 -1 5 35990 0.43563 0.30019 59859.5 50968.3 160296 160268 -1
53 11369 -1 2 -1 0.1194 0.4877 82523.9 73117.6 -1 -1 1
53 11369 -1 2 273576 0.13664 0.27417 82985.5 72365 160135 160141 -1
53 1751 -1 3 -1 0.1737 -0.2157 61489.2 43169 -1 -1 1
53 1751 -1 3 15789 0.00384 0.6224 61464 45779.1 160174 160204 -1
53 4089 -1 5 -1 0.0608 0.1869 57432 48663.5 -1 -1 1
53 4089 -1 5 246950 0.41373 0.26232 56974.1 49642.9 160291 160218 -1
54 11369 -1 2 -1 0.1175 0.4857 79340.4 71153.8 -1 -1 1
54 11369 -1 2 270671 -0.00552 0.04329 79260.5 71397.1 160126 160086 -1
54 3542 2977272 3 -1 -0.16846 0.04028 52590 147113 130036 130029 0
54 3542 -1 3 508434 -0.05088 -0.61652 50953.6 68228.6 160148 160227 -1
54 3679 3016056 3 -1 -0.02779 0.06472 121846 91082.9 150048 160047 0
54 3679 -1 3 362476 -0.01823 0.04152 120470 14465.2 160067 160083 -1
54 1751 -1 3 -1 0.1749 -0.2153 57686.5 42904.4 -1 -1 1
54 1751 -1 3 14367 0.00984 -0.4746 57381.6 43506.1 160115 160162 -1
54 9693 4256532 4 -1 0.56862 0.03225 195190 155358 120046 110018 0
54 9693 -1 4 494523 0.15298 -0.0104 73307.5 75718.6 160076 160054 -1
54 4089 -1 5 -1 0.0613 0.1872 54923.8 47553.6 -1 -1 1
54 4089 -1 5 251109 0.09175 0.02925 54980.1 47137 160066 160053 -1
55 11369 -1 2 -1 0.1186 0.4847 80254.1 72272.1 -1 -1 1
55 11369 -1 2 93618 -0.02433 -0.36139 79061.4 72805.8 160155 160171 -1
55 3542 -1 3 -1 -0.1683 0.0405 53204.9 68282.9 -1 -1 1
55 3542 -1 3 1204530 -0.04819 -0.59979 53007.8 68002.9 160182 160206 -1
55 3679 -1 3 -1 -0.0277 0.0647 122212 12149.8 -1 -1 1
55 3679 -1 3 146408 -0.07916 -0.02008 121920 12952.1 160072 160050 -1
55 9693 -1 4 -1 0.5685 0.0336 74626.4 76557.6 -1 -1 1
55 9693 -1 4 706177 -0.36898 0.15201 77078.8 79536.5 160263 160239 -1
56 3542 -1 3 -1 -0.1685 0.0398 51388.7 67865.9 -1 -1 1
56 3542 -1 3 709414 0.54593 0.315 50993 67528.2 160200 160173 -1
56 3679 -1 3 -1 -0.028 0.0646 120259 11904.7 -1 -1 1
56 3679 -1 3 980350 0.66829 0.27961 120589 12690.9 160183 160180 -1
56 9693 -1 4 -1 0.5684 0.0349 70454.5 76805.1 -1 -1 1
56 9693 -1 4 315288 -0.01161 0.10588 71009.1 75856 160081 160090 -1
56 2115 5005779 5 -1 0.44287 0.0448 123193 181167 110013 90009 0
56 2115 -1 5 648748 -0.4466 0.02676 122999 26161.7 160155 160121 -1
56 4606 6180240 6 -1 0.12914 0.36829 194814 193542 130029 120014 0
56 4606 -1 6 1289081 0.35977 -0.24427 74444.4 37684.5 160231 160194 -1
57 3542 -1 3 -1 -0.1683 0.0406 54987.8 69754.2 -1 -1 1
57 3542 -1 3 90529 0.11954 -0.23278 55014.3 70289.8 160156 160215 -1
57 3679 -1 3 -1 -0.0278 0.0646 123530 13547.5 -1 -1 1
57 3679 -1 3 379662 -0.12059 0.03593 124383 13822 160092 160105 -1
57 9693 -1 4 -1 0.5696 0.0328 73590.3 78170.5 -1 -1 1
57 9693 -1 4 513969 0.09353 0.10627 74112.7 77581.1 160098 160083 -1
57 2115 -1 6 -1 0.4431 0.0442 5014.6 26976.1 -1 -1 1
57 2115 -1 6 190155 0.02296 -0.13174 2903.33 23991.8 160063 160063 -1
57 4606 -1 6 -1 0.13 0.3681 76910.7 38948.3 -1 -1 1
57 4606 -1 6 219595 0.28287 0.13352 77082.9 39194.1 160152 160134 -1
58 1936 2813249 3 -1 0.07082 0.1504 69718.9 91850.4 160064 120027 0
58 1936 -1 3 430854 0.21346 -0.10613 70440.4 11464.6 160087 160072 -1
58 2274 4051363 4 -1 0.41056 0.33636 195464 155319 90010 100007 0
58 2274 -1 4 1348954 -0.63798 -0.3452 75430.7 75853.2 160198 160171 -1
58 2115 -1 6 -1 0.4433 0.0461 9028.1 27138 -1 -1 1
58 2115 -1 6 1502619 -0.50394 0.00236 6924.48 26783.2 160227 160230 -1
58 4606 -1 6 -1 0.1297 0.369 81902.4 38274.1 -1 -1 1
58 4606 -1 6 1099917 0.32594 0.21893 81301.4 38892.1 160215 160154 -1
59 5851 65357 1 -1 0.28798 -0.13377 79284.3 65721 100021 100011 0
59 5851 -1 1 959208 0.39451 -0.62261 79595.4 66667.3 160178 160186 -1
59 1936 -1 3 -1 0.0705 0.1505 66728.6 9794.8 -1 -1 1
59 1936 -1 3 778444 -0.26094 -0.68693 67348.4 9251.49 160210 160208 -1
59 2274 -1 4 -1 0.4112 0.3353 72465.1 72766.7 -1 -1 1
59 2274 -1 4 737664 0.39178 -0.01117 72696.6 73747.3 160174 160127 -1
59 2115 -1 6 -1 0.443 0.0463 5550.4 24424.5 -1 -1 1
59 2115 -1 6 1099892 0.16391 0.36935 6177.5 24164.2 160154 160125 -1
59 4606 -1 6 -1 0.1307 0.3682 78713.7 35146.4 -1 -1 1
59 4606 -1 6 430500 0.33207 0.36947 78820.4 35089.4 160159 160113 -1
60 5851 -1 1 -1 0.287 -0.1362 78776.7 69387.3 -1 -1 1
60 5851 -1 1 775125 0.13427 -0.01164 79280.7 68804.4 160193 160126 -1
60 1936 -1 3 -1 0.0725 0.1497 67146.3 12800.7 -1 -1 1
60 1936 -1 3 1453985 0.52601 -0.62602 67939.9 12840.3 160268 160254 -1
60 2274 -1 4 -1 0.41 0.3364 71416.9 76621.3 -1 -1 1
60 2274 -1 4 518021 0.04609 0.03973 72343.6 77467.6 160131 160088 -1
60 9177 5197211 5 -1 0.22221 -0.09996 91593.6 168100 140043 110020 0
60 9177 -1 5 1573538 0.50879 -0.09282 91360.8 10784.9 160178 160146 -1
61 5851 -1 1 -1 0.2867 -0.1362 76535.7 66845.3 -1 -1 1
61 5851 -1 1 277135 0.10147 0.05384 77287.7 67758.6 160121 160136 -1
61 1936 -1 3 -1 0.0705 0.1505 64200.5 10431.3 -1 -1 1
61 1936 -1 3 388146 0.07749 0.15811 64202.3 10006 160054 160052 -1
61 2274 -1 4 -1 0.4083 0.3389 68856.5 73756.9 -1 -1 1
61 2274 -1 4 1219609 0.44147 0.26481 68108.1 74113 160235 160206 -1
61 4026 3920258 4 -1 0.2907 -0.32386 169543 89339.3 110012 130036 0
61 4026 -1 4 844580 -0.4827 0.20742 47977.5 9568.7 160157 160142 -1
61 9177 -1 5 -1 0.2228 -0.0985 87216.5 9100.2 -1 -1 1
61 9177 -1 5 122742 -0.06186 -0.0227 87097.3 9880.13 160093 160062 -1
61 7277 5064315 5 -1 0.10425 -0.26145 103524 192067 140062 130025 0
61 7277 -1 5 436950 -0.06073 0.04139 98677.9 36967.5 160072 160065 -1
62 12037 1776983 2 -1 0.87941 -0.22573 133684 66173 120017 100009 0
62 12037 -1 2 74537 -0.05466 0.00545 13629.7 67103.1 160071 160048 -1
64 12037 -1 2 -1 0.877 -0.2237 10441.6 63015.2 -1 -1 1
64 12037 -1 2 1025576 0.07065 0.48652 10839.5 63558.6 160169 160184 -1
64 3933 4670257 5 -1 -0.07086 -0.18962 120715 209656 100016 140048 0
64 3933 -1 5 933065 0.1847 0.58004 122556 51814.9 160141 160107 -1
64 6107 -1 5 -1 -0.1146 -0.1426 125424 34727.2 -1 -1 1
64 6107 -1 5 1503945 -0.22044 0.34817 125278 35025.1 160213 160196 -1
64 7277 -1 5 -1 0.0768 -0.3683 104086 37473.9 -1 -1 1
64 7277 -1 5 441171 -0.1051 0.01478 103566 38067.8 160090 160098 -1
64 633 -1 5 -1 0.0348 0.1397 91278.5 28664.9 -1 -1 1
64 633 -1 5 619051 0.02189 -0.02824 89747.7 28762.1 160069 160075 -1
64 7277 -1 5 -1 0.1033 -0.2618 103924 36901.6 -1 -1 1
64 7277 -1 5 637043 0.137 0.02847 103737 36097.5 160109 160111 -1
65 12037 -1 2 -1 0.8762 -0.2297 8926.2 64198.9 -1 -1 1
65 12037 -1 2 66600 -0.1514 0.17659 8181.51 65194.5 160172 160142 -1
65 7399 4426163 4 -1 0.28993 -0.44642 190052 130266 120036 110048 0
65 7399 -1 4 287330 0.03643 -0.15235 68494.2 56872.6 160072 160070 -1
65 3933 -1 5 -1 -0.0703 -0.1899 119673 52591 -1 -1 1
65 3933 -1 5 45615 0.03414 -0.15507 118754 53323.8 160150 160148 -1
65 7277 -1 5 -1 0.0801 -0.3673 100732 38466.3 -1 -1 1
65 7277 -1 5 1099179 0.21117 0.70623 100192 38650.3 160203 160132 -1
65 633 -1 5 -1 0.0334 0.14 88057.7 29119.7 -1 -1 1
65 633 -1 5 1314962 -0.34236 0.6212 88561.3 29030.4 160266 160242 -1
65 9035 4664262 5 -1 0.0016 0.03653 74653.2 208353 150063 160083 0
65 9035 -1 5 464797 0.10827 -0.02036 70767.8 50967.9 160187 160153 -1
65 6107 -1 6 -1 -0.1127 -0.1437 3233.3 35727.6 -1 -1 1
65 6107 -1 6 229885 -0.17733 0.10013 3491.83 36242.7 160112 160149 -1
68 10210 -1 4 -1 0.0058 0.0254 44605.4 54851.1 -1 -1 1
68 10210 -1 4 270687 0.00988 0.03866 42578.5 54470.8 160075 160062 -1
68 212 3922796 4 -1 -0.04151 0.1747 141636 160825 130036 120026 0
68 212 -1 4 804803 0.21043 -0.39683 25919.8 83031.4 160133 160146 -1
68 7399 -1 4 -1 0.296 -0.4421 70262.9 56109.5 -1 -1 1
68 7399 -1 4 283617 -0.11339 -0.02639 70037 56405.5 160058 160063 -1
68 9035 -1 5 -1 0.0011 0.0364 75379.3 52860.4 -1 -1 1
68 9035 -1 5 267617 0.01876 0.42949 72389.6 54974 160168 160142 -1
69 7758 1841442 2 -1 -0.11216 -0.4218 179416 77542.5 130027 110011 0
69 7758 -1 2 575558 0.05425 -0.13398 57704.1 77969.9 160086 160069 -1
70 7758 -1 2 -1 -0.1134 -0.422 55295.7 79226.7 -1 -1 1
70 7758 -1 2 587298 -0.56074 0.39796 56192.6 78655.7 160205 160202 -1
70 6357 3139962 3 -1 -0.0104 -0.10886 79040.7 130363 140042 150040 0
70 6357 -1 3 50345 -0.01663 -0.04959 78222.4 52897.2 160091 160055 -1
70 9870 -1 3 -1 0.0089 -0.1897 105445 40908.5 -1 -1 1
70 9870 -1 3 656924 0.23634 -0.02985 105529 40834.2 160140 160097 -1
70 212 -1 4 -1 -0.0415 0.1745 16844.6 81287.4 -1 -1 1
70 212 -1 4 107963 -0.013 -0.03507 16006.8 81374.2 160078 160072 -1
70 2395 6593656 6 -1 0.1972 -0.31491 177147 184114 110023 110024 0
70 2395 -1 6 394403 -0.48142 -0.47063 56973.5 23980.7 160315 160339 -1
71 7758 -1 2 -1 -0.1131 -0.422 57999.7 81059.7 -1 -1 1
71 7758 -1 2 1261544 -0.16516 -0.53019 57624.8 81931.2 160171 160156 -1
71 6357 -1 3 -1 -0.0117 -0.1086 81945.2 53658.1 -1 -1 1
71 6357 -1 3 1132279 0.13524 0.39487 84905.6 54285.1 160167 160133 -1
71 10490 3415345 3 -1 0.6314 0.36548 82230.2 90011.8 90007 90010 0
71 10490 -1 3 139838 0.79921 -0.16396 81695.5 10673.7 160181 160143 -1
71 9870 -1 3 -1 0.0078 -0.1893 108264 41425.2 -1 -1 1
71 9870 -1 3 9456 -0.23365 -0.20921 108339 41570.7 160219 160247 -1
71 212 -1 4 -1 -0.0406 0.1747 19292.6 82919.5 -1 -1 1
71 212 -1 4 102469 0.01764 -0.00619 21852 82256 160072 160068 -1
71 2395 -1 6 -1 0.196 -0.3155 59440.8 25804.5 -1 -1 1
71 2395 -1 6 623512 0.50947 0.33586 60121.7 25706.3 160189 160190 -1
72 5775 1828069 2 -1 0.24588 -0.30892 188497 83697.7 110022 110017 0
72 5775 -1 2 534823 0.05799 -0.45398 66579.8 81538.4 160194 160206 -1
72 7758 -1 2 -1 -0.1134 -0.423 59985.2 80370.4 -1 -1 1
72 7758 -1 2 518589 0.04154 0.02905 61721.1 77638.8 160068 160064 -1
72 6357 -1 3 -1 -0.0108 -0.1087 83180.6 51024.4 -1 -1 1
72 6357 -1 3 925529 0.31112 0.37111 83535.9 50144 160247 160274 -1
72 10490 -1 3 -1 0.6305 0.3645 81600.7 7335.9 -1 -1 1
72 10490 -1 3 548590 -0.41583 -0.12767 81733.2 7305.48 160203 160123 -1
72 9870 -1 3 -1 0.0094 -0.1893 109525 39273.4 -1 -1 1
72 9870 -1 3 436604 -0.209 -0.2385 110375 39529.6 160203 160198 -1
72 6628 4347936 4 -1 -0.25959 -0.50117 187013 156401 110052 120037 0
72 6628 -1 4 835661 0.45617 0.09153 69926.7 77961.3 160197 160192 -1
72 7440 3775856 4 -1 -0.0871 -0.06847 142306 121367 130045 100017 0
72 7440 -1 4 13823 0.06171 0.03139 21448.3 43649 160120 160145 -1
72 2395 -1 6 -1 0.1958 -0.3169 59953.1 23594.7 -1 -1 1
72 2395 -1 6 395193 -0.10526 0.07393 60068.6 21520.1 160124 160118 -1
73 6357 -1 3 -1 -0.0112 -0.1087 84642.8 54279.5 -1 -1 1
73 6357 -1 3 962512 0.5363 0.423 83821.8 54386.5 160227 160253 -1
73 10490 -1 3 -1 0.6304 0.3658 82411.5 10203.6 -1 -1 1
73 10490 -1 3 352242 0.21626 -0.15068 81645.7 9983.91 160220 160172 -1
73 5775 -1 4 -1 0.2425 -0.3117 69775.9 6744 -1 -1 1
73 5775 -1 4 151896 -0.21129 0.12861 69542.5 7589.61 160112 160097 -1
73 6628 -1 4 -1 -0.2647 -0.4986 69454.6 79645.3 -1 -1 1
73 6628 -1 4 535098 0.02508 -0.12136 68125.7 82054.1 160060 160049 -1
73 7440 -1 4 -1 -0.0878 -0.0676 24230.5 44715.3 -1 -1 1
73 7440 -1 4 14908 -0.00247 0.00241 21440 44303.3 160084 160086 -1
73 2395 -1 6 -1 0.1957 -0.3156 61985.2 27345.3 -1 -1 1
73 2395 -1 6 397792 0.15946 0.17343 60195 25622.4 160167 160109 -1
74 10490 -1 3 -1 0.6308 0.3647 76897.7 7070.1 -1 -1 1
74 10490 -1 3 132648 0.25858 -0.27352 76996.2 6747.02 160126 160103 -1
74 5775 -1 4 -1 0.243 -0.3113 65810.4 6230.3 -1 -1 1
74 5775 -1 4 135854 0.05807 -0.19182 66039.3 6993.76 160143 160160 -1
74 6628 -1 4 -1 -0.2639 -0.4982 66777.9 79750.5 -1 -1 1
74 6628 -1 4 525881 0.05865 0.03348 69403.7 77787.5 160101 160097 -1
74 7440 -1 4 -1 -0.0876 -0.0677 21077.1 43506.6 -1 -1 1
74 7440 -1 4 23254 0.53866 0.0726 21913.2 42745 160117 160080 -1
75 5775 -1 2 -1 0.2452 -0.31 65069.4 84061.4 -1 -1 1
75 5775 -1 2 1069630 -0.28808 -0.34897 63511 85471 160181 160095 -1
75 8950 3872532 3 -1 0.32373 -0.18411 125443 162201 140058 90006 0
75 8950 -1 3 768492 -0.01251 -0.03842 127289 80751.8 160055 160058 -1
75 6628 -1 4 -1 -0.2609 -0.4991 66323.9 78237.7 -1 -1 1
75 6628 -1 4 811897 -0.06697 0.52165 64321.7 80564.4 160136 160104 -1
75 7440 -1 4 -1 -0.0875 -0.0682 20677.1 41377 -1 -1 1
75 7440 -1 4 5196 -0.00223 0.00364 20395.3 40483 160082 160079 -1
76 9807 4678853 4 -1 -0.186 -0.26927 177734 124793 100014 130026 0
76 9807 -1 4 37622 -0.24716 0.08541 57111 47646.7 160122 160126 -1
76 8950 -1 4 -1 0.3245 -0.1827 5734.6 84201.6 -1 -1 1
76 8950 -1 4 341342 0.14 0.44622 4767.02 84052.4 160155 160156 -1
77 9807 -1 4 -1 -0.1837 -0.2705 55555.8 45785.9 -1 -1 1
77 9807 -1 4 255559 -0.24769 0.09534 55016.2 46588.2 160144 160148 -1
77 10728 5507086 4 -1 0.15508 0.1492 184728 114354 130024 110026 0
77 10728 -1 4 213357 0.02555 -0.08778 63170.5 35127.4 160087 160078 -1
77 8950 -1 4 -1 0.3248 -0.1823 4293.5 82970.3 -1 -1 1
77 8950 -1 4 548948 -0.06365 -0.07872 3985.44 82344.4 160070 160061 -1
77 6364 6878204 5 -1 0.3783 -0.30032 51318.6 200950 120020 100019 0
77 6364 -1 5 19599 0.62087 -0.52431 50920.8 44722 160140 160184 -1
83 10319 -1 3 -1 0.0219 -0.1336 69066 30675.7 -1 -1 1
83 10319 -1 3 645925 0.03688 0.01351 71361.5 32140.1 160065 160043 -1
83 1214 -1 3 -1 -0.1892 -0.6486 105279 57540.3 -1 -1 1
83 1214 -1 3 1690845 0.48717 0.32121 104922 58434.5 160215 160187 -1
83 3521 -1 3 -1 0.695 -0.8146 75038.9 44336.5 -1 -1 1
83 3521 -1 3 463975 -0.48476 0.38466 75784 44209.2 160315 160296 -1
83 2488 -1 4 -1 0.4229 -0.2113 69616.3 74891.6 -1 -1 1
83 2488 -1 4 512355 -0.08511 0.05622 70054.2 75186.8 160155 160129 -1
83 9038 -1 4 -1 0.1399 0.2918 10214.3 24074.2 -1 -1 1
83 9038 -1 4 408984 -0.00989 0.02565 12649.7 23378.2 160073 160051 -1
83 4756 -1 6 -1 0.092 -0.5954 35593.8 18955.3 -1 -1 1
83 4756 -1 6 161956 -0.0731 0.05443 36396 19117 160182 160144 -1
86 9272 -1 2 -1 0.029 -0.2895 26515 69722.9 -1 -1 1
86 9272 -1 2 277441 -0.00156 0.05216 27838.1 69699.9 160075 160057 -1
86 7580 -1 5 -1 0.234 -0.0011 59553 29069.7 -1 -1 1
86 7580 -1 5 417094 -0.4499 -0.26236 60038.5 28459.9 160150 160131 -1
87 9272 -1 2 -1 0.0298 -0.2894 25143 66712.6 -1 -1 1
87 9272 -1 2 273308 0.23155 -0.12555 24847 67215 160079 160075 -1
87 9868 4817887 4 -1 -0.12377 0.17987 157635 95280.9 100018 120029 0
87 9868 -1 4 1312124 0.48748 -0.31436 38066.3 16378.2 160204 160209 -1
87 7580 -1 5 -1 0.2338 -0.0004 57933.2 26874.2 -1 -1 1
87 7580 -1 5 2539501 -0.43735 -0.5931 56955.4 26700.2 160213 160202 -1
89 11034 806460 1 -1 0.21544 -0.17729 92541.7 84639.9 130033 140032 0
89 11034 -1 1 2724217 0.78381 0.24795 93230.6 84906.7 160149 160207 -1
89 9868 -1 4 -1 -0.1227 0.1809 38935.1 15081.4 -1 -1 1
89 9868 -1 4 148550 -0.05541 -0.00352 37970.7 15235.4 160067 160063 -1
91 4069 4457418 1 -1 0.09412 0.54078 177699 131803 80004 100019 0
91 4069 -1 1 1620141 -0.69982 0.4247 56884.3 53178.1 160307 160250 -1
91 11034 -1 3 -1 0.2154 -0.1768 92918.3 7875.1 -1 -1 1
91 11034 -1 3 133206 -0.50623 -0.18067 93772.6 8697.52 160162 160124 -1
92 11034 -1 1 -1 0.2155 -0.1773 92086.1 84907.3 -1 -1 1
92 11034 -1 1 1984918 0.74938 0.25304 92479.9 85306.7 160178 160169 -1
92 10102 1793985 2 -1 -0.07594 0.33965 195451 51957.9 110019 80005 0
92 10102 -1 2 274378 -0.03896 -0.06512 77145.5 52611.5 160049 160063 -1
92 4069 -1 4 -1 0.0913 0.5406 57123.3 48887 -1 -1 1
92 4069 -1 4 33784 -0.05831 -0.09654 58066.5 48012 160176 160135 -1
94 10102 -1 2 -1 -0.0753 0.3402 73410.7 50210 -1 -1 1
94 10102 -1 2 27269 -0.0517 -0.05765 72539.3 50873.7 160062 160057 -1
94 8981 2492643 3 -1 0.01312 -0.36764 119447 144139 110008 120019 0
94 8981 -1 3 69192 -0.11946 0.23695 118659 64091.2 160106 160087 -1
94 4069 -1 4 -1 0.095 0.5411 56148.6 47494 -1 -1 1
94 4069 -1 4 950525 -0.35818 0.47666 57132.7 49510.8 160278 160255 -1
95 10102 -1 2 -1 -0.0803 0.3403 75323.4 49054.9 -1 -1 1
95 10102 -1 2 246050 0.28049 -0.08818 73164.5 46269.2 160117 160069 -1
95 8981 -1 3 -1 0.0176 -0.3674 118140 64455.7 -1 -1 1
95 8981 -1 3 93785 -0.0257 -0.15257 116440 67116.1 160052 160049 -1
95 1853 3054467 3 -1 -0.15169 0.10844 110541 103587 130025 150065 0
95 1853 -1 3 620778 -0.70968 0.05735 110182 24178 160125 160151 -1
96 8981 -1 3 -1 0.0181 -0.3675 118068 69257 -1 -1 1
96 8981 -1 3 85439 -0.14967 0.03018 118594 66957.2 160062 160048 -1
96 1853 -1 3 -1 -0.1506 0.11 112843 26217.5 -1 -1 1
96 1853 -1 3 608700 0.39197 0.21375 112780 26966.6 160199 160091 -1
96 7448 4551572 4 -1 0.29436 -0.47156 187460 100147 100011 110023 0
96 7448 -1 4 1030182 0.56565 -0.04338 66006.3 22588 160200 160212 -1
96 6975 5051428 5 -1 0.24674 -0.14207 102981 186988 100013 100018 0
96 6975 -1 5 193173 -0.06355 -0.13241 103338 30162.3 160125 160106 -1
96 9037 4869613 5 -1 0.14295 -0.01427 62759.9 200825 150050 140032 0
96 9037 -1 5 915799 0.24471 -0.38788 62554.8 43443.2 160147 160112 -1
97 3974 72215 1 -1 0.05651 0.32196 49954.1 61546.1 100008 90016 0
97 3974 -1 1 684254 -0.66852 -0.35923 49763.5 60057.7 160165 160153 -1
97 8981 -1 3 -1 0.0148 -0.368 117808 67334 -1 -1 1
97 8981 -1 3 293161 -0.28718 -0.5079 118243 67328.3 160283 160210 -1
97 1853 -1 3 -1 -0.1496 0.1111 112327 23966.9 -1 -1 1
97 1853 -1 3 415004 -0.01513 -0.12074 113110 26254.1 160141 160123 -1
97 7448 -1 4 -1 0.292 -0.4723 66472.4 20873.6 -1 -1 1
97 7448 -1 4 882282 -0.3632 0.16931 67470.9 20664.4 160109 160170 -1
97 6975 -1 5 -1 0.2461 -0.1431 102754 31028.2 -1 -1 1
97 6975 -1 5 208836 -0.0848 -0.12158 102245 31915.6 160072 160059 -1
97 9037 -1 5 -1 0.1428 -0.015 62700 44928.3 -1 -1 1
97 9037 -1 5 15290 -0.51642 -0.21118 63219.5 44432.8 160156 160106 -1
97 4059 5632724 5 -1 0.1342 -0.52018 109823 178404 100015 110025 0
97 4059 -1 5 411600 0.00588 0.18412 109679 21829.3 160159 160159 -1
98 3974 -1 1 -1 0.0555 0.322 51560.4 62047.4 -1 -1 1
98 3974 -1 1 1239924 -0.32454 0.27443 50028.4 64543 160151 160214 -1
98 1853 -1 3 -1 -0.1499 0.1098 114058 24554 -1 -1 1
98 1853 -1 3 408126 -0.04707 -0.15809 115090 26379.2 160102 160099 -1
98 7448 -1 4 -1 0.2943 -0.4709 67256.3 23827.4 -1 -1 1
98 7448 -1 4 397532 0.01595 0.02805 69366.7 22066.8 160097 160050 -1
98 6975 -1 5 -1 0.2469 -0.1416 103488 32963 -1 -1 1
98 6975 -1 5 204937 -0.20896 -0.04507 101924 32095.1 160076 160073 -1
98 9037 -1 5 -1 0.1429 -0.0147 63691.5 46340.1 -1 -1 1
98 9037 -1 5 234899 0.02047 0.03263 61900.1 44737.1 160072 160056 -1
98 4059 -1 5 -1 0.1366 -0.5203 110827 25313.4 -1 -1 1
98 4059 -1 5 394651 -0.29277 -0.03868 112030 23500 160190 160209 -1
99 3974 -1 1 -1 0.056 0.3217 48127.8 61489.2 -1 -1 1
99 3974 -1 1 1147977 -0.07157 0.70005 47758.1 61117.2 160206 160234 -1
99 7448 -1 4 -1 0.2893 -0.4737 64137.3 24143.6 -1 -1 1
99 7448 -1 4 1049994 0.25356 -0.68646 63544.8 22920 160190 160198 -1
99 6975 -1 5 -1 0.2459 -0.1431 100194 33184.3 -1 -1 1
99 6975 -1 5 418949 -0.02374 -0.1144 101122 32197.4 160076 160082 -1
99 9037 -1 5 -1 0.1426 -0.0151 60544.6 46637.1 -1 -1 1
99 9037 -1 5 237776 -0.00089 0.22925 61201.9 45871.1 160124 160139 -1
99 4059 -1 5 -1 0.1346 -0.5209 107592 25820 -1 -1 1
99 4059 -1 5 180229 -0.17879 -0.30186 106651 24871.7 160172 160129 -1
100 3974 -1 1 -1 0.0542 0.3225 48299.2 57639.8 -1 -1 1
100 3974 -1 1 62687 0.23274 0.10091 48254.5 57289.1 160196 160188 -1
100 2071 5293857 5 -1 0.47909 -0.05134 81254.1 196159 80005 110017 0
100 2071 -1 5 439654 -0.0946 -0.54495 81901.8 41136.8 160094 160144 -1
100 4059 -1 5 -1 0.1354 -0.5177 107147 25437.4 -1 -1 1
100 4059 -1 5 179939 -0.16303 0.15225 107954 25910.1 160158 160137 -1
104 6645 2372219 3 -1 0.0546 0.19015 112723 103962 130019 130028 0
104 6645 -1 3 1047230 0.47039 0.47408 114033 26574.7 160099 160146 -1
104 9179 -1 5 -1 0.54 -0.5608 57900.8 22657.3 -1 -1 1
104 9179 -1 5 168841 -0.02908 0.00049 58134.7 23190.3 160087 160084 -1
105 6645 -1 3 -1 0.0567 0.1891 112593 22089.6 -1 -1 1
105 6645 -1 3 180193 0.03886 -0.02991 114761 21776.3 160043 160044 -1
105 1081 2720908 4 -1 -0.09152 0.21138 150324 143978 110008 140015 0
105 1081 -1 4 70448 -0.20194 -0.22172 27737.2 65057.5 160084 160121 -1
105 9179 -1 5 -1 0.545 -0.5578 55877 19875.1 -1 -1 1
105 9179 -1 5 400128 -0.0176 0.00032 54586 18412.2 160047 160074 -1
106 1452 2785653 3 -1 0.02712 -0.06235 102581 163357 160079 160070 0
106 1452 -1 3 300586 0.0274 -0.06223 102979 85153.3 160079 160070 -1
114 4770 -1 1 -1 0.3032 -0.024 50898.9 78497.1 -1 -1 1
114 4770 -1 1 316036 -0.01571 -0.08059 51471.2 77709.8 160108 160077 -1
114 10512 -1 3 -1 0.1787 -0.2781 57702.6 53749.6 -1 -1 1
114 10512 -1 3 44068 -0.53756 -0.19235 58471.6 53442.2 160219 160178 -1
114 31 -1 4 -1 0.1391 0.18 12695.6 51522.7 -1 -1 1
114 31 -1 4 270381 -0.13728 -0.03722 10560.1 54054.4 160079 160089 -1
114 11838 -1 6 -1 -0.1266 -0.165 39392.4 44182.5 -1 -1 1
114 11838 -1 6 461020 -0.40418 0.59114 39783.5 45121.4 160153 160153 -1
115 31 -1 4 -1 0.1401 0.1788 13396.5 51825.2 -1 -1 1
115 31 -1 4 38777 -0.05852 -0.11439 14249.5 52709.7 160070 160076 -1
115 11838 -1 6 -1 -0.1275 -0.1648 40894.9 44621.3 -1 -1 1
115 11838 -1 6 14609 0.32002 0.03861 41039.8 44157.8 160140 160130 -1
116 31 -1 4 -1 0.1412 0.1774 13617.1 52931.4 -1 -1 1
116 31 -1 4 47876 -0.08793 -0.10028 15103 55256.2 160101 160118 -1
116 11838 -1 6 -1 -0.1274 -0.165 43151.5 46371.3 -1 -1 1
116 11838 -1 6 952562 -0.46092 0.50365 42178.7 47094.3 160163 160206 -1
120 7229 4887140 5 -1 0.15005 -0.30851 56034.4 203639 80004 90015 0
120 7229 -1 5 1142314 -0.34332 0.32892 56092.1 48199.9 160132 160104 -1
121 8545 1402224 2 -1 0.33176 -0.27529 133852 63133.6 90011 110029 0
121 8545 -1 2 70000 -0.04199 -0.05231 13295.8 60740.7 160095 160072 -1
121 7229 -1 5 -1 0.1485 -0.3093 59369.7 50122.9 -1 -1 1
121 7229 -1 5 467329 -0.31936 0.33133 59829.1 49593.7 160230 160141 -1
122 4470 60810 1 -1 0.03645 0.04951 87205.9 58609.6 140045 150052 0
122 4470 -1 1 483571 0.04211 -0.21238 88377.7 61067.3 160068 160061 -1
122 8545 -1 2 -1 0.3332 -0.2726 10999.7 63680.8 -1 -1 1
122 8545 -1 2 711701 -0.00542 -0.67993 10395.1 63173.6 160215 160259 -1
122 3754 4879373 5 -1 -0.04656 -0.21559 109248 202672 120026 120018 0
122 3754 -1 5 24585 0.01073 0.06924 110054 46839.6 160071 160087 -1
122 7229 -1 5 -1 0.1508 -0.3082 57396.8 49620.7 -1 -1 1
122 7229 -1 5 30211 0.37706 0.01555 58355.3 49025.6 160190 160177 -1
122 8337 5244675 5 -1 -0.17062 0.25422 123373 174877 110021 120033 0
122 8337 -1 5 163058 -0.70518 0.29334 123279 18790.4 160272 160288 -1
123 4470 -1 1 -1 0.0368 0.0493 87992.8 58683.4 -1 -1 1
123 4470 -1 1 497132 -0.33559 0.32644 87354.4 57754.4 160246 160215 -1
123 8545 -1 2 -1 0.3309 -0.2737 11951.3 63624.1 -1 -1 1
123 8545 -1 2 477664 -0.01116 -0.70661 11391.1 64362.4 160228 160225 -1
123 2127 2939419 3 -1 -0.09149 0.3584 128439 138937 100014 100019 0
123 2127 -1 3 55946 -0.01878 -0.07718 128346 59692.2 160058 160068 -1
123 3754 -1 5 -1 -0.048 -0.2152 111219 46461.9 -1 -1 1
123 3754 -1 5 8990 -0.14264 -0.03494 111366 45660 160063 160062 -1
123 7229 -1 5 -1 0.149 -0.3098 59187.9 49938 -1 -1 1
123 7229 -1 5 42845 -0.00467 -0.05108 58044.2 51514.6 160087 160059 -1
123 8337 -1 6 -1 -0.1691 0.2553 4414.6 18461.2 -1 -1 1
123 8337 -1 6 846141 0.58221 0.2974 5690.67 15577.8 160214 160188 -1
124 4470 -1 1 -1 0.0366 0.0494 86439.4 61061 -1 -1 1
124 4470 -1 1 485970 0.07271 -0.40823 83759.8 58952.8 160104 160120 -1
124 8545 -1 2 -1 0.3312 -0.2743 9681.4 66683.5 -1 -1 1
124 8545 -1 2 80197 -0.02573 -0.00857 9161.57 65689 160066 160063 -1
124 9023 3329737 3 -1 0.01654 0.4321 122572 121981 110032 120041 0
124 9023 -1 3 9112 0.04843 -0.01769 122834 41650.4 160076 160060 -1
124 2127 -1 4 -1 -0.0904 0.3586 8023.2 61067.9 -1 -1 1
124 2127 -1 4 704028 -0.74946 -0.03733 10589.5 63646.6 160214 160191 -1
124 3754 -1 5 -1 -0.048 -0.2156 109843 49824.7 -1 -1 1
124 3754 -1 5 463652 0.63581 0.4795 109995 48885.8 160236 160210 -1
124 8337 -1 5 -1 -0.1694 0.2557 124289 20147.3 -1 -1 1
124 8337 -1 5 178560 0.09364 -0.00777 121458 21312.1 160073 160060 -1
125 4470 -1 1 -1 0.0361 0.0497 85333.6 57011.3 -1 -1 1
125 4470 -1 1 1378292 -0.1603 -0.52882 86285.9 57659.8 160149 160145 -1
125 23 1609153 2 -1 0.09461 -0.1242 151162 60774.2 140033 140044 0
125 23 -1 2 458746 -0.05673 -0.02463 31270.8 59713.2 160095 160088 -1
125 9023 -1 3 -1 0.0138 0.432 121303 39358 -1 -1 1
125 9023 -1 3 876397 -0.03321 -0.5191 120619 38886.7 160121 160137 -1
125 2127 -1 4 -1 -0.0942 0.3589 6335.9 57914.8 -1 -1 1
125 2127 -1 4 57653 -0.02813 -0.09789 5715.3 57257.5 160051 160081 -1
125 3754 -1 5 -1 -0.0465 -0.216 107850 47177.5 -1 -1 1
125 3754 -1 5 10436 -0.09733 0.09746 107832 46197 160084 160064 -1
125 8337 -1 5 -1 -0.1701 0.2545 122541 17186.9 -1 -1 1
125 8337 -1 5 394381 0.04358 0.09256 123340 17948.3 160086 160081 -1
126 23 -1 2 -1 0.095 -0.1239 31054.8 61678.1 -1 -1 1
126 23 -1 2 490997 0.0622 -0.04471 29442 62199.7 160088 160079 -1
126 9023 -1 3 -1 0.0188 0.432 122561 40951.4 -1 -1 1
126 9023 -1 3 902251 0.17947 -0.61059 122052 41509 160201 160163 -1
126 2701 3825311 4 -1 -0.10356 0.00403 170529 138429 150088 160087 0
126 2701 -1 4 59471 -0.04042 -0.02468 49387.9 58269.3 160084 160082 -1
126 2127 -1 4 -1 -0.0935 0.3592 7352 58290.4 -1 -1 1
126 2127 -1 4 63760 -0.03541 -0.00812 7937.36 58523.3 160089 160074 -1
127 23 -1 2 -1 0.0943 -0.1242 30986.8 59849.2 -1 -1 1
127 23 -1 2 283087 0.66278 -0.19884 30812.8 59039 160165 160165 -1
127 9023 -1 3 -1 0.016 0.4324 122306 38577.9 -1 -1 1
127 9023 -1 3 1307786 0.45859 -0.24341 122143 38597.5 160165 160206 -1
127 10341 2501456 3 -1 0.07372 -0.18777 122569 145777 120030 140048 0
127 10341 -1 3 291331 0.13258 0.00695 123436 68323.1 160067 160065 -1
127 2701 -1 4 -1 -0.1037 0.0032 49672.9 57273.5 -1 -1 1
127 2701 -1 4 53025 0.11674 0.12739 50570.5 57709.8 160088 160089 -1
128 23 -1 2 -1 0.0933 -0.1252 30676.6 61724.6 -1 -1 1
128 23 -1 2 84918 -0.29471 -0.22419 31557.8 61722.8 160080 160112 -1
128 10341 -1 3 -1 0.0692 -0.1896 124612 69473.4 -1 -1 1
128 10341 -1 3 507906 -0.60556 -0.3569 124840 71744.3 160200 160202 -1
128 2701 -1 4 -1 -0.1035 0.0049 50320.5 58692.7 -1 -1 1
128 2701 -1 4 282701 0.04804 0.04939 50662.5 58094.5 160132 160062 -1
129 10341 -1 3 -1 0.0759 -0.1869 122047 67164.5 -1 -1 1
129 10341 -1 3 487002 0.13207 0.00819 122854 67522.3 160067 160055 -1
129 2701 -1 4 -1 -0.1036 0.0029 50275.5 59030.3 -1 -1 1
129 2701 -1 4 281478 0.02368 -0.01855 50591.9 58146.3 160101 160070 -1
130 11150 443905 1 -1 0.00858 0.03828 51977.8 41058.9 160055 160053 0
130 11150 -1 1 664910 0.00858 0.03828 51977.8 41058.9 160055 160053 -1
130 10834 2239663 2 -1 -0.09611 0.03151 135822 57852.6 150060 150049 0
130 10834 -1 2 485334 0.51458 0.38628 15112.1 56621.7 160226 160220 -1
130 10341 -1 3 -1 0.0731 -0.1875 124200 67277.9 -1 -1 1
130 10341 -1 3 987084 0.05238 -0.58927 125076 67863.9 160194 160139 -1
130 1682 6317424 5 -1 0.21809 -0.12561 113727 182598 120022 100011 0
130 1682 -1 5 602998 -0.49723 -0.08979 114818 25319.3 160203 160218 -1
131 11150 -1 1 -1 0.0088 0.0382 52945.9 44677.4 -1 -1 1
131 11150 -1 1 677473 -0.09985 0.04021 52623.7 45502.5 160048 160057 -1
131 10834 -1 2 -1 -0.0961 0.0314 16719.2 59794.7 -1 -1 1
131 10834 -1 2 84617 -0.05275 0.02749 16261.9 58993.4 160069 160046 -1
131 1682 -1 5 -1 0.2164 -0.1286 117583 27914.2 -1 -1 1
131 1682 -1 5 622188 -0.12638 -0.22432 117820 28793.6 160083 160099 -1
132 11150 -1 1 -1 0.0089 0.0381 48928.5 43960.5 -1 -1 1
132 11150 -1 1 1358563 0.56075 -0.00144 49080.6 43248.6 160087 160133 -1
132 10834 -1 2 -1 -0.0959 0.0323 12295.4 59633.1 -1 -1 1
132 10834 -1 2 1574320 0.47366 0.3514 13872 61006.2 160271 160268 -1
132 1682 -1 5 -1 0.2169 -0.1281 110393 28972.7 -1 -1 1
132 1682 -1 5 393591 0.02555 -0.05188 110580 28807.4 160076 160066 -1
133 11150 -1 1 -1 0.0089 0.0381 52706.9 43611.5 -1 -1 1
133 11150 -1 1 1605 -0.00734 0.1641 50971.7 40782.4 160069 160065 -1
133 10834 -1 2 -1 -0.0961 0.0315 16335 59630.4 -1 -1 1
133 10834 -1 2 504724 0.11932 -0.12334 16315.6 60188 160157 160097 -1
133 1682 -1 5 -1 0.2172 -0.127 114281 28975 -1 -1 1
133 1682 -1 5 1045142 0.27075 0.48058 113598 30523.8 160205 160207 -1
