groupid:  10728, ntrk:  5
vertex track :          0   3  77    5507086  0.1551  0.1492  184728.2  114354.2     221.4    13  1928.6
   78 4      1  0.1552  0.1490   62701.6   35290.1   -2871.2  0.1597  0.1475  184679.1  112460.3 -126429.1
       23.2       3.1   62716.2   35308.5   62715.2   35307.6   62897.1   35481.9   62720.5   35304.0
   79 4      2  0.1579  0.1464   67047.9   35275.0   -3719.7  0.1597  0.1475  184543.5  112335.1 -127277.6
       28.4       6.8   67064.1   35299.4   67055.6   35291.5   67241.9   35460.9   67073.4   35289.3
   80 4      3  0.1554  0.1493   64162.5   34504.5   -6586.3  0.1597  0.1475  184085.7  111912.4 -130144.3
       46.0      13.4   64186.4   34546.0   64152.7   34513.6   64348.8   34673.1   64204.9   34526.7
vertex track :         13   3  77    5507088 -0.1845 -1.5586  184674.1  114084.1     221.4     0   374.1
   78 4      1 -0.1871 -1.4533   65993.8   37601.6   -3234.6 -0.2065 -1.5430  185828.5  117981.3 -126792.1
      197.8      43.2   66011.4   37399.9   66022.6   37487.2   66186.1   38011.9   65925.8   37410.9
   79 4      2 -0.1564 -1.5597   65924.9   37758.4   -4050.5 -0.2065 -1.5430  185997.0  119240.1 -127608.0
      281.9      99.4   65995.6   37468.1   66019.0   37701.4   66064.0   38257.2   65797.9   37487.9
   80 4      3 -0.2328 -1.5524   65347.2   46315.3   -6734.7 -0.2065 -1.5430  186551.4  123382.0 -130292.2
      471.1     183.5   65458.8   45822.2   65549.6   46428.0   65445.4   47016.9   65095.8   45876.7
vertex track :         76   3  77    5798678  0.5405  4.4694  186342.2  127795.6     222.5     0  1135.5
   78 4      1  0.5441  4.4583   63068.1   34727.0   -2867.3  0.6163  4.4684  185093.2  112457.6 -126445.8
      892.8      49.1   63127.5   35619.2   63025.4   34782.9   63219.2   34049.2   63225.0   35607.3
   79 4      2  0.6155  4.4518   67060.1   31268.0   -3717.3  0.6163  4.4684  184569.3  108659.1 -127295.9
     1204.0     115.3   67110.8   32476.5   66910.2   31026.0   67220.0   30274.0   67339.2   32444.9
   80 4      3  0.5210  4.4617   63185.2   18604.4   -6584.8  0.6163  4.4684  182802.2   95846.0 -130163.4
     2104.9     226.6   63204.3   20721.4   62825.4   17476.9   63376.7   16701.8   63654.4   20668.9
vertex track :        116   3  77    6378913 -3.7821  0.8828  184116.6  114465.1     223.1     0  7010.1
   78 4      1 -3.7549  1.3736   75755.9   31158.7   -3196.1 -3.7559  0.9282  197403.4  109862.0 -126754.7
      733.6      19.0   75060.4   31392.9   75649.7   31177.3   76657.6   31136.0   75073.5   31428.6
   79 4      2 -3.8754  0.4940   78432.0   29003.8   -3993.9 -3.7559  0.9282  200400.0  109121.5 -127552.5
      890.6      27.0   77545.2   29089.6   78498.2   28968.1   79525.0   29128.5   77552.0   29143.2
   80 4      3 -3.7378  1.2054   87879.8   30345.6   -6602.1 -3.7559  0.9282  210195.8  106700.8 -130160.6
     1411.7      45.8   86522.2   30735.3   88424.3   30121.9   89443.6   30167.2   86550.3   30822.6
vertex track :        218   3  78    4828850  1.1522  3.0442  183391.1  115033.7     210.3     0   542.0
   75 4     -2  1.1507  3.0469   70367.8   54365.4    6585.9  1.1981  3.0304  192406.7  132046.9 -120224.2
     1352.5     280.1   70583.6   55729.7   69869.6   53839.0   70363.2   53214.3   71107.8   55531.7
   76 4     -1  1.1483  3.0507   69237.5   48379.3    3716.5  1.1981  3.0304  188969.0  123351.5 -123093.6
      717.4     134.6   69364.3   49098.1   69100.0   48395.9   69321.9   47873.5   69616.2   49003.2
   77 4      0  1.1388  3.0439   67202.6   44690.5    2867.9  1.1981  3.0304  187952.2  120779.7 -123942.2
      471.5      51.8   67319.3   45150.2   67228.0   44906.2   67297.0   44443.8   67416.3   45113.9
