groupid:  10490, ntrk:  4
vertex track :          0   3  71    3415345  0.6314  0.3655   82230.2   90011.8     214.7    13   945.7
   72 3      1  0.6305  0.3645   81600.7    7335.9   -2866.9  0.6437  0.3623   80758.2   85673.0 -115118.8
       71.1       8.7   81658.0    7379.1   81667.2    7384.4   81754.1    7503.1   81666.7    7363.9
   73 3      2  0.6304  0.3658   82411.5   10203.6   -3717.7  0.6437  0.3623   80210.5   85364.7 -115969.7
       86.0      18.9   82476.4   10263.1   82460.0   10253.6   82557.2   10354.4   82495.4   10230.4
   74 3      3  0.6308  0.3647   76897.7    7070.1   -6586.0  0.6437  0.3623   78364.1   84325.6 -118837.9
      136.9      36.9   76997.8    7170.6   76893.2    7110.1   77008.2    7180.0   77034.7    7106.7
vertex track :         14   3  71     776507 -2.6543 -3.7517   74456.5   79831.0     250.6     0 10000.9
   72 3      1 -2.7578 -3.4962   81345.5   14574.9   -3359.1 -2.6934 -3.7834   84542.0   90234.6 -115621.4
     1038.9      22.7   80719.9   13745.2   81427.6   14642.3   82178.3   15611.1   80684.3   13773.3
   73 3      2 -2.6853 -3.4917   80779.7   16036.1   -4184.1 -2.6934 -3.7834   86763.9   93355.7 -116446.3
     1262.5      30.6   80034.3   15016.7   81009.6   16284.9   81732.3   17262.0   79985.7   15054.0
   74 3      3 -2.5725 -3.9604   92920.4   27291.6   -7007.1 -2.6934 -3.7834   94367.3  104036.3 -119269.3
     2036.0      51.9   91854.8   25556.0   93532.7   28139.1   94193.4   29233.3   91767.9   25612.5
vertex track :        152   3  72     812229 -0.3258  3.1915   82849.1   80591.4     199.8   211   381.4
   69 3     -2 -0.3282  3.2035   81275.2   26069.8    6586.0 -0.2828  3.2590   80578.0  100788.2 -109021.9
     1646.2     402.9   80706.6   27666.4   80973.2   25063.9   82053.4   24686.5   81508.2   27748.5
   70 3     -1 -0.3020  3.1821   77924.5   17567.0    3717.9 -0.2828  3.2590   81389.0   91441.2 -111889.9
      846.1     193.8   77651.6   18391.0   77748.1   17374.7   78407.0   16956.2   78037.4   18427.6
   71 3      0 -0.2853  3.1943   80873.9   15455.5    2867.6 -0.2828  3.2590   81629.4   88670.0 -112740.3
      495.2      73.9   80756.3   15942.1   80784.5   15626.5   81201.2   15182.0   80903.4   15955.3
vertex track :        277   3  72    3019155  0.8139 -4.4140   80518.1  100301.8     154.5   211   491.8
   69 1     -2  0.9188 -4.0004   85314.8   71433.4    7180.4  0.7878 -4.3933   85742.1   68732.6 -108381.5
     3153.8     551.6   86558.3   68483.2   85339.3   73790.5   84282.1   74589.7   85483.1   68236.2
   70 1     -1  1.1443 -4.4805   87111.5   82934.4    4179.4  0.7878 -4.3933   83377.7   81917.2 -111382.6
     1676.9     276.0   87793.9   81377.9   87204.3   83686.5   86640.3   84696.4   87259.1   81241.3
   71 1      0  0.8704 -4.1705   84132.3   84688.5    3360.0  0.7878 -4.3933   82732.2   85517.1 -112202.0
     1034.5     115.4   84456.6   83699.4   84216.7   84849.0   84018.8   85883.5   84230.7   83652.3
