groupid:  10341, ntrk:  2
vertex track :          0   3 127    2501456  0.0737 -0.1878  122568.6  145777.0     159.2    13  3046.7
  128 3      1  0.0692 -0.1896  124611.9   69473.4   -2868.4  0.0715 -0.1869  122437.6  145524.5 -219405.7
       21.6       2.3  124621.4   69453.9  124621.1   69454.7  124812.4   69702.7  124617.2   69452.3
  129 3      2  0.0759 -0.1869  122046.5   67164.5   -3719.5  0.0715 -0.1869  122376.8  145683.6 -220256.8
       26.2       4.5  122060.5   67141.9  122056.7   67151.2  122242.5   67396.8  122052.2   67138.6
  130 3      3  0.0731 -0.1875  124199.6   67277.9   -6587.6  0.0715 -0.1869  122171.8  146219.5 -223124.8
       42.3       8.7  124223.1   67241.7  124207.7   67281.1  124386.2   67524.0  124206.8   67235.4
vertex track :         21   3 127    2714472 -1.7418  2.0941  119673.2  149352.3     160.4  2212   405.0
  128 3      1 -1.8125  2.1003  124576.9   64807.8   -3155.1 -1.7344  2.1399  125540.7  141489.6 -219704.0
      667.3     186.2  123999.9   65191.4  124491.3   64622.0  125362.0   64636.3  124281.9   65434.6
  129 4      2 -1.7584  2.1041    7581.0   65245.2   -3974.1 -1.7344  2.1399  126961.0  139737.2 -220522.9
     1364.7     441.2    6367.3   66009.5    7748.3   64357.0    9002.9   64693.0    7044.3   66575.3
  130 4      3 -1.6936  2.1136    8057.3   58425.6   -7143.2 -1.7344  2.1399  132457.5  132955.5 -223692.1
     2718.7     895.4    5658.6   59987.3    8703.0   56187.9   10664.4   57075.9    7056.1   61107.1
