groupid:  10512, ntrk:  5
vertex track :          0   3 111    2681943  0.1798 -0.2782   56747.0  130526.6     213.5    13  1799.8
  112 3      1  0.1827 -0.2755   54701.0   52239.4   -2867.3  0.1731 -0.2782   55574.7  130886.5 -189483.1
       33.8       3.9   54723.0   52213.4   54724.0   52211.8   54889.3   52475.1   54716.4   52209.1
  113 3      2  0.1797 -0.2781   55917.6   55213.1   -3719.2  0.1731 -0.2782   55427.3  131123.4 -190334.9
       40.7       8.0   55946.3   55183.3   55939.9   55193.2   56099.0   55452.6   55932.9   55174.6
  114 3      3  0.1787 -0.2781   57702.6   53749.6   -6586.9  0.1731 -0.2782   54931.0  131921.1 -193202.7
       64.9      15.5   57750.7   53703.4   57718.1   53754.2   57864.7   54005.6   57724.7   53686.6
vertex track :        212   3 112    3381160  3.6806  0.3575   49808.3  129733.5     233.2     0  2085.0
  109 3     -2  3.6788  0.3061   77092.8   54460.2    6586.5  3.6677  0.3212   74329.1  132135.6 -183360.8
     1244.2      89.6   78325.3   54652.6   76618.0   54510.6   76073.9   54478.1   78340.1   54474.1
  110 3     -1  3.6814  0.3423   69598.3   53571.9    3717.4  3.6677  0.3212   63806.2  131214.0 -186229.9
      701.9      43.7   70293.1   53680.3   69668.5   53622.2   69117.1   53673.7   70301.1   53593.4
  111 3      0  3.6837  0.3293   64322.0   51672.2    2868.5  3.6677  0.3212   60692.7  130941.4 -187078.7
      541.0      20.0   64859.1   51740.3   64554.9   51713.1   63998.6   51814.5   64862.7   51700.5
vertex track :        231   3 112    3410533  1.6574 -3.2684   52233.9  134239.1     236.7     0  1148.4
  109 3     -2  1.8712 -3.0029   64317.3   38732.2    7039.5  1.6101 -3.2607   64468.1  112401.5 -182912.9
     1408.0     166.8   65203.5   37625.4   64107.2   39384.8   63642.9   40045.9   64920.4   37448.9
  110 3     -1  1.7204 -3.1867   56723.9   36607.0    4091.2  1.6101 -3.2607   59721.2  122014.8 -185861.1
      799.9      83.0   57177.0   35942.5   56778.3   36681.1   56482.6   37478.2   57030.9   35863.7
  111 3      0  1.6336 -3.4495   55396.7   44139.1    3281.8  1.6101 -3.2607   58417.9  124654.1 -186670.6
      611.7      36.1   55691.1   43601.7   55510.5   43983.0   55313.9   44883.1   55625.9   43570.8
vertex track :        233   3 112    3410725  2.9125 -0.0653   54198.0  130625.1     228.0     0  5032.6
  109 3     -2  2.9053 -0.1052   76023.3   52369.9    6587.0  2.9001 -0.0910   73887.5  130364.8 -183346.5
      796.9      36.0   76821.0   52377.0   75838.3   52412.6   75438.5   52572.7   76818.4   52305.1
  110 3     -1  2.9110 -0.0749   70834.6   52705.0    3718.7  2.9001 -0.0910   65568.9  130626.0 -186214.8
      460.8      18.6   71295.7   52711.7   70985.8   52719.7   70586.4   52908.2   71294.7   52674.6
  111 3      0  2.9074 -0.0932   66185.1   51153.7    2867.3  2.9001 -0.0910   63099.9  130703.5 -187066.2
      365.9      11.7   66551.2   51153.7   66430.3   51157.5   66031.9   51363.6   66550.4   51130.3
vertex track :        258   3 112    3552238  0.2065 -2.7380   53881.5  137440.0     235.7   211   398.9
  109 3     -2  0.1893 -2.6551   56292.2   45451.3    7030.6  0.1724 -2.7313   56378.3  119214.3 -182921.3
     1232.0     332.3   56711.3   44246.0   56575.8   46146.2   56083.3   46863.9   56048.4   44198.8
  110 3     -1  0.2422 -2.7938   52965.7   41750.8    4092.7  0.1724 -2.7313   55871.8  127238.5 -185859.2
      660.0     164.8   53186.9   41107.5   53123.7   41835.8   52954.7   42601.2   52858.5   41079.1
  111 3      0  0.0295 -2.6473   53050.6   48819.6    3281.4  0.1724 -2.7313   55732.0  129454.3 -186670.5
      419.8      67.6   53122.9   48400.6   53119.7   48684.2   53188.4   49445.9   52987.7   48399.1
