groupid:   1081, ntrk:  2
vertex track :          0   3 105    2720908 -0.0915  0.2114  150324.3  143978.0     261.7    13   871.7
  106 4      1 -0.0936  0.2099   31003.0   69376.9   -2869.0 -0.0909  0.2118  147799.8  144374.3 -178454.1
       25.4       6.2   30986.9   69397.6   30988.0   69395.3   31228.9   69566.5   30998.3   69402.7
  107 4      2 -0.0962  0.2088   27128.5   66187.2   -3716.8 -0.0909  0.2118  147876.8  144194.7 -179301.9
       33.1      14.9   27101.1   66211.0   27108.6   66194.8   27365.7   66373.6   27128.1   66223.5
  108 4      3 -0.0928  0.2102   29292.9   68665.1   -6586.1 -0.0909  0.2118  148137.6  143586.9 -182171.2
       55.4      29.1   29243.8   68704.0   29269.1   68646.7   29551.8   68836.4   29297.1   68727.5
vertex track :         74   3 105    3140056  2.2003  2.0497  155330.7  148199.1     257.4   211   593.3
  106 4      1  2.3208  2.1287   28802.1   59794.0   -3085.8  2.2208  2.0495  145119.8  142386.0 -178676.0
      499.0      57.2   29131.1   60173.5   28883.0   59946.0   28685.3   59626.7   29208.5   60089.1
  107 4      2  1.9385  2.1715   27600.5   61229.3   -3906.8  2.2208  2.0495  143296.5  140703.3 -179497.0
      703.4     132.9   27969.8   61842.5   27440.1   61249.1   27443.2   60828.3   28168.1   61665.5
  108 4      3  2.0121  2.1595   19712.8   54031.4   -6493.2  2.2208  2.0495  137552.7  135402.6 -182083.4
     1173.8     243.8   20334.6   55056.4   19156.8   53792.3   19303.0   53218.5   20691.4   54724.0
