groupid:  10926, ntrk:  3
vertex track :          0   3 107    2800265  0.3351 -0.1844   47490.2  101593.2     202.3    13  1383.4
  108 3      1  0.3331 -0.1883   48230.4   26398.4   -2869.7  0.3342 -0.1901   45606.0  102443.8 -182330.4
       38.6       4.9   48266.4   26383.7   48269.2   26382.1   48404.8   26622.9   48261.6   26375.2
  109 3      2  0.3319 -0.1907   45596.7   24758.2   -3718.8  0.3342 -0.1901   45322.2  102605.2 -183179.4
       46.6      10.4   45642.3   24744.0   45631.2   24750.3   45761.5   24982.2   45631.9   24726.0
  110 3      3  0.3334 -0.1876   48135.3   25163.7   -6588.6  0.3342 -0.1901   44363.2  103150.6 -186049.2
       74.5      20.3   48210.2   25144.8   48150.3   25178.5   48270.8   25392.4   48190.4   25109.5
vertex track :         37   3 107    3479124 -1.1596  0.4259   47136.8  101736.7     202.3  2212   893.5
  108 3      1 -1.2013  0.4324   48672.3   19912.8   -2517.4 -1.1575  0.4483   49428.0  100790.7 -181978.1
      116.5      15.4   48557.4   19937.8   48524.4   19949.7   48995.9   20098.2   48567.8   19966.7
  109 3      2 -1.1425  0.3664   54760.3   26070.6   -3311.2 -1.1575  0.4483   50346.9  100434.9 -182771.9
      146.5      37.1   54609.4   26080.0   54648.5   26067.4   55120.0   26271.6   54632.1   26150.7
  110 3      3 -1.1813  0.4558   55266.3   13361.4   -6228.1 -1.1575  0.4483   53723.3   99127.1 -185688.8
      250.1      77.6   55005.0   13379.0   55223.6   13294.7   55736.4   13554.2   55060.9   13523.8
vertex track :         58   3 107    3733344 -0.7831  4.3626   45161.7  109960.1     211.6   211   680.0
  108 3      1 -0.7285  4.3821   48705.3   23273.6   -2867.8 -0.7268  4.3994   46644.2   96737.4 -182346.7
      908.1      77.3   48480.2   24156.8   48625.0   23285.4   49139.7   22604.9   48632.6   24182.1
  109 3      2 -0.7078  4.3670   46850.5   17953.7   -3721.4 -0.7268  4.3994   47264.5   92982.5 -183200.2
     1352.4     188.0   46448.6   19258.6   46732.7   17505.7   47461.8   16863.2   46819.7   19318.7
  110 3      3 -0.7411  4.3549   52632.3    5121.3   -6586.1 -0.7268  4.3994   49346.6   80379.6 -186064.9
     2445.5     370.7   51856.6    7469.9   52521.5    3562.8   53617.3    2987.0   52587.5    7594.3
