groupid:  10208, ntrk:  6
vertex track :          0   3  17    2534347  0.1524 -0.2588   89863.7  151273.8     301.1    13   802.2
   18 3      1  0.1514 -0.2607   90055.0   71213.6   -2868.2  0.1512 -0.2650   89431.3  148916.6  -17708.8
       32.2       7.2   90077.4   71189.4   90076.9   71190.3   90242.8   71447.6   90065.0   71182.2
   19 3      2  0.1515 -0.2612   91870.7   71930.3   -3718.5  0.1512 -0.2650   89302.7  149142.0  -18559.1
       41.1      16.9   91905.9   71903.2   91896.5   71919.4   92045.7   72167.1   91876.7   71886.3
   20 3      3  0.1533 -0.2606   90957.5   73200.5   -6585.8  0.1512 -0.2650   88869.2  149901.9  -21426.4
       67.8      32.9   91020.2   73158.8   90983.7   73220.8   91105.0   73452.0   90963.5   73125.4
vertex track :         12   3  17    2766844 -0.1912 -0.3180   89778.8  151259.2     301.1  2212   757.8
   18 3      1 -0.2157 -0.2984   90089.0   74417.7   -2488.0 -0.1937 -0.3212   90365.6  148958.7  -17328.5
       36.8      10.6   90076.0   74381.7   90073.8   74378.7   90311.8   74663.4   90058.9   74394.1
   19 3      2 -0.1781 -0.3090   88143.9   72886.3   -3314.2 -0.1937 -0.3212   90525.7  149224.1  -18154.7
       50.3      26.6   88141.9   72829.4   88154.7   72851.7   88355.8   73152.9   88095.7   72856.0
   20 3      3 -0.1914 -0.3067   89233.1   74944.7   -6172.3 -0.1937 -0.3212   91079.4  150142.3  -21012.9
       88.4      54.5   89232.6   74840.9   89286.0   74926.4   89443.5   75258.2   89140.1   74898.6
vertex track :         95   3  18    2757783  1.6401 -1.2713   89947.7  150589.2     183.7     0  1943.6
   15 3     -2  1.6634 -1.2509   96899.7   68552.4    4285.2  1.6506 -1.2863   95553.0  143957.9  -12943.0
      312.6      29.1   97167.1   68387.7   97016.7   68500.8   96844.1   68925.8   97132.1   68341.3
   16 3     -1  1.6697 -1.2418   93087.6   67657.2    3718.3  1.6506 -1.2863   94617.2  144687.2  -13509.9
      275.8      23.0   93322.6   67511.1   93230.7   67579.4   93064.3   68012.1   93295.2   67474.2
   17 3      0  1.6613 -1.2416   92589.6   70373.1    2868.3  1.6506 -1.2863   93214.1  145780.5  -14360.0
      222.5      11.5   92774.7   70249.1   92767.1   70254.7   92616.2   70705.8   92761.0   70230.6
vertex track :         96   3  18    2757989  0.1498 -0.6514   90682.3  151086.7     181.7   211   112.7
   15 3     -2  0.1579 -0.6474   89123.1   70638.3    4595.3  0.1507 -0.6600   90182.4  146821.1  -12629.1
      362.2     293.2   89493.8   70355.8   89355.4   70923.6   88962.6   71130.0   88924.1   70216.9
   16 3     -1  0.0642 -0.6999   91004.8   70266.0    3311.6  0.1507 -0.6600   89989.0  147668.3  -13912.7
      228.6     182.2   91207.1   70054.9   91178.8   70363.3   91012.5   70686.3   90844.2   70021.6
   17 3      0  0.1822 -0.6644   90573.4   69246.8    2489.2  0.1507 -0.6600   89865.0  148211.1  -14735.1
       95.5      64.9   90661.2   69171.9   90649.0   69216.6   90695.7   69531.1   90536.1   69137.6
vertex track :        135   3  18    3592102  0.2650  0.3473   90400.4  148491.8     182.9   211     nan
   15 3     -2  0.2606  0.3517   90895.7   73849.6    4289.0  0.2649  0.3443   90323.8  148542.1  -12947.5
        nan       nan      -nan       nan       nan       nan       nan       nan       nan       nan
   16 3     -1  0.2591  0.3512   88947.3   70832.4    3717.3  0.2649  0.3443   90172.3  148345.3  -13519.3
        nan       nan      -nan       nan       nan       nan       nan       nan       nan       nan
   17 3      0  0.2572  0.3523   89587.3   72225.2    2868.8  0.2649  0.3443   89947.6  148053.1  -14367.8
        nan       nan      -nan       nan       nan       nan       nan       nan       nan       nan
vertex track :        155   3  18    3625379 -0.6209 -1.3933   92420.7  152666.8     182.8  2212   653.4
   15 3     -2 -0.5697 -1.3491   87700.9   69084.4    4591.6 -0.6238 -1.4121   88505.1  145097.1  -12627.7
      286.3     106.8   87688.0   68779.1   87791.1   69023.3   87923.3   69598.4   87491.2   68862.3
   16 3     -1 -0.6822 -1.4268   89867.8   69283.8    3320.2 -0.6238 -1.4121   89298.1  146892.5  -13899.1
      203.1      66.8   89840.4   69071.7   89872.4   69138.6   90104.5   69704.4   89719.9   69129.4
   17 3      0 -0.5740 -1.3980   89985.2   68749.6    2493.9 -0.6238 -1.4121   89813.6  148059.3  -14725.4
      141.9      24.4   89953.8   68609.1   89941.1   68578.0   90226.0   69098.7   89908.8   68627.6
