groupid:   1115, ntrk:  6
vertex track :          0   3  31     903305  0.3975  0.1106  111378.1   41397.6     173.1    13  1486.9
   32 1      1  0.3981  0.1082  110887.1   43461.5   -2874.1  0.3913  0.1088  108715.4   40596.4  -42722.0
       41.1       4.9  110925.5   43477.0  110929.7   43478.2  111059.0   43656.2  110928.0   43467.6
   33 1      2  0.3968  0.1101  107324.2   41676.4   -3720.4  0.3913  0.1088  108384.2   40504.4  -43568.4
       49.4       9.9  107369.2   41699.2  107357.3   41695.9  107489.7   41863.7  107374.5   41680.1
   34 1      3  0.3952  0.1172  108248.8   44012.3   -6585.9  0.3913  0.1088  107263.1   40192.7  -46433.9
       78.9      19.3  108318.9   44053.3  108250.7   44033.0  108389.1   44181.4  108329.9   44016.2
vertex track :          4   3  31       8414  0.4248  0.6181  111439.0   42496.2     171.3     0   391.2
   32 1      1  0.4371  0.6207  109758.0   37782.3   -2962.6  0.4162  0.6137  108660.1   40100.1  -42806.2
       77.2      19.7  109786.3   37856.8  109789.2   37860.9  109940.1   37918.4  109818.6   37834.0
   33 1      2  0.4234  0.6015  112383.0   39483.2   -3804.8  0.4162  0.6137  108309.6   39583.2  -43648.4
      104.3      47.3  112404.3   39595.7  112373.2   39551.5  112572.1   39581.3  112481.7   39541.3
   34 1      3  0.4320  0.6286  108221.0   37188.9   -6760.2  0.4162  0.6137  107079.7   37769.5  -46603.8
      179.4      94.3  108244.9   37390.1  108132.4   37226.4  108407.5   37198.2  108400.3   37283.3
vertex track :         30   3  31     645181 -0.6185 -2.7169  109435.9   35210.7     169.7     0 10001.0
   32 1      1 -0.6374 -2.7108  112001.3   45703.8   -2868.5 -0.6097 -2.7311  109856.5   43052.9  -42729.5
      380.3      12.3  111926.2   45330.8  111966.5   45501.9  112285.7   46284.1  111902.2   45336.5
   33 1      2 -0.6120 -2.7214  109259.2   46311.7   -3718.0 -0.6097 -2.7311  110374.5   45373.2  -43579.1
      468.2      16.7  109172.7   45851.2  109249.7   46193.4  109555.0   46979.5  109140.2   45858.6
   34 1      3 -0.5653 -2.7167  112906.9   57256.1   -6585.1 -0.6097 -2.7311  112122.4   53203.4  -46446.1
      778.3      29.6  112777.3   56488.1  112975.7   57441.5  113245.9   58231.4  112719.3   56500.1
vertex track :         59   3  31     934680  5.0860  2.3196  124587.5   47836.4     167.8     0 10001.0
   32 1      1  5.4773  2.5440  109528.3   38249.0   -2962.2  5.0538  2.3048  107285.0   40176.8  -42772.2
     1301.3      23.5  110698.7   38818.6  109488.4   38256.5  108573.5   37892.0  110718.5   38775.9
   33 1      2  5.4427  2.4858  108228.0   38540.6   -3795.0  5.0538  2.3048  103076.1   38257.3  -43605.1
     1629.1      33.4  109696.0   39247.8  107875.2   38416.2  106975.4   38045.9  109723.8   39187.0
   34 1      3  5.1120  2.3894   90730.3   31248.2   -6709.3  5.0538  2.3048   88347.7   31540.4  -46519.4
     2788.6      60.4   93230.9   32483.8   89251.9   30624.0   88444.7   30225.1   93282.1   32374.3
vertex track :         88   3  32       7601 -0.2867 -0.5733  111162.0   43802.5     194.2     0     nan
   29 1     -2 -0.2806 -0.5715  108598.8   38218.0    6585.3 -0.2794 -0.5706  107210.0   37296.7  -36275.6
        nan       nan      -nan       nan       nan       nan       nan       nan       nan       nan
   30 1     -1 -0.2755 -0.5725  108729.0   43104.9    3716.7 -0.2794 -0.5706  108011.5   38933.5  -39144.2
        nan       nan      -nan       nan       nan       nan       nan       nan       nan       nan
   31 1      0 -0.2836 -0.5775  109619.4   39726.7    2868.4 -0.2794 -0.5706  108248.5   39417.6  -39992.5
        nan       nan      -nan       nan       nan       nan       nan       nan       nan       nan
vertex track :        114   3  32     450855 -0.5362 -2.6792  111692.1   45522.3     196.3     0  2669.8
   29 1     -2 -0.4210 -2.5598  108510.4   31429.7    6142.7 -0.5054 -2.6571  106500.1   26861.8  -36723.8
      676.0      46.0  108446.1   30755.3  108577.1   31551.7  108784.3   32311.6  108355.4   30770.2
   30 1     -1 -0.6086 -2.8699  110246.7   36161.3    3769.1 -0.5054 -2.6571  107699.7   33168.5  -39097.4
      425.5      25.3  110183.2   35739.8  110231.9   35969.6  110519.7   36789.9  110133.7   35750.3
   31 1      0 -0.7226 -2.7129  110626.9   40828.4    2958.8 -0.5054 -2.6571  108109.3   35321.8  -39907.8
      342.6      13.6  110551.8   40493.8  110576.4   40586.2  110911.3   41370.2  110525.6   40500.8
