groupid:  11647, ntrk:  3
vertex track :          0   3  79    3557880  0.0606 -0.1827  153682.0  129768.1     400.2    13  1622.9
   80 4      1  0.0630 -0.1823   31910.7   50121.1   -2869.1  0.0573 -0.1799  152023.3  128049.6 -130760.8
       22.1       3.7   31921.4   50101.4   31920.2   50104.9   32110.0   50350.6   31914.4   50098.9
   81 4      2  0.0637 -0.1819   31687.4   49861.0   -3719.1  0.0573 -0.1799  151974.6  128202.6 -131610.8
       27.3       8.3   31704.3   49837.9   31699.6   49851.3   31880.6   50093.8   31688.6   49832.4
   82 4      3  0.0616 -0.1817   31288.0   50883.3   -6583.9  0.0573 -0.1799  151810.3  128718.0 -134475.6
       44.2      16.0   31317.4   50846.6   31301.9   50892.2   31468.8   51129.9   31287.1   50836.3
vertex track :         73   3  80    3768374  0.1892  1.9668  151607.0  124308.3     269.3     0 10001.0
   77 4     -2  0.2063  1.9664   31771.3   58624.2    6585.3  0.2365  1.9523  153211.4  135754.7 -123987.0
      418.3      21.1   31793.9   59042.4   31750.0   58623.3   31958.8   58417.9   31835.9   59038.0
   78 4     -1  0.2035  1.9646   30447.7   52963.7    3719.5  0.2365  1.9523  152533.8  130159.8 -126852.8
      249.1      11.3   30462.1   53212.6   30453.5   53129.6   30643.6   52926.7   30484.7   53210.3
   79 4      0  0.2303  1.9622   34998.1   51918.9    2868.3  0.2365  1.9523  152332.5  128498.0 -127704.0
      203.1       8.2   35013.6   52121.6   35014.6   52130.1   35192.8   51928.1   35030.0   52119.7
vertex track :        145   3  80    4490028 -0.9485 -0.9691  153314.5  130090.6     269.8   211     nan
   77 4     -2 -0.7529 -1.0072   27169.6   43134.6    7009.7 -0.9820 -0.9507  146958.7  122742.8 -123555.9
        nan       nan      -nan       nan       nan       nan       nan       nan       nan       nan
   78 4     -1 -0.9245 -0.9457   31459.0   44525.5    3613.1 -0.9820 -0.9507  150294.2  125972.0 -126952.6
        nan       nan      -nan       nan       nan       nan       nan       nan       nan       nan
   79 4      0 -0.9643 -0.9165   31737.1   44379.2    2795.3 -0.9820 -0.9507  151097.3  126749.4 -127770.3
        nan       nan      -nan       nan       nan       nan       nan       nan       nan       nan
