groupid:  11357, ntrk:  4
vertex track :          0   3  49    5508006  0.1754 -0.2417   81592.9  189486.9     142.6    13   464.0
   50 5      1  0.1754 -0.2420   86762.5   36359.8   -2868.5  0.1743 -0.2389   83532.9  189386.2  -74366.8
       32.3      11.3   86790.7   36340.3   86789.6   36341.8   86944.5   36589.1   86772.3   36327.0
   51 5      2  0.1762 -0.2414   86286.8   34918.6   -3718.5  0.1743 -0.2389   83384.8  189589.3  -75216.8
       46.2      28.0   86336.7   34897.8   86319.2   34921.8   86447.1   35149.2   86291.4   34864.8
   52 5      3  0.1748 -0.2424   83472.6   38125.1   -6587.0  0.1743 -0.2389   82884.9  190274.5  -78085.3
       81.4      55.8   83565.5   38091.7   83507.0   38172.9   83589.9   38368.3   83475.0   38026.4
vertex track :         21   3  49    5508906 -0.2680 -0.5084   81408.2  189373.0     141.7  2212   319.7
   50 5      1 -0.3157 -0.4910   77474.9   33530.3   -3275.4 -0.2703 -0.5013   84796.0  190267.8  -74772.8
      104.1      74.0   77480.9   33402.8   77527.1   33474.7   77678.6   33867.4   77356.3   33482.9
   51 5      2 -0.2289 -0.4735   77278.3   33799.5   -4099.8 -0.2703 -0.5013   85018.8  190681.0  -75597.2
      212.0     173.7   77342.4   33533.1   77478.8   33815.4   77423.9   34275.5   77029.7   33684.3
   52 5      3 -0.2417 -0.5121   79009.0   34245.7   -6838.1 -0.2703 -0.5013   85759.0  192053.8  -78335.5
      389.0     324.8   79136.7   33755.3   79418.0   34351.4   79091.0   34945.6   78549.2   34032.5
vertex track :         22   3  49    5508909 -0.3580 -0.1582   81370.3  189521.0     141.7     0   787.9
   50 5      1 -0.3567 -0.1587   88273.7   36144.2   -2867.9 -0.3593 -0.1550   84916.2  189167.6  -74365.3
       39.3       7.4   88240.8   36121.5   88237.8   36120.1   88516.3   36376.8   88234.8   36135.0
   51 5      2 -0.3582 -0.1587   88247.1   34614.3   -3719.2 -0.3593 -0.1550   85222.1  189299.6  -75216.7
       49.3      17.4   88209.0   34578.4   88224.1   34585.1   88494.8   34860.1   88195.0   34610.3
   52 5      3 -0.3562 -0.1577   86877.8   37589.3   -6585.4 -0.3593 -0.1550   86251.9  189743.8  -78082.9
       81.1      34.5   86817.6   37524.9   86891.2   37557.5   87147.7   37863.5   86789.7   37588.0
vertex track :         91   3  49    6174891 -0.7866 -0.7660   81192.9  189268.1     141.7  2212   506.6
   50 5      1 -0.8662 -0.7478   78844.1   34102.7   -3274.8 -0.7902 -0.7545   86356.3  191029.5  -74772.2
      133.3      45.8   78773.1   33980.9   78793.1   33998.1   79124.2   34433.7   78713.3   34050.2
   51 5      2 -0.7972 -0.7649   78941.5   34562.5   -4100.4 -0.7902 -0.7545   87008.7  191652.4  -75597.8
      207.5     106.8   78865.7   34341.8   78997.8   34468.5   79226.5   34992.5   78717.8   34495.9
   52 5      3 -0.6756 -0.8007   82041.4   35942.2   -6839.6 -0.7902 -0.7545   89173.4  193719.2  -78337.1
      359.3     199.7   81962.4   35538.8   82283.9   35919.8   82329.8   36554.7   81657.1   35796.4
