groupid:  11034, ntrk:  8
vertex track :          0   3  89     806460  0.2154 -0.1773   92541.7   84639.9     260.0    13  4126.7
   90 3      1  0.2148 -0.1781   90465.0    6565.4   -2867.7  0.2191 -0.1744   91343.3   84061.7 -148938.3
       29.2       2.6   90489.1    6548.7   90489.3    6548.6   90651.1    6791.8   90485.8    6544.7
   91 3      2  0.2154 -0.1768   92918.3    7875.1   -3717.8  0.2191 -0.1744   91157.1   84210.0 -149788.4
       34.8       4.2   92947.9    7856.3   92939.3    7863.4   93098.9    8103.7   92942.5    7849.7
   92 1      3  0.2155 -0.1773   92086.1   84907.3   -6587.1  0.2191 -0.1744   90528.4   84710.5 -152657.7
       55.3       7.9   92133.7   84878.3   92093.7   84911.2   92248.6   85146.1   92123.7   84866.1
vertex track :         37   3  89    1960088 -1.8010 -0.4352   89534.8   84252.0     259.7   211     nan
   90 3      1 -1.9322 -0.3605   96318.4    6451.6   -2197.3 -1.8070 -0.4201   93431.2   84175.0 -148258.6
        nan       nan      -nan       nan       nan       nan       nan       nan       nan       nan
   91 1      2 -1.9095 -0.4257   95096.8   84738.5   -3040.7 -1.8070 -0.4201   94955.1   84529.3 -149101.9
        nan       nan      -nan       nan       nan       nan       nan       nan       nan       nan
   92 3      3 -1.8140 -0.5156  100074.2    9111.8   -6303.8 -1.8070 -0.4201  100851.4   85900.1 -152365.0
        nan       nan      -nan       nan       nan       nan       nan       nan       nan       nan
vertex track :         90   3  90    1386215 -1.0983  0.0303   92239.1   84958.8     207.9     0  1861.7
   87 1     -2 -1.1056  0.0295   87018.8   84611.9    6588.3 -1.1144  0.0349   86182.0   83870.2 -141667.3
      191.2      25.7   86826.9   84591.4   86977.1   84587.4   87419.5   84842.6   86828.3   84642.7
   88 3     -1 -1.0992  0.0436   89686.3    6352.0    3714.9 -1.1144  0.0349   89384.1   83769.9 -144540.7
      118.3      12.8   89567.6    6343.8   89573.2    6343.6   90014.0    6570.1   89568.6    6369.5
   89 1      0 -1.1006  0.0261   91351.2   84844.3    2872.3 -1.1144  0.0349   90323.0   83740.5 -145383.3
       99.1       6.9   91252.0   84839.8   91218.9   84840.5   91659.3   85058.8   91252.3   84853.5
vertex track :         91   3  90    1386461 -1.7131  0.1590   94654.4   84499.5     204.9     0 10001.0
   87 3     -2 -1.6938  0.1338   81841.4    7393.1    5876.1 -1.7395  0.1653   85862.9   84121.4 -142369.2
      311.2      17.0   81529.9    7400.6   81794.6    7379.7   82361.3    7595.7   81532.5    7434.6
   88 1     -1 -1.7070  0.0680   87670.1   83231.9    3050.8 -1.7395  0.1653   90777.4   83654.4 -145194.5
      179.9       8.4   87490.0   83230.7   87491.0   83230.6   88058.4   83443.2   87490.7   83247.5
   89 3      0 -1.6801  0.1164   90180.6    6736.6    2223.0 -1.7395  0.1653   92217.2   83517.6 -146022.3
      146.8       5.8   90033.7    6741.0   89973.8    6745.1   90535.8    6942.3   90034.5    6752.5
vertex track :        101   3  90    1387818  0.5436 -1.2881   90432.4   85290.1     210.0     0  1249.0
   87 1     -2  0.5569 -1.2864   94899.5   77263.0    6586.3  0.5384 -1.2759   94903.3   75846.6 -141676.8
      265.8      43.9   95045.4   77036.5   94951.2   77254.3   94964.2   77698.2   94964.8   77001.7
   88 1     -1  0.5199 -1.2981   94301.4   81675.0    3718.6  0.5384 -1.2759   93359.3   79505.5 -144544.6
      161.0      21.5   94381.2   81533.5   94370.6   81559.9   94432.0   82025.2   94341.3   81517.5
   89 1      0  0.5470 -1.2921   93187.5   82274.9    2870.2  0.5384 -1.2759   92902.5   80587.9 -145393.0
      131.9       9.9   93248.1   82157.3   93260.1   82128.9   93337.5   82601.3   93229.8   82149.6
vertex track :        113   3  90    2110838 -0.1343  2.8196   90827.5   82360.9     208.1   211     nan
   87 3     -2 -0.1333  2.8510   88429.2   22887.8    5861.5 -0.1118  2.8835   91223.9   97371.2 -142394.5
        nan       nan      -nan       nan       nan       nan       nan       nan       nan       nan
   88 3     -1 -0.0912  2.8290   88204.9   11928.1    3030.9 -0.1118  2.8835   91540.4   89209.2 -145225.1
        nan       nan      -nan       nan       nan       nan       nan       nan       nan       nan
   89 3      0 -0.2132  2.7616   90861.6   12089.8    2221.6 -0.1118  2.8835   91630.9   86875.7 -146034.3
        nan       nan      -nan       nan       nan       nan       nan       nan       nan       nan
vertex track :        143   3  90    4795492  3.8324  4.5283   87188.6   80782.2     164.4   211     nan
   87 3     -2  3.7892  4.5968  110759.9   27721.8    6586.6  3.8948  4.5804  113181.3  108890.3 -141633.2
        nan       nan      -nan       nan       nan       nan       nan       nan       nan       nan
   88 3     -1  3.8975  4.4838   99556.0   15371.4    3716.8  3.8948  4.5804  102004.1   95745.8 -144503.0
        nan       nan      -nan       nan       nan       nan       nan       nan       nan       nan
   89 3      0  3.7919  4.5742   99133.7   11951.3    2869.7  3.8948  4.5804   98704.8   91865.6 -145350.1
        nan       nan      -nan       nan       nan       nan       nan       nan       nan       nan
vertex track :        152   3  90    4971293  1.6827 -3.0685   88456.5   89581.3     170.0     0  2147.5
   87 1     -2  1.6816 -2.8910   98067.2   70437.8    5856.3  1.6668 -3.0254   98973.1   71048.6 -142378.4
     1009.4      71.5   98636.5   69601.2   97974.6   70739.2   97709.6   71481.5   98512.9   69529.3
   88 1     -1  1.6857 -2.8895   94138.4   76272.9    3033.3  1.6668 -3.0254   94267.8   79589.4 -145201.5
      536.3      32.0   94436.3   75825.8   94249.7   76145.5   94052.2   76927.2   94381.0   75793.5
   89 1      0  1.8517 -3.0902   91647.3   81167.4    2206.5  1.6668 -3.0254   92889.6   82090.9 -146028.3
      403.6      13.7   91866.5   80828.2   91840.4   80871.7   91639.9   81713.5   91843.0   80814.1
