groupid:  11838, ntrk:  5
vertex track :          0   3 113    5975172 -0.1270 -0.1648  157817.6  200115.2     436.1    13  2287.0
  114 6      1 -0.1266 -0.1650   39392.4   44182.5   -2868.5 -0.1271 -0.1632  158877.7  198450.7 -193890.9
       23.6       3.0   39380.4   44162.0   39382.6   44164.8   39614.3   44412.9   39375.6   44165.6
  115 6      2 -0.1275 -0.1648   40894.9   44621.3   -3718.0 -0.1271 -0.1632  158985.7  198589.4 -194740.4
       28.6       6.2   40882.3   44594.9   40890.5   44605.5   41117.4   44857.5   40872.5   44602.5
  116 6      3 -0.1274 -0.1650   43151.5   46371.3   -6584.0 -0.1271 -0.1632  159350.0  199057.2 -197606.4
       45.6      11.8   43133.0   46328.0   43161.9   46365.5   43379.9   46624.4   43114.3   46342.5
vertex track :         48   3 113    6439764 -0.2492 -1.5541  157651.7  198317.9     435.9     0  1190.8
  114 6      1 -0.2768 -1.5557   33597.3   48981.4   -2661.4 -0.2529 -1.5440  159070.3  200907.1 -193683.6
      169.9      13.6   33580.9   48811.8   33582.3   48819.5   33823.4   49359.4   33554.2   48816.5
  115 6      2 -0.1865 -1.5722   34952.8   47349.6   -3488.8 -0.2529 -1.5440  159279.6  202184.6 -194511.0
      206.7      28.5   34956.8   47141.0   34966.3   47221.3   35158.6   47766.6   34900.1   47147.7
  116 6      3 -0.4504 -1.4330   38623.9   50975.4   -6703.9 -0.2529 -1.5440  160092.7  207148.6 -197726.1
      351.4      58.8   38574.6   50622.5   38690.8   50992.1   38882.7   51536.8   38462.4   50657.8
vertex track :         53   3 113    6440393  0.7236  1.0972  158953.6  201747.6     438.8     0   741.3
  114 6      1  0.7210  1.0968   38265.2   42453.7   -2868.9  0.7306  1.0874  157185.9  195931.5 -193894.8
      142.0      17.7   38328.4   42582.0   38323.8   42575.1   38412.6   42536.4   38357.9   42562.6
  115 6      2  0.7277  1.0922   39041.8   41823.7   -3718.5  0.7306  1.0874  156565.2  195007.6 -194744.4
      176.5      39.4   39106.8   41992.3   39064.0   41928.0   39187.5   41866.1   39172.4   41948.7
  116 6      3  0.7280  1.0977   38581.5   39530.2   -6584.9  0.7306  1.0874  154470.9  191890.8 -197610.8
      284.2      75.4   38675.7   39808.8   38514.5   39565.6   38698.0   39462.7   38801.5   39725.4
vertex track :        111   3 114    6378425 -2.0633  3.5545  165236.1  190263.7     219.9     0   931.2
  111 6     -2 -2.0540  3.5673   29161.3   57519.4    6594.4 -2.0136  3.5155  150628.0  211098.7 -186941.1
     1733.2     224.1   28102.2   58909.6   29400.5   56654.7   30428.3   56342.8   28490.7   59133.2
  112 6     -1 -2.0384  3.5657   33431.8   44437.0    3719.0 -2.0136  3.5155  156417.8  200990.1 -189816.6
      940.4     107.7   32871.6   45200.0   33377.0   44316.0   34200.0   43887.6   33058.6   45306.9
  113 6      0 -2.0480  3.5600   37223.9   43663.6    2870.4 -2.0136  3.5155  158126.7  198006.6 -190665.2
      668.2      42.5   36853.9   44221.6   37090.2   43810.8   37801.9   43319.1   36927.5   44263.9
vertex track :        140   3 114    6436875  2.6449 -0.0760  154273.4  199662.8     237.2     0  4405.9
  111 6     -2  2.3944  0.1270   53752.4   43287.4    6621.9  2.6582 -0.1045  169509.7  197504.6 -186898.5
      677.7      34.9   54427.3   43358.2   53576.7   43313.0   53289.9   43426.7   54431.0   43288.4
  112 6     -1  2.7119  0.1302   47478.9   42739.7    3483.4  2.6582 -0.1045  161167.0  197832.5 -190037.0
      370.2      16.6   47847.9   42774.1   47677.7   42765.9   47322.6   42915.6   47849.5   42740.9
  113 6      0  2.5772 -0.1918   45390.1   40809.9    2667.8  2.6582 -0.1045  158999.0  197917.7 -190852.6
      295.8      10.1   45685.9   40798.1   45637.1   40801.7   45306.9   41031.6   45684.4   40777.9
