groupid:   1238, ntrk:  4
vertex track :          0   3  79    3739171 -0.0336 -0.2725  139255.8  105629.3     384.3    13 10000.6
   80 4      1 -0.0303 -0.2730   18021.5   26067.3   -2868.2 -0.0363 -0.2735  137552.0  104236.7 -130715.9
       29.5       2.4   18020.6   26037.7   18020.8   26039.1   18232.4   26306.6   18015.9   26038.2
   81 4      2 -0.0298 -0.2752   17959.4   25824.9   -3718.5 -0.0363 -0.2735  137582.9  104469.3 -131566.2
       35.1       3.2   17958.8   25789.7   17960.1   25801.6   18170.0   26069.8   17952.4   25790.4
   82 4      3 -0.0317 -0.2726   17546.3   27170.3   -6583.7 -0.0363 -0.2735  137686.8  105253.0 -134431.4
       55.1       5.6   17545.5   27115.0   17551.5   27167.2   17757.1   27435.4   17534.4   27116.3
vertex track :         43   3  79    4165733 -0.1511  0.5065  139015.4  107221.2     386.5     0   884.1
   80 4      1 -0.1618  0.5158   19289.2   30771.5   -2851.1 -0.1528  0.5170  137690.8  103287.4 -130705.5
       54.1       8.3   19265.1   30820.7   19263.5   30825.7   19523.2   30932.9   19281.0   30825.7
   81 4      2 -0.1486  0.5282   18314.2   24148.3   -3682.3 -0.1528  0.5170  137817.8  102857.7 -131536.7
       65.8      18.1   18279.0   24206.7   18283.4   24191.0   18559.3   24300.4   18313.9   24216.5
   82 4      3 -0.1348  0.5012   21041.2   30888.1   -5938.2 -0.1528  0.5170  138162.4  101691.3 -133792.6
       96.3      31.4   20985.8   30972.9   21007.5   30892.1   21306.4   31013.7   21046.5   30989.2
vertex track :         89   3  80    3946089  0.1338 -0.0958  137880.2  104641.4     286.1   211   151.4
   77 4     -2  0.1334 -0.0959   17540.7   24664.1    6585.9  0.1300 -0.0994  138221.6  103368.4 -124050.6
      210.2     204.8   17830.9   24707.7   17517.6   24933.0   17460.6   24830.5   17591.7   24375.1
   78 4     -1  0.1331 -0.0965   16370.7   25974.5    3719.5  0.1300 -0.0994  137849.1  103653.4 -126917.0
      100.6      97.3   16509.3   25994.2   16374.4   26092.0   16442.3   26164.7   16395.0   25836.7
   79 4      0  0.1316 -0.0983   20616.7   26818.8    2867.1  0.1300 -0.0994  137738.3  103738.1 -127769.4
       40.1      36.1   20670.3   26823.7   20633.8   26851.0   20773.1   27023.7   20627.1   26765.9
vertex track :        104   3  80    4175326  1.4652  1.8143  135575.7  101247.2     289.1   211   376.5
   77 4     -2  1.3554  1.9104   25360.9   32613.4    7038.0  1.4924  1.7625  145098.4  112506.2 -123609.5
      917.7     283.1   25661.1   33525.7   24883.6   32430.0   25272.2   31913.1   26122.9   33198.1
   78 4     -1  1.5887  1.6992   22512.0   26187.4    3669.6  1.4924  1.7625  140071.2  106569.4 -126977.9
      438.9     122.2   22722.4   26591.4   22456.6   26307.1   22513.0   25995.0   22901.0   26424.5
   79 4      0  1.4596  2.0755   20890.9   23552.5    2857.5  1.4924  1.7625  138859.1  105138.0 -127790.0
      279.1      46.5   21013.4   23807.6   20998.8   23786.8   20979.8   23509.5   21089.5   23754.1
