groupid:   1751, ntrk:  4
vertex track :          0   3  51    2664777  0.1733 -0.2161   64721.6  121530.3     206.3    13   699.7
   52 3      1  0.1733 -0.2159   62230.4   44970.6   -2868.7  0.1741 -0.2153   60919.5  120476.8  -78454.8
       29.7       7.7   62255.0   44952.3   62254.3   44953.3   62416.0   45198.7   62243.0   44942.7
   53 3      2  0.1737 -0.2157   61489.2   43169.0   -3718.6  0.1741 -0.2153   60771.5  120659.8  -79304.8
       39.1      18.6   61528.2   43150.3   61515.7   43165.8   61660.4   43397.6   61499.2   43126.9
   54 3      3  0.1749 -0.2153   57686.5   42904.4   -6586.0  0.1741 -0.2153   60272.3  121277.3  -82172.2
       66.0      36.7   57756.6   42876.4   57710.1   42933.6   57826.5   43142.3   57699.6   42830.1
vertex track :         22   3  51    3103420 -1.5469  1.2266   60764.5  124831.3     212.1  2212   661.1
   52 3      1 -1.4311  1.1306   66398.1   40564.9   -2716.6 -1.5405  1.2400   62021.0  119514.3  -78308.0
      239.4      43.4   66183.4   40679.2   66258.5   40619.9   66821.4   40661.7   66237.2   40747.3
   53 3      2 -1.5453  1.1686   68967.2   41813.5   -3546.6 -1.5405  1.2400   63299.7  118485.1  -79138.0
      356.0     107.5   68618.4   41942.4   68861.7   41758.4   69524.4   41895.7   68748.1   42114.0
   54 3      3 -1.5919  1.2751   74553.3   38381.8   -6268.9 -1.5405  1.2400   67493.4  115109.3  -81860.4
      631.7     211.1   73928.3   38612.0   74580.1   38089.9   75386.7   38363.0   74192.3   38941.5
vertex track :         90   3  52    2887963 -0.8991  0.3407   62689.2  123809.5     284.5   211     nan
   49 3     -2 -0.8959  0.3349   52585.0   44660.5    6584.5 -0.8953  0.3489   55423.3  122549.5  -71821.8
        nan       nan      -nan       nan       nan       nan       nan       nan       nan       nan
   50 3     -1 -0.8985  0.3432   61613.5   45065.2    3717.8 -0.8953  0.3489   57989.8  121549.4  -74688.5
        nan       nan      -nan       nan       nan       nan       nan       nan       nan       nan
   51 3      0 -0.8986  0.3422   61632.1   43258.0    2868.3 -0.8953  0.3489   58750.4  121253.1  -75537.9
        nan       nan      -nan       nan       nan       nan       nan       nan       nan       nan
vertex track :        134   3  52    3150491 -0.3681 -2.9044   63053.4  126218.4     289.0     0  1741.9
   49 3     -2 -0.4126 -2.9898   64050.5   30812.2    6650.8 -0.3906 -2.8879   58965.4  104387.8  -71764.4
      831.2      76.9   64013.1   29978.3   64153.7   30997.2   64297.6   31853.2   63860.7   29999.3
   50 3     -1 -0.3894 -2.7516   60449.1   37508.4    3551.6 -0.3906 -2.8879   60175.9  113337.9  -74863.6
      448.5      34.8   60420.7   37059.4   60464.6   37369.8   60687.1   38164.6   60351.8   37069.2
   51 3      0 -0.2995 -2.9747   60211.7   39865.6    2720.6 -0.3906 -2.8879   60500.5  115737.8  -75694.6
      348.3      15.4   60192.1   39517.6   60199.0   39585.9   60441.0   40420.7   60161.5   39520.7
