groupid:   1853, ntrk:  2
vertex track :          0   3  95    3054467 -0.1517  0.1084  110540.7  103587.5     160.6    13  5221.8
   96 3      1 -0.1506  0.1100  112842.8   26217.5   -2869.0 -0.1482  0.1091  111674.8  101952.7 -159768.1
       20.2       1.7  112825.5   26228.0  112826.5   26227.3  113070.0   26417.1  112827.5   26230.8
   97 3      2 -0.1496  0.1111  112326.6   23966.9   -3717.7 -0.1482  0.1091  111800.5  101860.2 -160616.9
       24.3       3.0  112305.2   23979.0  112312.9   23973.3  112557.8   24164.9  112308.8   23983.8
   98 3      3 -0.1499  0.1098  114057.6   24554.0   -6585.5 -0.1482  0.1091  112225.5  101547.4 -163484.7
       39.3       5.7  114022.5   24572.6  114054.4   24549.2  114302.5   24745.4  114029.2   24581.8
vertex track :         71   3  96    2843908  0.6908 -0.0374  111710.3  103748.8     150.2     0 10001.0
   93 3     -2  0.6905 -0.0324  115209.9   25835.6    6584.1  0.6801 -0.0408  114864.9  101912.1 -152961.7
      117.0      10.5  115327.4   25840.7  115238.5   25844.8  115303.2   26040.6  115326.4   25819.6
   94 3     -1  0.6902 -0.0416  113752.9   24112.9    3720.1  0.6801 -0.0408  112916.9  102029.0 -155825.8
       73.5       5.8  113826.7   24114.3  113824.8   24114.4  113889.8   24321.5  113826.0   24102.7
   95 3      0  0.6907 -0.0367  113511.3   22510.7    2868.7  0.6801 -0.0408  112337.9  102063.7 -156677.2
       62.1       4.3  113573.6   22511.7  113594.6   22510.6  113659.8   22719.7  113573.1   22503.1
