groupid:   1966, ntrk:  5
vertex track :          0   3  33    6154589 -0.0154  0.1541  151644.0  178281.3     227.3    13  1022.1
   34 6      1 -0.0167  0.1538   33386.7   24829.9   -2869.5 -0.0159  0.1524  152605.1  177031.0  -46834.5
       18.3       5.0   33379.8   24847.6   33380.2   24843.4   33603.7   25022.4   33389.8   24848.7
   35 6      2 -0.0168  0.1537   30615.8   22962.7   -3714.5 -0.0159  0.1524  152618.5  176902.3  -47679.5
       24.5      12.2   30601.0   22985.7   30602.8   22969.2   30840.6   23149.8   30625.3   22988.4
   36 6      3 -0.0168  0.1538   31703.8   23655.6   -6581.1 -0.0159  0.1524  152664.2  176465.6  -50546.1
       41.9      24.0   31675.4   23694.7   31681.0   23643.6   31942.3   23826.7   31723.2   23699.9
vertex track :         59   3  33    6525874 -0.2918 -1.8621  151419.8  176666.6     225.6  2212   515.2
   34 6      1 -0.3834 -1.8428   31446.7   25063.0   -2959.0 -0.2865 -1.8879  153249.6  181888.6  -46926.6
      265.4      70.5   31461.6   24788.8   31489.2   24921.5   31641.4   25545.4   31323.6   24817.5
   35 6      2 -0.1977 -1.8863   35815.9   30098.6   -3779.7 -0.2865 -1.8879  153484.7  183438.0  -47747.3
      446.0     169.4   35937.9   29637.4   35989.4   30128.3   35903.7   30767.9   35600.9   29672.7
   36 6      3 -0.2422 -1.6462   32314.8   31908.9   -6282.3 -0.2865 -1.8879  154201.7  188162.7  -50249.9
      775.1     311.5   32510.1   31096.7   32684.9   32284.7   32329.2   32929.4   31893.8   31187.4
vertex track :         83   3  33    6555864 -1.3920  0.5171  149450.7  178850.2     228.2   211     nan
   34 6      1 -1.3962  0.5025   35194.1   24336.7   -2867.3 -1.3943  0.5157  154672.1  176476.9  -46831.4
        nan       nan      -nan       nan       nan       nan       nan       nan       nan       nan
   35 6      2 -1.4002  0.5034   33591.0   22149.0   -3717.9 -1.3943  0.5157  155858.2  176038.2  -47682.0
        nan       nan      -nan       nan       nan       nan       nan       nan       nan       nan
   36 6      3 -1.3965  0.4980   38049.5   22021.3   -6584.1 -1.3943  0.5157  159854.5  174560.0  -50548.2
        nan       nan      -nan       nan       nan       nan       nan       nan       nan       nan
vertex track :        116   3  33    6584745 -2.5244  4.1524  148078.7  184335.8     232.8   211   590.7
   34 6      1 -3.1935  4.6675   34716.7   15268.4   -2926.4 -2.5111  4.0437  156888.1  170785.1  -46876.6
     1137.5     105.1   33987.6   16147.8   34601.6   15250.4   35652.6   14603.6   34161.1   16266.6
   35 6      2 -2.2868  4.0644   41180.0   15052.3   -3727.1 -2.5111  4.0437  158898.8  167547.1  -47677.4
     1762.2     250.8   40097.4   16465.1   41345.3   14247.1   42470.4   13853.6   40534.5   16711.0
   36 4      3 -2.3276  4.5011   44119.4   76780.2   -6132.9 -2.5111  4.0437  164940.3  157818.7  -50083.2
     2997.7     455.1   42338.2   79234.0   44603.3   74853.6   46108.2   74541.0   43146.7   79652.0
vertex track :        186   3  34    6365243 -1.8261  1.3385  156162.6  178178.0     396.4     0  1203.6
   31 6     -2 -1.8156  1.3503   23752.6   27792.3    6585.2 -1.8167  1.3869  146240.6  182320.5  -40509.3
      535.2      75.2   23278.2   28051.3   23755.9   27696.1   24435.1   27744.6   23368.0   28172.0
   32 6     -1 -1.8046  1.3650   30766.7   24898.0    3718.6 -1.8167  1.3869  151448.2  178344.9  -43375.8
      305.7      35.6   30501.4   25054.0   30610.1   24971.8   31240.2   24953.3   30544.4   25110.8
   33 6      0 -1.8055  1.3575   29362.9   22361.8    2866.0 -1.8167  1.3869  152997.1  177162.4  -44228.5
      238.7      14.9   29163.2   22493.3   29165.6   22491.5   29770.9   22441.6   29181.1   22517.1
