groupid:   2069, ntrk:  2
vertex track :          0   3  39    2428407 -0.0730 -0.1524   59779.8  118062.8     275.5    13  2198.3
   40 3      1 -0.0742 -0.1516   60682.6   38739.4   -2867.0 -0.0756 -0.1497   59489.1  115572.8  -57997.7
       19.3       2.7   60676.5   38720.9   60677.9   38723.7   60898.6   38967.7   60671.7   38723.3
   41 3      2 -0.0755 -0.1511   60303.8   39631.9   -3719.9 -0.0756 -0.1497   59553.6  115700.5  -58850.6
       23.7       6.0   60298.5   39608.1   60303.8   39618.7   60518.9   39865.6   60287.9   39613.4
   42 3      3 -0.0750 -0.1515   62257.4   41360.9   -6585.6 -0.0756 -0.1497   59770.3  116129.5  -61716.3
       38.5      11.6   62250.7   41321.2   62269.1   41358.5   62474.1   41610.4   62230.0   41331.5
vertex track :        121   3  39    3752741  0.6403  0.8442   60214.7  118674.5     276.6  2212   452.3
   40 3      1  0.5782  0.7859   59601.2   37984.2   -3346.1  0.6613  0.8341   57304.7  112683.8  -58478.9
      143.6      59.2   59638.7   38134.9   59589.9   38068.6   59774.4   38044.3   59734.0   38064.8
   41 3      2  0.6263  0.8174   59501.8   34669.2   -4182.5  0.6613  0.8341   56751.7  111986.2  -59315.2
      238.2     135.3   59539.3   34940.6   59381.1   34734.1   59675.0   34608.7   59754.1   34776.0
   42 3      3  0.6263  0.8363   56593.0   35444.0   -6445.8  0.6613  0.8341   55255.0  110098.3  -61578.6
      382.9     228.8   56639.5   35887.6   56311.9   35450.2   56757.3   35211.1   57005.7   35613.3
