groupid:   2127, ntrk:  4
vertex track :          0   3 123    2939419 -0.0915  0.3584  128439.1  138936.8     294.1    13  1302.8
  124 4      1 -0.0904  0.3586    8023.2   61067.9   -2867.7 -0.0893  0.3571  126556.2  136323.0 -212429.8
       38.2       5.2    8008.9   61103.7    8008.5   61104.9    8247.5   61242.5    8019.0   61106.2
  125 4      2 -0.0942  0.3589    6335.9   57914.8   -3719.2 -0.0893  0.3571  126632.3  136018.9 -213281.3
       46.2      11.1    6313.4   57956.7    6317.1   57942.7    6568.4   58083.3    6335.0   57962.4
  126 4      3 -0.0935  0.3592    7352.0   58290.4   -6586.0 -0.0893  0.3571  126888.2  134995.1 -216148.1
       73.7      21.5    7312.6   58356.3    7330.1   58289.0    7601.3   58434.8    7354.2   58367.2
vertex track :          3   3 123    2712695  0.6063 -0.1145  128759.2  138721.5     293.3   211   355.4
  124 4      1  0.5573 -0.1353    9243.0   57127.7   -2849.5  0.6101 -0.1197  124677.2  137611.1 -212411.5
       64.6      19.9    9310.5   57131.8    9302.0   57133.9    9386.1   57333.5    9301.1   57093.1
  125 4      2  0.6087 -0.1205    9462.7   62777.7   -3680.4  0.6101 -0.1197  124170.2  137710.6 -213242.4
       90.2      47.8    9560.5   62807.1    9511.4   62816.8    9575.6   62958.2    9541.9   62713.3
  126 4      3  0.6024 -0.1418    5279.1   59447.3   -6201.6  0.6101 -0.1197  122632.0  138012.3 -215763.6
      147.7      88.5    5443.2   59499.5    5282.2   59537.4    5325.7   59604.9    5402.6   59327.3
vertex track :         18   3 123    2939568 -0.3637 -0.5353  128316.0  138527.7     293.0  2212   541.3
  124 4      1 -0.3665 -0.5355    8682.3   63213.3   -2866.3 -0.3700 -0.5387  127316.2  138744.2 -212428.3
       70.5      26.1    8664.1   63140.3    8666.8   63144.2    8910.2   63495.7    8620.9   63169.9
  125 4      2 -0.3592 -0.5375    7205.5   60766.4   -3719.5 -0.3700 -0.5387  127631.9  139203.9 -213281.5
      106.0      63.4    7199.4   60643.0    7241.7   60706.4    7421.4   61099.1    7094.0   60713.5
  126 4      3 -0.3629 -0.5374    8905.1   63438.3   -6588.9 -0.3700 -0.5387  128693.6  140749.8 -216151.0
      187.5     124.0    8903.0   63213.5    9036.7   63411.5    9116.9   63872.6    8697.4   63352.3
vertex track :        112   3 124    2707719 -2.1269  2.0125  128902.8  139042.0     280.3   211     nan
  121 3     -2 -2.1316  1.9998  114750.6   72459.0    6584.8 -2.1182  2.0275  114950.8  147730.2 -205846.9
        nan       nan      -nan       nan       nan       nan       nan       nan       nan       nan
  122 3     -1 -2.1312  2.0070  121270.6   64440.3    3718.3 -2.1182  2.0275  121022.7  141918.4 -208713.4
        nan       nan      -nan       nan       nan       nan       nan       nan       nan       nan
  123 3      0 -2.1219  2.0173  124757.5   62617.6    2869.3 -2.1182  2.0275  122821.0  140197.1 -209562.4
        nan       nan      -nan       nan       nan       nan       nan       nan       nan       nan
