groupid:     23, ntrk:  3
vertex track :          0   3 125    1609153  0.0946 -0.1242  151161.6   60774.2     293.6    13  1865.4
  126 2      1  0.0950 -0.1239   31054.8   61678.1   -2868.9  0.0966 -0.1260  150961.9   60177.2 -216127.7
       18.3       3.0   31068.3   61665.5   31066.0   61668.5   31251.3   61900.7   31063.5   61661.8
  127 2      2  0.0943 -0.1242   30986.8   59849.2   -3718.8  0.0966 -0.1260  150879.8   60284.3 -216977.6
       22.7       6.9   31006.0   59835.2   30998.3   59845.4   31177.6   60073.0   30995.0   59826.9
  128 2      3  0.0933 -0.1252   30676.6   61724.6   -6583.7  0.0966 -0.1260  150602.9   60645.3 -219842.5
       37.3      13.5   30709.6   61702.7   30684.7   61736.2   30853.6   61956.3   30688.0   61686.6
vertex track :         75   3 125    2549517 -0.5277  0.6683  150053.5   62169.0     297.3  2212   277.3
  126 2      1 -0.5858  0.6744   29273.5   56148.0   -2547.6 -0.5153  0.6762  151641.9   59269.0 -215806.1
      146.3      94.0   29106.6   56196.8   29175.4   56117.6   29649.8   56309.9   29248.5   56320.1
  127 2      2 -0.4900  0.6926   31393.0   56691.0   -3377.6 -0.5153  0.6762  152069.5   58707.7 -216636.1
      327.5     239.3   31008.5   56820.2   31283.9   56430.9   31987.0   56772.5   31399.2   57096.6
  128 2      3 -0.5824  0.7174   31098.8   54303.1   -6669.7 -0.5153  0.6762  153765.8   56481.4 -219928.3
      705.9     524.4   30246.8   54520.6   31014.3   53575.2   32160.3   54296.4   31061.0   55181.7
vertex track :        118   3 126    1809074  3.0275  0.1890  147526.9   62227.2     367.3     0  1052.3
  123 2     -2  3.0286  0.1899   46901.2   62529.7    6587.1  3.0733  0.1705  165164.1   60679.7 -209296.6
      921.9     126.0   47813.4   62713.2   46609.2   62637.7   46202.0   62556.5   47829.2   62461.7
  124 2     -1  3.0253  0.1898   37035.7   64356.8    3717.0  3.0733  0.1705  156343.6   60190.3 -212166.7
      509.1      59.5   37540.1   64448.0   37159.2   64424.2   36744.3   64475.7   37547.5   64329.2
  125 2      0  3.0263  0.2152   34211.8   60836.6    2867.2  3.0733  0.1705  153731.7   60045.4 -213016.5
      380.3      23.7   34589.4   60887.2   34466.3   60878.4   34047.2   60996.3   34592.8   60840.0
