groupid:     31, ntrk:  6
vertex track :          0   3 113    3799656  0.1401  0.1795  131338.2  131903.5     428.6    13   712.9
  114 4      1  0.1391  0.1800   12695.6   51522.7   -2867.7  0.1442  0.1800  131056.0  129043.7 -193794.3
       26.6       8.0   12705.5   51548.7   12702.2   51544.4   12895.9   51707.0   12718.2   51538.8
  115 4      2  0.1401  0.1788   13396.5   51825.2   -3715.1  0.1442  0.1800  130933.8  128891.1 -194641.7
       35.8      19.0   13403.6   51865.1   13388.9   51846.3   13599.5   51995.5   13433.5   51841.7
  116 4      3  0.1412  0.1774   13617.1   52931.4   -6585.9  0.1442  0.1800  130519.9  128374.3 -197512.5
       60.4      36.6   13626.0   53001.4   13580.5   52944.2   13818.3   53071.5   13683.3   52955.8
vertex track :         46   3 113    3799678  0.9877 -0.3785  133487.2  130467.7     425.7     0   220.6
  114 4      1  0.9819 -0.4140    5765.0   54394.8   -2866.0  0.9967 -0.3777  130409.5  129446.4 -193791.2
      131.3      51.8    5906.0   54391.5    5870.3   54406.5    5834.9   54607.7    5865.8   54296.1
  115 4      2  0.9582 -0.4067    6373.0   51155.7   -3696.1  0.9967 -0.3777  129582.2  129759.9 -194621.2
      219.3     123.4    6623.1   51183.6    6420.6   51269.6    6333.9   51337.4    6526.7   50956.5
  116 3      3  0.8915 -0.3867  124939.6   51831.4   -6765.0  0.9967 -0.3777  126523.3  130919.0 -197690.1
      411.1     246.8  125415.0   51894.3  124847.8   52140.2  124675.1   51978.1  125218.6   51441.3
vertex track :         62   3 113    4238968 -0.0997 -3.7579  131079.1  122347.7     417.4     0   518.4
  114 4      1 -0.0806 -3.7604   13123.6   53250.6   -2867.7 -0.1304 -3.7423  131618.6  132387.7 -193776.3
      747.4      87.5   13195.1   52501.5   13210.2   53206.3   13262.1   54205.9   13020.2   52505.3
  115 4      2 -0.1037 -3.7537   14030.8   56756.3   -3716.6 -0.1304 -3.7423  131729.3  135564.7 -194625.3
     1151.6     208.0   14206.9   55599.4   14248.7   57113.4   14064.5   58119.4   13791.0   55610.9
  116 4      3 -0.1371 -3.7616   15132.8   69951.6   -6585.7 -0.1304 -3.7423  132103.4  146301.7 -197494.4
     2067.4     401.7   15459.0   67870.9   15580.8   71213.1   15016.5   72238.5   14656.0   67900.2
vertex track :        102   3 114    3571557 -1.0831  0.1035  134599.5  130533.7     291.7     0  1895.4
  111 3     -2 -1.0819  0.1146  125313.9   50464.5    6585.4 -1.0919  0.1124  125060.9  129833.9 -187084.5
      186.8      24.8  125125.6   50459.5  125269.9   50444.3  125711.2   50679.6  125130.8   50508.8
  112 4     -1 -1.0863  0.1016    7289.1   50067.3    3717.4 -1.0919  0.1124  128192.7  129511.5 -189952.6
      115.2      12.3    7173.2   50065.8    7174.5   50065.7    7613.8   50278.9    7175.5   50090.2
  113 4      0 -1.0834  0.1115    8042.1   55151.6    2866.0 -1.0919  0.1124  129122.3  129415.8 -190804.0
       96.2       6.5    7945.7   55154.9    7909.6   55158.6    8347.3   55358.3    7947.0   55167.9
vertex track :        106   3 114    3784208 -0.7216  2.1545  134004.5  129988.5     293.6     0   305.9
  111 4     -2 -0.5584  2.0251   10963.0   64903.1    6972.2 -0.6959  2.1578  126677.1  142998.1 -186699.8
     1010.0     343.4   10363.5   65785.5   10783.3   64263.4   11772.0   64232.7   11025.6   65968.1
  112 4     -1 -0.7689  2.4689   16335.5   58831.6    3666.0 -0.6959  2.1578  128977.8  135863.9 -190006.0
      476.0     149.6   16051.1   59241.6   16172.7   58851.1   16829.1   58634.1   16336.8   59330.5
  113 4      0 -0.6392  2.1036   15115.4   57643.1    2850.4 -0.6959  2.1578  129545.3  134104.0 -190821.6
      280.2      56.5   14979.9   57894.8   15008.7   57800.3   15460.3   57603.4   15088.0   57927.6
vertex track :        162   3 114    4732070  4.3371 -4.3794  123794.0  142086.5     314.7     0  1654.6
  111 4     -2  4.3487 -4.3647   31353.5   31920.1    6586.5  4.2742 -4.5098  148037.1  112562.8 -187101.7
     3354.7     226.3   33881.5   29703.4   30059.3   33539.7   29039.7   34342.5   33560.9   29383.9
  112 4     -1  4.3316 -4.3853   16418.2   45136.7    3720.2  4.2742 -4.5098  135785.7  125489.2 -189968.0
     1811.0     107.9   17767.6   43924.1   16131.9   45580.1   15283.0   46554.9   17614.0   43772.4
  113 4      0  4.3033 -4.4206   12707.0   53892.5    2867.0  4.2742 -4.5098  132139.0  129337.0 -190821.2
     1311.8      43.5   13653.2   52982.9   12726.8   53934.5   11975.0   55007.7   13590.8   52922.2
