groupid:   3310, ntrk:  3
vertex track :          0   3  19    4101157  0.6469 -0.1343  179619.1  158540.1     406.6    13   801.3
   20 4      1  0.6479 -0.1322   57319.0   79544.7   -2867.9  0.6441 -0.1434  174933.5  155547.5  -21026.7
       67.1      10.1   57386.8   79541.1   57391.3   79540.2   57461.9   79758.1   57382.8   79521.4
   21 4      2  0.6462 -0.1320   54682.0   78831.8   -3717.4  0.6441 -0.1434  174386.4  155669.3  -21876.1
       81.8      22.0   54766.6   78837.0   54742.0   78842.0   54808.1   79036.4   54757.8   78793.8
   22 4      3  0.6472 -0.1307   52106.4   80021.5   -6586.6  0.6441 -0.1434  172538.2  156080.7  -24745.3
      129.9      42.3   52242.1   80037.2   52123.4   80061.2   52181.4   80215.6   52225.4   79954.3
vertex track :         21   3  19    4101256 -1.2843 -0.2447  175078.1  158273.8     408.7     0   728.4
   20 4      1 -1.3207 -0.1976   59507.0   79761.3   -2911.8 -1.2951 -0.2417  176794.1  155645.3  -21083.7
      141.5      17.9   59369.7   79722.6   59372.2   79723.0   59853.0   80009.8   59364.4   79758.1
   21 4      2 -1.3829 -0.2369   61293.6   80673.8   -3736.7 -1.2951 -0.2417  177862.4  155844.6  -21908.5
      175.2      39.7   61127.6   80605.0   61182.6   80614.4   61668.2   80952.3   61114.2   80683.4
   22 4      3 -1.3087 -0.1322   65173.4   81538.6   -6298.7 -1.2951 -0.2417  181180.5  156463.8  -24470.6
      271.0      72.4   64911.1   81439.3   65175.5   81466.0   65644.4   81847.7   64896.5   81583.4
vertex track :        166   3  20    3886267 -2.0392 -0.5186  184394.6  160163.9     398.6     0  1094.0
   17 4     -2 -2.0307 -0.5114   49490.3   78207.5    6583.9 -2.0645 -0.5086  169896.4  153376.0  -14480.5
      480.8      75.1   49042.4   78017.2   49548.4   78144.6   50146.2   78607.2   49005.7   78162.9
   18 4     -1 -2.0402 -0.5049   55151.4   77654.7    3717.3 -2.0645 -0.5086  175814.7  154833.9  -17347.2
      275.5      35.5   54892.4   77554.1   54998.9   77580.4   55618.3   77964.9   54875.4   77623.0
   19 4      0 -2.0423 -0.5168   58302.7   78882.8    2866.7 -2.0645 -0.5086  177570.9  155266.5  -18197.8
      215.6      14.7   58097.3   78815.7   58086.5   78813.0   58716.1   79159.5   58090.0   78844.2
