groupid:   3852, ntrk:  4
vertex track :          0   3  27    3542785  0.1719  0.4491  174752.8  123701.1     228.1    13   608.8
   28 4      1  0.1761  0.4476   55675.0   47998.8   -2871.1  0.1751  0.4447  175607.5  122092.5  -35602.9
       49.2      10.3   55683.5   48048.3   55684.4   48050.8   55876.8   48159.8   55702.6   48040.8
   29 4      2  0.1767  0.4481   55944.0   45196.7   -3717.6  0.1751  0.4447  175459.3  121716.1  -36449.4
       62.5      24.2   55944.4   45263.7   55935.7   45241.5   56153.7   45340.1   55989.4   45246.0
   30 4      3  0.1724  0.4499   55349.6   45602.9   -6588.4  0.1751  0.4447  174956.6  120439.5  -39320.3
      103.2      47.5   55342.1   45716.3   55304.5   45618.0   55567.2   45700.0   55430.8   45682.3
vertex track :         18   3  27    3754990  0.1076 -1.6929  174503.9  120008.8     227.9   211   234.8
   28 4      1  0.1786 -1.6705   52719.5   44292.5   -3015.4  0.0858 -1.6961  175580.3  125289.6  -35752.8
      241.9      74.5   52819.3   44059.9   52805.4   44190.1   52829.9   44733.4   52671.1   44044.0
   29 4      2  0.0534 -1.6033   52431.6   47111.6   -3842.6  0.0858 -1.6961  175509.3  126692.6  -36580.0
      419.7     178.7   52624.2   46698.1   52607.5   47200.3   52449.0   47733.5   52266.9   46686.2
   30 4      3  0.3263 -1.6959   53164.0   46611.7   -6213.2  0.0858 -1.6961  175305.9  130713.4  -38950.6
      714.1     319.0   53612.2   45970.7   53410.9   47017.1   52926.1   47461.0   52985.6   45850.2
vertex track :        101   3  27    4223450  0.7907  0.8736  176675.7  125018.0     228.9   211   617.4
   28 4      1  0.7982  0.8665   55753.2   48028.6   -2867.2  0.7974  0.8600  175620.8  122101.8  -35594.9
      119.5      17.3   55821.5   48128.2   55827.1   48134.3   55895.7   48139.9   55846.9   48104.8
   29 4      2  0.8005  0.8658   55492.1   44876.3   -3716.9  0.7974  0.8600  174943.3  121371.1  -36444.6
      151.0      40.3   55565.0   45014.5   55528.1   44974.6   55629.9   44949.0   55624.1   44959.8
   30 4      3  0.7932  0.8712   53436.9   44299.3   -6586.1  0.7974  0.8600  172655.3  118903.6  -39313.9
      248.0      79.1   53545.4   44535.9   53378.0   44352.2   53539.2   44273.6   53662.3   44429.5
vertex track :        226   3  28    4032850  0.7519  0.8960  176140.0  124910.0     373.8   211   223.8
   25 4     -2  0.7525  0.8977   61550.0   50955.6    6587.3  0.7518  0.8871  180354.9  127599.3  -29326.2
      395.4     222.7   61633.3   51401.7   61283.3   50984.2   61677.5   50720.4   61974.7   51115.5
   26 4     -1  0.7512  0.8905   58902.7   50308.1    3716.1  0.7518  0.8871  178196.3  125052.3  -32197.4
      201.4     104.4   58952.8   50529.4   58850.8   50408.5   59063.4   50297.8   59112.4   50394.7
   27 4      0  0.7461  0.9003   56431.0   46039.1    2867.7  0.7518  0.8871  177558.5  124299.7  -33045.8
      117.9      38.5   56476.6   46154.4   56482.9   46162.0   56596.2   46134.8   56535.8   46105.4
