groupid:   3974, ntrk:  5
vertex track :          0   3  97      72215  0.0565  0.3220   49954.1   61546.1     239.2    13  7519.8
   98 1      1  0.0555  0.3220   51560.4   62047.4   -2868.6  0.0495  0.3257   48656.0   59007.3 -163503.3
       33.4       2.7   51563.4   62080.8   51563.7   62082.6   51767.5   62224.3   51568.8   62079.9
   99 1      2  0.0560  0.3217   48127.8   61489.2   -3716.4  0.0495  0.3257   48614.0   58731.2 -164351.0
       39.7       3.8   48130.9   61528.9   48129.1   61518.3   48334.8   61659.8   48138.3   61527.6
  100 1      3  0.0542  0.3225   48299.2   57639.8   -6581.2  0.0495  0.3257   48472.2   57798.1 -167215.9
       62.6       6.7   48302.9   57702.7   48293.6   57646.9   48505.4   57787.3   48316.1   57700.5
vertex track :        117   3  98     283496  0.7864 -0.1181   49861.2   62992.2     260.2   211   414.9
   95 1     -2  0.7885 -0.1092   52381.8   59430.5    6586.8  0.7757 -0.1270   51853.1   59183.8 -157265.9
      169.0      82.3   52560.5   59488.7   52391.3   59512.2   52413.9   59582.1   52537.9   59325.8
   96 1     -1  0.7860 -0.1193   51729.8   60678.1    3718.2  0.7757 -0.1270   49627.8   59548.0 -160134.6
       96.7      39.3   51831.3   60702.4   51805.2   60706.4   51839.1   60863.6   51819.5   60624.7
   97 1      0  0.7865 -0.1209   50554.2   61101.8    2868.4  0.7757 -0.1270   48968.7   59655.9 -160984.3
       72.4      15.2   50628.1   61105.7   50650.1   61102.3   50691.2   61307.7   50623.5   61075.8
vertex track :        139   3  98     696185 -0.7801 -3.6631   54101.8   74139.6     270.2   211   591.9
   95 1     -2 -0.7242 -3.6962   50966.1   53467.1    6652.7 -0.8249 -3.6929   46039.4   47588.6 -157183.7
     1724.1     312.0   50940.8   51715.2   51451.7   54322.8   51200.7   55425.3   50328.5   51835.2
   96 1     -1 -0.7158 -3.7779   52445.6   62448.2    3982.3 -0.8249 -3.6929   48242.1   57450.0 -159854.1
      962.6     159.5   52423.1   61472.8   52631.2   62570.9   52677.4   63629.9   52109.7   61532.2
   97 1      0 -0.7868 -3.6208   53887.4   64966.9    3151.8 -0.8249 -3.6929   48927.1   60516.9 -160684.5
      640.0      64.0   53814.1   64327.9   53920.7   64818.3   54170.0   65812.2   53689.0   64355.1
vertex track :        181   3  98    1158350  1.4321 -1.0394   50947.5   62679.5     259.8   211     nan
   95 1     -2  1.4420 -1.0254   57849.5   53035.7    6585.3  1.4038 -1.0510   56912.1   53011.2 -157258.8
        nan       nan      -nan       nan       nan       nan       nan       nan       nan       nan
   96 1     -1  1.4361 -1.0415   55392.0   56695.5    3718.7  1.4038 -1.0510   52887.9   56024.1 -160125.4
        nan       nan      -nan       nan       nan       nan       nan       nan       nan       nan
   97 1      0  1.4282 -1.0463   53660.3   57879.5    2867.5  1.4038 -1.0510   51693.0   56918.8 -160976.6
        nan       nan      -nan       nan       nan       nan       nan       nan       nan       nan
vertex track :        203   3  98    1161190  3.7041  0.4386   40775.2   61333.8     262.8     0  2688.1
   95 1     -2  3.8344  0.4641   67206.0   67616.6    6640.8  3.6132  0.3873   60861.4   60896.3 -157281.5
     1251.6      73.4   68439.7   67839.8   66759.8   67636.5   66186.1   67603.8   68457.3   67694.1
   96 1     -1  3.6813  0.4410   55837.8   64902.4    3979.4  3.6132  0.3873   51245.3   59865.5 -159942.9
      748.3      38.6   56576.2   65029.7   55863.3   64944.3   55313.1   64985.5   56585.4   64953.1
   97 1      0  3.7219  0.3882   53450.6   63901.3    3152.3  3.6132  0.3873   48256.6   59545.1 -160770.0
      592.1      19.7   54037.5   63982.4   53641.2   63941.0   53077.4   64030.7   54041.6   63943.2
