groupid:   4026, ntrk:  2
vertex track :          0   3  61    3920258  0.2907 -0.3239  169543.3   89339.3     230.1    13   927.5
   62 4      1  0.2958 -0.3195   48413.7   16366.7   -2867.2  0.2921 -0.3252  167863.7   89440.8  -96583.0
       44.0       7.0   48448.7   16339.2   48451.0   16336.6   48589.0   16604.0   48438.5   16329.7
   63 4      2  0.3007 -0.3151   46891.4   11997.5   -3718.1  0.2921 -0.3252  167615.1   89717.5  -97433.9
       54.0      15.6   46940.0   11969.3   46928.6   11981.2   47053.1   12235.5   46917.4   11947.7
   64 4      3  0.2942 -0.3209   48366.8   13730.2   -6586.0  0.2921 -0.3252  166777.3   90650.3 -100301.9
       87.1      30.6   48448.3   13686.6   48392.3   13747.7   48495.7   13983.4   48403.2   13645.3
vertex track :        194   3  62    5015815  4.5806 -1.9727  160853.1   96585.7     349.6   211     nan
   59 2     -2  4.5788 -1.9798   73377.4   79665.7    6587.6  4.5768 -1.9721  189520.6   79784.7  -90511.5
        nan       nan      -nan       nan       nan       nan       nan       nan       nan       nan
   60 4     -1  4.5909 -1.9509   61276.5   10627.4    3719.1  4.5768 -1.9721  176391.7   85441.8  -93380.1
        nan       nan      -nan       nan       nan       nan       nan       nan       nan       nan
   61 4      0  4.5949 -1.9263   55701.4    9570.4    2867.3  4.5768 -1.9721  172493.5   87121.5  -94231.8
        nan       nan      -nan       nan       nan       nan       nan       nan       nan       nan
