groupid:   4069, ntrk:  4
vertex track :          0   3  91    4457418  0.0941  0.5408  177698.8  131803.5     382.7    13   661.3
   92 4      1  0.0913  0.5406   57123.3   48887.0   -2865.8  0.1055  0.5409  176475.9  126864.5 -152365.0
       56.6      10.7   57122.1   48944.6   57122.5   48946.6   57334.5   49040.0   57143.2   48941.0
   93 4      2  0.0961  0.5410   57051.1   50038.7   -3719.9  0.1055  0.5409  176385.8  126402.5 -153219.2
       70.6      24.3   57039.5   50112.5   57035.0   50087.0   57272.8   50175.5   57087.4   50104.0
   94 4      3  0.0950  0.5411   56148.6   47494.0   -6589.0  0.1055  0.5409  176083.3  124850.5 -156088.2
      114.0      46.9   56122.1   47614.4   56102.6   47503.4   56385.2   47584.1   56214.5   47598.2
vertex track :         26   3  91    4660977  4.4074 -0.2242  189104.5  130205.9     369.8     0  1183.2
   92 4      1  4.3503 -0.5415   56042.9   53568.5   -3038.5  4.4972 -0.2765  172907.3  127841.1 -152565.9
      941.4      52.3   56983.5   53504.1   56028.7   53623.0   55316.6   53842.3   56970.6   53400.3
   93 4      2  4.4672 -0.1527   55070.1   49893.7   -3873.6  4.4972 -0.2765  169151.6  128072.0 -153401.0
     1236.3     117.0   56309.7   49968.3   54776.6   50020.7   54045.0   50028.8   56301.7   49734.5
   94 4      3  4.5662  0.0687   39381.2   54533.8   -6877.6  4.4972 -0.2765  155642.0  128902.6 -156405.0
     2136.8     227.4   41514.4   54793.3   38200.2   54743.5   37462.7   54484.3   41521.2   54338.6
vertex track :        193   3  92    4899831 -1.3675 -4.2435  181414.2  141946.3     244.6   211     nan
   89 4     -2 -1.3961 -4.2374   52756.4   36771.1    6586.4 -1.4231 -4.2120  171779.2  113761.5 -145835.3
        nan       nan      -nan       nan       nan       nan       nan       nan       nan       nan
   90 4     -1 -1.3334 -4.2545   52549.7   46848.9    3722.4 -1.4231 -4.2120  175854.9  125824.7 -148699.4
        nan       nan      -nan       nan       nan       nan       nan       nan       nan       nan
   91 4      0 -1.3277 -4.2510   58340.6   50971.7    2863.1 -1.4231 -4.2120  177077.8  129444.1 -149558.7
        nan       nan      -nan       nan       nan       nan       nan       nan       nan       nan
vertex track :        217   3  92    5105739  0.7407 -0.9711  177342.3  128279.7     240.7   211     nan
   89 4     -2  0.6470 -0.9363   64038.2   40867.9    6113.4  0.7230 -0.9717  180778.2  121164.8 -146290.7
        nan       nan      -nan       nan       nan       nan       nan       nan       nan       nan
   90 4     -1  0.8132 -1.0876   61814.8   44148.9    3859.0  0.7230 -0.9717  179148.3  123355.3 -148545.1
        nan       nan      -nan       nan       nan       nan       nan       nan       nan       nan
   91 4      0  0.9688 -1.0246   60844.7   43444.4    3038.9  0.7230 -0.9717  178555.4  124152.2 -149365.3
        nan       nan      -nan       nan       nan       nan       nan       nan       nan       nan
