groupid:   4059, ntrk:  5
vertex track :          0   3  97    5632724  0.1342 -0.5202  109823.4  178403.7     130.5    13   937.3
   98 5      1  0.1366 -0.5203  110826.8   25313.4   -2868.7  0.1341 -0.5131  108779.3  178677.4 -163574.8
       52.2       7.3  110847.1   25264.8  110849.3   25256.5  111016.7   25571.5  110833.0   25261.1
   99 5      2  0.1346 -0.5209  107591.5   25820.0   -3722.0  0.1341 -0.5131  108664.8  179115.2 -164428.1
       63.6      16.2  107623.1   25762.5  107619.5   25776.3  107770.1   26087.0  107591.8   25754.4
  100 5      3  0.1354 -0.5177  107147.2   25437.4   -6586.7  0.1341 -0.5131  108280.7  180585.1 -167292.8
      102.3      31.9  107203.9   25346.5  107180.6   25435.7  107300.6   25737.7  107142.2   25330.3
vertex track :         25   3  97    5213950 -0.2110  0.5160  108916.9  181110.4     134.2  2212   563.0
   98 5      1 -0.1828  0.4973  107632.3   21877.9   -2853.4 -0.2102  0.5230  108906.0  178282.3 -163577.2
       58.5      21.3  107592.1   21925.4  107594.1   21920.1  107882.3   22040.9  107632.1   21940.1
   99 5      2 -0.1908  0.5300  111372.7   22184.9   -3673.9 -0.2102  0.5230  109078.5  177853.2 -164397.7
       86.5      52.4  111294.1   22248.6  111312.7   22197.0  111661.2   22331.7  111392.7   22284.1
  100 5      3 -0.1730  0.5324  111564.4   24507.4   -6826.3 -0.2102  0.5230  109741.2  176204.4 -167550.1
      162.1     110.2  111409.5   24627.5  111473.4   24430.9  111929.1   24597.7  111619.1   24695.6
vertex track :         37   3  97    5445846 -0.1360 -4.1061  109519.6  171922.6     130.7   211   578.6
   98 5      1 -0.1197 -4.1011  111262.7   28939.0   -2868.6 -0.1179 -4.0003  109256.5  182677.8 -163540.5
      789.5      78.7  111318.4   28147.5  111339.3   28864.7  111417.0   29936.4  111161.0   28152.1
   99 5      2 -0.1339 -4.0980  108264.3   32282.8   -3718.7 -0.1179 -4.0003  109356.7  186078.8 -164390.7
     1216.7     194.3  108418.8   31060.4  108470.2   32631.9  108319.7   33711.1  108030.4   31073.1
  100 5      3 -0.1233 -4.1056  108606.8   43032.6   -6588.6 -0.1179 -4.0003  109695.0  197559.0 -167260.5
     2238.8     387.4  108926.9   40783.1  109035.4   44396.6  108496.6   45488.0  108152.4   40806.4
vertex track :         94   3  98    5254426 -1.8291 -0.0758  110707.7  181687.8     301.0     0  4363.7
   95 5     -2 -1.8344 -0.0766   94875.0   21021.9    6588.1 -1.8058 -0.0518   97416.5  178302.8 -157157.8
      374.2      24.2   94502.2   20982.1   94864.7   20997.3   95456.1   21271.6   94500.2   21030.5
   96 5     -1 -1.8296 -0.0760  102237.7   21821.3    3718.0 -1.8058 -0.0518  102599.4  178451.3 -160027.9
      223.1      12.5  102015.3   21799.6  102076.9   21802.1  102668.3   22053.0  102014.3   21824.5
   97 5      0 -1.8294 -0.0674  104162.7   23550.6    2867.6 -1.8058 -0.0518  104135.1  178495.3 -160878.4
      182.3       8.1  103980.8   23535.8  103961.0   23535.1  104552.8   23775.3  103980.2   23552.0
vertex track :         96   3  98    5254732 -1.3509 -0.2764  113616.1  181188.0     300.5     0  1551.6
   95 5     -2 -1.3148 -0.3157  107056.7   24948.3    6542.5 -1.3340 -0.2580  103313.2  176480.8 -157203.0
      252.5      35.2  106819.3   24855.2  107034.3   24906.8  107502.7   25251.1  106802.9   24923.5
   96 5     -1 -1.5038 -0.1962  109522.1   24418.1    3648.3 -1.3340 -0.2580  107174.2  177227.5 -160097.3
      151.7      16.9  109373.8   24381.7  109358.9   24379.8  109878.8   24664.3  109369.5   24415.2
   97 5      0 -1.3282 -0.2942  111850.1   25546.1    2825.7 -1.3340 -0.2580  108271.4  177439.8 -160919.8
      125.6       8.2  111729.3   25510.9  111695.6   25503.4  112179.6   25791.0  111725.7   25527.0
