groupid:   4089, ntrk:  3
vertex track :          0   3  51    5330740  0.0619  0.1867   61767.1  204898.0     174.0    13   689.5
   52 5      1  0.0616  0.1868   59409.0   50483.7   -2867.5  0.0651  0.1866   58762.1  202783.3  -78511.3
       22.4       7.3   59409.0   50507.3   59407.9   50504.0   59619.0   50670.3   59423.0   50502.7
   53 5      2  0.0608  0.1869   57432.0   48663.5   -3718.8  0.0651  0.1866   58706.7  202624.5  -79362.6
       31.3      18.1   57424.5   48698.8   57417.9   48678.5   57649.6   48838.3   57458.9   48687.6
   54 5      3  0.0613  0.1872   54923.8   47553.6   -6583.1  0.0651  0.1866   58520.4  202090.0  -82226.9
       54.6      35.9   54906.7   47616.7   54885.6   47552.2   55151.0   47700.7   54974.9   47594.4
vertex track :         79   3  51    6205345 -0.7061 -0.9392   61641.2  204714.2     173.9  2212   687.0
   52 5      1 -0.8511 -0.9184   64523.7   50141.8   -2668.3 -0.7107 -0.9332   60852.7  205820.2  -78311.7
      115.7      22.8   64461.7   50041.5   64440.3   50018.3   64794.8   50451.2   64428.4   50072.5
   53 5      2 -0.7311 -1.0603   65779.8   53380.1   -3498.5 -0.7107 -0.9332   61442.8  206595.1  -79141.9
      156.7      56.5   65737.4   53219.0   65761.8   53254.4   66031.5   53750.2   65644.3   53283.2
   54 5      3 -0.6731 -0.8324   69306.7   56506.6   -6448.2 -0.7107 -0.9332   63539.2  209347.8  -82091.6
      276.3     116.7   69223.7   56218.3   69429.8   56473.3   69599.0   57004.0   69042.2   56365.1
vertex track :        179   3  52    5549580  0.8688 -0.3045   59527.2  206255.2     350.7   211   618.6
   49 5     -2  0.8677 -0.3020   60902.7   46073.4    6588.2  0.8806 -0.3100   63941.7  201066.2  -71921.2
      172.1      58.6   61084.4   46072.1   60941.6   46121.8   60931.8   46284.3   61045.9   45961.5
   50 5     -1  0.8685 -0.3048   64776.9   48626.1    3717.8  0.8806 -0.3100   61414.1  201956.2  -74791.7
      101.8      27.7   64882.1   48618.5   64872.4   48621.9   64882.5   48843.3   64863.8   48566.2
   51 5      0  0.8691 -0.3046   63708.5   47229.9    2863.8  0.8806 -0.3100   60662.2  202220.9  -75645.6
       81.0      10.9   63788.5   47213.5   63818.2   47203.0   63839.3   47456.1   63781.3   47192.8
