groupid:    450, ntrk:  4
vertex track :          0   3  37    5520629 -0.1961 -0.2194  160938.0  191866.4     227.8    13  1093.9
   38 6      1 -0.1968 -0.2187   42028.4   37428.0   -2868.3 -0.1987 -0.2114  164935.9  190589.8  -53990.0
       30.7       5.3   42011.8   37401.6   42011.6   37401.3   42254.8   37664.2   42003.9   37408.7
   39 6      2 -0.1978 -0.2191   46861.7   38358.7   -3719.2 -0.1987 -0.2114  165105.0  190769.7  -54841.0
       38.1      12.2   46845.2   38322.2   46854.8   38332.8   47088.0   38604.9   46827.1   38338.5
   40 6      3 -0.1978 -0.2195   45552.5   38676.3   -6581.5 -0.1987 -0.2114  165673.7  191374.8  -57703.2
       62.0      23.9   45528.7   38614.3   45570.3   38660.3   45786.1   38948.2   45493.2   38646.3
vertex track :         67   3  37    6185954  0.1251  0.5710  161242.4  192588.1     225.8  2212   409.8
   38 6      1  0.0525  0.6486   40666.4   35173.1   -3147.6  0.1296  0.5689  164194.4  188727.4  -54269.7
       79.7      45.4   40627.6   35256.2   40625.8   35233.6   40915.3   35300.7   40718.1   35248.9
   39 6      2  0.0783  0.4827   39838.3   31325.2   -3977.3  0.1296  0.5689  164086.8  188255.4  -55099.4
      142.3     107.0   39755.5   31482.8   39726.4   31303.2   40131.3   31378.1   39966.8   31448.6
   40 6      3  0.1506  0.6002   37277.1   32470.7   -6849.0  0.1296  0.5689  163714.7  186621.6  -57971.1
      261.2     205.4   37141.4   32774.0   37045.9   32393.4   37622.9   32377.9   37539.9   32674.0
vertex track :        103   3  37    6556864 -1.0244 -1.2158  160190.9  190962.1     229.2   211   349.3
   38 6      1 -1.0263 -1.2139   43877.9   39639.8   -2869.0 -1.0333 -1.1845  166766.0  192718.1  -53989.5
      186.8      40.9   43788.5   39470.8   43814.2   39501.1   44176.3   40017.6   43726.1   39523.5
   39 6      2 -1.0320 -1.2090   49377.9   41389.4   -3720.3 -1.0333 -1.1845  167645.6  193726.4  -54840.8
      276.6      99.7   49274.1   41114.4   49416.5   41281.2   49690.6   41873.3   49122.5   41243.8
   40 6      3 -1.0344 -1.2085   50422.9   44439.2   -6587.0 -1.0333 -1.1845  170607.6  197122.1  -57707.5
      491.4     196.4   50252.6   43938.1   50674.5   44431.0   50802.2   45149.0   49954.2   44193.5
vertex track :        189   3  38    6463086  0.7537 -4.2883  158927.2  206478.0     224.6     0  1572.6
   35 6     -2  0.7200 -4.2989   44831.7   22299.7    6586.1  0.7111 -4.2627  166780.3  176820.1  -47690.2
     1735.5     145.8   45262.3   20612.2   44840.1   23132.7   44612.0   24193.0   44974.6   20564.0
   36 6     -1  0.7308 -4.2855   44039.8   34196.1    3716.9  0.7111 -4.2627  164740.0  189050.4  -50559.4
      962.7      70.5   44271.2   33259.0   44101.0   34257.0   44019.2   35338.9   44132.2   33235.3
   37 6      0  0.7305 -4.2979   41604.6   36974.2    2867.8  0.7111 -4.2627  164136.2  192669.9  -51408.5
      721.6      29.6   41754.7   36267.7   41666.3   36787.9   41665.2   37886.3   41696.3   36257.8
