groupid:   4770, ntrk:  3
vertex track :          0   3 111     496171  0.3029 -0.0254   50690.3   78343.7     243.6    13   518.3
  112 1      1  0.3031 -0.0257   47824.2   77614.2   -2870.0  0.2989 -0.0257   48560.1   77835.1 -189470.3
       33.2      10.6   47858.1   77622.0   47855.7   77622.2   48000.6   77816.4   47856.3   77600.8
  113 1      2  0.3030 -0.0274   48536.0   79907.3   -3718.6  0.2989 -0.0257   48306.4   77856.9 -190318.9
       45.8      25.8   48583.9   79928.9   48556.2   79931.4   48698.3   80095.7   48579.3   79877.5
  114 1      3  0.3032 -0.0240   50898.9   78497.1   -6589.8  0.2989 -0.0257   47448.2   77930.6 -193190.1
       79.0      50.8   50981.7   78541.4   50887.7   78548.9   51026.4   78662.6   50973.6   78440.2
vertex track :         30   3 111     770853 -0.1856 -1.0953   49492.5   75752.3     245.4  2212   491.4
  112 1      1 -0.2038 -1.1066   52008.6   79630.1   -3205.7 -0.2063 -1.0994   48968.3   78948.1 -189810.9
      138.4      49.5   52032.3   79485.0   52039.6   79524.8   52194.7   79984.0   51934.8   79502.9
  113 1      2 -0.1791 -1.1343   51569.8   78105.1   -4031.6 -0.2063 -1.0994   49138.7   79856.1 -190636.8
      219.6     115.1   51649.3   77870.2   51680.2   78065.8   51700.2   78548.8   51421.9   77906.1
  114 1      3 -0.2154 -1.1043   48367.1   83217.3   -6911.3 -0.2063 -1.0994   49732.6   83022.0 -193516.5
      389.6     219.5   48508.0   82792.8   48611.9   83325.8   48436.0   83850.6   48077.0   82876.9
vertex track :         48   3 111     789990 -0.5412 -0.4879   48602.8   77198.5     244.4  2212   566.8
  112 1      1 -0.5422 -0.4868   48436.2   77949.7   -2868.6 -0.5581 -0.4848   49117.3   78129.8 -189480.2
       77.2      25.1   48395.5   77879.5   48396.5   77880.4   48686.3   78229.5   48362.0   77916.8
  113 1      2 -0.5433 -0.4835   49860.7   80623.1   -3717.3 -0.5581 -0.4848   49590.9   78541.3 -190328.9
      112.3      61.0   49817.4   80502.8   49871.1   80550.6   50113.5   80952.8   49736.3   80594.0
  114 1      3 -0.5426 -0.4866   54654.8   80568.8   -6586.7 -0.5581 -0.4848   51192.4   79932.4 -193198.3
      197.1     120.1   54588.3   80347.7   54767.8   80508.7   54930.8   80999.3   54427.9   80526.6
