groupid:   5130, ntrk:  5
vertex track :          0   3  27    5932155  0.6850  0.1056  147662.6  176784.8     224.9    13   424.3
   28 6      1  0.6861  0.1002   28458.6   19765.7   -2868.6  0.6847  0.0946  147400.0  176624.3  -35461.2
       69.9      16.7   28525.3   19792.3   28531.1   19793.2   28602.5   19949.1   28530.1   19759.2
   29 6      2  0.6865  0.1020   17660.2   16555.1   -3718.4  0.6847  0.0946  146818.2  176544.0  -36311.0
       92.6      40.2   17745.9   16608.5   17706.9   16602.7   17785.2   16711.7   17757.8   16528.9
   30 6      3  0.6835  0.1012   25390.5   22877.8   -6586.3  0.6847  0.0946  144854.6  176272.7  -39179.0
      155.9      79.3   25533.2   22979.1   25368.2   22954.6   25458.5   22986.7   25556.4   22822.3
vertex track :         61   3  27    6314353 -1.4963 -0.7440  143939.0  175352.0     232.1  2212   422.8
   28 6      1 -1.4122 -0.7654   27951.7   14337.0   -3032.1 -1.5192 -0.7405  150726.8  177932.8  -35643.5
      259.4      91.1   27767.1   14133.3   27926.6   14219.8   28344.9   14750.0   27680.3   14293.6
   29 6      2 -1.4676 -0.9188   18257.4   15719.4   -3848.0 -1.5192 -0.7405  151966.3  178536.9  -36459.5
      478.4     217.0   17967.1   15281.6   18469.8   15596.3   18756.2   16366.2   17736.8   15649.5
   30 6      3 -1.3823 -0.6387   33942.5   17646.0   -6341.2 -1.5192 -0.7405  155753.9  180383.0  -38952.6
      840.9     395.3   33345.0   16934.4   34581.4   17505.7   34748.6   18566.9   33013.3   17652.1
vertex track :        127   3  28    5894247 -0.1981 -0.3144  150253.1  180390.8     412.8     0  2238.3
   25 6     -2 -0.1985 -0.3144   29034.4   21809.0    6588.3 -0.2015 -0.3218  148659.5  175750.7  -29235.0
       65.2      12.0   29009.7   21747.4   29037.7   21791.6   29268.8   22080.2   28989.4   21760.3
   26 6     -1 -0.1974 -0.3147   28648.6   24417.8    3718.3 -0.2015 -0.3218  149237.9  176674.1  -32105.0
       39.5       5.8   28632.5   24381.2   28633.1   24382.1   28874.5   24664.1   28622.6   24387.4
   27 6      0 -0.1969 -0.3150   27238.4   21425.0    2869.4 -0.2015 -0.3218  149409.0  176947.3  -32953.9
       32.8       2.9   27223.5   21395.7   27216.9   21385.2   27463.1   21664.1   27218.5   21398.8
vertex track :        146   3  28    6122874 -0.8799  2.6300  151759.0  172713.6     401.3   211   474.4
   25 6     -2 -1.0139  2.5649   24291.9   34901.0    6414.5 -0.8667  2.6112  146186.0  185709.0  -29436.9
      990.4     242.0   23702.7   35733.1   24218.0   34429.6   25090.0   34281.4   24152.8   35911.0
   26 6     -1 -0.5143  3.1648   28638.2   26367.9    3871.2 -0.8667  2.6112  148390.1  179068.1  -31980.2
      554.0     122.9   28428.0   26895.0   28497.7   26465.9   29057.9   26053.9   28670.7   26934.4
   27 6      0 -0.7754  2.5851   30008.9   28918.8    3037.8 -0.8667  2.6112  149112.4  176891.9  -32813.6
      364.0      47.3   29859.1   29253.9   29905.4   29099.4   30368.0   28796.2   29949.6   29281.0
vertex track :        180   3  28    6332324 -0.5985 -0.3526  150210.9  180106.9     413.0     0   859.2
   25 6     -2 -0.5972 -0.3533   26408.2   21276.3    6585.8 -0.6043 -0.3589  146131.4  175236.6  -29239.5
      120.7      35.4   26322.4   21184.5   26404.7   21233.2   26703.5   21577.9   26286.4   21245.3
   26 6     -1 -0.5957 -0.3547   27046.4   23972.6    3717.1 -0.6043 -0.3589  147864.9  176266.3  -32108.2
       72.7      16.7   26992.4   23921.1   26992.4   23921.0   27309.8   24233.8   26975.4   23949.7
   27 6      0 -0.5966 -0.3537   25996.7   21001.2    2867.0 -0.6043 -0.3589  148378.6  176571.4  -32958.3
       59.5       6.9   25949.1   20964.9   25926.1   20951.3   26253.8   21247.1   25942.0   20976.8
