groupid:   5851, ntrk:  5
vertex track :          0   3  59      65357  0.2880 -0.1338   79284.3   65721.0     197.3    13   970.9
   60 1      1  0.2870 -0.1362   78776.7   69387.3   -2871.4  0.2844 -0.1352   75835.5   65867.7  -93112.7
       32.8       5.9   78808.9   69378.6   78809.9   69378.1   78954.9   69605.8   78803.8   69367.9
   61 1      2  0.2867 -0.1362   76535.7   66845.3   -3718.1  0.2844 -0.1352   75594.6   65982.2  -93959.4
       40.8      13.7   76578.4   66840.2   76564.9   66846.6   76703.2   67060.3   76566.6   66815.4
   62 1      3  0.2881 -0.1347   74931.5   70318.2   -6588.1  0.2844 -0.1352   74778.3   66370.1  -96829.4
       66.8      27.1   75003.5   70314.5   74943.0   70342.7   75069.9   70531.9   74980.5   70265.5
vertex track :          3   3  59      65161  0.8412 -0.0437   79674.5   65853.1     196.1   211   114.6
   60 1      1  0.8324 -0.0765   77479.4   62091.9   -2846.7  0.8395 -0.0485   74547.7   65731.3  -93085.8
      157.1     103.1   77645.3   62180.2   77507.2   62192.9   77524.4   62213.6   77626.4   61974.9
   61 1      2  0.8195 -0.0466   78751.0   64796.9   -3654.6  0.8395 -0.0485   73869.6   65770.5  -93893.7
      345.0     253.8   79109.8   65030.7   78593.1   65060.1   78603.0   64773.1   79081.0   64523.9
   62 1      3  0.8597 -0.0631   76719.6   62280.1   -6605.3  0.8395 -0.0485   71392.6   65913.6  -96844.4
      688.1     513.7   77443.4   62742.0   76251.5   62829.6   76206.6   62028.2   77368.1   61717.4
vertex track :         58   3  59    1212873 -2.3399 -1.0011   75267.3   64400.7     199.4     0  2403.3
   60 1      1 -2.3476 -0.9797   82202.5   70477.6   -2869.3 -2.3792 -0.9984   79956.3   67211.1  -93122.9
      332.5      14.8   81901.4   70335.8   82022.0   70386.2   82711.2   70828.3   81889.9   70363.2
   61 1      2 -2.3408 -0.9838   82080.0   68640.7   -3716.7 -2.3792 -0.9984   81972.6   68057.2  -93970.4
      410.4      27.7   81712.4   68456.1   81977.4   68567.5   82655.2   69034.2   81690.9   68507.2
   62 1      3 -2.3436 -1.0020   88272.1   74712.6   -6585.4 -2.3792 -0.9984   88797.5   70921.4  -96839.0
      680.2      53.0   87667.6   74396.4   88426.2   74720.8   89084.3   75237.7   87625.9   74494.0
vertex track :         61   3  59    1407326  1.6390  1.5438   82183.7   68990.3     196.2     0 10001.0
   60 1      1  1.5388  1.5088   77669.0   60633.3   -2854.2  1.6729  1.5686   74558.2   63966.5  -93096.3
      273.1      10.6   77856.6   60832.1   77789.7   60766.5   77693.0   60646.0   77871.4   60816.9
   61 1      2  1.6563  1.4806   78322.7   61922.1   -3666.4  1.6729  1.5686   73199.4   62692.5  -93908.5
      329.6      14.0   78559.1   62152.3   78415.4   62023.8   78298.0   61903.4   78577.8   62131.3
   62 1      3  1.5857  1.6178   73972.8   54994.7   -6613.9  1.6729  1.5686   68268.6   58069.2  -96855.9
      547.2      25.2   74337.8   55403.1   73904.8   54961.3   73819.4   54797.9   74373.8   55367.8
vertex track :        104   3  60     728159 -2.3292 -2.4642   85977.5   76340.0     253.2   211     nan
   57 1     -2 -2.3217 -2.4688   68505.0   60319.7    6586.2 -2.3876 -2.5372   68064.2   56853.1  -86526.4
        nan       nan      -nan       nan       nan       nan       nan       nan       nan       nan
   58 1     -1 -2.3140 -2.4848   79109.3   67268.7    3716.4 -2.3876 -2.5372   74916.0   64134.3  -89396.2
        nan       nan      -nan       nan       nan       nan       nan       nan       nan       nan
   59 1      0 -2.3153 -2.4853   79087.7   66099.8    2865.7 -2.3876 -2.5372   76947.0   66292.6  -90246.9
        nan       nan      -nan       nan       nan       nan       nan       nan       nan       nan
