groupid:    623, ntrk:  4
vertex track :          0   3  25    1414811  0.1414  0.1534  144718.9   71927.5     304.2    13   846.9
   26 2      1  0.1409  0.1536   22554.4   73161.7   -2867.0  0.1404  0.1552  142684.9   69094.9  -32240.2
       23.7       6.4   22565.7   73183.6   22563.2   73180.8   22753.2   73350.1   22575.1   73174.9
   27 2      2  0.1402  0.1543   22512.6   68841.8   -3718.5  0.1404  0.1552  142565.4   68962.8  -33091.6
       31.4      15.3   22522.4   68875.4   22509.6   68861.2   22713.0   69018.4   22545.1   68854.7
   28 2      3  0.1412  0.1532   22242.2   71394.5   -6585.7  0.1404  0.1552  142163.0   68517.8  -35958.8
       53.0      30.0   22256.1   71453.8   22213.9   71408.0   22438.4   71545.3   22300.1   71413.2
vertex track :         33   3  25    2076103  0.1505  1.6433  144749.6   75513.5     308.8   211   263.0
   26 2      1  0.1237  1.6802   24868.9   69639.5   -2691.7  0.1534  1.6499  142708.8   68221.2  -32077.1
      206.5      56.6   24827.6   69849.6   24823.2   69790.5   25120.3   69641.1   24940.6   69841.3
   27 2      2  0.1594  1.7101   26635.6   72224.2   -3505.6  0.1534  1.6499  142583.9   66878.3  -32891.0
      341.0     139.7   26528.1   72576.6   26498.3   72256.8   26953.2   72083.4   26806.3   72550.7
   28 2      3  0.2014  1.6241   24083.5   64104.3   -6521.8  0.1534  1.6499  142121.4   61901.6  -35907.2
      651.9     287.1   23878.8   64786.6   23760.7   63833.8   24498.4   63633.7   24448.6   64716.0
vertex track :         53   3  25    2517842 -0.1753 -2.6409  144420.2   69777.6     303.3   211   308.8
   26 2      1 -0.1674 -2.6443   23079.6   78471.6   -2868.7 -0.1821 -2.6234  143403.8   75760.0  -32236.8
      442.2      90.5   23142.0   78024.5   23162.7   78351.9   23227.1   79126.0   22961.4   78035.9
   27 2      2 -0.1601 -2.6426   23278.0   76406.7   -3717.0 -0.1821 -2.6234  143558.3   77985.7  -33085.2
      762.3     220.0   23451.5   75632.5   23510.1   76599.4   23314.3   77388.3   23012.3   75659.1
   28 4      3 -0.1878 -2.6433   24151.3   10581.4   -6585.6 -0.1821 -2.6234  144080.7   85511.0  -35953.7
     1415.3     430.5   24480.4    9139.2   24641.6   11407.6   24032.0   12231.1   23621.6    9200.2
vertex track :        110   3  26    2493253 -1.0732  4.4277  145649.9   64047.6     349.5   211   523.6
   23 4     -2 -1.0873  4.4424   17012.6   13406.5    6586.1 -1.0487  4.4218  138755.7   87625.8  -25546.8
     2743.9     459.2   15914.2   15962.6   16990.6   11565.0   18319.9   11064.9   16806.3   16180.9
   24 2     -1 -1.0555  4.4404   24311.2   80553.3    3718.1 -1.0487  4.4218  141763.4   74944.1  -28414.8
     1389.1     216.4   23779.4   81854.7   24200.3   80084.3   25051.9   79466.4   24200.5   81954.8
   25 2      0 -1.0585  4.4316   23309.1   74243.5    2869.3 -1.0487  4.4218  142653.6   71190.8  -29263.6
      827.2      80.7   23038.5   75029.3   23200.5   74350.9   23788.7   73672.1   23195.4   75066.8
