groupid:   6295, ntrk:  2
vertex track :          0   3  23    4102527  0.2719  0.1584  149128.2  160260.5     275.5    13  1001.8
   24 4      1  0.2730  0.1575   31823.7   83179.1   -2870.8  0.2734  0.1571  149724.1  158156.6  -28097.8
       33.0       5.9   31849.3   83200.8   31849.4   83200.8   32008.3   83367.6   31855.3   83190.5
   25 4      2  0.2737  0.1565   30401.2   81000.0   -3716.7  0.2734  0.1571  149492.8  158023.8  -28943.7
       41.0      13.6   30430.0   81032.1   30416.3   81024.3   30582.6   81178.0   30443.5   81008.5
   26 4      3  0.2727  0.1582   28883.0   82155.0   -6588.2  0.2734  0.1571  148707.9  157572.8  -31815.2
       66.7      26.6   28927.4   82211.4   28869.3   82177.7   29049.0   82308.7   28954.0   82165.5
vertex track :        186   3  24    4346239  2.2931 -0.9339  148637.1  165232.2     452.4     0  5343.5
   21 4     -2  2.2981 -0.9185   40895.5   77119.7    6586.7  2.2978 -0.9525  159882.2  154385.0  -22074.9
      582.1      28.7   41446.6   76930.4   40848.2   77169.5   40556.6   77518.1   41425.3   76877.0
   22 4     -1  2.3060 -0.8961   34192.5   80170.9    3722.0  2.2978 -0.9525  153299.7  157113.7  -24939.6
      334.5      14.6   34509.6   80063.3   34370.3   80117.5   34087.8   80487.6   34499.1   80036.1
   23 4      0  2.3009 -0.9084   31133.6   80334.1    2863.4  2.2978 -0.9525  151326.9  157931.5  -25798.2
      265.9       9.3   31384.3   80245.1   31372.8   80249.7   31095.1   80632.2   31377.5   80227.8
