groupid:   6364, ntrk:  5
vertex track :          0   3  77    6878204  0.3783 -0.3003   51318.6  200950.3     183.3    13   718.2
   78 5      1  0.3781 -0.3006   49736.2   47145.6   -2867.2  0.3786 -0.3058   51238.4  202221.4 -126539.8
       48.5       8.8   49779.6   47122.2   49783.0   47119.5   49903.1   47378.6   49768.7   47108.5
   79 5      2  0.3762 -0.3047   53333.2   48698.2   -3718.0  0.3786 -0.3058   50916.2  202481.6 -127390.6
       60.6      20.3   53393.1   48675.9   53377.8   48688.2   53483.6   48930.3   53367.5   48644.3
   80 5      3  0.3801 -0.3009   49052.1   47527.9   -6583.2  0.3786 -0.3058   49831.4  203357.9 -130255.8
       99.1      40.0   49154.6   47497.8   49079.1   47557.6   49159.9   47767.7   49104.9   47435.0
vertex track :         31   3  77    6432345 -0.9254  0.6113   47882.6  203360.3     188.7  2212   477.2
   78 5      1 -0.9913  0.6428   52002.8   44293.7   -3092.9 -0.9223  0.6316   51991.0  201694.1 -126770.9
      134.4      48.8   51863.5   44325.8   51880.9   44314.6   52351.1   44472.2   51916.7   44407.7
   79 5      2 -1.0384  0.5715   51360.9   42793.0   -3927.9 -0.9223  0.6316   52761.1  201166.7 -127605.8
      218.3     116.2   51113.6   42796.4   51278.0   42705.9   51817.1   43000.1   51225.7   43000.0
   80 5      3 -1.0629  0.6226   53442.9   45583.9   -6797.6 -0.9223  0.6316   55407.8  199354.2 -130475.6
      393.7     225.0   52989.5   45588.8   53445.7   45321.5   54105.3   45789.7   53216.9   45977.1
vertex track :         48   3  77    6878201 -0.7875 -0.5527   51236.7  200933.4     183.3     0 10001.0
   78 5      1 -0.7888 -0.5499   53251.7   47895.2   -2867.6 -0.7949 -0.5364   54736.1  202909.5 -126540.0
       93.3       6.0   53178.6   47837.0   53165.9   47828.1   53534.0   48162.8   53171.8   47846.7
   79 5      2 -0.7935 -0.5439   57832.3   49589.5   -3713.2 -0.7949 -0.5364   55408.3  203363.1 -127385.7
      109.9       7.8   57746.0   49520.9   57760.8   49531.0   58127.8   49867.5   57737.2   49533.7
   80 5      3 -0.7857 -0.5535   56879.4   49221.0   -6585.1 -0.7949 -0.5364   57691.3  204903.6 -130257.5
      172.5      13.7   56746.2   49110.5   56863.3   49193.0   57221.8   49541.0   56730.5   49132.9
vertex track :        133   3  77    7144227  2.8193  2.5464   59222.2  210600.7     175.6   211     nan
   78 5      1  2.9268  2.3180   52586.2   46026.1   -3080.8  2.8851  2.5106   51056.2  202647.5 -126774.6
        nan       nan      -nan       nan       nan       nan       nan       nan       nan       nan
   79 5      2  2.8741  2.7875   48716.7   42793.7   -3932.2  2.8851  2.5106   48599.7  200509.8 -127626.0
        nan       nan      -nan       nan       nan       nan       nan       nan       nan       nan
   80 5      3  2.9392  2.6319   40209.3   40271.3   -6872.1  2.8851  2.5106   40117.8  193129.0 -130565.9
        nan       nan      -nan       nan       nan       nan       nan       nan       nan       nan
vertex track :        161   3  78    4892400 -2.2949  0.1483   53038.2  202557.1     188.3     0  6046.0
   75 5     -2 -2.2970  0.1476   37892.0   47477.1    6584.8 -2.3033  0.1821   40193.6  202747.1 -120206.9
      535.0      26.9   37356.4   47484.5   37941.8   47446.9   38635.4   47679.7   37359.8   47538.2
   76 5     -1 -2.2937  0.1510   45765.0   47269.3    3719.5 -2.3033  0.1821   46793.3  202225.2 -123072.2
      316.8      14.3   45447.9   47275.9   45598.5   47266.0   46289.7   47472.9   45449.8   47304.4
   77 5      0 -2.2920  0.1421   46390.8   45523.3    2870.2 -2.3033  0.1821   48749.4  202070.5 -123921.5
      256.5       9.7   46134.2   45529.5   46164.9   45527.6   46855.2   45727.3   46135.4   45548.9
