groupid:    633, ntrk:  3
vertex track :          0   3  63    5056732  0.0321  0.1403   86994.2  184245.2     136.2    13  1713.6
   64 5      1  0.0348  0.1397   91278.5   28664.9   -2866.9  0.0335  0.1354   89599.1  184891.9 -100511.8
       16.7       3.0   91279.6   28681.8   91278.8   28678.7   91487.4   28858.1   91285.4   28680.3
   65 5      2  0.0334  0.1400   88057.7   29119.7   -3716.0  0.0335  0.1354   89570.6  184777.0 -101360.9
       21.2       7.1   88055.7   29141.9   88052.9   29130.2   88269.8   29307.6   88069.6   29138.6
   66 5      3  0.0338  0.1395   91631.6   29689.8   -6583.7  0.0335  0.1354   89474.6  184388.7 -104228.6
       35.4      14.2   91626.2   29727.5   91616.6   29687.9   91847.1   29862.1   91653.7   29720.9
vertex track :          4   3  63    5039858 -0.4571 -1.2289   85842.7  181024.2     137.5  2212   785.4
   64 5      1 -0.5215 -1.1672   89579.9   22654.3   -2501.9 -0.4811 -1.2118   89762.1  185337.1 -100156.8
      124.2      18.7   89546.3   22533.3   89538.1   22515.0   89823.0   22984.1   89512.2   22548.6
   65 5      2 -0.4463 -1.1757   85301.3   22126.8   -3314.8 -0.4811 -1.2118   90153.1  186322.2 -100969.7
      162.4      47.0   85287.6   21958.3   85309.1   22015.0   85524.5   22504.1   85199.7   21991.7
   66 5      3 -0.4619 -1.1014   88504.7   28435.5   -6736.2 -0.4811 -1.2118   91799.1  190468.4 -104391.2
      307.1     108.4   88485.9   28110.5   88626.4   28445.5   88733.1   28969.5   88286.0   28194.3
vertex track :        105   3  64    5862990  0.6095  3.1449   87688.8  179059.7     138.6   211   587.9
   61 5     -2  0.5985  3.1506   90480.8   42405.4    6588.5  0.6177  3.1604   92173.7  197902.0  -93588.6
     1273.3     254.9   90468.0   43704.0   90118.4   41863.7   90704.3   41320.1   90968.9   43608.8
   62 5     -1  0.6044  3.1508   90250.3   34918.9    3722.3  0.6177  3.1604   90403.3  188843.6  -96454.8
      687.7     123.9   90258.2   35617.6   90126.0   34928.5   90453.0   34433.4   90501.5   35570.9
   63 5      0  0.5640  3.1583   86629.2   27547.1    2868.8  0.6177  3.1604   89876.1  186146.2  -97308.3
      464.8      48.3   86663.3   28013.1   86618.3   27761.3   86805.6   27294.3   86758.5   27996.1
