groupid:   6738, ntrk:  2
vertex track :          0   3  25    3377352  0.1780  0.7591  116842.5  138157.7     151.0    13   323.1
   26 3      1  0.1768  0.7584  115262.5   58138.8   -2868.8  0.1837  0.7616  114909.5  133734.8  -32137.1
       79.8      22.8  115258.4   58221.6  115259.3   58225.5  115476.7   58266.6  115302.8   58211.3
   27 3      2  0.1744  0.7622  113930.1   54208.5   -3717.9  0.1837  0.7616  114753.5  133088.2  -32986.2
      112.8      56.1  113900.6   54331.0  113886.9   54271.1  114169.8   54296.8  114010.0   54306.0
   28 3      3  0.1790  0.7637  114733.7   56956.7   -6585.1  0.1837  0.7616  114226.8  130904.6  -35853.4
      197.0     111.5  114670.0   57173.9  114617.7   56950.7  115007.5   56950.1  114887.2   57123.0
vertex track :        104   3  26    3114838 -0.2492 -2.5846  115851.5  145333.1     288.5  2212   783.8
   23 3     -2 -0.2362 -2.5834  112764.9   46796.9    6585.0 -0.2827 -2.6237  114249.8  125191.2  -25412.9
      883.5     218.6  112902.1   45897.2  113013.4   47114.2  112837.4   47904.0  112466.8   45937.0
   24 3     -1 -0.2648 -2.5774  118109.9   57751.5    3717.2 -0.2827 -2.6237  115060.6  132715.3  -28280.7
      471.7     104.0  118165.1   57271.6  118205.9   57668.9  118264.4   58438.8  117958.3   57292.9
   25 3      0 -0.2618 -2.5845  116830.3   57694.4    2866.5 -0.2827 -2.6237  115301.2  134947.4  -29131.4
      318.1      39.6  116837.6   57374.0  116846.8   57464.1  117032.7   58222.3  116758.9   57381.9
