groupid:   7378, ntrk:  6
vertex track :          0   3  35    3596580 -0.1906 -0.3842  177249.9  148657.5     227.6    13  1675.7
   36 4      1 -0.1945 -0.3821   61020.0   72021.0   -2869.5 -0.1980 -0.3810  181896.0  148211.6  -50566.8
       43.1       4.8   61004.7   71980.5   61003.0   71977.0   61245.1   72271.2   60996.3   71984.8
   37 4      2 -0.1890 -0.3861   59235.7   71437.0   -3716.2 -0.1980 -0.3810  182063.7  148534.2  -51413.6
       51.5       9.3   59221.4   71386.7   59227.0   71398.1   59459.8   71697.0   59204.7   71394.9
   38 4      3 -0.1904 -0.3840   60772.2   74478.9   -6586.5 -0.1980 -0.3810  182632.1  149627.8  -54283.8
       81.7      17.9   60752.0   74397.7   60784.6   74463.5   61002.3   74769.7   60719.9   74413.6
vertex track :         38   3  35    4731284  0.6059  0.2449  179056.6  150087.9     227.4   211   125.4
   36 4      1  0.6008  0.2518   55486.2   67361.5   -2484.8  0.6065  0.2384  181464.2  147794.1  -50179.2
       98.6      66.6   55551.5   67461.0   55495.7   67437.6   55631.6   67472.2   55602.9   67338.2
   37 4      2  0.5608  0.3006   56025.9   69503.6   -3302.2  0.6065  0.2384  180968.4  147599.2  -50996.6
      217.8     173.1   56136.2   69759.0   55870.0   69616.3   56126.3   69458.5   56299.7   69453.9
   38 4      3  0.5965  0.3030   54629.1   69946.5   -6429.0  0.6065  0.2384  179072.0  146853.7  -54123.4
      463.8     376.5   54872.2   70492.2   54170.4   70135.8   54596.7   69611.1   55213.1   69820.8
vertex track :         39   3  35    4731595  0.8324  0.3504  179583.9  150332.9     223.5  2212   463.3
   36 4      1  0.8370  0.3395   60805.9   71864.4   -2869.5  0.8339  0.3410  181060.9  147624.8  -50559.0
      103.5      40.7   60886.4   71941.0   60870.5   71934.5   60936.1   71998.2   60917.0   71865.6
   37 4      2  0.8306  0.3527   58191.0   70679.7   -3718.5  0.8339  0.3410  180352.9  147335.3  -51408.0
      169.6      99.8   58308.1   70837.9   58170.3   70779.4   58284.7   70731.9   58386.1   70654.1
   38 4      3  0.8286  0.3521   56536.0   71430.9   -6587.4  0.8339  0.3410  177960.5  146357.1  -54276.9
      310.6     197.0   56744.8   71733.7   56347.1   71564.7   56538.0   71338.5   56898.9   71371.1
vertex track :         45   3  35    4734045  0.3346  0.7277  178434.6  151154.3     226.5  2212   436.1
   36 4      1  0.3417  0.7734   55622.0   67000.4   -2485.8  0.3417  0.7253  181573.2  147548.3  -50182.0
       84.9      35.4   55623.9   67092.4   55627.1   67099.4   55830.5   67119.2   55688.7   67063.7
   37 4      2  0.2778  0.7422   56436.7   68818.2   -3303.7  0.3417  0.7253  181293.7  146955.1  -50999.9
      144.4      91.4   56401.7   68985.5   56358.8   68870.8   56682.0   68861.6   56573.0   68921.3
   38 4      3  0.3792  0.7980   55748.0   67731.7   -6428.4  0.3417  0.7253  180225.9  144688.6  -54124.6
      290.2     198.7   55693.1   68079.1   55523.6   67722.4   56013.3   67595.1   56052.0   67908.5
vertex track :         76   3  36    3819433 -0.4658  0.9545  180503.3  151365.1     394.8  2212   429.7
   33 4     -2 -0.4662  0.9566   57481.2   75449.0    6585.4 -0.4554  0.9625  179038.6  153606.9  -43796.0
      378.0     229.4   57109.4   75688.3   57342.7   75209.6   58062.6   75420.7   57521.8   75889.4
   34 4     -1 -0.4732  0.9531   60563.1   75345.8    3719.3 -0.4554  0.9625  180343.9  150848.1  -46662.2
      190.7     107.4   60382.1   75468.8   60452.3   75327.4   60953.6   75433.8   60574.5   75564.3
   35 4      0 -0.4669  0.9523   58742.7   73197.1    2869.6 -0.4554  0.9625  180730.8  150030.2  -47511.9
      108.0      39.5   58659.8   73276.7   58656.8   73282.8   59035.2   73328.5   58730.6   73311.5
vertex track :         81   3  36    3819473 -0.0599 -0.3135  180401.0  151681.8     397.8  2212   291.3
   33 4     -2 -0.0301 -0.3367   61003.9   71434.2    6144.9 -0.0631 -0.3115  181396.6  146175.8  -44239.9
      287.9     269.7   61246.8   71123.5   61291.8   71626.2   60970.9   71954.6   60709.7   71171.6
   34 4     -1 -0.0609 -0.3180   59816.9   70297.2    3319.6 -0.0631 -0.3115  181574.8  147055.9  -47065.3
      129.0     119.3   59909.7   70148.0   59945.5   70334.7   59933.9   70656.0   59675.5   70192.9
   35 4      0 -0.0753 -0.2952   64980.0   74763.2    2511.4 -0.0631 -0.3115  181625.8  147307.6  -47873.5
       50.4      41.0   65007.3   74704.2   65016.4   74740.0   65162.6   75031.9   64927.8   74724.5
