groupid:   7399, ntrk:  4
vertex track :          0   3  65    4426163  0.2899 -0.4464  190051.9  130266.2     373.8    13   316.7
   66 4      1  0.2972 -0.4417   69671.3   52965.8   -2867.8  0.2886 -0.4422  188350.3  129920.1 -103864.1
       58.9      21.4   69722.0   52928.9   69718.6   52933.9   69831.0   53212.3   69686.5   52905.0
   67 4      2  0.2951 -0.4429   69169.7   54255.9   -3718.3  0.2886 -0.4422  188104.8  130296.2 -104714.5
       85.8      51.3   69259.9   54212.9   69226.8   54262.7   69289.8   54508.4   69174.6   54156.1
   68 4      3  0.2960 -0.4421   70262.9   56109.5   -6586.0  0.2886 -0.4422  187277.1  131564.3 -107582.2
      149.3      99.5   70428.6   56040.8   70324.6   56196.1   70307.4   56387.8   70263.3   55930.1
vertex track :        117   3  65    4426020 -1.1946  1.6159  189127.8  131565.4     379.0     0     nan
   66 4      1 -1.2123  1.6411   70886.9   48395.6   -3569.7 -1.2085  1.6062  193128.3  123431.5 -104573.8
        nan       nan      -nan       nan       nan       nan       nan       nan       nan       nan
   67 4      2 -0.9469  1.3280   70252.9   45988.0   -4390.3 -1.2085  1.6062  194120.0  122113.5 -105394.4
        nan       nan      -nan       nan       nan       nan       nan       nan       nan       nan
   68 4      3 -1.4290  1.8615   75095.7   42349.8   -7050.1 -1.2085  1.6062  197334.3  117841.4 -108054.1
        nan       nan      -nan       nan       nan       nan       nan       nan       nan       nan
vertex track :        137   3  65    4466495  0.4312  4.1075  190568.7  139910.7     386.4     0   733.8
   66 4      1  0.3665  4.1135   69759.7   46366.8   -2868.2  0.4137  4.1229  188422.1  124703.7 -103880.6
      831.7      69.7   69764.1   47201.5   69693.4   46408.4   69965.7   45746.3   69902.9   47189.1
   67 4      2  0.4008  4.1208   69183.2   43956.9   -3718.7  0.4137  4.1229  188070.3  121197.5 -104731.0
     1189.2     164.7   69134.4   45156.5   68988.4   43654.6   69442.4   42971.5   69462.2   45124.6
   68 4      3  0.3751  4.1025   70054.9   33932.1   -6586.4  0.4137  4.1229  186883.8  109374.1 -107598.7
     2094.1     318.6   69928.3   36046.4   69625.7   32737.2   70391.9   32031.8   70562.9   35988.4
vertex track :        298   3  66    4504367  2.1062 -0.0829  188059.6  133125.9     213.3     0  2112.1
   63 4     -2  2.1138 -0.0439   78563.1   52549.9    6586.9  2.0968 -0.1043  200459.3  129249.9  -97845.1
      472.8      43.9   79036.8   52584.0   78535.2   52594.4   78301.6   52725.8   79034.9   52496.2
   64 4     -1  2.1086 -0.0659   76916.8   53140.4    3717.9  2.0968 -0.1043  194443.9  129548.9 -100714.0
      279.6      21.8   77196.9   53153.5   77080.8   53157.1   76848.8   53337.3   77195.6   53109.9
   65 4      0  2.1029 -0.0913   73855.3   55493.4    2867.5  2.0968 -0.1043  192660.6  129637.6 -101564.5
      225.5      11.1   74081.1   55494.7   74072.1   55495.1   73841.7   55701.9   74080.1   55472.4
