groupid:   7580, ntrk:  4
vertex track :          0   3  85    5701401  0.2339 -0.0009   57526.3  180671.5     186.6    13   777.6
   86 5      1  0.2340 -0.0011   59553.0   29069.7   -2868.5  0.2379 -0.0032   58425.8  182079.8 -141679.0
       25.5       6.7   59578.5   29076.3   59576.7   29076.3   59737.7   29273.1   59578.5   29062.8
   87 5      2  0.2338 -0.0004   57933.2   26874.2   -3718.7  0.2379 -0.0032   58223.6  182082.6 -142529.2
       33.8      16.3   57967.0   26890.4   57948.6   26890.4   58109.7   27067.9   57967.0   26857.8
   88 5      3  0.2341 -0.0055   58010.7   25049.5   -6587.6  0.2379 -0.0032   57541.1  182091.9 -145398.2
       57.4      32.3   58068.8   25080.4   58003.3   25081.9   58162.8   25228.5   58067.3   25015.8
vertex track :        138   3  86    6774756 -1.5375  0.2935   60566.6  185074.2     308.4     0  3132.7
   83 5     -2 -1.5325  0.3045   52111.6   30220.1    6597.5 -1.5430  0.3038   50597.7  183644.4 -135198.6
      298.6      24.6   51814.0   30254.1   52077.9   30201.7   52617.7   30396.3   51823.6   30302.4
   84 5     -1 -1.5325  0.3000   54480.2   27921.7    3719.6 -1.5430  0.3038   55038.2  182770.1 -138076.5
      179.9      12.4   54301.3   27944.1   54332.6   27937.9   54867.7   28109.7   54306.1   27968.5
   85 5      0 -1.5362  0.3025   54679.3   26486.7    2869.1 -1.5430  0.3038   56350.4  182511.8 -138927.0
      148.3       7.5   54532.4   26508.0   54500.7   26514.2   55034.7   26675.7   54535.3   26522.7
vertex track :        153   3  86    7049631 -0.4721  1.3650   60733.0  181529.6     303.8     0   950.2
   83 5     -2 -0.4125  1.3553   56932.7   33914.9    7060.6 -0.4611  1.3856   57316.1  187518.9 -134728.3
      301.4      62.3   56785.4   34185.1   56874.3   33893.1   57289.7   33856.1   56904.6   34221.3
   84 5     -1 -0.6105  1.3675   60734.9   33559.6    3661.2 -0.4611  1.3856   58883.3  182808.9 -138127.6
      165.4      27.0   60642.8   33699.7   60649.5   33684.7   61036.3   33630.9   60692.1   33721.6
   85 5      0 -0.5615  1.2962   61666.9   35372.2    2847.6 -0.4611  1.3856   59258.5  181681.5 -138941.3
      134.3      11.5   61603.0   35490.8   61591.9   35516.6   61940.3   35464.8   61624.1   35499.9
vertex track :        281   3  86    8133763 -3.4026 -2.7756   66299.3  190662.9     311.3   211     nan
   83 5     -2 -3.4436 -2.7414   44796.2   14467.0    6583.6 -3.4739 -2.7590   44336.8  169953.4 -135202.3
        nan       nan      -nan       nan       nan       nan       nan       nan       nan       nan
   84 5     -1 -3.4082 -2.7595   53317.6   22226.7    3715.0 -3.4739 -2.7590   54302.1  177868.1 -138071.0
        nan       nan      -nan       nan       nan       nan       nan       nan       nan       nan
   85 5      0 -3.4176 -2.7421   55045.4   23287.1    2867.4 -3.4739 -2.7590   57246.6  180206.6 -138918.6
        nan       nan      -nan       nan       nan       nan       nan       nan       nan       nan
