groupid:   8023, ntrk:  4
vertex track :          0   3  23    4648213 -0.1426 -0.1195   80056.7  199180.2     152.2    13  1823.4
   24 5      1 -0.1436 -0.1186   84980.6   46973.7   -2871.3 -0.1426 -0.1159   82301.4  198726.3  -28018.7
       20.3       3.0   84966.9   46958.5   84968.0   46959.4   85204.2   47198.9   84963.0   46963.2
   25 5      2 -0.1436 -0.1184   83799.8   44816.7   -3716.8 -0.1426 -0.1159   82421.9  198824.4  -28864.2
       25.1       6.9   83784.8   44795.4   83793.4   44802.4   84024.6   45047.8   83776.0   44806.0
   26 5      3 -0.1433 -0.1184   82620.2   46537.8   -6582.0 -0.1426 -0.1159   82830.5  199156.6  -31729.3
       41.2      13.7   82597.2   46501.0   82630.6   46528.6   82853.1   46784.4   82579.8   46522.1
vertex track :         60   3  23    5548204  0.3980  2.9895   81179.0  205229.7     153.0   211   591.7
   24 5      1  0.3939  2.9812   76851.2   35413.3   -3057.0  0.4310  2.9907   81668.9  194789.4  -28216.2
      483.5      54.6   76860.3   35899.8   76816.4   35567.1   77052.4   35139.8   76968.6   35885.5
   25 5      2  0.3525  2.8953   78271.8   36371.5   -3884.6  0.4310  2.9907   81312.2  192314.3  -29043.8
      686.9     129.3   78226.5   37069.0   78134.5   36313.2   78527.5   35886.9   78483.2   37037.8
   26 5      3  0.2869  3.0856   78248.6   26474.2   -6646.7  0.4310  2.9907   80121.8  184054.0  -31805.9
     1191.0     247.6   78112.4   27683.0   77952.1   25959.2   78595.1   25478.5   78605.4   27637.2
vertex track :        125   3  24    5102307 -1.3931  3.0762   86901.9  198781.4     310.9  2212   791.5
   21 5     -2 -1.4031  3.0584   74969.8   60218.8    6584.9 -1.3649  3.0095   75555.8  212910.7  -21775.6
     1478.3     307.4   74073.9   61434.3   75012.2   59389.2   76074.3   59216.4   74632.8   61690.7
   22 5     -1 -1.4203  3.0682   77464.3   52157.0    3717.0 -1.3649  3.0095   79470.1  204279.8  -24643.5
      768.7     145.7   77009.2   52793.4   77356.8   52042.5   78128.1   51733.7   77273.7   52915.9
   23 5      0 -1.4346  3.0608   77602.1   47756.6    2870.3 -1.3649  3.0095   80625.8  201731.7  -25490.2
      490.4      55.1   77344.1   48177.2   77459.0   47932.0   78068.6   47549.0   77443.8   48223.9
vertex track :        130   3  24    5102698  0.4459  3.0478   84465.5  200165.8     312.9   211   561.2
   21 5     -2  0.4504  2.6133   88566.3   67624.8    6586.5  0.4468  2.9871   84487.0  214150.8  -21765.9
     1170.0     245.5   88523.1   68819.4   88220.3   67062.3   88819.9   66642.7   89006.9   68736.0
   22 5     -1  0.3673  3.0223   86692.9   58885.7    3734.9  0.4468  2.9871   83212.7  205632.7  -24617.5
      621.9     117.0   86651.8   59517.2   86578.9   58917.2   86944.3   58467.3   86884.0   59488.9
   23 5      0  0.4016  3.2571   88363.1   57352.5    2919.0  0.4468  2.9871   82848.2  203195.7  -25433.4
      420.5      45.2   88369.7   57775.4   88351.1   57624.6   88566.9   57142.8   88459.4   57764.4
