groupid:   8322, ntrk:  4
vertex track :          0   3  35    5058294 -0.0191 -0.9307  114582.2  189660.2     102.8    13   474.9
   36 5      1 -0.0231 -0.9302  117876.8   38292.2   -2868.6 -0.0335 -0.9178  118783.2  191477.5  -50528.1
       91.5      17.1  117891.6   38200.3  117891.3   38187.8  118072.0   38593.1  117857.4   38201.1
   37 5      2 -0.0214 -0.9304  115843.1   37924.0   -3718.5 -0.0335 -0.9178  118811.7  192257.6  -51378.1
      118.7      41.4  115881.7   37804.4  115882.7   37846.4  116014.4   38252.7  115799.0   37806.2
   38 5      3 -0.0191 -0.9266  116972.8   39167.8   -6589.2 -0.0335 -0.9178  118907.9  194892.4  -54248.8
      199.3      82.6  117051.3   38966.8  117055.5   39170.8  117104.3   39577.8  116886.1   38970.2
vertex track :         47   3  35    5703213  0.2628 -4.2147  115120.4  183590.7     101.1  2212   639.9
   36 5      1  0.5025 -4.2420  112353.2   37393.6   -2500.5  0.2106 -4.1327  118585.4  193490.0  -50147.3
      816.2     109.5  112557.9   36596.0  112471.5   37326.1  112359.0   38397.0  112340.5   36570.2
   37 5      2  0.0432 -3.8866  113180.0   43282.4   -3317.8  0.2106 -4.1327  118413.2  196867.4  -50964.5
     1507.1     287.6  113484.3   41778.6  113459.8   43976.4  113085.7   44992.3  112909.2   41772.2
   38 5      3  0.7470 -4.3814  112774.6   53093.2   -6352.3  0.2106 -4.1327  117774.0  209408.0  -53999.0
     3118.8     624.6  113914.5   50123.8  113023.0   55352.5  111845.4   56268.2  112683.1   49913.8
vertex track :         81   3  36    4838870  0.2126  1.9336  116856.7  187584.6     294.2   211     nan
   33 5     -2  0.2291  1.9362  118628.4   41131.9    6586.1  0.2311  1.9197  119624.1  196600.9  -43763.4
        nan       nan      -nan       nan       nan       nan       nan       nan       nan       nan
   34 5     -1  0.2176  1.9331  119376.0   38394.0    3718.4  0.2311  1.9197  118961.4  191095.8  -46631.1
        nan       nan      -nan       nan       nan       nan       nan       nan       nan       nan
   35 5      0  0.2142  1.9303  117516.5   35279.2    2868.7  0.2311  1.9197  118765.0  189464.6  -47480.9
        nan       nan      -nan       nan       nan       nan       nan       nan       nan       nan
vertex track :         97   3  36    5067592 -2.2687 -0.2480  119032.0  193647.8     300.8     0  6461.1
   33 5     -2 -2.5069 -0.2119  105169.5   36067.5    6359.7 -2.2585 -0.2191  106733.3  189169.4  -44016.2
      502.2      24.7  104671.2   36000.5  105145.6   36040.6  105875.4   36344.2  104667.0   36049.8
   34 5     -1 -2.3604 -0.2906  110762.7   36755.2    3323.8 -2.2585 -0.2191  113590.1  189834.6  -47052.2
      277.1      11.9  110489.1   36709.5  110543.5   36716.2  111243.9   37010.6  110486.2   36733.1
   35 5      0 -2.1261 -0.2320  117851.9   40440.6    2505.6 -2.2585 -0.2191  115437.9  190013.9  -47870.4
      222.6       7.9  117631.4   40408.6  117627.5   40408.2  118280.2   40682.4  117629.7   40424.3
