groupid:    833, ntrk:  2
vertex track :          0   3  79    3587325 -0.0517 -0.0251  170326.3  140544.0     397.8    13 10000.6
   80 4      1 -0.0515 -0.0257   48754.7   60659.8   -2868.0 -0.0529 -0.0247  169145.4  138216.8 -130742.2
       12.0       0.7   48744.3   60653.8   48754.9   60659.1   48975.1   60875.8   48743.7   60655.1
   81 4      2 -0.0514 -0.0261   48587.4   60345.7   -3719.0 -0.0529 -0.0247  169190.4  138237.8 -131593.2
       14.9       1.4   48574.7   60337.7   48590.5   60345.7   48810.0   60563.7   48573.5   60340.2
   82 4      3 -0.0517 -0.0255   48555.3   60844.6   -6585.9 -0.0529 -0.0247  169342.1  138308.6 -134460.1
       24.9       2.7   48534.2   60831.2   48568.0   60847.9   48786.4   61068.0   48531.8   60836.0
vertex track :         67   3  79    4517723 -0.0226  4.3043  170590.4  149115.6     408.2     0   747.4
   80 4      1  0.2445  4.4138   50730.5   61500.7   -2739.2 -0.0117  4.3071  169299.0  133139.8 -130627.5
      867.2      69.5   50709.0   62370.4   50664.4   61565.6   50962.1   60845.4   50847.8   62362.7
   81 4      2 -0.2952  3.9682   49097.8   52185.4   -3577.6 -0.0117  4.3071  169308.8  129528.5 -131465.9
     1246.0     166.0   48839.8   53415.7   48962.7   51763.8   49565.4   51169.1   49170.9   53440.3
   82 4      3  0.2175  4.5011   51502.0   47818.1   -5971.9 -0.0117  4.3071  169337.0  119216.4 -133860.2
     2060.9     299.5   51302.3   49891.0   51149.0   46719.3   51911.9   45959.7   51900.7   49862.1
