groupid:   8545, ntrk:  7
vertex track :          0   3 121    1402224  0.3318 -0.2753  133852.1   63133.6     385.9    13   864.2
  122 2      1  0.3332 -0.2726   10999.7   63680.8   -2867.8  0.3351 -0.2798  130144.5   61631.3 -208209.5
       45.2       7.8   11039.6   63658.3   11039.6   63658.2   11170.1   63913.1   11029.7   63646.2
  123 2      2  0.3309 -0.2737   11951.3   63624.1   -3717.0  0.3351 -0.2798  129859.9   61868.9 -209058.7
       55.6      17.4   12005.2   63602.0   11989.0   63615.4   12107.7   63855.8   11983.1   63575.2
  124 2      3  0.3312 -0.2743    9681.4   66683.5   -6585.9  0.3351 -0.2798  128898.5   62671.8 -211927.6
       89.2      33.5    9771.5   66652.4    9703.6   66708.6    9801.7   66924.3    9728.8   66600.8
vertex track :         57   3 121    1402815 -1.0427  0.9954  131155.3   65441.4     391.7     0     nan
  122 2      1 -1.2446  1.0176   13809.8   64363.3   -3502.7 -1.0414  1.0032  132584.1   59149.5 -208843.0
        nan       nan      -nan       nan       nan       nan       nan       nan       nan       nan
  123 2      2 -1.0840  1.0553   14599.7   62637.4   -4332.9 -1.0414  1.0032  133448.6   58316.7 -209673.1
        nan       nan      -nan       nan       nan       nan       nan       nan       nan       nan
  124 2      3 -1.1079  0.8541   19152.2   57151.8   -7082.8 -1.0414  1.0032  136312.4   55558.0 -212423.1
        nan       nan      -nan       nan       nan       nan       nan       nan       nan       nan
vertex track :         66   3 121    1612190 -0.1016  0.0508  133606.3   63318.3     385.9     0   703.1
  122 2      1 -0.1018  0.0498   12286.9   62727.8   -2868.0 -0.1001  0.0506  131313.9   60743.2 -208209.0
       17.2       7.7   12268.0   62728.4   12277.6   62723.8   12515.6   62937.1   12274.8   62742.2
  123 2      2 -0.1016  0.0505   13588.3   62399.7   -3716.4 -0.1001  0.0506  131398.8   60700.3 -209057.5
       26.4      18.5   13556.4   62394.9   13582.3   62382.0   13830.1   62614.6   13572.9   62428.1
  124 2      3 -0.1017  0.0500   12506.2   64563.7   -6586.1 -0.1001  0.0506  131686.1   60555.2 -211927.2
       47.2      36.0   12448.0   64552.2   12511.4   64521.1   12774.4   64785.2   12479.7   64616.8
vertex track :        176   3 122     462987  1.4102 -0.2120  128895.8   63362.1     190.3     0   653.5
  119 2     -2  1.4097 -0.2117   20327.3   62532.3    6585.5  1.4178 -0.2294  136261.7   60060.4 -202072.5
      299.9      83.2   20636.2   62570.0   20339.1   62614.7   20229.7   62704.3   20611.5   62405.4
  120 2     -1  1.4119 -0.2023   13215.8   60434.7    3717.2  1.4178 -0.2294  132195.0   60718.2 -204940.8
      176.0      40.3   13395.7   60449.6   13343.8   60457.1   13247.3   60629.6   13384.3   60369.9
  121 2      0  1.4090 -0.2170   13960.8   63347.3    2867.0  1.4178 -0.2294  130989.7   60913.2 -205791.0
      137.5      16.3   14099.2   63342.5   14123.2   63338.8   14033.8   63562.0   14094.3   63310.3
vertex track :        195   3 122    1112384  3.4831  4.1645  123243.2   52107.6     188.1     0 10001.0
  119 2     -2  3.4545  4.1481   22791.1   78448.8    6948.5  3.5946  4.1649  145665.4   78444.4 -201692.0
     2594.5      57.5   24407.3   80479.4   21812.1   77363.0   21388.4   76632.5   24495.7   80405.8
  120 2     -1  3.3875  4.0337   18543.8   67638.9    4314.8  3.5946  4.1649  136198.4   67475.5 -204325.7
     1603.8      33.8   19549.3   68888.8   18197.8   67279.5   17751.6   66603.0   19601.0   68845.3
  121 2      0  3.3945  4.0274   12066.0   62693.6    3488.1  3.5946  4.1649  133226.7   64032.4 -205152.4
     1295.6      24.2   12882.5   63699.9   11925.3   62564.3   11462.9   61901.4   12919.5   63668.7
vertex track :        257   3 122    2017669 -0.0956  1.0845  132026.0   62566.6     335.5     0  1038.9
  119 2     -2 -0.0942  1.0819   12951.0   70843.9    6586.5 -0.0841  1.0951  129805.8   67535.5 -202219.4
      191.8      40.5   12894.1   71031.5   12907.6   70876.6   13217.9   70867.5   12974.7   71038.5
  120 2     -1 -0.1022  1.0854    9810.1   65230.9    3718.8 -0.0841  1.0951  130047.1   64395.0 -205087.1
      116.5      19.4    9779.8   65345.1    9780.2   65341.1   10050.2   65327.9    9818.5   65348.7
  121 2      0 -0.0897  1.0877   11863.2   67085.5    2866.1 -0.0841  1.0951  130118.8   63461.2 -205939.8
       95.7       8.5   11846.9   67180.2   11843.8   67217.8   12089.4   67201.8   11863.8   67181.6
vertex track :        303   3 122    2520327  0.4557  1.7255  131633.3   61639.9     334.6     0     nan
  119 2     -2  0.4629  1.6873   11222.8   72226.6    6989.8  0.4771  1.7368  133102.8   71319.6 -201814.2
        nan       nan      -nan       nan       nan       nan       nan       nan       nan       nan
  120 2     -1  0.3563  1.6350   15553.7   68199.6    4324.3  0.4771  1.7368  131831.2   66690.0 -204479.7
        nan       nan      -nan       nan       nan       nan       nan       nan       nan       nan
  121 2      0  0.5025  1.6940   11815.2   65216.0    3489.4  0.4771  1.7368  131432.9   65239.9 -205314.6
        nan       nan      -nan       nan       nan       nan       nan       nan       nan       nan
