groupid:   8950, ntrk:  3
vertex track :          0   3  75    3872532  0.3237 -0.1841  125443.4  162200.9     154.3    13   615.7
   76 4      1  0.3245 -0.1827    5734.6   84201.6   -2867.8  0.3247 -0.1894  125971.0  161768.3 -123144.0
       38.2       9.1    5772.3   84190.8    5773.9   84189.8    5907.2   84422.2    5763.4   84175.0
   77 4      2  0.3248 -0.1823    4293.5   82970.3   -3718.5  0.3247 -0.1894  125694.8  161929.4 -123994.6
       49.6      21.9    4347.5   82965.1    4329.1   82975.4    4449.8   83185.3    4326.0   82927.0
   78 3      3  0.3243 -0.1838  123549.2   84794.5   -6589.8  0.3247 -0.1894  124762.4  162473.2 -126865.9
       83.3      43.4  123643.2   84791.2  123566.3   84834.8  123665.7   85007.6  123600.3   84715.7
vertex track :         87   3  76    3875393 -0.8469  1.0323  130003.0  159469.8     305.2     0 10001.0
   73 6     -2 -0.8480  1.0354    5846.7    9086.0    6585.5 -0.8564  1.0510  123670.1  165247.8 -116254.1
      237.6      15.7    5684.0    9259.8    5807.0    9109.6    6218.5    9123.2    5708.3    9279.7
   74 3     -1 -0.8466  1.0314  124640.3   85046.2    3717.7 -0.8564  1.0510  126125.9  162233.8 -119121.9
      145.5       8.5  124541.5   85153.4  124548.4   85145.0  124948.4   85150.1  124554.5   85164.1
   75 4      0 -0.8500  1.0298    4785.5   82043.5    2867.9 -0.8564  1.0510  126853.7  161340.6 -119971.7
      121.4       6.2    4703.5   82133.2    4679.6   82162.2    5076.7   82164.9    4713.0   82141.1
vertex track :         92   3  76    3888975  2.1033  0.1017  124222.2  161923.3     307.2     0   386.6
   73 4     -2  2.3749 -0.0209   15897.1   81891.5    6202.5  2.0943  0.0639  135609.0  161581.9 -116646.3
      644.7     206.4   16543.6   82092.3   15753.0   82099.2   15463.0   81900.7   16539.9   81679.4
   74 4     -1  2.1466  0.0416   15003.9   82482.5    3215.4  2.0943  0.0639  129353.2  161390.9 -119633.4
      315.0      88.3   15317.1   82576.9   15138.1   82573.4   14902.8   82598.2   15320.6   82400.4
   75 4      0  2.3284  0.0774   11879.9   82054.3    2402.7  2.0943  0.0639  127651.1  161338.9 -120446.2
      205.7      30.7   12084.5   82091.8   12162.3   82094.4   11887.7   82226.9   12086.5   82030.5
