groupid:   9038, ntrk:  2
vertex track :          0   3  81    2827672  0.1380  0.2925  129878.2  104385.8     239.5    13  1036.3
   82 4      1  0.1378  0.2928    7984.9   23039.0   -2867.5  0.1391  0.2892  127893.6  100688.5 -134309.3
       33.5       5.7    7994.0   23071.8    7994.4   23072.6    8186.0   23216.6    8004.4   23066.9
   83 4      2  0.1399  0.2918   10214.3   24074.2   -3718.4  0.1391  0.2892  127775.3  100442.4 -135160.2
       41.5      13.1   10220.4   24117.3   10213.9   24103.8   10418.3   24241.4   10244.0   24105.9
   84 4      3  0.1401  0.2920    8331.9   22377.2   -6582.2  0.1391  0.2892  127377.0   99614.2 -138024.0
       67.3      25.6    8337.9   22449.0    8309.1   22388.9    8536.1   22515.7    8384.2   22426.8
vertex track :         33   3  81    3673616 -3.9598 -4.5327  129320.3  103741.0     239.2     0   727.5
   82 4      1 -3.8392 -4.7231   21812.2   43419.6   -2276.6 -4.0444 -4.5472  137937.3  112387.1 -133719.6
     1323.0      86.8   21045.0   42338.2   21907.8   43399.6   22785.5   44706.2   20910.3   42447.7
   83 4      2 -3.8860 -4.4339   22744.4   39721.4   -3098.1 -4.0444 -4.5472  141259.8  116122.6 -134541.1
     2108.8     229.4   21527.0   37984.2   23490.8   40225.0   24167.9   41664.1   21181.9   38286.7
   84 4      3 -4.0161 -4.6463   37968.3   56011.6   -6714.3 -4.0444 -4.5472  155885.6  132566.4 -138157.4
     4684.7     557.8   35326.9   52102.6   40610.4   58215.3   40815.8   60125.9   34482.9   52832.2
