groupid:   9035, ntrk:  5
vertex track :          0   3  65    4664262  0.0016  0.0365   74653.2  208353.0     341.7    13  1908.4
   66 5      1  0.0011  0.0365   75175.1   51175.2   -2872.3 -0.0011  0.0383   73110.5  205773.1 -104176.6
       11.5       2.7   75172.8   51186.7   75172.3   51171.4   75387.5   51373.6   75178.2   51186.6
   67 5      2  0.0013  0.0365   74962.8   52571.0   -3721.6 -0.0011  0.0383   73111.4  205740.6 -105025.8
       15.5       6.6   74956.8   52586.7   74956.0   52563.5   75178.8   52765.4   74969.9   52586.3
   68 5      3  0.0011  0.0364   75379.3   52860.4   -6585.3 -0.0011  0.0383   73114.5  205630.9 -107889.5
       27.0      12.8   75367.4   52887.7   75366.0   52841.5   75601.3   53043.1   75393.0   52887.0
vertex track :         72   3  65    5537862  2.7301 -0.2565   77205.7  208086.6     340.6     0  2157.2
   66 5      1  2.7557 -0.2071   68596.1   54093.3   -3276.1  2.7203 -0.2596   65832.2  206562.3 -104572.7
      430.1      20.3   69026.5   54081.3   68747.4   54102.3   68378.4   54315.1   69023.5   54040.8
   67 5      2  2.7676 -0.5968   64126.6   52913.1   -4109.4  2.7203 -0.2596   63565.2  206778.6 -105406.0
      522.5      37.8   64645.3   52839.9   64205.0   52934.9   63820.6   53195.7   64629.4   52766.1
   68 5      3  2.5231 -0.1969   57248.1   54679.5   -6645.6  2.7203 -0.2596   56666.0  207436.9 -107942.2
      799.8      65.5   58050.6   54682.6   56985.7   54765.7   56658.1   54886.3   58040.5   54552.0
vertex track :         73   3  65    5537926 -0.3408 -1.1498   73865.6  205742.0     340.5  2212   400.9
   66 5      1 -0.3258 -1.1536   75500.2   52430.0   -2867.5 -0.3332 -1.1362   73409.9  206952.4 -104167.0
      163.7      70.1   75523.2   52253.3   75543.7   52326.2   75686.8   52815.4   75388.2   52291.5
   67 5      2 -0.3316 -1.1523   75551.7   54825.7   -3718.7 -0.3332 -1.1362   73693.5  207919.5 -105018.2
      301.7     169.9   75631.6   54488.7   75728.8   54826.6   75681.5   55371.5   75304.9   54582.7
   68 5      3 -0.3250 -1.1567   76806.6   58211.2   -6585.7 -0.3332 -1.1362   74648.8  211177.0 -107885.3
      563.2     331.0   76972.9   57579.5   77209.3   58421.0   76850.0   59051.8   76335.6   57758.5
vertex track :         82   3  65    5539593 -1.5570 -0.5230   71672.4  207280.4     341.6   211     nan
   66 5      1 -1.5071 -0.5008   75437.0   54212.1   -3262.3 -1.5638 -0.5133   75762.0  206691.3 -104571.3
        nan       nan      -nan       nan       nan       nan       nan       nan       nan       nan
   67 5      2 -1.7381 -0.4823   74629.8   52904.2   -4108.2 -1.5638 -0.5133   77084.8  207125.4 -105417.2
        nan       nan      -nan       nan       nan       nan       nan       nan       nan       nan
   68 5      3 -1.4912 -0.4522   79949.8   55711.9   -6708.5 -1.5638 -0.5133   81151.0  208460.0 -108017.4
        nan       nan      -nan       nan       nan       nan       nan       nan       nan       nan
vertex track :         92   3  65    5568602 -0.0683  4.3426   74517.1  211859.6     346.3     0  3109.7
   66 5      1 -0.1118  4.3256   75428.8   40212.1   -2869.8 -0.0967  4.3959   73260.2  195278.3 -104184.7
      847.4      24.8   75382.2   41058.5   75402.5   40272.8   75685.4   39580.0   75431.7   41059.8
   67 5      2 -0.1054  4.3558   75251.2   38041.4   -3714.7 -0.0967  4.3959   73341.9  191564.1 -105029.6
     1062.0      46.4   75179.1   39102.0   75208.3   37893.3   75533.2   37195.1   75271.9   39104.2
   68 5      3 -0.1400  4.3352   76002.1   27770.6   -6587.5 -0.0967  4.3959   73619.6  178935.7 -107902.4
     1785.1      87.9   75856.6   29551.9   75942.5   26894.0   76357.4   26203.6   76032.3   29557.6
