groupid:   9179, ntrk:  2
vertex track :          0   3 103    5695035  0.5388 -0.5617   59779.8  178033.6     307.5    13   591.3
  104 5      1  0.5400 -0.5608   57900.8   22657.3   -2867.8  0.5399 -0.5673   55057.2  176875.1 -174932.7
       78.5      13.6   57965.1   22610.2   57969.6   22605.5   58047.2   22913.9   57945.5   22591.4
  105 5      2  0.5450 -0.5578   55877.0   19875.1   -3717.1  0.5399 -0.5673   54598.7  177356.9 -175782.1
       98.3      31.3   55968.1   19826.7   55945.1   19850.2   55996.4   20133.0   55923.3   19782.8
  106 5      3  0.5401 -0.5585   55881.5   24526.9   -6585.8  0.5399 -0.5673   53049.7  178984.2 -178650.7
      159.7      61.0   56036.4   24454.5   55927.8   24566.8   55937.2   24808.7   55948.7   24369.7
vertex track :        184   3 104    5034278 -0.5062 -0.9824   57260.1  179097.1     300.3     0     nan
  101 5     -2 -0.5236 -0.9789   56383.6   16230.4    6588.0 -0.5210 -0.9772   53211.3  170836.5 -168085.3
        nan       nan      -nan       nan       nan       nan       nan       nan       nan       nan
  102 5     -1 -0.5214 -0.9804   56683.6   18886.1    3716.0 -0.5210 -0.9772   54707.6  173643.1 -170957.3
        nan       nan      -nan       nan       nan       nan       nan       nan       nan       nan
  103 5      0 -0.5194 -0.9750   58505.4   21600.8    2868.5 -0.5210 -0.9772   55149.2  174471.4 -171804.8
        nan       nan      -nan       nan       nan       nan       nan       nan       nan       nan
