groupid:   9868, ntrk:  4
vertex track :          0   3  87    4817887 -0.1238  0.1799  157634.6   95280.9     257.1    13  1056.4
   88 4      1 -0.1231  0.1804   37806.1   14468.4   -2866.9 -0.1259  0.1836  157800.6   92992.5 -145176.4
       24.1       5.2   37788.2   14485.4   37789.5   14483.5   38033.8   14661.7   37796.8   14491.2
   89 4      2 -0.1227  0.1809   38935.1   15081.4   -3719.3 -0.1259  0.1836  157908.0   92836.0 -146028.8
       30.7      12.2   38907.8   15099.9   38916.5   15087.1   39172.3   15273.0   38928.0   15113.7
   90 4      3 -0.1247  0.1793   36323.6   15057.7   -6585.1 -0.1259  0.1836  158268.7   92310.0 -148894.6
       50.9      23.9   36274.9   15085.8   36306.9   15039.9   36582.3   15239.8   36314.2   15113.2
vertex track :         14   3  87    4800850 -0.2981 -1.3953  156870.0   90792.8     253.3  2212   430.2
   88 4      1 -0.1344 -1.3907   37360.1   12448.1   -3030.5 -0.3174 -1.4047  157632.6   93649.4 -145331.8
      201.6      74.9   37415.3   12240.2   37425.9   12349.5   37514.8   12864.6   37266.1   12254.6
   89 4      2 -0.4389 -1.4377   38533.6   15946.0   -3861.7 -0.3174 -1.4047  157896.4   94817.0 -146162.9
      360.2     178.7   38599.3   15549.3   38717.5   15936.4   38677.4   16551.3   38257.5   15653.6
   90 4      3 -0.2111 -1.4131   39575.5   19932.7   -6033.9 -0.3174 -1.4047  158585.8   97868.2 -148335.1
      593.0     306.2   39790.7   19300.9   39921.6   20177.1   39570.0   20773.0   39185.0   19391.4
vertex track :        135   3  88    4360065  0.8940  0.4672  156082.2   93308.3     259.9   211   165.7
   85 4     -2  0.8919  0.4781   39683.5   16425.5    6586.8  0.8953  0.4944  160229.8   95359.7 -138780.3
      463.2     303.4   39948.3   16911.7   39319.2   16574.5   39629.5   16149.7   40235.1   16376.9
   86 4     -1  0.8869  0.4773   39106.9   19113.9    3716.7  0.8953  0.4944  157660.1   93940.7 -141650.4
      230.9     144.6   39241.7   19350.6   39021.3   19232.0   39183.0   19087.7   39378.8   19096.0
   87 4      0  0.8833  0.4837   37000.0   16500.5    2872.2  0.8953  0.4944  156903.9   93523.1 -142495.0
      117.8      54.3   37077.2   16604.7   37056.0   16593.1   37133.6   16606.8   37129.4   16509.5
vertex track :        181   3  88    4803154 -2.3371  1.2320  163814.5   91961.5     246.8     0  6878.9
   85 4     -2 -2.1591  1.1063   28929.2   25995.0    6472.1 -2.3768  1.1989  147572.8   98503.6 -138879.6
      657.9      28.4   28330.8   26269.8   29048.3   25902.1   29735.4   25931.4   28356.7   26320.3
   86 4     -1 -2.3282  1.1434   33265.8   17065.3    3809.9 -2.3768  1.1989  153900.2   95312.1 -141541.8
      398.2      15.7   32901.5   17226.7   33127.3   17115.8   33837.8   17115.0   32915.3   17254.9
   87 4      0 -2.2040  1.3381   35682.0   19393.7    3016.7 -2.3768  1.1989  155785.7   94361.1 -142335.1
      324.8      11.0   35398.6   19552.9   35491.1   19496.7   36173.2   19445.9   35410.1   19571.7
