groupid:  10201, ntrk: 38
vertex track :          0   3  23    2964080  0.0432  0.6050  144469.9   53886.0     282.6    13  1142.2
   24 2      1  0.0448  0.6039   30246.9   53452.0   -2863.9  0.0517  0.6067  145148.5   51729.0  -28418.6
       59.9       7.2   30244.2   53512.2   30244.7   53519.6   30459.7   53602.3   30258.5   53511.2
   25 2      2  0.0523  0.6042   28927.3   51762.7   -3719.5  0.0517  0.6067  145104.3   51209.8  -29274.2
       71.9      14.9   28918.6   51835.6   28917.2   51819.2   29146.0   51900.4   28948.3   51833.1
   26 2      3  0.0492  0.6046   27470.1   49069.1   -6589.2  0.0517  0.6067  144956.0   49468.7  -32144.0
      113.6      28.7   27450.7   49184.6   27442.6   49085.2   27699.6   49164.2   27508.0   49180.0
vertex track :          1   3  23    2878127  1.8824 -1.5041  150074.1   47371.2     266.4   211   170.1
   24 2      1  1.8427 -1.4591   22895.3   47242.1   -2931.9  1.8532 -1.5322  144886.6   51921.2  -28461.3
      551.2     174.0   23435.5   47036.3   22958.1   47414.3   22567.0   47656.4   23219.5   46763.5
   25 2      2  1.8023 -1.5804   18428.8   51316.5   -3769.4  1.8532 -1.5322  143334.6   53204.3  -29298.8
     1164.6     422.2   19582.7   50866.1   18209.9   52069.9   17486.6   51975.4   19026.1   50231.3
   26 2      3  2.1555 -1.5480   13514.3   56013.6   -6543.4  1.8532 -1.5322  138193.6   57454.8  -32072.8
     2203.2     811.7   15777.3   55387.7   12651.0   57633.0   11463.4   56847.9   14830.3   54069.1
vertex track :          4   3  23    2879924  1.6391 -1.8150  148149.5   47587.4     269.4   211     nan
   24 2      1  1.6298 -1.8108   29224.8   54292.4   -2868.0  1.6058 -1.8394  143854.7   53038.0  -28402.1
        nan       nan      -nan       nan       nan       nan       nan       nan       nan       nan
   25 2      2  1.6047 -1.8285   26626.0   54568.0   -3714.5  1.6058 -1.8394  142495.3   54595.2  -29248.7
        nan       nan      -nan       nan       nan       nan       nan       nan       nan       nan
   26 2      3  1.6240 -1.8272   20760.0   58604.7   -6584.8  1.6058 -1.8394  137886.1   59874.6  -32118.9
        nan       nan      -nan       nan       nan       nan       nan       nan       nan       nan
vertex track :          5   3  23    2880217 -1.8755 -2.3173  140596.6   48352.5     285.1   211     nan
   24 2      1 -1.7680 -2.1361   24098.1   50392.9   -2945.5 -1.9116 -2.2930  147529.0   55559.3  -28502.2
        nan       nan      -nan       nan       nan       nan       nan       nan       nan       nan
   25 2      2 -1.9258 -2.3626   22824.1   55337.3   -3779.3 -1.9116 -2.2930  149122.9   57471.3  -29336.0
        nan       nan      -nan       nan       nan       nan       nan       nan       nan       nan
   26 2      3 -1.8015 -2.5114   28722.4   62631.2   -6576.7 -1.9116 -2.2930  154470.4   63885.8  -32133.4
        nan       nan      -nan       nan       nan       nan       nan       nan       nan       nan
vertex track :         17   3  23    2924725 -1.7733 -1.8792  140886.5   48766.5     281.9   211     nan
   24 2      1 -1.7746 -1.8801   32051.3   55672.2   -2867.4 -1.8031 -1.8559  147328.0   54406.5  -28420.9
        nan       nan      -nan       nan       nan       nan       nan       nan       nan       nan
   25 2      2 -1.7926 -1.8498   32270.6   55853.5   -3716.3 -1.8031 -1.8559  148858.6   55981.9  -29269.7
        nan       nan      -nan       nan       nan       nan       nan       nan       nan       nan
   26 2      3 -1.7839 -1.8528   35878.1   60012.4   -6585.9 -1.8031 -1.8559  154032.7   61307.5  -32139.4
        nan       nan      -nan       nan       nan       nan       nan       nan       nan       nan
vertex track :         18   3  23    2925093 -0.3476 -1.1215  143516.1   50296.3     282.2   211     nan
   24 2      1 -0.3428 -1.0477   22698.9   49008.1   -2937.9 -0.3654 -1.1176  145478.9   53653.2  -28490.5
        nan       nan      -nan       nan       nan       nan       nan       nan       nan       nan
   25 2      2 -0.3417 -1.1283   20043.3   52956.4   -3763.2 -0.3654 -1.1176  145780.5   54575.5  -29315.9
        nan       nan      -nan       nan       nan       nan       nan       nan       nan       nan
   26 2      3 -0.3105 -1.0763   21534.7   56747.5   -6544.1 -0.3654 -1.1176  146796.6   57683.3  -32096.8
        nan       nan      -nan       nan       nan       nan       nan       nan       nan       nan
vertex track :         39   3  23    3800276  1.5435 -1.7724  148528.6   46828.6     267.4   211     nan
   24 2      1  1.5269 -1.7537   29888.9   53408.3   -2871.9  1.5113 -1.7955  144515.7   52137.2  -28403.2
        nan       nan      -nan       nan       nan       nan       nan       nan       nan       nan
   25 2      2  1.5347 -1.8016   27371.8   53507.4   -3716.1  1.5113 -1.7955  143239.8   53653.0  -29247.5
        nan       nan      -nan       nan       nan       nan       nan       nan       nan       nan
   26 2      3  1.5273 -1.7678   21727.3   57369.3   -6584.1  1.5113 -1.7955  138905.2   58802.4  -32115.5
        nan       nan      -nan       nan       nan       nan       nan       nan       nan       nan
vertex track :         40   3  23    3800298  0.2793 -1.7215  145195.1   47778.2     275.5   211     nan
   24 2      1  0.3353 -1.6731   22579.4   48247.3   -2935.3  0.2516 -1.7269  145134.3   53049.0  -28478.1
        nan       nan      -nan       nan       nan       nan       nan       nan       nan       nan
   25 2      2  0.3670 -1.7816   19407.2   52672.5   -3757.2  0.2516 -1.7269  144927.5   54468.3  -29300.1
        nan       nan      -nan       nan       nan       nan       nan       nan       nan       nan
   26 2      3  0.3620 -1.6200   19071.2   58235.4   -6540.0  0.2516 -1.7269  144227.3   59273.8  -32082.9
        nan       nan      -nan       nan       nan       nan       nan       nan       nan       nan
vertex track :         42   3  23    3801192 -1.6243 -1.4012  139536.5   47556.2     287.0   211     nan
   24 2      1 -1.6380 -1.3956   30239.4   53037.7   -2871.6 -1.6470 -1.3792  145483.7   51726.1  -28430.6
        nan       nan      -nan       nan       nan       nan       nan       nan       nan       nan
   25 2      2 -1.6491 -1.3963   30284.3   52686.2   -3715.4 -1.6470 -1.3792  146873.4   52889.8  -29274.4
        nan       nan      -nan       nan       nan       nan       nan       nan       nan       nan
   26 2      3 -1.6321 -1.3884   33391.7   55485.0   -6588.7 -1.6470 -1.3792  151605.7   56852.6  -32147.7
        nan       nan      -nan       nan       nan       nan       nan       nan       nan       nan
vertex track :         44   3  23    3802332 -0.4784 -1.4862  143167.9   47563.0     280.3   211     nan
   24 2      1 -0.4679 -1.4590   22739.2   47372.8   -2933.0 -0.5017 -1.4807  145524.1   52078.0  -28482.2
        nan       nan      -nan       nan       nan       nan       nan       nan       nan       nan
   25 2      2 -0.5439 -1.6206   20213.9   51495.5   -3744.6 -0.5017 -1.4807  145931.3   53279.8  -29293.8
        nan       nan      -nan       nan       nan       nan       nan       nan       nan       nan
   26 2      3 -0.6598 -1.2047   22245.5   56596.0   -6526.6 -0.5017 -1.4807  147327.0   57399.1  -32075.8
        nan       nan      -nan       nan       nan       nan       nan       nan       nan       nan
vertex track :         46   3  23    3838180 -0.2196 -0.4827  144336.5   53324.5     283.8  2212   938.6
   24 2      1 -0.2203 -0.4916   30921.2   56118.1   -2869.3 -0.2278 -0.4797  145887.3   54589.8  -28424.9
       53.8      10.3   30908.6   56064.8   30906.4   56059.8   31143.7   56380.9   30889.9   56073.2
   25 2      2 -0.2245 -0.4836   29850.0   54953.3   -3717.5 -0.2278 -0.4797  146080.5   54996.7  -29273.1
       67.4      23.6   29843.0   54882.2   29852.6   54903.0   30066.7   55233.9   29800.1   54902.1
   26 2      3 -0.2225 -0.4779   28999.0   55215.6   -6584.9 -0.2278 -0.4797  146733.7   56372.1  -32140.5
      109.7      46.1   28994.5   55096.7   29040.4   55195.3   29213.3   55544.0   28910.9   55135.6
vertex track :         48   3  23    3838642  0.1126 -1.4914  144562.9   50460.8     280.9   211     nan
   24 2      1  0.0855 -1.4487   22431.4   50203.9   -2942.3  0.0887 -1.4943  145065.5   55019.8  -28492.9
        nan       nan      -nan       nan       nan       nan       nan       nan       nan       nan
   25 2      2  0.0438 -1.5617   19465.2   54564.7   -3750.1  0.0887 -1.4943  144993.9   56226.9  -29300.7
        nan       nan      -nan       nan       nan       nan       nan       nan       nan       nan
   26 2      3  0.3812 -1.7195   19729.7   59646.2   -6528.1  0.0887 -1.4943  144747.5   60378.1  -32078.7
        nan       nan      -nan       nan       nan       nan       nan       nan       nan       nan
vertex track :         55   3  23    3839729 -0.8186 -0.6678  142347.5   50999.1     281.0   211     nan
   24 2      1 -0.8267 -0.6715   30696.0   54329.0   -2869.4 -0.8297 -0.6562  145758.7   52844.5  -28422.3
        nan       nan      -nan       nan       nan       nan       nan       nan       nan       nan
   25 2      2 -0.8265 -0.6528   30065.6   53247.2   -3719.4 -0.8297 -0.6562  146463.9   53402.3  -29272.3
        nan       nan      -nan       nan       nan       nan       nan       nan       nan       nan
   26 2      3 -0.8214 -0.6605   30871.3   54009.3   -6586.0 -0.8297 -0.6562  148842.3   55283.3  -32138.9
        nan       nan      -nan       nan       nan       nan       nan       nan       nan       nan
vertex track :         57   3  23    3840451 -1.9369 -1.0291  142020.3   51645.3     284.9   211     nan
   24 2      1 -2.1434 -0.9321   25750.0   50082.5   -2946.8 -1.9549 -1.0018  149145.1   54667.5  -28504.3
        nan       nan      -nan       nan       nan       nan       nan       nan       nan       nan
   25 2      2 -1.9777 -0.9872   24587.8   54083.5   -3741.2 -1.9549 -1.0018  150698.0   55463.2  -29298.7
        nan       nan      -nan       nan       nan       nan       nan       nan       nan       nan
   26 2      3 -1.8713 -1.0021   30860.0   57729.0   -6510.3 -1.9549 -1.0018  156111.3   58237.3  -32067.8
        nan       nan      -nan       nan       nan       nan       nan       nan       nan       nan
vertex track :         60   3  23    3841740 -1.9275 -0.8720  138285.9   49258.0     288.1   211     nan
   24 2      1 -1.9468 -0.8638   29893.0   53181.2   -2871.9 -1.9433 -0.8443  145198.0   51762.9  -28434.1
        nan       nan      -nan       nan       nan       nan       nan       nan       nan       nan
   25 2      2 -1.9395 -0.8239   30120.3   52230.2   -3722.4 -1.9433 -0.8443  146850.7   52481.0  -29284.6
        nan       nan      -nan       nan       nan       nan       nan       nan       nan       nan
   26 2      3 -1.9188 -0.8428   33953.2   53480.0   -6585.1 -1.9433 -0.8443  152413.8   54898.0  -32147.3
        nan       nan      -nan       nan       nan       nan       nan       nan       nan       nan
vertex track :         79   3  23    3987237  1.8530 -1.5510  149310.9   48034.2     269.4   211     nan
   24 2      1  1.8150 -1.5213   22174.9   48013.2   -2934.8  1.8232 -1.5787  144219.0   52755.7  -28468.4
        nan       nan      -nan       nan       nan       nan       nan       nan       nan       nan
   25 2      2  1.7897 -1.4587   17775.8   52503.2   -3727.8  1.8232 -1.5787  142773.3   54007.6  -29261.3
        nan       nan      -nan       nan       nan       nan       nan       nan       nan       nan
   26 2      3  1.9831 -1.6364   13107.8   57440.2   -6486.3  1.8232 -1.5787  137744.0   58362.5  -32019.9
        nan       nan      -nan       nan       nan       nan       nan       nan       nan       nan
vertex track :         90   3  23    4210463  0.8525 -0.9787  146246.9   50197.6     274.9   211     nan
   24 2      1  0.8484 -0.9560   29667.5   54440.8   -2869.0  0.8353 -0.9922  144404.8   53032.7  -28412.0
        nan       nan      -nan       nan       nan       nan       nan       nan       nan       nan
   25 2      2  0.8439 -0.9813   27725.5   53529.8   -3719.3  0.8353 -0.9922  143694.6   53876.4  -29262.3
        nan       nan      -nan       nan       nan       nan       nan       nan       nan       nan
   26 2      3  0.8350 -0.9826   23878.3   55124.2   -6589.3  0.8353 -0.9922  141297.2   56724.2  -32132.4
        nan       nan      -nan       nan       nan       nan       nan       nan       nan       nan
vertex track :         91   3  23    4210517  1.5653 -1.9715  145717.7   51731.4     277.0   211   576.1
   24 2      1  1.6192 -1.8727   19512.6   52847.2   -2952.8  1.5297 -1.9945  141584.7   57900.8  -28499.4
      358.6      44.5   19780.8   52605.1   19651.7   52754.4   19455.9   53297.5   19713.4   52546.8
   25 2      2  1.5319 -2.0402   15192.9   57794.7   -3743.4  1.5297 -1.9945  140375.2   59477.8  -29290.0
      493.0     103.7   15571.8   57462.7   15301.5   57822.7   15025.5   58334.6   15406.0   57338.2
   26 2      3  1.5699 -1.9938   11298.1   64036.8   -6509.7  1.5297 -1.9945  136143.6   64995.1  -32056.3
      846.3     199.0   11978.0   63495.0   11260.5   64406.1   10829.8   64786.6   11665.3   63248.8
vertex track :         95   3  23    4211170 -2.1670 -0.9819  139903.6   50713.1     286.9   211     nan
   24 2      1 -2.1496 -1.0089   32244.6   54984.9   -2869.1 -2.1849 -0.9510  147592.5   53529.8  -28429.7
        nan       nan      -nan       nan       nan       nan       nan       nan       nan       nan
   25 2      2 -2.1734 -0.9605   32621.0   53882.7   -3719.6 -2.1849 -0.9510  149450.8   54338.7  -29280.3
        nan       nan      -nan       nan       nan       nan       nan       nan       nan       nan
   26 2      3 -2.1677 -0.9594   37064.9   55446.0   -6585.3 -2.1849 -0.9510  155712.0   57064.0  -32145.9
        nan       nan      -nan       nan       nan       nan       nan       nan       nan       nan
vertex track :        110   3  23    4423919 -2.9658 -4.0801  136814.6   41999.7     285.7   211     nan
   24 2      1 -2.8488 -3.9017   23434.5   49199.8   -2939.7 -3.0279 -4.0419  147240.7   54878.9  -28495.8
        nan       nan      -nan       nan       nan       nan       nan       nan       nan       nan
   25 2      2 -2.7380 -3.9848   23190.2   56095.9   -3734.9 -3.0279 -4.0419  149648.5   58093.1  -29291.0
        nan       nan      -nan       nan       nan       nan       nan       nan       nan       nan
   26 2      3 -2.6123 -4.1728   32380.2   68424.3   -6529.9 -3.0279 -4.0419  158111.6   69390.3  -32086.0
        nan       nan      -nan       nan       nan       nan       nan       nan       nan       nan
vertex track :        113   3  23    4447843  3.9003 -3.3819  154531.9   43982.7     256.4     0 10001.0
   24 2      1  3.9110 -3.2411   28966.3   55303.1   -2867.1  3.8254 -3.4309  143270.0   54271.1  -28380.5
     1122.3      21.8   29844.3   54603.7   28937.4   55355.3   28302.1   56209.1   29816.5   54570.2
   25 2      2  3.7560 -3.4722   24655.0   56184.8   -3716.2  3.8254 -3.4309  140021.7   57184.4  -29229.6
     1408.3      30.8   25710.0   55251.5   24430.6   56434.2   23813.8   57324.7   25668.2   55206.3
   26 2      3  3.8424 -3.4107   12404.6   64435.8   -6579.2  3.8254 -3.4309  129069.7   67007.0  -32092.6
     2385.3      55.1   14225.1   62893.5   11464.2   65344.2   10798.0   66184.7   14152.0   62811.1
vertex track :        118   3  23    4477523  4.4411 -1.6510  152429.9   49712.3     262.3   211   284.0
   24 2      1  4.5960 -1.6409   17917.7   49949.6   -2941.0  4.3927 -1.7149  139134.2   54824.1  -28465.9
     1485.4     230.9   19394.3   49667.6   17561.5   50321.9   16655.7   50439.9   19239.0   49232.7
   25 2      2  4.4171 -1.6056   11263.9   54725.5   -3714.5  4.3927 -1.7149  135736.2   56150.6  -29239.4
     2915.1     549.0   14191.1   54245.6    9639.3   55900.2    8551.1   55413.8   13816.0   53213.7
   26 1      3  4.5447 -1.6763  120169.7   59665.6   -6448.1  4.3927 -1.7149  123728.3   60838.4  -31973.0
     5478.2    1054.8  125674.4   58759.5  116349.4   62198.9  114879.5   60780.1  124944.4   56780.3
vertex track :        123   3  23    4478755 -0.6399 -2.9845  144136.5   52137.6     281.8  2212   836.2
   24 2      1 -0.6844 -2.9912   31992.3   62368.1   -2866.7 -0.6855 -2.9766  147109.2   61262.4  -28419.6
      489.2      57.6   31939.4   61878.4   32013.8   62204.0   32254.5   63064.8   31827.0   61904.1
   25 2      2 -0.6643 -2.9585   31277.1   62739.3   -3724.5 -0.6855 -2.9766  147697.3   63815.8  -29277.5
      714.3     138.9   31256.2   62011.8   31429.7   62784.5   31507.4   63673.7   30985.1   62072.7
   26 2      3 -0.6684 -2.9503   31441.4   69754.1   -6586.0 -0.6855 -2.9766  149658.9   72333.2  -32138.9
     1268.8     271.5   31425.9   68456.7   31846.2   70312.0   31666.3   71258.6   30896.3   68576.6
vertex track :        126   3  23    4479221  0.8957 -1.4382  145336.4   51662.8     278.0   211     nan
   24 2      1  0.8625 -1.4026   20978.3   51280.4   -2946.4  0.8711 -1.4523  143334.5   56079.0  -28494.3
        nan       nan      -nan       nan       nan       nan       nan       nan       nan       nan
   25 2      2  0.9977 -1.4131   17360.9   55994.6   -3710.7  0.8711 -1.4523  142668.7   57189.1  -29258.6
        nan       nan      -nan       nan       nan       nan       nan       nan       nan       nan
   26 2      3  0.9329 -1.4198   15609.3   60596.6   -6460.2  0.8711 -1.4523  140273.7   61182.3  -32008.1
        nan       nan      -nan       nan       nan       nan       nan       nan       nan       nan
vertex track :        132   3  23    4635899 -3.6820 -0.6831  143307.0   53433.8     284.0   211     nan
   24 2      1 -3.6538 -0.6391   40190.7   56801.0   -2869.7 -3.7021 -0.6285  155817.0   55185.0  -28426.5
        nan       nan      -nan       nan       nan       nan       nan       nan       nan       nan
   25 2      2 -3.6553 -0.6320   41550.2   55163.6   -3721.4 -3.7021 -0.6285  158970.0   55720.3  -29278.2
        nan       nan      -nan       nan       nan       nan       nan       nan       nan       nan
   26 2      3 -3.6890 -0.6633   49991.7   55916.5   -6590.6 -3.7021 -0.6285  169592.2   57523.7  -32147.4
        nan       nan      -nan       nan       nan       nan       nan       nan       nan       nan
vertex track :        133   3  23    4636045 -0.3977 -0.9418  143179.4   49652.6     279.0   211     nan
   24 2      1 -0.3709 -0.9281   22461.0   47879.9   -2935.6 -0.4128 -0.9369  145282.8   52426.2  -28484.9
        nan       nan      -nan       nan       nan       nan       nan       nan       nan       nan
   25 2      2 -0.5133 -0.7930   20020.6   52177.8   -3681.6 -0.4128 -0.9369  145590.8   53125.1  -29230.8
        nan       nan      -nan       nan       nan       nan       nan       nan       nan       nan
   26 2      3 -0.3394 -0.9347   22004.5   55416.5   -6416.5 -0.4128 -0.9369  146719.9   55687.5  -31965.8
        nan       nan      -nan       nan       nan       nan       nan       nan       nan       nan
vertex track :        152   3  23    4690526  3.7748  3.1626  152388.8   59530.6     276.4   211   285.7
   24 2      1  4.0380  3.1211   27230.9   51609.3   -2867.9  3.8180  3.1091  141310.0   49397.2  -28413.6
     1574.1     236.7   28331.6   52759.2   26688.7   51489.4   26344.3   50672.5   28621.1   52384.7
   25 2      2  3.7860  3.0602   23118.0   47417.5   -3716.7  3.8180  3.1091  138069.0   46758.0  -29262.5
     3184.6     579.5   25230.4   49870.1   21072.1   46508.9   21219.4   45177.9   25959.0   48968.7
   26 2      3  3.7900  3.1231   11435.0   37974.8   -6588.5  3.8180  3.1091  127104.6   37829.5  -32134.2
     6119.0    1138.1   15433.5   42744.4    6784.9   35617.6    7650.2   33418.3   16881.0   40987.8
vertex track :        162   3  24    2657757 -1.7102  1.7613  153226.8   51431.4     327.1     0  6067.1
   21 2     -2 -1.6962  1.7767   23575.6   60200.3    6583.0 -1.6957  1.8060  139486.4   59459.1  -21961.3
      584.0      27.8   23152.2   60603.5   23602.6   60131.7   24207.3   60008.8   23192.4   60641.9
   22 2     -1 -1.6956  1.7757   26487.4   53345.2    3717.7 -1.6957  1.8060  144345.0   54284.3  -24826.6
      339.7      14.5   26242.3   53580.9   26355.5   53462.5   26940.7   53321.3   26263.2   53600.9
   23 2      0 -1.6926  1.7763   26119.6   51418.3    2865.1 -1.6957  1.8060  145790.7   52744.5  -25679.1
      272.1       9.6   25924.9   51608.6   25944.9   51587.7   26522.6   51439.7   25938.9   51621.9
vertex track :        174   3  24    2701010 -1.4344  1.3081  151474.6   53539.2     330.2   211     nan
   21 2     -2 -1.4335  1.2097   23408.8   61130.7    6411.5 -1.4226  1.3423  139723.2   58462.6  -22143.8
        nan       nan      -nan       nan       nan       nan       nan       nan       nan       nan
   22 2     -1 -1.3181  1.1366   30750.9   59325.8    3814.2 -1.4226  1.3423  143418.2   54976.0  -24741.2
        nan       nan      -nan       nan       nan       nan       nan       nan       nan       nan
   23 2      0 -1.3276  1.4562   33039.2   57879.9    2979.8 -1.4226  1.3423  144605.3   53855.9  -25575.5
        nan       nan      -nan       nan       nan       nan       nan       nan       nan       nan
vertex track :        176   3  24    2701594 -1.5674 -1.4703  149535.2   56646.0     338.8   211     nan
   21 2     -2 -1.5707 -1.4581   20720.8   44719.9    6582.7 -1.5848 -1.4436  136587.2   44428.3  -21992.2
        nan       nan      -nan       nan       nan       nan       nan       nan       nan       nan
   22 2     -1 -1.5614 -1.4426   23353.0   46345.5    3714.9 -1.5848 -1.4436  141131.9   48568.1  -24859.9
        nan       nan      -nan       nan       nan       nan       nan       nan       nan       nan
   23 2      0 -1.5836 -1.4286   22864.5   47146.8    2867.0 -1.5848 -1.4436  142475.6   49792.2  -25707.8
        nan       nan      -nan       nan       nan       nan       nan       nan       nan       nan
vertex track :        179   3  24    2702381  1.0491  1.3453  145608.5   53121.7     335.7     0  2288.8
   21 2     -2  1.1633  1.3433   33838.3   61029.6    6457.5  1.0702  1.3394  149057.9   58167.7  -22108.2
      333.0      31.5   34032.4   61301.9   33840.7   61080.6   33855.3   60968.5   34080.1   61260.6
   22 2     -1  1.1181  1.3755   34174.2   58987.8    3818.5  1.0702  1.3394  146233.7   54633.0  -24747.1
      206.8      16.4   34291.9   59158.7   34265.8   59126.5   34267.6   59028.3   34317.4   59137.9
   23 2      0  0.9989  1.2336   34250.5   57498.7    2979.5  1.0702  1.3394  145335.9   53509.3  -25586.1
      169.7       9.0   34350.3   57636.2   34346.5   57631.5   34361.7   57572.4   34364.2   57625.0
vertex track :        190   3  24    2703201 -1.8780  1.7772  148064.1   55174.2     336.7   211   336.2
   21 2     -2 -1.8432  1.8206   17219.2   64188.5    6591.7 -1.8646  1.8250  133327.6   63403.9  -21978.4
     1130.0     337.8   16177.8   64742.2   17398.6   63536.4   18468.7   63846.6   16652.7   65222.9
   22 2     -1 -1.8594  1.8094   20716.8   57171.2    3711.6 -1.8646  1.8250  138697.8   58147.8  -24858.5
      572.3     158.9   20195.8   57456.4   20625.6   57038.1   21445.8   57097.7   20417.5   57684.1
   23 2      0 -1.8867  1.8096   20452.7   55272.1    2866.4 -1.8646  1.8250  140273.8   56605.3  -25703.7
      335.3      59.2   20169.7   55461.4   20257.5   55377.3   20943.7   55294.5   20251.7   55546.8
vertex track :        194   3  24    2744538 -0.7095 -0.8915  149754.1   58128.2     341.5   211     nan
   21 2     -2 -0.6542 -0.8589   26609.1   51325.8    6382.0 -0.7218 -0.8785  142363.0   49617.8  -22199.7
        nan       nan      -nan       nan       nan       nan       nan       nan       nan       nan
   22 2     -1 -0.7675 -0.8706   31776.9   55676.5    3778.5 -0.7218 -0.8785  144242.1   51904.9  -24803.1
        nan       nan      -nan       nan       nan       nan       nan       nan       nan       nan
   23 2      0 -0.7210 -0.8535   33355.0   56164.8    2974.9 -0.7218 -0.8785  144822.2   52610.8  -25606.8
        nan       nan      -nan       nan       nan       nan       nan       nan       nan       nan
vertex track :        208   3  24    3330213 -1.8569  1.8575  153378.9   51391.4     327.1   211     nan
   21 2     -2 -1.8464  1.8674   22682.2   60829.4    6592.4 -1.8427  1.9061  138700.9   60060.9  -21951.6
        nan       nan      -nan       nan       nan       nan       nan       nan       nan       nan
   22 2     -1 -1.8536  1.9011   26104.6   53687.7    3716.4 -1.8427  1.9061  144000.5   54578.7  -24827.6
        nan       nan      -nan       nan       nan       nan       nan       nan       nan       nan
   23 2      0 -1.8314  1.8920   25838.9   51670.9    2864.6 -1.8427  1.9061  145570.0   52955.2  -25679.4
        nan       nan      -nan       nan       nan       nan       nan       nan       nan       nan
vertex track :        213   3  24    3368893 -1.1925  1.2198  151444.2   53477.2     330.2   211     nan
   21 2     -2 -1.1681  1.1716   25104.4   60407.6    6428.9 -1.1803  1.2491  141145.2   57855.4  -22126.3
        nan       nan      -nan       nan       nan       nan       nan       nan       nan       nan
   22 2     -1 -1.3083  1.2502   31566.8   58821.8    3771.8 -1.1803  1.2491  144281.2   54536.5  -24783.3
        nan       nan      -nan       nan       nan       nan       nan       nan       nan       nan
   23 2      0 -1.1660  1.2233   33671.7   57531.0    2979.3 -1.1803  1.2491  145216.6   53546.5  -25575.9
        nan       nan      -nan       nan       nan       nan       nan       nan       nan       nan
vertex track :        242   3  24    3446427  2.0070 -2.1550  142687.1   62834.5     354.9   211     nan
   21 2     -2  1.9940 -2.1661   36710.9   46379.2    6585.3  1.9565 -2.1689  151920.2   46233.4  -22030.7
        nan       nan      -nan       nan       nan       nan       nan       nan       nan       nan
   22 2     -1  1.9954 -2.2390   29994.4   49956.7    3718.3  1.9565 -2.1689  146310.9   52451.5  -24897.7
        nan       nan      -nan       nan       nan       nan       nan       nan       nan       nan
   23 2      0  1.9777 -2.1947   26599.8   51208.1    2871.6  1.9565 -2.1689  144654.3   54287.9  -25744.4
        nan       nan      -nan       nan       nan       nan       nan       nan       nan       nan
vertex track :        282   3  24    4039326 -3.1468  3.8225  152824.5   49984.7     323.4     0 10001.0
   21 2     -2 -3.1550  4.2930   13393.2   74087.6    6507.8 -3.1340  3.9371  130289.0   71065.6  -22029.0
     1999.3      47.4   12171.0   75670.6   13876.4   73350.0   14822.2   72718.9   12247.4   75726.7
   22 2     -1 -3.2140  3.1754   25753.1   65012.4    3834.0 -3.1340  3.9371  138668.9   60538.3  -24702.9
     1160.4      26.0   24909.4   65809.5   25885.4   64845.2   26803.7   64428.5   24945.9   65846.5
   23 2      0 -3.1530  3.8375   29420.6   61468.5    2965.9 -3.1340  3.9371  141389.5   57120.5  -25570.9
      894.1      17.7   28839.4   62148.1   29312.5   61572.3   30208.7   61002.7   28866.7   62170.5
vertex track :        314   3  24    4225801  0.0273  0.3879  148278.8   55532.1     335.8  2212   430.3
   21 2     -2  0.0187  0.3977   29682.6   55396.9    6590.5  0.0320  0.3917  145410.5   54794.3  -21979.4
      168.8     144.2   29546.5   55572.3   29534.5   55318.6   30028.8   55431.9   29834.7   55558.7
   22 2     -1  0.0192  0.3911   28098.1   52285.7    3716.4  0.0320  0.3917  145318.6   53668.5  -24853.6
       83.8      68.0   28034.3   52372.8   28030.1   52287.5   28371.8   52409.1   28170.0   52366.1
   23 2      0  0.0331  0.3918   26326.2   51453.2    2866.2  0.0320  0.3917  145291.4   53335.4  -25703.7
       43.9      25.2   26304.8   51499.1   26304.3   51493.9   26557.6   51617.8   26354.9   51494.8
