groupid:  10204, ntrk: 39
vertex track :          0   3  23    2964080  0.0432  0.6050  144469.9   53886.0     282.6    13   533.3
   24 2      1  0.0448  0.6039   30246.9   53452.0   -2863.9  0.0517  0.6067  145148.5   51729.0  -28418.6
       61.2      12.9   30238.5   53514.0   30238.9   53518.7   30465.3   53600.6   30264.3   53512.0
   25 2      2  0.0523  0.6042   28927.3   51762.7   -3719.5  0.0517  0.6067  145104.3   51209.8  -29274.2
       78.3      30.5   28903.7   51843.4   28901.2   51814.2   29160.9   51892.6   28964.4   51838.1
   26 2      3  0.0492  0.6046   27470.1   49069.1   -6589.2  0.0517  0.6067  144956.0   49468.7  -32144.0
      128.9      59.5   27421.3   49202.4   27410.7   49072.4   27729.0   49146.4   27539.9   49192.8
vertex track :          1   3  23    2878127  1.8824 -1.5041  150074.1   47371.2     266.4   211   170.1
   24 2      1  1.8427 -1.4591   22895.3   47242.1   -2931.9  1.8532 -1.5322  144886.6   51921.2  -28461.3
      551.2     174.0   23435.5   47036.3   22958.1   47414.3   22567.0   47656.4   23219.5   46763.5
   25 2      2  1.8023 -1.5804   18428.8   51316.5   -3769.4  1.8532 -1.5322  143334.6   53204.3  -29298.8
     1164.6     422.2   19582.7   50866.1   18209.9   52069.9   17486.6   51975.4   19026.1   50231.3
   26 2      3  2.1555 -1.5480   13514.3   56013.6   -6543.4  1.8532 -1.5322  138193.6   57454.8  -32072.8
     2203.2     811.7   15777.3   55387.7   12651.0   57633.0   11463.4   56847.9   14830.3   54069.1
vertex track :          4   3  23    2879924  1.6391 -1.8150  148149.5   47587.4     269.4   211     nan
   24 2      1  1.6298 -1.8108   29224.8   54292.4   -2868.0  1.6058 -1.8394  143854.7   53038.0  -28402.1
        nan       nan      -nan       nan       nan       nan       nan       nan       nan       nan
   25 2      2  1.6047 -1.8285   26626.0   54568.0   -3714.5  1.6058 -1.8394  142495.3   54595.2  -29248.7
        nan       nan      -nan       nan       nan       nan       nan       nan       nan       nan
   26 2      3  1.6240 -1.8272   20760.0   58604.7   -6584.8  1.6058 -1.8394  137886.1   59874.6  -32118.9
        nan       nan      -nan       nan       nan       nan       nan       nan       nan       nan
vertex track :          5   3  23    2880217 -1.8755 -2.3173  140596.6   48352.5     285.1   211     nan
   24 2      1 -1.7680 -2.1361   24098.1   50392.9   -2945.5 -1.9116 -2.2930  147529.0   55559.3  -28502.2
        nan       nan      -nan       nan       nan       nan       nan       nan       nan       nan
   25 2      2 -1.9258 -2.3626   22824.1   55337.3   -3779.3 -1.9116 -2.2930  149122.9   57471.3  -29336.0
        nan       nan      -nan       nan       nan       nan       nan       nan       nan       nan
   26 2      3 -1.8015 -2.5114   28722.4   62631.2   -6576.7 -1.9116 -2.2930  154470.4   63885.8  -32133.4
        nan       nan      -nan       nan       nan       nan       nan       nan       nan       nan
vertex track :         17   3  23    2924725 -1.7733 -1.8792  140886.5   48766.5     281.9   211     nan
   24 2      1 -1.7746 -1.8801   32051.3   55672.2   -2867.4 -1.8031 -1.8559  147328.0   54406.5  -28420.9
        nan       nan      -nan       nan       nan       nan       nan       nan       nan       nan
   25 2      2 -1.7926 -1.8498   32270.6   55853.5   -3716.3 -1.8031 -1.8559  148858.6   55981.9  -29269.7
        nan       nan      -nan       nan       nan       nan       nan       nan       nan       nan
   26 2      3 -1.7839 -1.8528   35878.1   60012.4   -6585.9 -1.8031 -1.8559  154032.7   61307.5  -32139.4
        nan       nan      -nan       nan       nan       nan       nan       nan       nan       nan
vertex track :         18   3  23    2925093 -0.3476 -1.1215  143516.1   50296.3     282.2   211     nan
   24 2      1 -0.3428 -1.0477   22698.9   49008.1   -2937.9 -0.3654 -1.1176  145478.9   53653.2  -28490.5
        nan       nan      -nan       nan       nan       nan       nan       nan       nan       nan
   25 2      2 -0.3417 -1.1283   20043.3   52956.4   -3763.2 -0.3654 -1.1176  145780.5   54575.5  -29315.9
        nan       nan      -nan       nan       nan       nan       nan       nan       nan       nan
   26 2      3 -0.3105 -1.0763   21534.7   56747.5   -6544.1 -0.3654 -1.1176  146796.6   57683.3  -32096.8
        nan       nan      -nan       nan       nan       nan       nan       nan       nan       nan
vertex track :         39   3  23    3800276  1.5435 -1.7724  148528.6   46828.6     267.4   211     nan
   24 2      1  1.5269 -1.7537   29888.9   53408.3   -2871.9  1.5113 -1.7955  144515.7   52137.2  -28403.2
        nan       nan      -nan       nan       nan       nan       nan       nan       nan       nan
   25 2      2  1.5347 -1.8016   27371.8   53507.4   -3716.1  1.5113 -1.7955  143239.8   53653.0  -29247.5
        nan       nan      -nan       nan       nan       nan       nan       nan       nan       nan
   26 2      3  1.5273 -1.7678   21727.3   57369.3   -6584.1  1.5113 -1.7955  138905.2   58802.4  -32115.5
        nan       nan      -nan       nan       nan       nan       nan       nan       nan       nan
vertex track :         40   3  23    3800298  0.2793 -1.7215  145195.1   47778.2     275.5   211     nan
   24 2      1  0.3353 -1.6731   22579.4   48247.3   -2935.3  0.2516 -1.7269  145134.3   53049.0  -28478.1
        nan       nan      -nan       nan       nan       nan       nan       nan       nan       nan
   25 2      2  0.3670 -1.7816   19407.2   52672.5   -3757.2  0.2516 -1.7269  144927.5   54468.3  -29300.1
        nan       nan      -nan       nan       nan       nan       nan       nan       nan       nan
   26 2      3  0.3620 -1.6200   19071.2   58235.4   -6540.0  0.2516 -1.7269  144227.3   59273.8  -32082.9
        nan       nan      -nan       nan       nan       nan       nan       nan       nan       nan
vertex track :         42   3  23    3801192 -1.6243 -1.4012  139536.5   47556.2     287.0   211     nan
   24 2      1 -1.6380 -1.3956   30239.4   53037.7   -2871.6 -1.6470 -1.3792  145483.7   51726.1  -28430.6
        nan       nan      -nan       nan       nan       nan       nan       nan       nan       nan
   25 2      2 -1.6491 -1.3963   30284.3   52686.2   -3715.4 -1.6470 -1.3792  146873.4   52889.8  -29274.4
        nan       nan      -nan       nan       nan       nan       nan       nan       nan       nan
   26 2      3 -1.6321 -1.3884   33391.7   55485.0   -6588.7 -1.6470 -1.3792  151605.7   56852.6  -32147.7
        nan       nan      -nan       nan       nan       nan       nan       nan       nan       nan
vertex track :         44   3  23    3802332 -0.4784 -1.4862  143167.9   47563.0     280.3   211     nan
   24 2      1 -0.4679 -1.4590   22739.2   47372.8   -2933.0 -0.5017 -1.4807  145524.1   52078.0  -28482.2
        nan       nan      -nan       nan       nan       nan       nan       nan       nan       nan
   25 2      2 -0.5439 -1.6206   20213.9   51495.5   -3744.6 -0.5017 -1.4807  145931.3   53279.8  -29293.8
        nan       nan      -nan       nan       nan       nan       nan       nan       nan       nan
   26 2      3 -0.6598 -1.2047   22245.5   56596.0   -6526.6 -0.5017 -1.4807  147327.0   57399.1  -32075.8
        nan       nan      -nan       nan       nan       nan       nan       nan       nan       nan
vertex track :         46   3  23    3838180 -0.2196 -0.4827  144336.5   53324.5     283.8  2212   938.6
   24 2      1 -0.2203 -0.4916   30921.2   56118.1   -2869.3 -0.2278 -0.4797  145887.3   54589.8  -28424.9
       53.8      10.3   30908.6   56064.8   30906.4   56059.8   31143.7   56380.9   30889.9   56073.2
   25 2      2 -0.2245 -0.4836   29850.0   54953.3   -3717.5 -0.2278 -0.4797  146080.5   54996.7  -29273.1
       67.4      23.6   29843.0   54882.2   29852.6   54903.0   30066.7   55233.9   29800.1   54902.1
   26 2      3 -0.2225 -0.4779   28999.0   55215.6   -6584.9 -0.2278 -0.4797  146733.7   56372.1  -32140.5
      109.7      46.1   28994.5   55096.7   29040.4   55195.3   29213.3   55544.0   28910.9   55135.6
vertex track :         48   3  23    3838642  0.1126 -1.4914  144562.9   50460.8     280.9   211     nan
   24 2      1  0.0855 -1.4487   22431.4   50203.9   -2942.3  0.0887 -1.4943  145065.5   55019.8  -28492.9
        nan       nan      -nan       nan       nan       nan       nan       nan       nan       nan
   25 2      2  0.0438 -1.5617   19465.2   54564.7   -3750.1  0.0887 -1.4943  144993.9   56226.9  -29300.7
        nan       nan      -nan       nan       nan       nan       nan       nan       nan       nan
   26 2      3  0.3812 -1.7195   19729.7   59646.2   -6528.1  0.0887 -1.4943  144747.5   60378.1  -32078.7
        nan       nan      -nan       nan       nan       nan       nan       nan       nan       nan
vertex track :         55   3  23    3839729 -0.8186 -0.6678  142347.5   50999.1     281.0   211     nan
   24 2      1 -0.8267 -0.6715   30696.0   54329.0   -2869.4 -0.8297 -0.6562  145758.7   52844.5  -28422.3
        nan       nan      -nan       nan       nan       nan       nan       nan       nan       nan
   25 2      2 -0.8265 -0.6528   30065.6   53247.2   -3719.4 -0.8297 -0.6562  146463.9   53402.3  -29272.3
        nan       nan      -nan       nan       nan       nan       nan       nan       nan       nan
   26 2      3 -0.8214 -0.6605   30871.3   54009.3   -6586.0 -0.8297 -0.6562  148842.3   55283.3  -32138.9
        nan       nan      -nan       nan       nan       nan       nan       nan       nan       nan
vertex track :         57   3  23    3840451 -1.9369 -1.0291  142020.3   51645.3     284.9   211     nan
   24 2      1 -2.1434 -0.9321   25750.0   50082.5   -2946.8 -1.9549 -1.0018  149145.1   54667.5  -28504.3
        nan       nan      -nan       nan       nan       nan       nan       nan       nan       nan
   25 2      2 -1.9777 -0.9872   24587.8   54083.5   -3741.2 -1.9549 -1.0018  150698.0   55463.2  -29298.7
        nan       nan      -nan       nan       nan       nan       nan       nan       nan       nan
   26 2      3 -1.8713 -1.0021   30860.0   57729.0   -6510.3 -1.9549 -1.0018  156111.3   58237.3  -32067.8
        nan       nan      -nan       nan       nan       nan       nan       nan       nan       nan
vertex track :         60   3  23    3841740 -1.9275 -0.8720  138285.9   49258.0     288.1   211     nan
   24 2      1 -1.9468 -0.8638   29893.0   53181.2   -2871.9 -1.9433 -0.8443  145198.0   51762.9  -28434.1
        nan       nan      -nan       nan       nan       nan       nan       nan       nan       nan
   25 2      2 -1.9395 -0.8239   30120.3   52230.2   -3722.4 -1.9433 -0.8443  146850.7   52481.0  -29284.6
        nan       nan      -nan       nan       nan       nan       nan       nan       nan       nan
   26 2      3 -1.9188 -0.8428   33953.2   53480.0   -6585.1 -1.9433 -0.8443  152413.8   54898.0  -32147.3
        nan       nan      -nan       nan       nan       nan       nan       nan       nan       nan
vertex track :         79   3  23    3987237  1.8530 -1.5510  149310.9   48034.2     269.4   211     nan
   24 2      1  1.8150 -1.5213   22174.9   48013.2   -2934.8  1.8232 -1.5787  144219.0   52755.7  -28468.4
        nan       nan      -nan       nan       nan       nan       nan       nan       nan       nan
   25 2      2  1.7897 -1.4587   17775.8   52503.2   -3727.8  1.8232 -1.5787  142773.3   54007.6  -29261.3
        nan       nan      -nan       nan       nan       nan       nan       nan       nan       nan
   26 2      3  1.9831 -1.6364   13107.8   57440.2   -6486.3  1.8232 -1.5787  137744.0   58362.5  -32019.9
        nan       nan      -nan       nan       nan       nan       nan       nan       nan       nan
vertex track :         90   3  23    4210463  0.8525 -0.9787  146246.9   50197.6     274.9   211     nan
   24 2      1  0.8484 -0.9560   29667.5   54440.8   -2869.0  0.8353 -0.9922  144404.8   53032.7  -28412.0
        nan       nan      -nan       nan       nan       nan       nan       nan       nan       nan
   25 2      2  0.8439 -0.9813   27725.5   53529.8   -3719.3  0.8353 -0.9922  143694.6   53876.4  -29262.3
        nan       nan      -nan       nan       nan       nan       nan       nan       nan       nan
   26 2      3  0.8350 -0.9826   23878.3   55124.2   -6589.3  0.8353 -0.9922  141297.2   56724.2  -32132.4
        nan       nan      -nan       nan       nan       nan       nan       nan       nan       nan
vertex track :         91   3  23    4210517  1.5653 -1.9715  145717.7   51731.4     277.0   211   576.1
   24 2      1  1.6192 -1.8727   19512.6   52847.2   -2952.8  1.5297 -1.9945  141584.7   57900.8  -28499.4
      358.6      44.5   19780.8   52605.1   19651.7   52754.4   19455.9   53297.5   19713.4   52546.8
   25 2      2  1.5319 -2.0402   15192.9   57794.7   -3743.4  1.5297 -1.9945  140375.2   59477.8  -29290.0
      493.0     103.7   15571.8   57462.7   15301.5   57822.7   15025.5   58334.6   15406.0   57338.2
   26 2      3  1.5699 -1.9938   11298.1   64036.8   -6509.7  1.5297 -1.9945  136143.6   64995.1  -32056.3
      846.3     199.0   11978.0   63495.0   11260.5   64406.1   10829.8   64786.6   11665.3   63248.8
vertex track :         95   3  23    4211170 -2.1670 -0.9819  139903.6   50713.1     286.9   211     nan
   24 2      1 -2.1496 -1.0089   32244.6   54984.9   -2869.1 -2.1849 -0.9510  147592.5   53529.8  -28429.7
        nan       nan      -nan       nan       nan       nan       nan       nan       nan       nan
   25 2      2 -2.1734 -0.9605   32621.0   53882.7   -3719.6 -2.1849 -0.9510  149450.8   54338.7  -29280.3
        nan       nan      -nan       nan       nan       nan       nan       nan       nan       nan
   26 2      3 -2.1677 -0.9594   37064.9   55446.0   -6585.3 -2.1849 -0.9510  155712.0   57064.0  -32145.9
        nan       nan      -nan       nan       nan       nan       nan       nan       nan       nan
vertex track :        113   3  23    4447843  3.9003 -3.3819  154531.9   43982.7     256.4     0 10001.0
   24 2      1  3.6704 -3.3284   21528.2   49183.3   -2937.5  3.8254 -3.4309  143000.4   54512.9  -28451.0
     1145.7      22.3   22391.9   48430.2   21465.3   49270.5   20878.2   50143.1   22362.0   48397.1
   25 2      2  3.7679 -3.2255   15393.4   55352.8   -3720.3  3.8254 -3.4309  140006.1   57198.4  -29233.7
     1409.6      30.8   16484.3   54459.5   15133.9   55615.6   14516.3   56452.8   16444.2   54412.7
   26 2      3  3.7439 -3.2705    4850.1   65597.5   -6498.1  3.8254 -3.4309  129379.8   66728.8  -32011.5
     2357.5      54.4    6661.4   64087.5    3896.7   66502.7    3252.6   67314.3    6589.8   64005.6
vertex track :        118   3  23    4477523  4.4411 -1.6510  152429.9   49712.3     262.3   211   284.0
   24 2      1  4.3979 -1.7168   25274.1   55976.9   -2867.0  4.3927 -1.7149  139459.2   54697.2  -28391.9
     1446.1     223.8   26702.7   55659.6   24931.9   56350.8   24060.0   56502.6   26539.9   55242.6
   25 2      2  4.3284 -1.6986   20600.7   55467.5   -3710.5  4.3927 -1.7149  135753.9   56143.7  -29235.4
     2911.8     548.4   23511.6   54914.2   18999.4   56684.9   17904.2   56229.0   23111.0   53893.2
   26 2      3  4.5409 -1.6170    6871.1   58967.5   -6582.1  4.3927 -1.7149  123139.6   61068.3  -32107.0
     5603.0    1079.3   12511.5   58104.7    2908.4   61524.3    1445.2   60038.7   11787.3   56071.2
vertex track :        123   3  23    4478755 -0.6399 -2.9845  144136.5   52137.6     281.8  2212   836.2
   24 2      1 -0.6334 -2.8959   24190.6   56179.9   -2965.0 -0.6855 -2.9766  147176.6   61555.1  -28518.0
      503.0      60.0   24141.8   55675.6   24223.7   56050.4   24448.8   56891.2   24024.5   55701.3
   25 2      2 -0.5544 -2.9506   21913.8   62126.8   -3741.2 -0.6855 -2.9766  147708.7   63865.4  -29294.1
      717.3     139.6   21918.5   61396.1   22067.0   62186.3   22118.6   63064.5   21644.2   61447.6
   26 2      3 -0.9968 -2.8282   24267.9   71437.8   -6522.6 -0.6855 -2.9766  149615.4   72144.5  -32075.5
     1256.5     268.6   24103.5   70163.5   24729.5   71939.6   24641.2   72919.3   23596.9   70342.1
vertex track :        126   3  23    4479221  0.8957 -1.4382  145336.4   51662.8     278.0   211     nan
   24 2      1  0.9076 -1.4882   28642.7   57271.8   -2867.8  0.8711 -1.4523  143402.9   55964.9  -28415.7
        nan       nan      -nan       nan       nan       nan       nan       nan       nan       nan
   25 2      2  0.8748 -1.4674   26715.0   56517.4   -3718.2  0.8711 -1.4523  142662.2   57199.9  -29266.1
        nan       nan      -nan       nan       nan       nan       nan       nan       nan       nan
   26 2      3  0.8879 -1.4484   22635.3   59336.7   -6586.0  0.8711 -1.4523  140164.2   61365.0  -32133.9
        nan       nan      -nan       nan       nan       nan       nan       nan       nan       nan
vertex track :        132   3  23    4635899 -3.6820 -0.6831  143307.0   53433.8     284.0   211     nan
   24 2      1 -3.6167 -0.6357   32126.6   50813.5   -2947.1 -3.7021 -0.6285  156103.6   55233.7  -28503.9
        nan       nan      -nan       nan       nan       nan       nan       nan       nan       nan
   25 2      2 -3.8732 -0.7585   32314.3   54888.7   -3698.6 -3.7021 -0.6285  158885.7   55706.0  -29255.4
        nan       nan      -nan       nan       nan       nan       nan       nan       nan       nan
   26 2      3 -3.5854 -0.6891   43596.0   57561.5   -6446.2 -3.7021 -0.6285  169057.5   57432.9  -32003.0
        nan       nan      -nan       nan       nan       nan       nan       nan       nan       nan
vertex track :        133   3  23    4636045 -0.3977 -0.9418  143179.4   49652.6     279.0   211     nan
   24 2      1 -0.3994 -0.9369   30302.7   53774.5   -2869.3 -0.4128 -0.9369  145255.4   52364.1  -28418.6
        nan       nan      -nan       nan       nan       nan       nan       nan       nan       nan
   25 2      2 -0.3835 -0.9525   29277.8   52491.9   -3718.3 -0.4128 -0.9369  145605.9   53159.5  -29267.5
        nan       nan      -nan       nan       nan       nan       nan       nan       nan       nan
   26 2      3 -0.4198 -0.9233   28731.8   53967.3   -6580.2 -0.4128 -0.9369  146787.5   55840.8  -32129.5
        nan       nan      -nan       nan       nan       nan       nan       nan       nan       nan
vertex track :        152   3  23    4690526  3.7748  3.1626  152388.8   59530.6     276.4   211   285.7
   24 2      1  3.7733  3.0813   19755.9   46007.5   -2929.7  3.8180  3.1091  141074.1   49205.1  -28475.4
     1609.8     242.9   20849.1   47213.9   19147.8   45824.5   18876.4   45014.2   21156.4   46837.6
   25 2      2  3.7295  3.0403   13646.7   46805.5   -3665.3  3.8180  3.1091  138265.4   46917.9  -29211.1
     3139.8     571.2   15719.4   49232.2   11635.4   45902.8   11787.8   44591.9   16441.2   48346.7
   26 1      3  3.8130  3.2160  124641.3   37929.0   -6313.5  3.8180  3.1091  128154.3   38684.3  -31859.3
     5840.6    1085.3  128406.2   42524.2  120277.6   35668.3  121090.1   33547.0  129805.6   40865.0
vertex track :        162   3  24    2657757 -1.7102  1.7613  153226.8   51431.4     327.1     0  6067.1
   21 2     -2 -1.6962  1.7767   23575.6   60200.3    6583.0 -1.6957  1.8060  139486.4   59459.1  -21961.3
      584.0      27.8   23152.2   60603.5   23602.6   60131.7   24207.3   60008.8   23192.4   60641.9
   22 2     -1 -1.6956  1.7757   26487.4   53345.2    3717.7 -1.6957  1.8060  144345.0   54284.3  -24826.6
      339.7      14.5   26242.3   53580.9   26355.5   53462.5   26940.7   53321.3   26263.2   53600.9
   23 2      0 -1.6926  1.7763   26119.6   51418.3    2865.1 -1.6957  1.8060  145790.7   52744.5  -25679.1
      272.1       9.6   25924.9   51608.6   25944.9   51587.7   26522.6   51439.7   25938.9   51621.9
vertex track :        174   3  24    2701010 -1.4344  1.3081  151474.6   53539.2     330.2   211     nan
   21 2     -2 -1.4335  1.2097   23408.8   61130.7    6411.5 -1.4226  1.3423  139723.2   58462.6  -22143.8
        nan       nan      -nan       nan       nan       nan       nan       nan       nan       nan
   22 2     -1 -1.3181  1.1366   30750.9   59325.8    3814.2 -1.4226  1.3423  143418.2   54976.0  -24741.2
        nan       nan      -nan       nan       nan       nan       nan       nan       nan       nan
   23 2      0 -1.3276  1.4562   33039.2   57879.9    2979.8 -1.4226  1.3423  144605.3   53855.9  -25575.5
        nan       nan      -nan       nan       nan       nan       nan       nan       nan       nan
vertex track :        176   3  24    2701594 -1.5674 -1.4703  149535.2   56646.0     338.8   211     nan
   21 2     -2 -1.5707 -1.4581   20720.8   44719.9    6582.7 -1.5848 -1.4436  136587.2   44428.3  -21992.2
        nan       nan      -nan       nan       nan       nan       nan       nan       nan       nan
   22 2     -1 -1.5614 -1.4426   23353.0   46345.5    3714.9 -1.5848 -1.4436  141131.9   48568.1  -24859.9
        nan       nan      -nan       nan       nan       nan       nan       nan       nan       nan
   23 2      0 -1.5836 -1.4286   22864.5   47146.8    2867.0 -1.5848 -1.4436  142475.6   49792.2  -25707.8
        nan       nan      -nan       nan       nan       nan       nan       nan       nan       nan
vertex track :        178   3  24    2701855  1.3729 -0.2539  144194.4   57643.5     346.5   211     nan
   21 2     -2  1.4634 -0.2637   34712.3   54842.1    6403.1  1.3642 -0.2714  149422.7   52877.3  -22188.0
        nan       nan      -nan       nan       nan       nan       nan       nan       nan       nan
   22 2     -1  1.3467 -0.2212   33845.8   57475.7    3786.4  1.3642 -0.2714  145853.0   53587.5  -24804.6
        nan       nan      -nan       nan       nan       nan       nan       nan       nan       nan
   23 2      0  1.3413 -0.3195   33778.3   57459.7    2979.0  1.3642 -0.2714  144751.4   53806.6  -25612.0
        nan       nan      -nan       nan       nan       nan       nan       nan       nan       nan
vertex track :        179   3  24    2702381  1.0491  1.3453  145608.5   53121.7     335.7     0  2288.8
   21 2     -2  1.0642  1.3448   33617.8   59149.0    6570.3  1.0702  1.3394  149178.5   58318.7  -21995.4
      338.6      32.2   33802.7   59434.5   33605.9   59185.9   33644.0   59074.9   33853.1   59394.6
   22 2     -1  1.0783  1.2865   29282.1   53429.6    3717.2  1.0702  1.3394  146125.3   54497.3  -24848.5
      202.3      15.9   29399.8   53594.8   29366.4   53554.9   29375.4   53475.6   29424.2   53574.4
   23 2      0  1.0681  1.3484   26678.5   51893.5    2874.0  1.0702  1.3394  145223.0   53367.9  -25691.7
      165.4       8.6   26774.5   52028.4   26793.4   52052.3   26793.6   51969.8   26787.9   52017.8
vertex track :        190   3  24    2703201 -1.8780  1.7772  148064.1   55174.2     336.7   211   336.2
   21 2     -2 -1.6466  1.5729   16966.8   65859.7    6480.6 -1.8646  1.8250  133534.7   63201.2  -22089.5
     1108.2     330.9   15936.8   66385.9   17193.7   65185.2   18205.1   65545.0   16394.0   66864.5
   22 2     -1 -1.7857  1.7760   25722.1   62567.6    3822.8 -1.8646  1.8250  138490.5   58350.7  -24747.3
      591.0     164.7   25186.9   62867.5   25650.0   62407.0   26465.5   62479.4   25419.3   63101.1
   23 2      0 -1.8792  1.8002   28298.5   60820.7    2976.0 -1.8646  1.8250  140069.4   56805.4  -25594.1
      347.8      62.5   28004.0   61016.2   28111.7   60913.0   28801.0   60837.1   28090.5   61106.5
vertex track :        194   3  24    2744538 -0.7095 -0.8915  149754.1   58128.2     341.5   211     nan
   21 2     -2 -0.7149 -0.8871   26425.6   49874.9    6585.9 -0.7218 -0.8785  142215.7   49438.6  -21995.7
        nan       nan      -nan       nan       nan       nan       nan       nan       nan       nan
   22 2     -1 -0.6892 -0.9007   26822.9   50008.4    3718.0 -0.7218 -0.8785  144285.8   51958.0  -24863.7
        nan       nan      -nan       nan       nan       nan       nan       nan       nan       nan
   23 2      0 -0.7195 -0.8698   25593.1   50261.1    2880.1 -0.7218 -0.8785  144890.6   52694.2  -25701.6
        nan       nan      -nan       nan       nan       nan       nan       nan       nan       nan
vertex track :        208   3  24    3330213 -1.8569  1.8575  153378.9   51391.4     327.1   211     nan
   21 2     -2 -1.8840  1.9617   22644.3   62545.4    6444.8 -1.8427  1.9061  138973.0   59779.4  -22099.2
        nan       nan      -nan       nan       nan       nan       nan       nan       nan       nan
   22 2     -1 -1.8149  2.0347   31038.0   59173.2    3780.2 -1.8427  1.9061  143882.9   54700.3  -24763.8
        nan       nan      -nan       nan       nan       nan       nan       nan       nan       nan
   23 2      0 -1.8085  1.8610   33702.3   57280.8    2977.8 -1.8427  1.9061  145361.4   53170.9  -25566.2
        nan       nan      -nan       nan       nan       nan       nan       nan       nan       nan
vertex track :        213   3  24    3368893 -1.1925  1.2198  151444.2   53477.2     330.2   211     nan
   21 2     -2 -1.1762  1.2300   25005.8   58780.2    6604.3 -1.1803  1.2491  140938.2   58074.6  -21950.9
        nan       nan      -nan       nan       nan       nan       nan       nan       nan       nan
   22 2     -1 -1.1693  1.2016   26679.5   53355.2    3723.8 -1.1803  1.2491  144337.9   54476.5  -24831.4
        nan       nan      -nan       nan       nan       nan       nan       nan       nan       nan
   23 2      0 -1.1760  1.2427   25882.7   51866.7    2862.4 -1.1803  1.2491  145354.6   53400.6  -25692.7
        nan       nan      -nan       nan       nan       nan       nan       nan       nan       nan
vertex track :        240   3  24    3410563  1.7640 -1.1172  143145.9   60181.7     349.3   211     nan
   21 2     -2  1.7395 -0.9900   36422.3   51747.4    6461.8  1.7365 -1.1373  150764.1   50128.9  -22140.5
        nan       nan      -nan       nan       nan       nan       nan       nan       nan       nan
   22 2     -1  1.6873 -1.2662   34451.8   56868.4    3790.3  1.7365 -1.1373  146125.0   53167.3  -24812.0
        nan       nan      -nan       nan       nan       nan       nan       nan       nan       nan
   23 2      0  1.7429 -1.1786   33847.6   57528.4    2979.3  1.7365 -1.1373  144716.8   54089.6  -25623.0
        nan       nan      -nan       nan       nan       nan       nan       nan       nan       nan
vertex track :        242   3  24    3446427  2.0070 -2.1550  142687.1   62834.5     354.9   211     nan
   21 2     -2  1.9713 -2.1657   36700.4   46385.4    6595.0  1.9565 -2.1689  151939.3   46212.3  -22020.9
        nan       nan      -nan       nan       nan       nan       nan       nan       nan       nan
   22 2     -1  1.9894 -2.2524   29973.0   49928.1    3718.0  1.9565 -2.1689  146310.4   52452.1  -24897.9
        nan       nan      -nan       nan       nan       nan       nan       nan       nan       nan
   23 2      0  1.9781 -2.1955   26602.1   51211.1    2869.7  1.9565 -2.1689  144650.6   54292.1  -25746.3
        nan       nan      -nan       nan       nan       nan       nan       nan       nan       nan
vertex track :        282   3  24    4039326 -3.1468  3.8225  152824.5   49984.7     323.4     0 10001.0
   21 2     -2 -3.1437  3.6068   13440.8   74054.4    6498.2 -3.1340  3.9371  130319.2   71027.7  -22038.6
     1996.3      47.4   12093.5   75528.2   14056.6   73275.9   14995.1   72794.3   12164.9   75590.4
   22 2     -1 -2.8746  3.7218   25789.8   64958.7    3817.8 -3.1340  3.9371  138719.6   60474.5  -24719.1
     1155.4      25.9   25063.1   65857.3   25872.0   64810.0   26723.7   64273.8   25104.0   65888.9
   23 2      0 -3.1513  3.8311   29412.0   61469.2    2967.8 -3.1340  3.9371  141383.6   57127.9  -25569.1
      894.7      17.7   28830.0   62148.9   29304.9   61571.5   30200.9   61003.3   28857.3   62171.4
vertex track :        314   3  24    4225801  0.0273  0.3879  148278.8   55532.1     335.8  2212   430.3
   21 2     -2  0.0369  0.3811   29662.7   55404.3    6585.1  0.0320  0.3917  145410.3   54792.2  -21984.9
      168.6     144.1   29535.6   55586.1   29510.8   55330.4   29999.9   55433.0   29822.4   55558.2
   22 2     -1  0.0360  0.4015   28082.0   52286.0    3714.3  0.0320  0.3917  145318.5   53667.6  -24855.6
       83.8      67.9   28021.8   52375.4   28014.5   52292.9   28352.2   52406.9   28157.1   52363.3
   23 2      0  0.0332  0.3920   26332.0   51451.5    2864.4  0.0320  0.3917  145291.3   53334.7  -25705.6
       43.8      25.1   26310.7   51497.3   26310.3   51492.3   26563.4   51616.1   26360.8   51493.1
