groupid:  10132, ntrk:  7
vertex track :          0   3  37    6364432  0.2401  0.3561   98683.3  114407.9     258.5    13   850.6
   38 3      1  0.2407  0.3564   99338.3   34962.6   -2868.0  0.2371  0.3555   96410.9  112036.5  -53858.7
       43.8       7.5   99356.6   35003.1   99358.1   35005.3   99530.2   35132.4   99369.1   34994.7
   39 3      2  0.2342  0.3618   95621.9   32665.5   -3717.2  0.2371  0.3555   96209.5  111734.6  -54707.9
       54.1      17.0   95637.0   32720.2   95627.3   32705.2   95817.0   32821.1   95665.6   32701.7
   40 3      3  0.2392  0.3585   97723.5   32850.5   -6584.6  0.2371  0.3555   95529.7  110715.3  -57575.3
       87.6      33.2   97744.5   32941.9   97697.5   32871.4   97912.8   32969.6   97799.8   32905.0
vertex track :         10   3  37    6364423 -0.1067  0.2471   98667.9  114402.7     258.5     0   729.5
   38 3      1 -0.1172  0.2542   98032.1   35335.1   -2537.3 -0.1082  0.2472   97439.2  112451.6  -53527.9
       27.1       6.6   98014.8   35356.9   98012.8   35361.1   98259.3   35523.5   98026.7   35362.4
   39 3      2 -0.1205  0.2547   98667.6   35816.9   -3361.7 -0.1082  0.2472   97528.4  112247.8  -54352.3
       35.5      16.4   98637.6   35842.0   98642.7   35831.3   98907.5   36002.1   98667.2   35856.0
   40 3      3 -0.1011  0.2566   97105.8   37200.2   -6845.8 -0.1082  0.2472   97905.3  111386.6  -57836.5
       67.1      37.3   97046.6   37249.0   97074.5   37178.0   97375.0   37361.7   97115.9   37276.3
vertex track :         18   3  37    6810340  2.2293 -1.5552  101414.1  111778.7     252.1     0 10001.0
   38 3      1  2.2297 -1.5507   96995.5   37207.8   -2869.0  2.2165 -1.5461   92962.8  115349.8  -53848.1
      373.3      12.4   97309.1   37004.9   97164.3   37105.6   96894.1   37619.2   97294.9   36984.4
   39 3      2  2.2521 -1.5070   91571.5   36398.3   -3720.5  2.2165 -1.5461   91075.6  116666.1  -54699.5
      457.8      16.7   91961.2   36157.6   91673.3   36350.3   91394.0   36847.5   91942.6   36129.8
   40 3      3  2.2374 -1.5462   86893.4   43151.3   -6585.4  2.2165 -1.5461   84725.4  121095.6  -57564.5
      754.3      29.4   87530.6   42746.6   86759.5   43279.5   86468.5   43764.3   87497.2   42698.3
vertex track :         25   3  37    6811207  1.4881 -1.5754   98706.5  114358.0     258.5   211     nan
   38 3      1  1.4810 -1.5098   93506.4   40537.4   -2559.8  1.4818 -1.5666   92999.0  117513.6  -53550.4
        nan       nan      -nan       nan       nan       nan       nan       nan       nan       nan
   39 3      2  1.5904 -1.6834   92832.0   42415.7   -3384.9  1.4818 -1.5666   91776.5  118806.1  -54375.4
        nan       nan      -nan       nan       nan       nan       nan       nan       nan       nan
   40 3      3  1.5463 -1.6408   86542.8   49127.3   -6810.0  1.4818 -1.5666   86700.9  124172.1  -57800.6
        nan       nan      -nan       nan       nan       nan       nan       nan       nan       nan
vertex track :         54   3  37    7499815 -2.6396 -3.3193   90979.8  104454.9     247.3     0  8755.7
   38 3      1 -2.6439 -3.3112   98944.7   34363.3   -2867.2 -2.6003 -3.2891   97640.4  113510.6  -53849.3
      786.7      18.3   98468.1   33737.1   98894.7   34271.3   99628.6   35196.2   98439.5   33760.0
   39 3      2 -2.5821 -3.3569   97587.4   35084.0   -3717.2 -2.6003 -3.2891   99850.5  116306.2  -54699.2
      982.4      26.0   97009.0   34289.5   97664.7   35141.9   98373.2   36085.2   96967.8   34321.2
   40 3      3 -2.6049 -3.3688  109763.4   48310.7   -6585.3 -2.6003 -3.2891  107308.5  125739.7  -57567.3
     1656.0      46.6  108787.3   46972.2  110266.1   48884.8  110946.9   49855.8  108713.6   47029.1
vertex track :         95   3  38    5034685 -0.6420 -0.1666  100835.2  115110.3     257.7   211     nan
   35 3     -2 -0.6449 -0.1476   98322.9   34632.0    6586.5 -0.6467 -0.1576   94614.0  112468.0  -46941.3
        nan       nan      -nan       nan       nan       nan       nan       nan       nan       nan
   36 3     -1 -0.6360 -0.1646   98416.5   33628.5    3718.1 -0.6467 -0.1576   96469.0  112920.1  -49809.7
        nan       nan      -nan       nan       nan       nan       nan       nan       nan       nan
   37 3      0 -0.6428 -0.1631   98786.5   35162.8    2867.7 -0.6467 -0.1576   97018.9  113054.2  -50660.1
        nan       nan      -nan       nan       nan       nan       nan       nan       nan       nan
vertex track :        115   3  38    5720005 -2.0750  1.5848  101327.2  112481.6     254.7   211     nan
   35 3     -2 -1.9001  1.6135   87541.3   43625.0    5809.9 -2.0871  1.6225   87585.5  119854.3  -47707.5
        nan       nan      -nan       nan       nan       nan       nan       nan       nan       nan
   36 3     -1 -2.1735  1.5486   94757.7   42076.7    3374.0 -2.0871  1.6225   92669.5  115902.2  -50143.3
        nan       nan      -nan       nan       nan       nan       nan       nan       nan       nan
   37 3      0 -1.9421  1.5537   97213.8   37322.1    2541.9 -2.0871  1.6225   94406.2  114552.1  -50975.4
        nan       nan      -nan       nan       nan       nan       nan       nan       nan       nan
