groupid:  11955, ntrk: 11
vertex track :          0   3  45    6236976 -0.0715 -0.1787  164011.2  139461.5     415.2    13  1327.1
   46 4      1 -0.0731 -0.1784   43764.7   61834.3   -2869.4 -0.0728 -0.1775  159247.6  139215.0  -69269.9
       22.3       4.4   43760.3   61812.0   43761.9   61815.8   43979.0   62066.4   43752.2   61815.3
   47 4      2 -0.0716 -0.1787   42658.6   59318.3   -3718.5 -0.0728 -0.1775  159309.4  139365.7  -70119.0
       28.0      10.1   42657.6   59288.6   42663.4   59303.1   42869.6   59557.9   42638.8   59296.1
   48 4      3 -0.0712 -0.1784   44538.9   61035.2   -6584.3 -0.0728 -0.1775  159518.1  139874.4  -72984.8
       45.7      19.4   44540.0   60985.5   44558.9   61033.0   44747.7   61294.7   44503.9   60999.9
vertex track :         12   3  45    6260992  1.7488  1.5542  167067.5  142069.5     409.8     0 10001.0
   46 4      1  1.8111  1.5748   43795.7   59405.0   -2683.6  1.7628  1.5197  156637.0  136483.3  -69077.4
      292.6      11.1   44009.2   59605.3   43947.9   59552.1   43793.9   59416.2   44023.7   59588.6
   47 4      2  1.7452  1.5676   42899.8   60084.2   -3511.5  1.7628  1.5197  155177.4  135225.0  -69905.4
      354.6      14.7   43153.8   60332.1   42992.6   60187.4   42857.5   60047.9   43173.4   60310.3
   48 4      3  1.6590  1.6653   35031.4   51017.6   -6310.5  1.7628  1.5197  150243.4  130971.4  -72704.3
      575.6      25.6   35419.5   51443.4   34955.4   50977.6   34855.0   50803.4   35455.8   51407.3
vertex track :         21   3  45    6667847 -1.7682 -2.3207  159714.9  134214.6     408.3   211   183.7
   46 4      1 -1.7886 -2.3117   44035.0   62352.6   -2868.0 -1.7912 -2.2918  160530.4  140984.0  -69265.1
      776.2     208.6   43725.0   61611.0   44299.3   62353.4   44553.3   63301.8   43395.0   61866.3
   47 4      2 -1.7692 -2.3203   44329.5   61606.6   -3718.1 -1.7912 -2.2918  162053.1  142932.4  -70115.2
     1637.9     502.4   43735.9   59999.5   45350.6   62117.2   45131.3   63421.4   42936.8   60608.8
   48 4      3 -1.7623 -2.3339   51010.6   69391.0   -6590.1 -1.7912 -2.2918  167197.3  149514.5  -72987.2
     3122.8     972.7   49905.0   66312.8   53298.5   70806.8   52324.4   72676.9   48352.5   67485.1
vertex track :         51   3  45    6867915  1.4949 -5.4254  168238.0  124073.0     386.1  2212   701.9
   46 4      1  1.5760 -5.2232   45770.0   61520.3   -2687.9  1.4621 -5.4491  158611.9  140046.8  -69078.1
     1640.5     177.6   46413.9   60001.1   45797.1   62045.3   45337.6   63244.4   46073.8   59898.4
   47 4      2  1.5822 -5.3080   45037.4   67962.4   -3530.9  1.4621 -5.4491  157379.4  144640.3  -69921.1
     2974.1     436.3   46305.1   65236.8   44938.2   69822.5   43981.2   70892.6   45468.8   64987.5
   48 4      3  1.6964 -5.7618   37574.5   79188.3   -6402.3  1.4621 -5.4491  153181.2  160286.5  -72792.4
     5659.3     863.7   40001.4   74003.4   37160.8   83651.1   35359.2   84577.4   38344.3   73515.5
vertex track :         90   3  45    7153506  0.4885  4.4039  164755.9  146800.1     418.4   211   621.6
   46 4      1  0.5268  4.3846   42961.6   56931.7   -2867.5  0.5275  4.3459  158087.7  131625.3  -69264.5
      981.0      92.0   42987.3   57916.7   42863.9   56889.4   43146.4   56161.1   43170.0   57894.7
   47 4      2  0.4874  4.4096   41436.0   50665.4   -3716.1  0.5275  4.3459  157640.1  127937.5  -70113.1
     1478.8     218.0   41381.8   52159.2   41159.2   50145.5   41700.8   49386.0   41815.2   52111.3
   48 4      3  0.4917  4.4096   41807.9   39693.6   -6586.9  0.5275  4.3459  156125.8  115461.4  -72983.9
     2643.7     421.1   41682.4   42367.6   41199.7   38038.9   42144.0   37234.0   42519.4   42274.3
vertex track :         93   3  46    7546059 -1.9750  1.8227  168008.4  134718.0     391.1   211     nan
   43 4     -2 -1.9556  1.7987   33495.3   67804.3    6581.3 -1.9733  1.8267  151487.2  145625.3  -62491.6
        nan       nan      -nan       nan       nan       nan       nan       nan       nan       nan
   44 4     -1 -1.8298  1.8422   39864.4   61224.2    3717.3 -1.9733  1.8267  157138.9  140393.6  -65355.7
        nan       nan      -nan       nan       nan       nan       nan       nan       nan       nan
   45 4      0 -1.9795  1.8183   43497.7   60988.5    2870.0 -1.9733  1.8267  158810.7  138846.0  -66202.9
        nan       nan      -nan       nan       nan       nan       nan       nan       nan       nan
vertex track :         97   3  46    7547243 -0.3977  0.3041  164477.2  138120.9     403.6   211     nan
   43 4     -2 -0.4126  0.2775   47176.0   60455.1    6250.4 -0.3963  0.3063  157864.8  139506.1  -62839.4
        nan       nan      -nan       nan       nan       nan       nan       nan       nan       nan
   44 4     -1 -0.4044  0.3193   43853.1   61794.8    3489.3 -0.3963  0.3063  158959.1  138660.5  -65600.6
        nan       nan      -nan       nan       nan       nan       nan       nan       nan       nan
   45 4      0 -0.4008  0.3236   41857.6   60546.6    2672.3 -0.3963  0.3063  159282.9  138410.3  -66417.6
        nan       nan      -nan       nan       nan       nan       nan       nan       nan       nan
vertex track :         98   3  46    7547554  0.9619  0.7421  161368.6  137657.9     403.8   211     nan
   43 4     -2  0.9661  0.7182   45204.5   63990.3    6590.1  0.9678  0.7339  163056.9  141815.3  -62497.1
        nan       nan      -nan       nan       nan       nan       nan       nan       nan       nan
   44 4     -1  0.9542  0.7368   43485.8   60373.8    3717.4  0.9678  0.7339  160276.8  139707.0  -65369.8
        nan       nan      -nan       nan       nan       nan       nan       nan       nan       nan
   45 4      0  0.9622  0.7455   44706.3   61050.2    2866.6  0.9678  0.7339  159453.4  139082.6  -66220.6
        nan       nan      -nan       nan       nan       nan       nan       nan       nan       nan
vertex track :        103   3  46    7578335  1.2773 -0.0097  162785.5  139420.0     407.3   211     nan
   43 4     -2  1.2603 -0.0508   56627.1   59575.0    6321.7  1.2796 -0.0154  166062.2  138923.4  -62773.3
        nan       nan      -nan       nan       nan       nan       nan       nan       nan       nan
   44 4     -1  1.2339 -0.0102   48316.5   61891.1    3495.1  1.2796 -0.0154  162445.3  138967.1  -65600.0
        nan       nan      -nan       nan       nan       nan       nan       nan       nan       nan
   45 4      0  1.2399 -0.0457   44953.2   60865.6    2676.4  1.2796 -0.0154  161397.7  138979.7  -66418.7
        nan       nan      -nan       nan       nan       nan       nan       nan       nan       nan
vertex track :        122   3  46    8014965  1.7477  1.9451  161449.9  137372.2     403.8     0  4213.2
   43 4     -2  1.7912  1.9488   50276.8   71261.3    6586.9  1.7652  1.9306  168064.3  148928.3  -62499.8
      644.6      34.1   50687.9   71759.0   50191.6   71219.0   50077.5   70975.6   50738.1   71712.8
   44 4     -1  1.6817  1.9583   46279.7   64329.5    3717.8  1.7652  1.9306  162999.8  143389.2  -65369.0
      369.6      17.1   46507.5   64621.0   46379.1   64471.5   46263.6   64250.0   46533.4   64598.8
   45 4      0  1.7411  1.9398   46905.4   64015.0    2866.5  1.7652  1.9306  161497.2  141745.7  -66220.2
      293.3      10.2   47093.6   64240.1   47067.5   64211.0   46928.8   64001.9   47108.9   64226.4
vertex track :        167   3  46    8737505  0.4250  4.0404  162822.3  135079.4     397.7     0   773.2
   43 4     -2  0.4648  3.6386   51033.4   81854.4    6309.6  0.4445  4.0412  161142.7  158599.1  -62767.4
     1668.9     243.8   51003.0   83540.7   50677.7   80993.9   51274.2   80381.7   51486.7   83478.9
   44 4     -1  0.3381  3.7832   45172.1   72692.5    3507.7  0.4445  4.0412  159897.2  147276.1  -65569.3
      863.4     112.0   45137.4   73562.4   45054.6   72636.9   45417.2   72036.3   45360.5   73542.5
   45 4      0  0.5495  3.8258   42672.3   68083.5    2701.0  0.4445  4.0412  159538.7  144016.2  -66375.9
      587.7      41.5   42714.8   68671.1   42663.0   68311.0   42840.4   67709.6   42797.0   68659.3
