groupid:  11741, ntrk:  9
vertex track :          0   3  41     712027  0.0967 -0.0479  116217.2   53873.0     217.4    13   631.9
   42 1      1  0.0970 -0.0473  110083.4   52735.3   -2867.4  0.0984 -0.0457  108329.4   53873.8  -61424.9
       16.4       7.9  110101.7   52735.2  110092.5   52739.6  110275.3   52945.3  110094.7   52721.0
   43 1      2  0.0964 -0.0477  109016.7   55087.1   -3715.6  0.0984 -0.0457  108245.9   53912.6  -62273.1
       26.4      19.5  109049.0   55092.9  109021.9   55106.2  109194.5   55291.2  109031.7   55057.9
   44 1      3  0.0970 -0.0466  111585.6   53606.9   -6584.0  0.0984 -0.0457  107963.7   54043.8  -65141.4
       48.5      38.6  111646.0   53620.6  111579.0   53652.9  111735.2   53803.0  111612.6   53551.1
vertex track :         56   3  41    2218450 -4.4690  3.4814  104268.3   62803.2     224.5     0 10001.0
   42 1      1 -4.5751  3.5775  122638.2   54757.8   -2932.3 -4.3841  3.5272  110604.6   51709.8  -61478.5
     1344.5      24.1  121564.2   55567.0  122721.7   54662.0  123917.5   54162.2  121593.9   55604.9
   43 2      2 -4.3840  3.3477    7848.6   49015.6   -3730.9 -4.3841  3.5272  114105.8   48892.9  -62277.2
     1667.3      33.8    6502.9   50000.6    8232.5   48679.8    9399.8   48244.0    6544.0   50054.3
   44 2      3 -4.8139  2.9216   17740.7   40434.7   -6711.2 -4.3841  3.5272  127171.5   38380.8  -65257.4
     2884.0      61.9   15243.1   41878.1   19163.2   39499.0   20443.5   39204.2   15307.3   41983.9
vertex track :        115   3  41    2677528 -2.0264  4.1340  112590.9   60606.0     228.3     0  3258.5
   42 1      1 -2.0532  4.1307  112686.6   47281.5   -2870.3 -1.9901  4.2211  111187.0   47509.6  -61443.8
      908.8      24.8  112259.9   48084.2  112637.7   47324.1  113321.3   46692.9  112304.3   48106.3
   43 1      2 -2.0097  4.1328  113271.8   46326.5   -3718.8 -1.9901  4.2211  112875.6   43928.1  -62292.3
     1148.6      46.9  112727.2   47338.8  113309.8   46140.9  114024.3   45528.2  112811.7   47379.9
   44 1      3 -2.0477  4.1136  122308.1   32561.6   -6584.8 -1.9901  4.2211  118579.1   31830.4  -65158.3
     1952.6      89.8  121357.7   34269.6  122667.9   31637.5  123466.6   31067.7  121518.4   34349.6
vertex track :        128   3  42     275722  0.5888  1.1974  108982.2   49746.5     192.2   211     nan
   39 1     -2  0.5987  1.1807  112069.2   60501.0    6597.0  0.6077  1.2299  111055.8   58722.0  -54856.9
        nan       nan      -nan       nan       nan       nan       nan       nan       nan       nan
   40 1     -1  0.5834  1.2114  112404.0   56098.4    3710.3  0.6077  1.2299  109301.5   55171.7  -57743.7
        nan       nan      -nan       nan       nan       nan       nan       nan       nan       nan
   41 1      0  0.5677  1.2257  116529.4   54558.6    2872.9  0.6077  1.2299  108792.6   54141.8  -58581.0
        nan       nan      -nan       nan       nan       nan       nan       nan       nan       nan
vertex track :        165   3  42     904002  0.9612  0.7527  107529.2   50500.7     196.1     0  1558.6
   39 1     -2  1.0029  0.9525  114934.2   53752.4    7436.6  0.9732  0.7683  112775.5   57188.3  -54023.6
      245.4      37.1  115086.5   53948.3  114941.3   53810.3  114992.8   53767.4  115137.7   53894.4
   40 1     -1  0.9787  0.6068  109660.4   52241.3    3829.4  0.9732  0.7683  109264.9   54416.8  -57630.8
      137.8      16.5  109768.9   52327.9  109740.1   52310.1  109763.0   52365.2  109786.3   52299.9
   41 1      0  0.9664  0.7409  104907.4   50556.5    2920.2  0.9732  0.7683  108380.0   53718.2  -58540.0
      113.2       8.1  104992.3   50631.9  105015.6   50649.7  105033.5   50692.0  105002.2   50618.9
vertex track :        183   3  42     959746 -0.7855 -0.6935  110013.3   52815.0     191.8     0  3228.3
   39 1     -2 -0.7834 -0.6963  102981.1   49560.4    6565.1 -0.7893 -0.6954  103242.7   49523.5  -54910.4
      179.6      17.8  102858.7   49427.8  102962.7   49520.2  103312.8   49902.3  102835.1   49454.4
   40 1     -1 -0.7780 -0.6936  108200.9   51928.9    3719.6 -0.7893 -0.6954  105488.4   51502.2  -57755.9
      112.2       9.3  108123.3   51847.3  108127.5   51851.0  108487.7   52219.8  108110.9   51861.1
   41 1      0 -0.8037 -0.6994  113523.1   52092.4    2867.8 -0.7893 -0.6954  106160.8   52094.5  -58607.7
       94.3       5.9  113455.9   52026.1  113429.4   52003.0  113799.6   52368.1  113448.1   52035.0
vertex track :        218   3  42    2437260  1.6551  1.4513  108548.0   51162.3     195.9     0 10001.0
   39 1     -2  1.7357  1.3307  120680.5   59055.4    7529.8  1.6861  1.4859  119115.6   63186.6  -53936.1
      566.2      26.7  121113.5   59421.1  120579.4   59011.5  120459.1   58901.0  121146.1   59378.6
   40 1     -1  1.6194  1.4436  113364.9   55348.1    3790.0  1.6861  1.4859  112810.0   57629.6  -57675.9
      300.3      12.8  113580.5   55557.5  113472.2   55461.0  113360.9   55350.1  113597.6   55538.4
   41 1      0  1.8157  1.5196  107806.4   53429.7    2927.0  1.6861  1.4859  111354.9   56347.3  -58538.9
      243.7       9.3  107987.3   53593.3  107994.8   53599.5  107837.3   53477.6  107999.3   53579.0
vertex track :        229   3  42    2473994 -0.7849 -1.2814  112203.6   55796.0     198.7   211     nan
   39 1     -2 -0.7811 -1.2828  105136.9   48168.1    6594.3 -0.7878 -1.2867  105450.6   48757.6  -54907.6
        nan       nan      -nan       nan       nan       nan       nan       nan       nan       nan
   40 1     -1 -0.7704 -1.2254  110368.7   52696.6    3713.8 -0.7878 -1.2867  107719.9   52464.0  -57788.2
        nan       nan      -nan       nan       nan       nan       nan       nan       nan       nan
   41 1      0 -0.7989 -1.2440  115790.4   53307.5    2867.9 -0.7878 -1.2867  108386.3   53552.4  -58634.1
        nan       nan      -nan       nan       nan       nan       nan       nan       nan       nan
vertex track :        240   3  42    2475574  4.5926 -2.9766  109026.4   53456.4     194.8     0 10001.0
   39 2     -2  6.9060 -4.0013   21326.2   29954.0    7306.1  4.4795 -3.0300  139110.0   33071.6  -54174.1
     2769.0      61.2   23752.8   28618.7   20411.3   30554.8   19116.6   31495.2   23691.5   28512.9
   40 1     -1  4.6084 -2.7274  124791.5   41315.6    3766.5  4.4795 -3.0300  123254.7   43796.5  -57713.7
     1418.6      29.4  126027.3   40618.4  124553.5   41490.6  123770.4   42220.1  125997.4   40567.8
   41 1      0  4.3995 -2.9838  116608.1   42955.3    2866.8  4.4795 -3.0300  119224.6   46522.6  -58613.4
     1082.0      19.6  117514.6   42364.2  116647.5   42952.3  115916.0   43753.4  117492.6   42331.8
