groupid:   1127, ntrk: 11
vertex track :          0   3  69   10596885 -0.0070 -0.3354  128750.6  201658.2     313.6    13  2131.2
   70 6      1 -0.0107 -0.3353   11579.1   42089.8   -2868.1 -0.0052 -0.3377  124957.0  201157.9 -113157.0
       34.9       3.8   11581.7   42054.9   11581.7   42054.1   11786.4   42334.5   11574.2   42055.1
   71 6      2 -0.0059 -0.3358    7215.1   42208.5   -3716.8 -0.0052 -0.3377  124961.4  201444.5 -114005.7
       41.7       7.2    7221.6   42166.7    7221.8   42179.6    7418.6   42460.0    7207.2   42167.0
   72 6      3 -0.0092 -0.3356    5442.1   41270.7   -6578.1 -0.0052 -0.3377  124976.2  202410.7 -116867.0
       65.9      13.7    5454.0   41204.5    5455.7   41265.7    5640.3   41546.6    5426.7   41205.2
vertex track :          3   3  69    9523262 -1.0307 -0.6214  128399.9  201550.2     313.6   211     nan
   70 6      1 -1.0611 -0.6888   13682.4   42488.5   -3040.8 -1.0374 -0.6259  128066.8  202074.1 -113329.6
        nan       nan      -nan       nan       nan       nan       nan       nan       nan       nan
   71 6      2 -1.0042 -0.5181   14626.0   48677.8   -3856.7 -1.0374 -0.6259  128913.2  202584.7 -114145.5
        nan       nan      -nan       nan       nan       nan       nan       nan       nan       nan
   72 6      3 -0.8546 -0.6966   14850.8   47604.5   -6958.8 -1.0374 -0.6259  132131.4  204526.3 -117247.6
        nan       nan      -nan       nan       nan       nan       nan       nan       nan       nan
vertex track :         65   3  69   11710393  1.7911 -1.7435  134332.0  197558.2     435.9   211     nan
   70 6      1  1.7708 -1.7609   11680.7   42249.3   -2868.8  1.8172 -1.7576  124598.2  201750.6 -113276.8
        nan       nan      -nan       nan       nan       nan       nan       nan       nan       nan
   71 6      2  1.7976 -1.7365    5885.9   43517.1   -3718.6  1.8172 -1.7576  123054.0  203244.2 -114126.6
        nan       nan      -nan       nan       nan       nan       nan       nan       nan       nan
   72 5      3  1.7776 -1.7547  120878.1   46797.2   -6586.0  1.8172 -1.7576  117843.1  208284.1 -116994.0
        nan       nan      -nan       nan       nan       nan       nan       nan       nan       nan
vertex track :         91   3  69   12607800  3.5039  2.7533  139983.1  211212.8     448.3     0  9994.8
   70 6      1  2.9943  3.8410   12472.7   42509.1   -3049.6  3.5337  2.7861  123877.3  199981.0 -113481.4
      954.5      21.4   13042.7   43275.0   12497.8   42576.0   12115.7   41957.0   13076.4   43248.7
   71 6      2  3.3971  2.9209    8943.6   45805.9   -3842.9  3.5337  2.7861  121074.0  197770.8 -114274.7
     1156.7      28.7    9801.9   46581.8    8761.2   45687.0    8298.6   45243.0    9839.3   46538.3
   72 5      3  2.9883  2.7478  118751.3   34900.1   -6905.6  3.5337  2.7861  110251.1  189237.7 -117337.4
     1947.9      50.9  120150.8   36256.1  117910.5   34196.2  117564.9   33756.9  120219.7   36181.1
vertex track :        136   3  70   10170018 -1.4366 -2.0011  131137.3  202714.8     316.5   211     nan
   67 5     -2 -1.3832 -2.0404  120250.1   33098.2    6589.9 -1.4061 -2.0342  116898.4  189231.9 -106761.0
        nan       nan      -nan       nan       nan       nan       nan       nan       nan       nan
   68 6     -1 -1.4253 -2.0616    5289.6   33659.3    3713.2 -1.4061 -2.0342  120943.5  195083.6 -109637.7
        nan       nan      -nan       nan       nan       nan       nan       nan       nan       nan
   69 6      0 -1.4260 -2.0151    7465.1   36701.8    2873.1 -1.4061 -2.0342  122124.9  196792.7 -110477.8
        nan       nan      -nan       nan       nan       nan       nan       nan       nan       nan
vertex track :        153   3  70   10603709  4.0706 -1.0503  119101.4  204264.5     315.2     0  3906.6
   67 6     -2  3.9709 -1.6439   25499.3   43918.5    6194.0  4.0190 -1.0057  137359.6  197113.2 -107167.5
     1420.7      59.0   26834.6   43429.7   25043.2   44171.2   24378.1   44615.7   26789.4   43320.5
   68 6     -1  3.9379 -0.4769   12033.8   44368.8    3952.3  4.0190 -1.0057  128350.2  199367.6 -109409.2
      899.0      33.7   12930.3   44294.2   11972.4   44410.2   11351.3   44652.9   12922.2   44227.2
   69 6      0  4.3210 -0.4924   11937.0   41809.1    3055.7  4.0190 -1.0057  124746.6  200269.3 -110305.8
      693.2      18.3   12627.8   41748.8   12157.8   41802.4   11460.5   42078.8   12623.7   41712.4
vertex track :        158   3  70   11031017 -0.7745  0.7676  131394.9  200437.2     314.6   211   119.5
   67 5     -2 -0.7790  0.7494  124455.3   48032.0    6610.4 -0.7956  0.7637  121016.8  204505.3 -106738.3
      806.5     530.8  123506.1   48208.6  124505.0   47247.7  125613.7   48066.2  124242.0   48973.6
   68 6     -1 -0.7947  0.7664    8052.4   42398.2    3725.4 -0.7956  0.7637  123312.0  202302.0 -109623.3
      387.7     250.5    7599.4   42487.0    7990.7   42109.6    8714.7   42520.1    7947.3   42847.6
   69 6      0 -0.7472  0.7630    9675.4   42919.9    2870.0 -0.7956  0.7637  123992.5  201648.7 -110478.7
      167.1      92.6    9492.3   42974.5    9569.2   42895.9   10067.7   43076.1    9624.6   43104.1
vertex track :        164   3  70   11038914 -4.3986 -3.8989  131001.9  202326.8     316.5   211     nan
   67 5     -2 -4.1383 -4.1624  101484.5   23483.8    6211.5 -4.3289 -3.9643  100071.6  178230.4 -107139.0
        nan       nan      -nan       nan       nan       nan       nan       nan       nan       nan
   68 5     -1 -3.9055 -3.3698  111538.0   32580.7    3896.0 -4.3289 -3.9643  110095.1  187409.4 -109454.5
        nan       nan      -nan       nan       nan       nan       nan       nan       nan       nan
   69 5      0 -4.4078 -3.5172  117727.8   32745.6    3044.5 -4.3289 -3.9643  113781.2  190785.1 -110306.0
        nan       nan      -nan       nan       nan       nan       nan       nan       nan       nan
vertex track :        177   3  70   11066449  3.9386 -3.8694  120622.6  210453.4     325.6     0  5808.8
   67 6     -2  3.9580 -3.8436   22916.7   29944.6    6552.1  3.9251 -3.7762  139562.0  185648.6 -106827.2
     2482.0      68.8   24745.2   28264.8   22015.3   30915.8   21302.2   31830.5   24649.4   28166.1
   68 6     -1  3.8845 -3.9566   15939.0   34294.1    3718.3  3.9251 -3.7762  128439.0  196349.5 -109661.0
     1378.4      34.7   16929.4   33334.9   15813.9   34471.1   15162.5   35459.4   16879.9   33286.2
   69 6      0  3.9534 -3.9230   13402.6   38783.3    2872.6  3.9251 -3.7762  125119.5  199543.1 -110506.7
     1053.7      20.3   14164.8   38055.6   13499.2   38716.1   12854.3   39717.2   14136.2   38026.8
vertex track :        197   3  70   11492024 -0.2848  1.0137  130820.8  199396.2     444.3   211     nan
   67 6     -2 -0.3095  0.9850    8778.5   52717.5    6343.4 -0.3063  1.0198  123658.9  204653.7 -107133.6
        nan       nan      -nan       nan       nan       nan       nan       nan       nan       nan
   68 6     -1 -0.4267  1.1447    7577.9   46823.8    3932.4 -0.3063  1.0198  124397.4  202195.1 -109544.6
        nan       nan      -nan       nan       nan       nan       nan       nan       nan       nan
   69 6      0 -0.2448  0.9701   11053.5   42887.3    3063.9 -0.3063  1.0198  124663.5  201309.4 -110413.1
        nan       nan      -nan       nan       nan       nan       nan       nan       nan       nan
vertex track :        215   3  70   12192312 -1.1407 -0.3993  133376.4  202077.1     445.0   211     nan
   67 5     -2 -1.1315 -0.4082  124270.5   42332.9    6585.3 -1.1410 -0.4180  120989.5  198814.3 -106897.6
        nan       nan      -nan       nan       nan       nan       nan       nan       nan       nan
   68 6     -1 -1.1448 -0.4195    8713.7   39394.7    3720.1 -1.1410 -0.4180  124258.6  200011.9 -109762.7
        nan       nan      -nan       nan       nan       nan       nan       nan       nan       nan
   69 6      0 -1.1494 -0.4149   10565.0   40950.6    2868.8 -1.1410 -0.4180  125230.0  200367.8 -110614.1
        nan       nan      -nan       nan       nan       nan       nan       nan       nan       nan
