groupid:  12160, ntrk: 15
vertex track :          0   3  63    2747941 -0.1205  0.2594  208240.0   84083.9     224.7    13   872.2
   64 2      1 -0.1253  0.2566   88813.9   83999.4   -2868.3 -0.1197  0.2606  205807.2   84436.4 -102833.7
       30.2       6.4   88794.9   84023.7   88795.1   84023.3   89042.8   84185.3   88806.4   84029.3
   65 2      2 -0.1240  0.2578   87252.5   83785.2   -3717.8 -0.1197  0.2606  205908.9   84215.1 -103683.2
       38.4      15.1   87222.3   83813.3   87229.5   83798.2   87492.6   83967.4   87249.5   83826.3
   66 2      3 -0.1220  0.2590   88144.3   82422.6   -6587.3 -0.1197  0.2606  206252.4   83467.2 -106552.7
       63.5      29.7   88090.3   82467.5   88118.9   82406.9   88408.1   82588.1   88144.1   82492.8
vertex track :          6   3  63    2747937 -0.1203 -0.5582  208238.5   83912.8     224.7     0  9997.9
   64 4      1 -0.1366 -0.5597   90543.8    8310.0   -2553.8 -0.1206 -0.5593  205770.3   86625.0 -102519.0
       52.2       3.9   90535.1    8258.4   90531.2    8242.3   90762.2    8571.2   90527.6    8260.2
   65 4      2 -0.1669 -0.5407   88910.0    9578.8   -3389.8 -0.1206 -0.5593  205871.1   87092.6 -103355.0
       61.7       5.2   88896.8    9518.3   88898.2    9522.7   89133.1    9848.8   88886.9    9521.4
   66 4      3 -0.1274 -0.5565   89681.2   10712.0   -6336.6 -0.1206 -0.5593  206226.5   88740.7 -106301.9
       99.3       9.5   89668.3   10613.1   89685.9   10689.8   89904.0   11020.4   89649.8   10617.3
vertex track :         30   3  63    4010189 -0.5109  1.3807  208159.3   84317.9     224.7  2212   620.2
   64 2      1 -0.5360  1.3679   89768.0   81382.4   -2867.7 -0.5093  1.3850  206931.5   81193.9 -102833.2
      167.3      37.2   89672.3   81524.5   89681.8   81500.3   90073.2   81451.6   89741.7   81551.7
   65 2      2 -0.5288  1.3753   88540.5   80225.7   -3717.5 -0.5093  1.3850  207364.2   80017.0 -103683.0
      243.9      90.6   88368.5   80420.8   88432.4   80254.4   88922.1   80242.0   88537.6   80485.9
   66 2      3 -0.5209  1.3832   90588.4   75563.1   -6582.4 -0.5093  1.3850  208823.3   76049.2 -106547.9
      430.4     178.6   90269.6   75903.0   90463.6   75387.8   91116.6   75434.6   90603.8   76028.9
vertex track :         42   3  63    4726938 -2.8470 -4.2711  201784.3   72426.7     226.0   211     nan
   64 4      1 -2.8442 -4.3800   91963.5    7481.1   -2554.7 -2.8278 -4.2637  206782.7   85292.2 -102484.1
        nan       nan      -nan       nan       nan       nan       nan       nan       nan       nan
   65 4      2 -2.9776 -3.6334   92899.4   12082.2   -3391.7 -2.8278 -4.2637  209149.6   88860.9 -103321.1
        nan       nan      -nan       nan       nan       nan       nan       nan       nan       nan
   66 4      3 -2.8729 -4.4291  101123.0   23723.9   -6273.5 -2.8278 -4.2637  217299.0  101148.2 -106203.0
        nan       nan      -nan       nan       nan       nan       nan       nan       nan       nan
vertex track :         44   3  63    4761077  5.0183 -2.2437  217450.0   79130.9     211.7   211     nan
   64 4      1  5.0480 -2.1941   85943.8    7464.4   -2868.0  4.9851 -2.2401  199283.0   87178.1 -102813.8
        nan       nan      -nan       nan       nan       nan       nan       nan       nan       nan
   65 4      2  5.0412 -2.1909   78594.0    8382.6   -3717.4  4.9851 -2.2401  195048.8   89080.7 -103663.2
        nan       nan      -nan       nan       nan       nan       nan       nan       nan       nan
   66 4      3  5.0368 -2.1850   64791.2   15921.4   -6585.3  4.9851 -2.2401  180752.1   95505.1 -106531.1
        nan       nan      -nan       nan       nan       nan       nan       nan       nan       nan
vertex track :         49   3  63    4763424  1.7828 -1.7690  211576.4   80223.6     218.8   211     nan
   64 4      1  1.7462 -1.7837   88275.1    8066.6   -2556.7  1.7658 -1.7729  203862.5   86286.0 -102510.3
        nan       nan      -nan       nan       nan       nan       nan       nan       nan       nan
   65 4      2  2.1975 -1.9670   85184.0   10471.5   -3390.3  1.7658 -1.7729  202390.6   87763.8 -103343.9
        nan       nan      -nan       nan       nan       nan       nan       nan       nan       nan
   66 4      3  1.7050 -1.5659   80486.0   14723.0   -6363.9  1.7658 -1.7729  197139.9   93035.6 -106317.5
        nan       nan      -nan       nan       nan       nan       nan       nan       nan       nan
vertex track :         81   3  63    7000820 -0.7868 -0.6605  208196.4   84013.8     182.5     0 10001.0
   64 4      1 -0.7807 -0.6707   91517.3    8350.4   -2868.0 -0.7871 -0.6638  207794.2   87197.0 -102791.0
       99.7       6.2   91445.7    8280.7   91433.0    8269.8   91798.1    8629.4   91437.6    8290.2
   65 4      2 -0.7865 -0.6680   89027.4    7951.5   -3717.2 -0.7871 -0.6638  208462.6   87760.8 -103640.3
      117.7       8.1   88942.9    7869.1   88957.1    7881.2   89321.0    8243.2   88932.4    7881.5
   66 4      3 -0.7812 -0.6690   92759.6   10923.6   -6584.3 -0.7871 -0.6638  210719.2   89664.0 -106507.3
      184.5      14.3   92628.7   10792.7   92745.0   10892.3   93099.7   11263.8   92610.1   10814.4
vertex track :        110   3  63    7560114  2.3156  3.1924  213159.6   90014.4     180.2     0 10001.0
   64 2      1  2.1864  3.2261   87390.8   81700.6   -2558.4  2.2711  3.1369  204014.9   82405.0 -102428.9
      619.7      14.9   87726.1   82221.9   87489.9   81873.5   87267.6   81392.5   87750.7   82205.2
   65 2      2  1.9349  3.3931   85135.8   80775.9   -3388.2  2.2711  3.1369  202130.3   79802.1 -103258.7
      783.5      21.0   85505.6   81467.0   85135.7   80818.3   84977.8   80298.3   85542.2   81446.2
   66 2      3  2.3118  2.9675   78102.4   69311.8   -6403.6  2.2711  3.1369  195281.9   70342.9 -106274.1
     1398.9      40.0   78930.5   70439.9   77696.6   68856.0   77486.5   68396.6   78993.7   70390.7
vertex track :        126   3  64    4147749  1.4279  0.1378  205960.8   84553.2     226.4   211     nan
   61 4     -2  1.4295  0.1248   98354.6    7312.6    6583.8  1.4276  0.1295  212907.1   85556.9  -95943.7
        nan       nan      -nan       nan       nan       nan       nan       nan       nan       nan
   62 2     -1  1.3865  0.1004   90120.6   83935.0    3715.4  1.4276  0.1295  208812.2   85185.4  -98812.1
        nan       nan      -nan       nan       nan       nan       nan       nan       nan       nan
   63 2      0  1.4296  0.1288   90052.7   83809.7    2867.9  1.4276  0.1295  207602.2   85075.7  -99659.7
        nan       nan      -nan       nan       nan       nan       nan       nan       nan       nan
vertex track :        137   3  64    5250950 -1.0087  0.8854  207929.7   84470.0     223.2   211     nan
   61 4     -2 -1.0274  0.8394   79165.1   10832.0    6546.4 -1.0008  0.8966  199471.6   90306.8  -95976.4
        nan       nan      -nan       nan       nan       nan       nan       nan       nan       nan
   62 4     -1 -1.0447  0.8656   83879.2    9997.5    3383.3 -1.0008  0.8966  202637.2   87470.6  -99139.5
        nan       nan      -nan       nan       nan       nan       nan       nan       nan       nan
   63 4      0 -1.0021  0.9254   85237.4    7896.4    2541.0 -1.0008  0.8966  203480.1   86715.4  -99981.8
        nan       nan      -nan       nan       nan       nan       nan       nan       nan       nan
vertex track :        142   3  64    5337378 -2.0079 -0.2182  210757.4   85141.6     221.6   211   636.2
   61 2     -2 -2.0105 -0.2021   79898.2   83717.7    6589.6 -2.0145 -0.2050  195807.5   83986.8  -95929.8
      517.5     126.0   79395.9   83540.6   80003.4   83601.7   80608.4   84104.7   79370.7   83791.3
   62 2     -1 -1.9646 -0.1855   83222.3   83315.9    3716.3 -2.0145 -0.2050  201595.8   84575.8  -98803.1
      292.0      60.5   82937.3   83228.1   83106.1   83244.1   83715.3   83613.4   82925.9   83348.7
   63 2      0 -2.0085 -0.1989   86121.9   83517.3    2867.5 -2.0145 -0.2050  203305.8   84749.8  -99652.0
      217.6      23.9   85907.7   83472.1   85919.1   83473.2   86544.1   83772.3   85903.0   83519.6
vertex track :        151   3  64    5882896 -3.0616  2.1940  214769.5   79534.3     211.7     0  2909.9
   61 4     -2 -2.7818  2.0651   72124.2   14275.5    6549.9 -3.0472  2.2570  193252.2   93904.6  -95948.2
     1262.3      69.3   71069.4   14972.3   72512.3   13901.1   73386.3   13790.8   71152.0   15083.6
   62 4     -1 -3.2644  1.9138   83065.8    9937.5    3381.7 -3.0472  2.2570  202906.3   86754.1  -99116.4
      658.2      31.0   82482.3   10243.6   82932.4    9979.8   83856.0    9843.3   82513.7   10297.1
   63 2      0 -2.6669  1.9550   85954.3   84593.9    2536.7 -3.0472  2.2570  205481.2   84847.0  -99961.4
      502.2      15.1   85540.3   84878.7   85790.4   84695.4   86575.6   84521.1   85558.1   84903.0
vertex track :        175   3  64    7698391 -1.2269  0.9702  209718.1   83244.2     169.5   211     nan
   61 4     -2 -1.2220  0.9783   84842.7   11474.9    6571.4 -1.2159  0.9946  199787.0   89757.0  -95894.5
        nan       nan      -nan       nan       nan       nan       nan       nan       nan       nan
   62 4     -1 -1.2138  0.9647   85700.9    7981.9    3713.3 -1.2159  0.9946  203262.2   86914.2  -98752.6
        nan       nan      -nan       nan       nan       nan       nan       nan       nan       nan
   63 2      0 -1.2200  0.9778   87062.9   84619.1    2867.8 -1.2159  0.9946  204290.3   86073.2  -99598.1
        nan       nan      -nan       nan       nan       nan       nan       nan       nan       nan
vertex track :        177   3  64    7698812 -1.0129 -0.3810  207795.9   84265.5     171.3   211   191.6
   61 2     -2 -0.9351 -0.4107   78103.2   80371.2    6564.4 -1.0189 -0.3746  199149.7   82038.1  -95906.4
      431.7     264.8   77814.5   79955.2   78408.6   80216.1   78601.0   80996.9   77601.5   80440.2
   62 2     -1 -1.0133 -0.4078   82877.2   82617.1    3385.1 -1.0189 -0.3746  202388.9   83229.2  -99085.7
      201.2     115.0   82733.5   82435.3   82894.0   82499.9   83229.9   83008.5   82647.6   82648.7
   63 2      0 -0.9352 -0.3108   84915.7   81959.4    2544.2 -1.0189 -0.3746  203245.7   83544.2  -99926.5
      109.8      41.4   84824.6   81885.5   84836.6   81889.5   85215.9   82243.0   84798.5   81964.1
vertex track :        185   3  64    8024862 -0.9669  0.6987  209919.5   83333.0     169.5   211     nan
   61 4     -2 -0.9624  0.7053   86698.3    9780.8    6579.2 -0.9588  0.7168  201628.6   88072.4  -95886.7
        nan       nan      -nan       nan       nan       nan       nan       nan       nan       nan
   62 2     -1 -0.9792  0.6951   85872.6   84610.4    3718.4 -0.9588  0.7168  204371.5   86021.8  -98747.5
        nan       nan      -nan       nan       nan       nan       nan       nan       nan       nan
   63 2      0 -0.9601  0.7070   87907.7   84011.6    2869.9 -0.9588  0.7168  205185.0   85413.6  -99596.1
        nan       nan      -nan       nan       nan       nan       nan       nan       nan       nan
