groupid:  12259, ntrk: 10
vertex track :          0   3  83    8586760  0.0749 -0.2713   67400.6  174531.4     152.7    13   758.8
   84 5      1  0.0745 -0.2714   71129.0   21107.6   -2865.4  0.0756 -0.2742   67103.7  175408.2 -139202.7
       29.5       7.0   71143.6   21081.0   71143.6   21080.9   71324.5   21343.9   71130.1   21077.3
   85 5      2  0.0765 -0.2704   72657.3   20135.5   -3722.5  0.0756 -0.2742   67038.9  175643.3 -140059.7
       38.4      16.9   72684.0   20103.2   72679.2   20120.3   72840.6   20377.6   72651.4   20094.0
   86 5      3  0.0761 -0.2697   69770.6   17203.3   -6586.9  0.0756 -0.2742   66822.4  176428.8 -142924.2
       64.5      33.6   69820.4   17150.4   69801.4   17217.9   69930.8   17466.0   69755.7   17132.1
vertex track :         35   3  83    9884560 -2.9341 -3.6517   61599.6  168463.9     157.0   211   581.2
   84 5      1 -2.6434 -3.5362   66648.5   21645.7   -2620.3 -2.9630 -3.7238   69768.0  178804.1 -138982.2
      937.0      85.6   66156.1   20843.9   66723.0   21602.3   67348.3   22653.9   66018.9   20946.4
   85 5      2 -2.4378 -3.3579   64241.6   26591.4   -3451.7 -2.9630 -3.7238   72231.3  181899.8 -139813.5
     1494.4     217.9   63539.9   25254.0   64783.9   26967.6   65150.8   28135.4   63187.3   25510.1
   86 5      3 -3.1185 -3.5737   78383.1   33489.3   -6582.2 -2.9630 -3.7238   81507.1  193557.3 -142944.0
     2971.6     468.6   76782.3   30942.3   80035.0   34669.7   80190.7   36242.8   76076.3   31558.5
vertex track :         55   3  83   10034178  1.5962 -4.0600   69921.9  168276.4     148.0   211   562.8
   84 5      1  1.5802 -4.0652   69665.9   24792.3   -2866.3  1.6320 -4.1023   64958.8  180709.1 -139217.7
      892.3      88.8   70072.0   23992.8   69757.2   24802.5   69471.5   25797.7   69906.4   23928.5
   85 5      2  1.6331 -4.0513   69898.6   26966.4   -3720.7  1.6320 -4.1023   63564.4  184214.2 -140072.1
     1404.2     219.5   70627.1   25746.1   69920.1   27500.1   69381.6   28392.7   70220.0   25582.0
   86 5      3  1.6059 -4.0717   62250.9   35684.6   -6586.7  1.6320 -4.1023   58887.0  195971.6 -142938.1
     2593.6     436.4   63608.4   33432.0   62042.5   37402.3   61105.0   38143.1   62796.6   33111.8
vertex track :         58   3  83   10034742  0.0368 -3.5005   67270.9  167900.5     149.3     0  1413.2
   84 5      1  0.0503 -3.8664   63863.2   20876.6   -2601.3  0.0477 -3.5467   67090.8  177696.0 -138956.1
      514.9      25.4   63895.3   20362.0   63892.4   20579.9   64041.1   21597.3   63844.5   20361.4
   85 5      2 -0.1983 -3.1122   58989.1   25170.2   -3418.6  0.0477 -3.5467   67051.8  180594.6 -139773.4
      668.9      58.8   59005.2   24498.9   59048.6   25180.5   59182.7   26048.4   58887.9   24506.4
   86 5      3  0.3638 -3.3970   64796.3   31983.0   -6537.8  0.0477 -3.5467   66902.9  191657.4 -142892.6
     1228.6     125.7   65052.1   30774.8   64866.8   32504.7   64750.9   33397.9   64802.1   30748.0
vertex track :         75   3  83   10094935  0.8600  1.0225   69403.9  177788.9     150.8  2212   427.8
   84 5      1  0.8755  1.0220   71072.3   20975.1   -2867.8  0.8555  1.0255   66747.4  174766.5 -139192.1
      170.4      63.4   71135.0   21145.8   71097.1   21101.6   71220.4   21015.4   71231.3   21063.3
   85 5      2  0.8628  1.0205   71984.6   19076.1   -3718.2  0.8555  1.0255   66020.0  173894.4 -140042.5
      307.3     157.7   72062.6   19412.6   71847.0   19157.6   72117.5   18950.6   72303.5   19209.0
   86 5      3  0.8487  1.0170   66702.0   12070.2   -6585.4  0.8555  1.0255   63567.0  170954.1 -142909.7
      580.9     313.8   66833.2   12717.2   66267.1   12038.8   66781.5   11634.2   67315.0   12315.2
vertex track :        117   3  84   12487916  1.3746 -0.0933   69576.4  176568.7     295.2     0   952.4
   81 5     -2  1.3908 -0.0670   74607.0   14451.4    6589.3  1.3885 -0.0932   74653.6  174550.2 -132513.6
      263.8      54.7   74873.2   14493.3   74638.2   14504.6   74552.3   14619.5   74867.9   14384.1
   82 5     -1  1.3639 -0.0353   73015.3   19466.4    3716.7  1.3885 -0.0932   70665.2  174817.9 -135386.2
      157.5      26.2   73173.4   19488.6   73144.9   19489.3   73068.5   19654.3   73172.1   19436.2
   83 5      0  1.3471 -0.0813   69512.6   19217.7    2863.2  1.3885 -0.0932   69480.2  174897.5 -136239.6
      127.3      11.1   69640.3   19221.1   69669.1   19219.4   69596.2   19424.2   69638.9   19198.9
vertex track :        120   3  84   12539796 -1.8530 -1.5739   75608.5  179978.0     299.9   211     nan
   81 5     -2 -1.9718 -1.9302   64290.9   12029.9    6777.7 -1.8367 -1.5824   60056.8  168350.8 -132354.4
        nan       nan      -nan       nan       nan       nan       nan       nan       nan       nan
   82 5     -1 -1.9167 -1.4645   68863.4   20850.2    3470.5 -1.8367 -1.5824   66131.1  173583.9 -135661.5
        nan       nan      -nan       nan       nan       nan       nan       nan       nan       nan
   83 5      0 -2.1331 -1.6134   73648.2   21212.3    2638.4 -1.8367 -1.5824   67659.4  174900.6 -136493.7
        nan       nan      -nan       nan       nan       nan       nan       nan       nan       nan
vertex track :        122   3  84   12542959  1.7991 -0.9690   67509.5  178035.8     298.7   211     nan
   81 5     -2  1.7976 -0.9969   75444.3    9905.2    6594.4  1.8209 -0.9807   75306.9  170436.5 -132503.1
        nan       nan      -nan       nan       nan       nan       nan       nan       nan       nan
   82 5     -1  1.7984 -0.9292   72457.9   17848.4    3719.5  1.8209 -0.9807   70071.8  173256.0 -135378.0
        nan       nan      -nan       nan       nan       nan       nan       nan       nan       nan
   83 5      0  1.7943 -0.9596   68558.3   18356.2    2868.3  1.8209 -0.9807   68521.9  174090.7 -136229.2
        nan       nan      -nan       nan       nan       nan       nan       nan       nan       nan
vertex track :        125   3  84   12544336  1.0685 -0.3908   69990.0  176826.8     294.9   211     nan
   81 5     -2  1.1211 -0.2953   77619.5   16338.5    6843.1  1.0794 -0.3940   73396.8  172816.8 -132261.1
        nan       nan      -nan       nan       nan       nan       nan       nan       nan       nan
   82 5     -1  1.0092 -0.4583   74130.7   21895.7    3472.1  1.0794 -0.3940   69757.9  174145.0 -135632.1
        nan       nan      -nan       nan       nan       nan       nan       nan       nan       nan
   83 5      0  0.9313 -0.3953   76593.3   21370.7    2646.9  1.0794 -0.3940   68867.2  174470.2 -136457.4
        nan       nan      -nan       nan       nan       nan       nan       nan       nan       nan
vertex track :        128   3  84   13413251  1.0276  4.0787   68933.6  169379.2     284.5     0   799.7
   81 5     -2  1.0506  4.0676   71604.5   35960.3    6585.5  1.0280  4.1087   71764.1  193810.9 -132505.5
     1888.5     266.5   71818.7   37855.5   71094.8   35052.6   71601.3   34279.2   72334.8   37722.2
   82 5     -1  0.9717  4.0274   71153.5   26798.1    3717.3  1.0280  4.1087   68815.6  182026.5 -135373.6
     1005.2     126.9   71265.9   27805.1   70998.4   26696.5   71252.1   26005.2   71512.7   27745.5
   83 5      0  1.0666  4.1250   67888.4   23021.9    2865.4  1.0280  4.1087   67939.8  178526.3 -136225.5
      687.8      48.8   68013.4   23700.1   67893.0   23234.5   67974.6   22557.9   68107.9   23675.7
