groupid:  12288, ntrk: 13
vertex track :          0   3  49   13022557 -0.2173 -0.1830  191739.8  193507.4     175.5    13  1301.2
   50 6      1 -0.2170 -0.1839   73824.3   41140.1   -2867.6 -0.2175 -0.1838  189867.7  195689.3  -76248.0
       29.4       4.5   73804.8   41117.7   73804.1   41117.0   74053.6   41372.3   73799.0   41124.5
   51 6      2 -0.2163 -0.1841   74059.9   37348.3   -3718.1 -0.2175 -0.1838  190052.7  195845.6  -77098.5
       36.1      10.1   74039.0   37317.2   74048.5   37325.3   74290.6   37589.2   74025.8   37332.6
   52 6      3 -0.2169 -0.1833   72572.0   40915.6   -6580.8 -0.2175 -0.1838  190675.3  196371.7  -79961.2
       58.6      20.0   72540.1   40862.5   72584.0   40899.7   72813.6   41178.5   72514.4   40893.0
vertex track :         25   3  49   12980899  1.8450 -1.9496  196738.6  189183.4     166.9   211     nan
   50 6      1  1.8176 -1.9559   73508.0   36869.9   -2956.8  1.8449 -1.9438  188461.0  196873.7  -76318.0
        nan       nan      -nan       nan       nan       nan       nan       nan       nan       nan
   51 6      2  1.5968 -1.6194   70215.5   39299.5   -3755.3  1.8449 -1.9438  186987.9  198425.7  -77116.5
        nan       nan      -nan       nan       nan       nan       nan       nan       nan       nan
   52 6      3  1.4382 -2.0569   63518.7   46754.1   -6612.3  1.8449 -1.9438  181716.8  203979.2  -79973.5
        nan       nan      -nan       nan       nan       nan       nan       nan       nan       nan
vertex track :         58   3  49   13464403  4.2354 -0.3834  203814.4  192913.7     161.5     0 10001.0
   50 6      1  4.2382 -0.3872   72760.4   41135.2   -2868.1  4.2070 -0.3677  188528.4  195688.5  -76217.5
      771.2      17.7   73530.0   41082.6   72884.0   41141.6   72205.0   41397.4   73526.8   41047.4
   51 6      2  4.2338 -0.3767   69428.6   37492.4   -3721.8  4.2070 -0.3677  184937.0  196002.4  -77071.2
      968.1      24.7   70395.0   37431.2   69355.6   37523.7   68676.3   37763.2   70390.6   37382.0
   52 6      3  4.2424 -0.3458   55244.2   41535.8   -6582.8  4.2070 -0.3677  172900.8  197054.2  -79932.2
     1642.5      44.3   56884.9   41446.5   54501.6   41640.8   53817.7   41834.7   56877.7   41358.2
vertex track :         84   3  49   13535059  3.5053  4.1276  202281.7  206590.1     167.7   211     nan
   50 6      1  3.5061  4.5274   74254.5   36900.8   -2962.6  3.4747  4.1559  188791.5  195304.0  -76332.3
        nan       nan      -nan       nan       nan       nan       nan       nan       nan       nan
   51 6      2  2.3476  5.0748   69898.7   34077.8   -3762.5  3.4747  4.1559  186012.1  191979.8  -77132.2
        nan       nan      -nan       nan       nan       nan       nan       nan       nan       nan
   52 6      3  3.5541  3.9018   58167.1   24137.5   -6662.3  3.4747  4.1559  175936.3  179928.6  -80032.0
        nan       nan      -nan       nan       nan       nan       nan       nan       nan       nan
vertex track :        135   3  50   12103409 -2.3583  2.2856  196400.3  191287.6     387.3   211     nan
   47 6     -2 -2.4199  2.2548   61460.7   43815.6    6589.6 -2.3578  2.2726  179397.7  204678.1  -69983.8
        nan       nan      -nan       nan       nan       nan       nan       nan       nan       nan
   48 6     -1 -2.3343  2.3024   70338.4   39762.9    3711.7 -2.3578  2.2726  186183.3  198137.8  -72861.7
        nan       nan      -nan       nan       nan       nan       nan       nan       nan       nan
   49 6      0 -2.3680  2.2460   69712.3   40698.2    2863.4 -2.3578  2.2726  188183.4  196210.0  -73710.0
        nan       nan      -nan       nan       nan       nan       nan       nan       nan       nan
vertex track :        137   3  50   12105315 -1.8624  1.8878  196776.3  190585.4     388.3   211   664.7
   47 6     -2 -1.4098  1.8888   63104.9   46577.3    6686.3 -1.8642  1.8795  182661.8  201716.2  -69889.0
      818.5     168.7   62480.1   47132.3   63163.2   46217.1   63938.3   46234.1   62750.5   47334.1
   48 6     -1 -1.7175  1.5117   65054.3   38424.4    3851.7 -1.8642  1.8795  187946.0  196388.6  -72723.6
      451.8      81.2   64661.5   38662.0   64979.1   38382.4   65655.3   38398.4   64768.8   38783.9
   49 6      0 -1.7029  2.2916   71434.9   43483.5    2992.2 -1.8642  1.8795  189548.2  194773.2  -73583.1
      323.1      31.4   71217.0   43724.0   71244.8   43686.7   71861.1   43455.2   71267.4   43761.5
vertex track :        139   3  50   12355681 -1.3248  0.3306  194942.0  195108.9     395.3   211     nan
   47 6     -2 -1.3244  0.3241   66991.3   34543.2    6579.4 -1.3199  0.3245  184374.6  196421.7  -69998.4
        nan       nan      -nan       nan       nan       nan       nan       nan       nan       nan
   48 6     -1 -1.2852  0.3376   72784.3   36120.8    3713.9 -1.3199  0.3245  188156.8  195491.9  -72863.9
        nan       nan      -nan       nan       nan       nan       nan       nan       nan       nan
   49 6      0 -1.3606  0.3040   71379.0   38712.8    2869.1 -1.3199  0.3245  189271.8  195217.7  -73708.7
        nan       nan      -nan       nan       nan       nan       nan       nan       nan       nan
vertex track :        164   3  50   12865421 -1.7733 -2.2377  197247.8  202400.6     398.6     0  2689.5
   47 6     -2 -1.9324 -2.2913   63847.9   31501.0    6714.2 -1.7468 -2.2494  183754.9  187546.2  -69870.9
      772.8      51.5   63389.0   30876.9   63979.7   31577.3   64514.8   32332.7   63310.2   30943.4
   48 6     -1 -1.5294 -2.0623   65983.5   35020.5    3854.2 -1.7468 -2.2494  188750.7  193979.6  -72730.9
      445.0      25.5   65738.9   34647.8   65947.9   34929.7   66436.6   35601.1   65697.9   34678.2
   49 6      0 -1.5989 -2.4054   72090.4   43445.0    2997.2 -1.7468 -2.2494  190247.6  195907.2  -73587.8
      350.7      13.2   71907.2   43145.7   71959.7   43224.6   72481.9   43951.9   71885.3   43160.3
vertex track :        168   3  50   13032972 -3.5511 -0.8253  197788.5  197449.6     394.0     0  1748.4
   47 6     -2 -3.5530 -0.8393   55063.2   29105.6    6586.1 -3.5130 -0.8408  173610.4  191574.8  -69996.1
     1198.6      99.9   53919.6   28732.9   55506.6   29107.7   56413.2   29687.6   53873.7   28927.3
   48 6     -1 -3.7912 -0.9020   67038.8   34013.5    3714.8 -3.5130 -0.8408  183697.3  193988.9  -72867.5
      662.1      47.3   66405.6   33814.2   66897.6   33931.3   67878.1   34421.9   66383.7   33906.3
   49 6      0 -3.6204 -0.9107   67497.5   37554.2    2867.5 -3.5130 -0.8408  186674.1  194701.4  -73714.8
      502.6      20.3   67015.0   37412.0   67229.5   37465.9   68186.3   37905.6   67005.1   37451.3
vertex track :        176   3  50   13043955  3.2225 -3.6411  187129.1  201618.8     408.7     0 10001.0
   47 6     -2  3.5101 -4.2553   86637.6   21478.2    6738.7  3.2715 -3.6691  205393.8  177691.0  -69835.1
     1977.4      47.7   87932.7   19983.1   86153.2   22140.3   85556.1   23179.0   87859.1   19922.4
   48 6     -1  2.8415 -3.8610   74189.6   28330.9    3905.1  3.2715 -3.6691  196123.7  188087.9  -72668.7
     1118.5      25.4   74873.0   27445.1   74143.9   28435.9   73719.1   29422.8   74832.1   27415.0
   49 6      0  3.2057 -3.8451   75939.8   38584.2    3014.3  3.2715 -3.6691  193209.6  191356.2  -73559.5
      855.0      17.1   76500.5   37938.5   76078.7   38444.4   75592.4   39436.1   76474.2   37916.6
vertex track :        181   3  50   13240869  2.2877  2.1020  189124.3  193535.7     399.0   211     nan
   47 6     -2  2.2421  1.9666   85193.0   44705.4    6592.6  2.2824  2.1330  200873.5  206016.4  -69976.8
        nan       nan      -nan       nan       nan       nan       nan       nan       nan       nan
   48 6     -1  2.3494  2.1315   80914.9   41456.1    3717.3  2.2824  2.1330  194311.0  199883.4  -72852.0
        nan       nan      -nan       nan       nan       nan       nan       nan       nan       nan
   49 6      0  2.3039  2.1363   76357.4   42483.2    2872.6  2.2824  2.1330  192383.1  198081.7  -73696.7
        nan       nan      -nan       nan       nan       nan       nan       nan       nan       nan
vertex track :        182   3  50   13240888 -0.3192  1.1705  192511.2  193227.1     392.0   211     nan
   47 6     -2 -0.4000  1.2197   68725.0   44860.0    6645.0 -0.3250  1.1734  188090.4  199849.4  -69924.6
        nan       nan      -nan       nan       nan       nan       nan       nan       nan       nan
   48 6     -1 -0.4898  1.3150   66484.9   38285.1    3827.8 -0.3250  1.1734  189006.0  196543.6  -72741.8
        nan       nan      -nan       nan       nan       nan       nan       nan       nan       nan
   49 6      0 -0.3006  1.1403   71583.5   44230.7    2987.6 -0.3250  1.1734  189279.0  195557.8  -73582.0
        nan       nan      -nan       nan       nan       nan       nan       nan       nan       nan
vertex track :        188   3  50   13242962  1.6290  0.2966  188091.2  195312.4     400.9   211     nan
   47 6     -2  1.6377  0.2814   80000.1   34585.8    6583.7  1.6328  0.3071  195787.2  196484.0  -69985.2
        nan       nan      -nan       nan       nan       nan       nan       nan       nan       nan
   48 6     -1  1.5941  0.2726   77364.8   36227.5    3726.3  1.6328  0.3071  191121.9  195606.5  -72842.5
        nan       nan      -nan       nan       nan       nan       nan       nan       nan       nan
   49 6      0  1.6085  0.2992   73382.4   38823.7    2866.5  1.6328  0.3071  189718.0  195342.4  -73702.4
        nan       nan      -nan       nan       nan       nan       nan       nan       nan       nan
