groupid:   1484, ntrk: 11
vertex track :          0   3  47   10961780  0.4779 -0.3041  105751.0  193542.1     128.8    13   955.3
   48 5      1  0.4753 -0.3091  107557.2   36736.9   -2867.6  0.4748 -0.3049  101501.5  196377.9  -72458.3
       54.7       7.4  107607.1   36713.3  107615.2   36708.0  107717.9   36970.3  107599.0   36701.0
   49 5      2  0.4764 -0.3070  102964.2   39693.4   -3718.6  0.4748 -0.3049  101097.5  196637.3  -73309.2
       66.4      16.2  103028.8   39671.0  103017.3   39678.5  103110.1   39925.4  103011.3   39643.8
   50 5      3  0.4753 -0.3071  102266.9   43105.1   -6583.4  0.4748 -0.3049   99737.4  197510.7  -76174.1
      106.5      32.0  102373.7   43074.1  102294.6   43125.2  102370.5   43345.7  102339.0   43020.4
vertex track :          6   3  47   10961774 -0.2554  0.0520  105657.9  193587.6     128.8  2212   642.2
   48 5      1 -0.2648  0.0775  104416.1   29812.5   -2863.9 -0.2506  0.0538  103582.1  195349.1  -72454.4
       30.5      14.3  104382.9   29807.3  104385.7   29806.4  104659.1   30027.7  104390.9   29834.8
   49 5      2 -0.2633  0.0322  107462.6   36043.6   -3699.8 -0.2506  0.0538  103791.5  195304.1  -73290.3
       48.6      35.6  107410.1   36014.1  107451.2   36009.1  107724.9   36283.0  107418.7   36084.8
   50 5      3 -0.2405  0.0270  109253.1   33659.6   -6438.1 -0.2506  0.0538  104477.8  195156.7  -76028.6
       87.5      69.6  109158.4   33600.2  109281.7   33586.3  109557.5   33929.0  109173.9   33738.5
vertex track :          7   3  47   10961778 -2.1210  0.9607  105501.2  193653.0     128.8   211     nan
   48 5      1 -2.1130  0.9790  114736.8   33146.2   -2868.5 -2.0886  0.9653  108937.1  192682.9  -72458.8
        nan       nan      -nan       nan       nan       nan       nan       nan       nan       nan
   49 5      2 -2.1171  0.9727  112306.4   35088.3   -3718.1 -2.0886  0.9653  110711.5  191862.8  -73308.3
        nan       nan      -nan       nan       nan       nan       nan       nan       nan       nan
   50 5      3 -2.1084  0.9581  118754.9   34916.0   -6588.0 -2.0886  0.9653  116705.5  189092.5  -76178.3
        nan       nan      -nan       nan       nan       nan       nan       nan       nan       nan
vertex track :         33   3  47   11023010 -0.9194  0.9553  101320.0  197211.7     133.9  2212     nan
   48 5      1 -0.9800  0.9204  101920.1   30982.7   -2866.0 -0.9058  0.9536  101260.5  196275.9  -72455.2
        nan       nan      -nan       nan       nan       nan       nan       nan       nan       nan
   49 5      2 -0.9109  0.8968  105525.6   36258.2   -3699.4 -0.9058  0.9536  102015.5  195481.1  -73288.7
        nan       nan      -nan       nan       nan       nan       nan       nan       nan       nan
   50 5      3 -0.8896  1.0164  109580.4   31243.4   -6452.9 -0.9058  0.9536  104509.7  192855.4  -76042.1
        nan       nan      -nan       nan       nan       nan       nan       nan       nan       nan
vertex track :        127   3  48    9236583  0.8023  0.9410  106636.7  193732.8     312.8   211     nan
   45 5     -2  0.7951  0.9400  109893.2   44041.5    6557.3  0.7918  0.9336  105680.6  198788.3  -66087.2
        nan       nan      -nan       nan       nan       nan       nan       nan       nan       nan
   46 5     -1  0.8226  0.9379  108729.1   36853.3    3728.6  0.7918  0.9336  103440.9  196147.3  -68916.0
        nan       nan      -nan       nan       nan       nan       nan       nan       nan       nan
   47 5      0  0.8050  0.9502  106159.1   34165.4    2865.8  0.7918  0.9336  102757.7  195341.7  -69778.8
        nan       nan      -nan       nan       nan       nan       nan       nan       nan       nan
vertex track :        134   3  48    9475740 -1.7087 -0.0160  111249.7  196690.2     320.7     0  1858.0
   45 5     -2 -1.6068 -0.1042   99384.3   42035.4    6690.3 -1.6847 -0.0126   94555.2  195803.6  -65969.4
      348.4      38.6   99039.1   41974.4   99397.0   41997.6   99937.8   42306.3   99034.1   42051.3
   46 5     -1 -1.4619 -0.0389  107101.1   37441.5    3702.7 -1.6847 -0.0126   99588.3  195841.3  -68957.0
      203.6      18.4  106898.1   37417.7  106998.1   37420.3  107512.7   37675.3  106897.1   37454.5
   47 5      0 -1.6313 -0.1007  108879.8   40269.9    2864.5 -1.6847 -0.0126  101000.3  195851.9  -69795.2
      166.1       9.2  108714.5   40250.5  108703.6   40249.8  109253.4   40499.3  108713.4   40268.9
vertex track :        158   3  48   10360990 -1.1167  1.2598  107568.6  197005.2     315.6     0  1334.3
   45 5     -2 -1.1242  1.2575   97879.7   49532.9    6584.3 -1.1076  1.2504   94699.6  204041.1  -66065.2
      341.4      49.2   97615.5   49754.7   97834.5   49509.7   98352.8   49522.4   97688.8   49820.3
   46 5     -1 -1.1087  1.2673  102542.5   41321.0    3717.1 -1.1076  1.2504   97875.5  200456.0  -68932.4
      202.4      23.7  102391.4   41457.7  102425.0   41419.2  102902.5   41395.6  102427.1   41489.0
   47 5      0 -1.0873  1.2724  101621.8   38334.8    2867.1 -1.1076  1.2504   98816.9  199393.3  -69782.3
      163.5      10.7  101507.4   38452.1  101491.5   38470.7  101945.1   38428.7  101523.8   38466.0
vertex track :        179   3  48   10833813 -3.5371 -3.3835  116249.3  204627.5     324.5     0  7336.7
   45 5     -2 -3.7971 -2.4542   92322.7   27792.2    6695.8 -3.4614 -3.3304   88140.9  182530.0  -65976.9
     2018.7      54.1   90656.7   26650.9   93250.1   28327.1   94194.9   29141.0   90597.9   26741.8
   46 5     -1 -3.1495 -2.9176  105317.5   32708.0    3701.4 -3.4614 -3.3304   98505.9  192502.7  -68971.3
     1097.5      27.1  104530.8   31942.2  105479.7   32821.2  106311.1   33680.8  104493.9   31982.0
   47 5      0 -3.6785 -3.2541  108617.3   38585.0    2863.8 -3.4614 -3.3304  101405.0  195292.1  -69808.9
      846.0      17.3  107995.1   38011.6  108489.9   38449.3  109445.8   39365.3  107972.2   38037.4
vertex track :        181   3  48   10835432 -2.7174 -2.9246  112940.2  201665.5     323.7   211     nan
   45 5     -2 -2.7282 -2.8944   92715.7   26043.7    6598.2 -2.6608 -2.8829   90240.0  182727.7  -66068.2
        nan       nan      -nan       nan       nan       nan       nan       nan       nan       nan
   46 5     -1 -2.7404 -2.9090  101807.6   30341.1    3732.5 -2.6608 -2.8829   97865.1  190989.3  -68934.0
        nan       nan      -nan       nan       nan       nan       nan       nan       nan       nan
   47 5      0 -2.6675 -2.8857  102349.9   30941.2    2869.6 -2.6608 -2.8829  100161.0  193476.9  -69796.8
        nan       nan      -nan       nan       nan       nan       nan       nan       nan       nan
vertex track :        210   3  48   11033393  2.1762 -0.7710  102864.5  198382.3     317.6   211   211.7
   45 5     -2  2.5339 -0.7116  116538.4   38715.1    6662.4  2.1638 -0.7705  110712.4  192688.1  -65982.8
     1418.6     523.0  118045.6   38835.0  115846.2   39452.7  115243.7   38804.4  117762.8   37828.0
   46 5     -1  1.9321 -0.7781  113299.1   36085.8    3716.0  2.1638 -0.7705  104336.9  194958.5  -68929.3
      685.8     243.7  114026.3   36055.7  113159.7   36404.7  112783.8   36325.2  113844.2   35603.6
   47 5      0  2.0262 -0.6486  111500.1   39815.5    2876.2  2.1638 -0.7705  102519.9  195605.6  -69769.0
      337.7      90.9  111849.4   39799.1  111631.7   39868.7  111362.8   40041.2  111794.0   39626.0
vertex track :        214   3  48   11248827  1.6853 -1.6209  106027.5  198794.4     318.6   211     nan
   45 5     -2  1.7048 -1.7366  115115.2   32157.4    6574.9  1.6792 -1.6137  110616.0  187884.8  -66076.0
        nan       nan      -nan       nan       nan       nan       nan       nan       nan       nan
   46 5     -1  1.6924 -1.6370  111347.7   32358.1    3720.3  1.6792 -1.6137  105822.6  192491.2  -68930.5
        nan       nan      -nan       nan       nan       nan       nan       nan       nan       nan
   47 5      0  1.7583 -1.6417  108103.3   31834.0    2862.4  1.6792 -1.6137  104382.1  193875.6  -69788.4
        nan       nan      -nan       nan       nan       nan       nan       nan       nan       nan
