groupid:   1508, ntrk:  6
vertex track :          0   3  27    7076215  0.6583 -0.2661  183262.4  139609.9     387.7    13   744.1
   28 4      1  0.6602 -0.2656   60475.0   58872.3   -2867.2  0.6521 -0.2637  177224.8  139311.6  -35960.1
       72.0      11.0   60546.0   58855.6   60551.0   58853.6   60614.8   59098.7   60537.8   58835.2
   29 4      2  0.6620 -0.2601   57788.6   59393.5   -3718.7  0.6521 -0.2637  176669.6  139536.1  -36811.6
       88.3      24.4   57879.6   59383.9   57854.3   59393.9   57908.2   59612.8   57861.8   59338.5
   30 4      3  0.6609 -0.2577   58946.4   61919.0   -6587.8  0.6521 -0.2637  174798.7  140292.6  -39680.7
      140.7      46.9   59094.5   61911.6   58971.2   61959.7   59009.0   62136.1   59060.4   61824.2
vertex track :        137   3  28    7749486  2.0997 -0.2417  180198.1  137585.9     232.8   211     nan
   25 4     -2  2.1022 -0.2171   74563.5   59679.9    6577.4  2.0812 -0.2372  190616.3  137647.6  -29097.2
        nan       nan      -nan       nan       nan       nan       nan       nan       nan       nan
   26 4     -1  2.1499 -0.2102   67755.6   59394.0    3721.6  2.0812 -0.2372  184672.8  138325.0  -31953.0
        nan       nan      -nan       nan       nan       nan       nan       nan       nan       nan
   27 4      0  2.1132 -0.2287   66833.5   60112.5    2867.2  2.0812 -0.2372  182894.6  138527.7  -32807.3
        nan       nan      -nan       nan       nan       nan       nan       nan       nan       nan
vertex track :        143   3  28    8256530  0.8848  1.4176  179778.2  132975.4     233.2     0  1537.0
   25 4     -2  0.7831  1.3925   63946.9   62709.5    6324.9  0.8850  1.4181  182368.6  143179.1  -29346.3
      326.0      41.8   64070.2   63014.2   63915.0   62738.3   64034.3   62616.3   64143.1   62973.2
   26 4     -1  1.0203  1.4853   61412.8   59677.9    3577.2  0.8850  1.4181  179936.8  139282.5  -32094.0
      196.6      20.6   61507.2   59851.6   61498.8   59839.4   61529.4   59715.7   61541.1   59828.4
   27 4      0  0.9638  1.4709   61086.5   54491.6    2705.8  0.8850  1.4181  179165.6  138046.7  -32965.4
      158.6       9.5   61165.4   54629.5   61194.0   54673.1   61218.5   54565.2   61181.4   54619.1
vertex track :        168   3  28    8641103 -4.3707 -0.4208  186640.5  137869.3     228.0     0  4127.5
   25 4     -2 -4.3620 -0.4798   39833.7   58383.7    6598.4 -4.4376 -0.4294  155587.7  136706.0  -29050.6
     1662.3      65.7   38188.6   58136.7   40577.2   58399.4   41684.5   58840.2   38174.3   58267.3
   26 4     -1 -4.4041 -0.4190   50982.6   58948.7    3711.7 -4.4376 -0.4294  168397.3  137945.5  -31937.3
      933.1      32.8   50056.7   58827.7   50989.7   58916.4   52114.0   59279.4   50050.5   58893.0
   27 4      0 -4.3148 -0.4129   55781.9   59889.5    2867.9 -4.4376 -0.4294  172142.0  138307.9  -32781.1
      723.6      18.1   55063.3   59802.5   55597.9   59853.6   56706.2   60186.0   55059.9   59838.6
vertex track :        218   3  28    9055286 -0.1767 -0.9280  181787.1  138822.5     231.8   211   112.3
   25 4     -2 -0.0905 -0.9641   59064.1   53026.5    6362.4 -0.1829 -0.9269  177884.0  134708.5  -29307.4
      718.0     509.7   59504.4   52264.1   59619.6   53491.3   58833.6   53998.1   58489.5   52359.4
   26 4     -1 -0.1213 -0.8874   59390.4   56840.3    3588.0 -0.1829 -0.9269  178391.3  137280.1  -32081.8
      349.0     243.7   59584.6   56461.5   59653.6   56966.7   59406.1   57428.2   59101.7   56527.5
   27 4      0 -0.1701 -0.9832   60019.8   53551.9    2698.0 -0.1829 -0.9269  178554.1  138105.0  -32971.8
      145.1      87.6   60081.4   53393.9   60095.2   53473.5   60168.1   53918.9   59908.8   53423.8
vertex track :        222   3  28    9055424 -1.3304  4.3065  181332.3  135241.9     230.9     0  1461.8
   25 4     -2 -1.3678  4.2998   53658.8   86007.6    6574.6 -1.3326  4.3480  170085.1  164391.6  -29091.7
     1869.1     163.7   52936.2   87739.1   53782.1   85079.8   54590.0   84490.4   53248.2   87838.4
   26 4     -1 -1.3968  4.3403   56439.6   73265.6    3713.6 -1.3326  4.3480  173897.8  151951.6  -31952.7
     1032.0      79.1   56048.2   74223.7   56387.2   73170.5   57039.6   72521.8   56198.7   74272.2
   27 4      0 -1.2972  4.3467   58640.1   70078.1    2867.2 -1.3326  4.3480  175025.7  148271.7  -32799.1
      766.7      32.7   58389.5   70803.4   58555.7   70246.8   59099.4   69567.0   58452.2   70822.1
