groupid:   1536, ntrk:  7
vertex track :          0   3  33    8294734 -0.1109 -0.4905  134040.5   96028.6     278.4    13  1425.5
   34 4      1 -0.1023 -0.4902   15909.9   21490.5   -2871.2 -0.1115 -0.4885  131422.2   99651.9  -46969.4
       50.6       5.8   15905.2   21439.8   15904.4   21435.9   16124.4   21750.8   15893.9   21442.2
   35 4      2 -0.1124 -0.4915   15161.0   21965.7   -3713.2 -0.1115 -0.4885  131516.2  100063.2  -47811.4
       60.5      11.4   15158.7   21904.2   15162.0   21918.9   15373.2   22236.7   15136.4   21909.3
   36 4      3 -0.1155 -0.4878   13976.3   22390.9   -6585.0 -0.1115 -0.4885  131836.5  101466.2  -50683.2
       95.7      21.9   13975.6   22292.7   13995.4   22376.5   14186.8   22698.5   13932.9   22302.8
vertex track :         98   3  33    8293601  0.6378  0.5680  135840.8   98550.8     274.6  2212   967.6
   34 4      1  0.6551  0.6044   14012.7   13415.8   -2971.0  0.6423  0.5600  130797.7   98793.1  -47067.9
       87.0      13.1   14067.7   13484.4   14077.5   13493.4   14168.3   13557.9   14085.5   13465.2
   35 4      2  0.6316  0.5985   14338.0   13413.5   -3781.6  0.6423  0.5600  130277.1   98339.1  -47878.5
      106.5      29.0   14395.3   13507.9   14373.4   13487.1   14491.3   13529.8   14435.3   13465.7
   36 4      3  0.6311  0.5640   13559.2   15323.3   -6020.5  0.6423  0.5600  128839.1   97085.3  -50117.4
      156.5      50.4   13642.3   15465.1   13541.5   15375.0   13686.7   15392.0   13709.4   15390.0
vertex track :        125   3  34    6332384  2.5588  1.4943  127343.1   95225.3     227.6     0  2354.7
   31 4     -2  2.5657  1.4705   23465.5   23685.9    6592.7  2.5967  1.5104  140039.6  103397.0  -40415.0
      835.6      60.4   24160.4   24153.8   23249.3   23631.7   22983.2   23429.5   24220.5   24049.0
   32 4     -1  2.5835  1.4286   17557.6   21599.8    3708.3  2.5967  1.5104  132549.5   99040.3  -43299.5
      478.4      29.7   17961.9   21857.2   17667.2   21694.3   17365.9   21553.8   17990.6   21805.3
   33 4      0  2.6297  1.5326   14353.3   16711.7    2865.0  2.5967  1.5104  130359.8   97766.6  -44142.8
      376.9      14.7   14671.5   16914.1   14572.5   16856.5   14247.7   16720.8   14686.2   16888.8
vertex track :        157   3  34    7699407  1.0545  0.3352  135389.3  101279.5     373.3   211     nan
   31 4     -2  0.9660  0.2542   20383.3   26878.7    6504.7  1.0620  0.3263  138099.7  101765.5  -40688.1
        nan       nan      -nan       nan       nan       nan       nan       nan       nan       nan
   32 4     -1  1.0501  0.2977   19806.3   25278.8    3805.8  1.0620  0.3263  135233.5  100884.9  -43386.9
        nan       nan      -nan       nan       nan       nan       nan       nan       nan       nan
   33 4      0  1.0196  0.3177   19331.8   26508.2    3004.3  1.0620  0.3263  134382.3  100623.4  -44188.5
        nan       nan      -nan       nan       nan       nan       nan       nan       nan       nan
vertex track :        200   3  34    8504058  0.0752  3.8143  134567.5   93505.9     359.9     0   995.9
   31 4     -2  0.1053  3.8104   14638.5   36995.1    6589.4  0.0896  3.8869  131300.2  116213.1  -40553.6
     1436.4     183.5   14494.7   38436.0   14437.4   36364.6   14992.3   35768.0   14861.6   38425.9
   32 4     -1  0.2279  3.8641   15440.6   28804.8    3716.8  0.0896  3.8869  131042.6  105047.9  -43426.2
      775.1      86.6   15399.8   29583.6   15356.4   28847.6   15691.6   28239.8   15572.6   29573.4
   33 4      0 -0.0325  3.7597   14110.1   21992.0    2869.5  0.0896  3.8869  130966.7  101754.3  -44273.5
      558.0      33.7   14071.5   22549.7   14074.4   22223.3   14358.6   21648.1   14138.9   22550.3
vertex track :        209   3  34    8525637 -0.0137  0.8697  135070.5   99678.7     370.5   211   125.7
   31 4     -2  0.0174  0.8807   13012.6   29327.7    6494.6 -0.0098  0.8782  131204.1  103545.9  -40687.6
      548.5     399.9   12623.6   29884.0   12605.5   28972.2   13611.6   28982.3   13423.3   29868.2
   32 4     -1  0.0017  0.8363   15467.7   25717.2    3794.8 -0.0098  0.8782  131230.5  101175.1  -43387.4
      274.6     195.7   15272.5   25992.2   15271.7   25618.6   15872.9   25653.0   15664.0   25991.4
   33 4      0  0.0493  0.8639   15905.6   26485.5    3008.6 -0.0098  0.8782  131238.2  100484.6  -44173.6
      125.8      75.1   15837.8   26615.4   15833.8   26545.7   16183.5   26566.5   15987.8   26606.9
vertex track :        237   3  34    8550901  1.0217 -0.9537  134037.5  101589.9     379.3     0  1540.4
   31 4     -2  1.0351 -1.0002   20004.3   14223.7    6585.3  1.0191 -0.9607  136559.4   94131.9  -40613.1
      256.1      35.6   20213.2   14071.3   20062.2   14217.2   20006.4   14585.0   20163.7   14020.1
   32 4     -1  1.0492 -0.9540   18395.4   18706.4    3720.2  1.0191 -0.9607  133639.5   96884.4  -43478.2
      154.2      17.2   18521.1   18615.3   18513.2   18622.5   18480.8   19006.5   18498.0   18589.9
   33 4      0  1.0399 -0.9324   16479.1   15826.6    2861.2  1.0191 -0.9607  132764.0   97709.7  -44337.2
      126.5       8.2   16578.7   15748.3   16608.7   15721.4   16590.5   16114.0   16567.8   15736.1
