groupid:   1970, ntrk:  7
vertex track :          0   3  71    5328781  0.3598 -0.2266  106461.1  122817.0     142.5    13   978.3
   72 3      1  0.3611 -0.2248  104618.0   45347.2   -2864.6  0.3552 -0.2260  103502.2  124477.6 -116818.2
       42.2       6.4  104657.2   45330.3  104661.4   45327.7  104789.2   45573.8  104650.5   45319.4
   73 3      2  0.3609 -0.2246  107054.0   46661.0   -3719.5  0.3552 -0.2260  103198.5  124670.8 -117673.0
       51.8      14.4  107105.5   46645.9  107093.4   46653.5  107212.8   46885.9  107090.3   46621.5
   74 3      3  0.3584 -0.2279  103914.5   46103.4   -6585.3  0.3552 -0.2260  102180.5  125318.5 -120538.8
       83.8      28.4  104000.4   46082.4  103934.3   46124.4  104038.9   46334.1  103969.9   46034.4
vertex track :          7   3  71    4446636 -0.9771 -1.1478  103801.1  120888.4     144.2     0 10000.2
   72 3      1 -1.0254 -1.1029  106080.3   44756.9   -3172.7 -0.9786 -1.1373  105160.9  125661.0 -117127.6
      167.0       8.7  105973.0   44628.6  105985.1   44641.6  106396.6   45094.0  105960.3   44640.5
   73 3      2 -1.1596 -1.0819  105851.9   44070.2   -3974.4 -0.9786 -1.1373  105945.5  126572.8 -117929.3
      196.4      11.1  105715.9   43928.1  105759.6   43968.9  106196.8   44421.3  105700.7   43944.4
   74 3      3 -0.9391 -1.1008  110752.4   48993.5   -6526.8 -0.9786 -1.1373  108443.4  129475.8 -120481.7
      296.6      18.2  110573.8   48756.1  110761.6   48976.2  111140.1   49439.9  110546.1   48779.7
vertex track :         55   3  71    5964152 -1.5101  0.1688  100982.6  124002.4     146.1  2212   442.9
   72 3      1 -1.5146  0.1599  105068.7   45277.0   -2869.9 -1.5060  0.1873  103679.8  124441.5 -116831.4
      199.9      67.8  104862.7   45230.6  104942.4   45222.2  105483.1   45533.6  104877.0   45365.4
   73 3      2 -1.5118  0.1601  109041.7   46259.3   -3723.3 -1.5060  0.1873  104965.1  124281.7 -117684.8
      360.0     168.7  108666.0   46129.5  109064.5   46087.3  109626.0   46599.3  108701.5   46465.0
   74 3      3 -1.5107  0.1754  110625.1   44675.9   -6585.9 -1.5060  0.1873  109276.2  123745.7 -120547.4
      680.0     335.3  109910.9   44421.2  110944.7   44301.2  111547.7   45140.7  109988.3   45087.4
vertex track :        182   3  72    7067327 -0.6023 -1.3677  108426.5  126760.5     150.0   211     nan
   69 3     -2 -0.6072 -1.3626  105640.1   39562.4    6573.3 -0.5899 -1.3652  102235.0  118908.1 -110557.4
        nan       nan      -nan       nan       nan       nan       nan       nan       nan       nan
   70 3     -1 -0.5931 -1.3740  107831.4   45348.1    3731.7 -0.5899 -1.3652  103911.2  122787.4 -113399.0
        nan       nan      -nan       nan       nan       nan       nan       nan       nan       nan
   71 3      0 -0.5440 -1.4156  104309.7   43436.2    2863.4 -0.5899 -1.3652  104423.3  123972.7 -114267.3
        nan       nan      -nan       nan       nan       nan       nan       nan       nan       nan
vertex track :        198   3  72    7523962 -2.9840  0.2090  116221.5  122191.6     140.5   211     nan
   69 3     -2 -2.9700  0.2979   94304.4   41848.5    7066.3 -2.9184  0.1862   93568.9  124464.3 -110098.6
        nan       nan      -nan       nan       nan       nan       nan       nan       nan       nan
   70 3     -1 -2.8074 -0.0154  104025.9   42108.7    4042.0 -2.9184  0.1862  102395.1  123901.2 -113122.9
        nan       nan      -nan       nan       nan       nan       nan       nan       nan       nan
   71 3      0 -2.6136 -0.0380  105343.4   45100.4    3163.0 -2.9184  0.1862  104960.4  123737.5 -114001.9
        nan       nan      -nan       nan       nan       nan       nan       nan       nan       nan
vertex track :        247   3  72    7741128  0.4218 -0.8278  105763.3  124713.2     150.8   211     nan
   69 3     -2  0.3816 -0.8338  110278.6   41281.2    6589.3  0.4274 -0.8256  106133.7  120307.5 -110532.2
        nan       nan      -nan       nan       nan       nan       nan       nan       nan       nan
   70 3     -1  0.4277 -0.8261  109335.0   45490.4    3715.0  0.4274 -0.8256  104905.4  122680.5 -113406.6
        nan       nan      -nan       nan       nan       nan       nan       nan       nan       nan
   71 3      0  0.4631 -0.8521  104882.1   43109.4    2860.1  0.4274 -0.8256  104540.0  123386.3 -114261.4
        nan       nan      -nan       nan       nan       nan       nan       nan       nan       nan
vertex track :        284   3  72    8161593  2.1635  1.5527  101141.9  119168.7     151.6     0  3560.6
   69 3     -2  2.0053  1.2958  113169.6   47567.6    7208.7  2.1591  1.5340  114037.2  130935.0 -109905.0
      756.1      44.3  113780.6   48015.1  112931.7   47466.6  112770.6   47331.4  113828.6   47940.8
   70 3     -1  2.0435  1.4188  108046.2   44239.8    4063.8  2.1591  1.5340  107247.1  126110.8 -113049.8
      438.9      22.6  108393.8   44508.6  108101.9   44306.0  107910.6   44182.4  108419.6   44471.5
   71 3      0  1.9552  1.6424  104926.7   45788.9    3144.1  2.1591  1.5340  105261.2  124699.9 -113969.5
      349.7      13.3  105185.9   46024.0  105061.0   45919.0  104879.4   45765.4  105203.0   46003.7
