groupid:   2188, ntrk:  6
vertex track :          0   3  37    9428317  0.2139  0.0752   81317.9  166994.5     288.4    13  1822.3
   38 5      1  0.2137  0.0740   82816.3   12094.6   -2867.5  0.2136  0.0753   78967.4  165669.9  -53907.4
       24.7       3.4   82838.5   12105.9   82836.8   12105.3   83004.3   12293.4   82840.7   12099.5
   39 5      2  0.2121  0.0785   78380.6    6861.2   -3716.4  0.2136  0.0753   78786.1  165606.0  -54756.3
       30.1       7.4   78406.2    6878.6   78394.3    6874.2   78565.1    7053.9   78411.4    6864.7
   40 5      3  0.2122  0.0769   79994.6    9676.3   -6589.3  0.2136  0.0753   78172.6  165389.8  -57629.2
       48.5      14.4   80035.3    9706.3   79988.6    9689.4   80164.1    9856.3   80045.1    9679.3
vertex track :        102   3  38    5790423 -2.8550  2.6227   87845.2  161076.4     315.6     0   765.3
   35 5     -2 -2.8288  2.6007   72266.9   21988.9    6588.5 -2.8853  2.6523   67936.0  176398.7  -47124.1
     1620.8     246.5   70906.9   22904.3   72699.1   21256.6   73834.1   21286.1   71240.6   23267.3
   36 5     -1 -2.8090  2.5950   77603.8   13159.7    3717.8 -2.8853  2.6523   76218.4  168785.0  -49994.7
      862.1     116.9   76891.3   13658.9   77567.9   13033.8   78523.6   12873.2   77049.9   13830.6
   37 5      0 -2.8333  2.6562   80190.3   12230.5    2865.0 -2.8853  2.6523   78679.0  166523.2  -50847.5
      591.7      44.7   79728.1   12602.6   79996.4   12351.0   80859.7   12071.1   79789.2   12667.8
vertex track :        113   3  38    7887723 -1.9316  1.8816   84312.5  164073.0     279.2   211     nan
   35 5     -2 -1.8343  1.6323   71443.1   21496.7    6007.2 -1.9437  1.9087   71378.6  173697.2  -47683.6
        nan       nan      -nan       nan       nan       nan       nan       nan       nan       nan
   36 5     -1 -1.7276  1.9317   78389.9   18690.9    3500.5 -1.9437  1.9087   76250.8  168912.8  -50190.3
        nan       nan      -nan       nan       nan       nan       nan       nan       nan       nan
   37 5      0 -1.7858  2.0586   80631.4   13582.3    2669.4 -1.9437  1.9087   77866.1  167326.6  -51021.3
        nan       nan      -nan       nan       nan       nan       nan       nan       nan       nan
vertex track :        121   3  38    8515808 -1.1261  0.6735   82825.1  166155.5     281.9   211     nan
   35 5     -2 -1.1427  0.6892   77625.8   15245.2    6586.0 -1.1319  0.6852   73896.6  169172.5  -47114.4
        nan       nan      -nan       nan       nan       nan       nan       nan       nan       nan
   36 5     -1 -1.1665  0.6791   78672.5   11404.9    3717.5 -1.1319  0.6852   77143.2  167207.2  -49982.8
        nan       nan      -nan       nan       nan       nan       nan       nan       nan       nan
   37 5      0 -1.1201  0.6832   79786.5   12109.5    2870.9 -1.1319  0.6852   78101.5  166627.2  -50829.5
        nan       nan      -nan       nan       nan       nan       nan       nan       nan       nan
vertex track :        125   3  38    8538714 -0.1625  0.2937   81829.5  166464.0     285.1   211     nan
   35 5     -2 -0.1459  0.2885   80655.7   13610.8    5881.4 -0.1641  0.2959   79117.6  166825.2  -47825.2
        nan       nan      -nan       nan       nan       nan       nan       nan       nan       nan
   36 5     -1 -0.1740  0.3001   82468.0   15070.6    3480.5 -0.1641  0.2959   79511.7  166114.7  -50226.2
        nan       nan      -nan       nan       nan       nan       nan       nan       nan       nan
   37 5      0 -0.1636  0.2737   83115.6   11146.5    2647.8 -0.1641  0.2959   79648.4  165868.4  -51058.9
        nan       nan      -nan       nan       nan       nan       nan       nan       nan       nan
vertex track :        127   3  38    9189743 -3.0133  0.4600   89648.4  165956.8     282.2     0  2712.8
   35 5     -2 -3.0037  0.4841   73091.3   13871.4    6598.6 -3.0473  0.4729   68616.0  167595.1  -47083.0
      867.2      55.5   72226.3   13954.6   73307.8   13780.3   74163.2   13998.7   72244.0   14064.1
   36 5     -1 -3.0109  0.4794   78933.2   10455.6    3718.6 -3.0473  0.4729   77392.4  166233.2  -49963.0
      494.3      27.3   78440.7   10506.5   78784.8   10451.7   79632.7   10615.3   78449.3   10560.3
   37 5      0 -3.0093  0.4878   81627.0   11320.3    2869.7 -3.0473  0.4729   79979.1  165831.7  -50811.9
      388.2      13.9   81241.6   11368.6   81376.0   11346.8   82219.4   11482.4   81246.0   11396.1
