groupid:   2347, ntrk:  3
vertex track :          0   3  67   13877635 -0.0099 -0.3399  174486.9  189871.6     188.8    13  3770.6
   68 6      1 -0.0103 -0.3392   55952.0   30794.9   -2862.4 -0.0140 -0.3432  171238.1  191352.1 -109993.4
       34.3       3.0   55953.9   30760.6   55953.9   30757.9   56160.0   31038.9   55947.9   30760.8
   69 6      2 -0.0106 -0.3401   56904.7   32285.5   -3716.4 -0.0140 -0.3432  171250.0  191645.2 -110847.3
       40.8       4.8   56908.2   32244.5   56908.6   32254.7   57111.1   32536.1   56898.6   32244.8
   70 6      3 -0.0120 -0.3394   57426.3   33252.6   -6586.0 -0.0140 -0.3432  171290.1  192630.0 -113717.0
       64.8       9.0   57433.0   33187.5   57435.1   33245.7   57629.5   33527.3   57415.0   33188.1
vertex track :         54   3  68   14061107  0.6283  0.9441  175563.3  188363.8     187.3   211     nan
   65 6     -2  0.6167  0.9673   55047.2   39301.1    6607.6  0.6295  0.9579  174513.2  195633.2 -102704.5
        nan       nan      -nan       nan       nan       nan       nan       nan       nan       nan
   66 6     -1  0.6198  0.9440   56387.5   32944.1    3715.7  0.6295  0.9579  172692.8  192862.9 -105596.4
        nan       nan      -nan       nan       nan       nan       nan       nan       nan       nan
   67 6      0  0.6592  0.9479   55062.7   35105.1    2871.1  0.6295  0.9579  172161.2  192053.9 -106441.0
        nan       nan      -nan       nan       nan       nan       nan       nan       nan       nan
vertex track :         79   3  68   15220130  1.8564  1.9629  174622.7  187705.4     188.3     0  4402.0
   65 6     -2  2.1054  1.9547   70388.0   48502.2    5997.9  1.8622  1.9912  180347.5  200384.7 -103314.9
      642.6      32.2   70837.0   48963.0   70337.2   48499.0   70151.1   48253.2   70880.8   48915.8
   66 6     -1  2.2449  1.6533   66235.0   37469.9    3025.8  1.8622  1.9912  174813.0  194466.6 -106287.0
      343.9      14.7   66503.2   37685.7   66420.9   37625.0   66179.1   37465.8   66520.7   37662.0
   67 6      0  1.8673  2.0000   61269.3   36978.8    2217.6  1.8622  1.9912  173307.8  192857.1 -107095.3
      270.2       8.5   61447.4   37182.1   61470.8   37207.1   61303.0   36987.5   61459.9   37170.5
