groupid:   3254, ntrk: 19
vertex track :          0   3  87    1043431 -0.1265 -0.0833   73843.3   83795.2     278.7    13  2122.6
   88 1      1 -0.1265 -0.0832   67581.1   82076.4   -2869.4 -0.1253 -0.0829   68011.1   84364.6 -146779.3
       17.7       2.7   67567.8   82064.4   67570.9   82066.4   67804.3   82298.3   67564.9   82068.9
   89 1      2 -0.1258 -0.0838   69830.0   84027.4   -3714.0 -0.1253 -0.0829   68117.0   84434.5 -147623.9
       21.9       6.1   69815.1   84010.2   69825.2   84016.9   70054.8   84254.5   69808.4   84020.3
   90 1      3 -0.1269 -0.0829   72761.1   82968.9   -6584.8 -0.1253 -0.0829   68476.8   84672.4 -150494.7
       35.9      11.9   72737.5   82939.3   72771.0   82961.2   72994.6   83208.4   72724.5   82959.2
vertex track :         24   3  87     527537 -1.0623 -0.0866   71987.8   83820.1     280.6   211     nan
   88 3      1 -1.1000 -0.0883   82212.4    7728.6   -2625.5 -1.0612 -0.0877   68841.3   84379.9 -146534.2
        nan       nan      -nan       nan       nan       nan       nan       nan       nan       nan
   89 1      2 -1.0418 -0.0752   79782.3   84489.6   -3453.2 -1.0612 -0.0877   69719.7   84452.6 -147361.9
        nan       nan      -nan       nan       nan       nan       nan       nan       nan       nan
   90 3      3 -1.0590  0.0074   81439.6    7027.9   -6958.1 -1.0612 -0.0877   73439.3   84760.1 -150866.8
        nan       nan      -nan       nan       nan       nan       nan       nan       nan       nan
vertex track :         27   3  87    1011637 -1.8239 -1.6117   68963.5   79511.1     275.0   211     nan
   88 1      1 -1.8219 -1.6151   67204.6   81847.3   -2868.1 -1.8213 -1.6174   68438.8   84871.1 -146761.8
        nan       nan      -nan       nan       nan       nan       nan       nan       nan       nan
   89 3      2 -1.8338 -1.6077   70212.8    5158.5   -3719.6 -1.8213 -1.6174   69989.7   86248.4 -147613.3
        nan       nan      -nan       nan       nan       nan       nan       nan       nan       nan
   90 3      3 -1.8312 -1.6084   80136.1   10697.3   -6585.6 -1.8213 -1.6174   75209.7   90883.9 -150479.3
        nan       nan      -nan       nan       nan       nan       nan       nan       nan       nan
vertex track :         43   3  87    1185827  1.3751 -2.1298   77534.0   78696.0     270.1     0  8413.8
   88 3      1  1.4185 -2.2012   80694.6    8516.3   -2631.3  1.3709 -2.1772   67315.5   85270.5 -146536.7
      315.4      11.1   80874.8    8257.2   80830.9    8325.2   80725.8    8983.3   80856.2    8245.2
   89 3      2  1.3143 -2.1833   75835.4    7051.6   -3458.0  1.3709 -2.1772   66182.1   87070.3 -147363.4
      386.6      15.2   76047.8    6728.3   75925.1    6932.2   75834.3    7582.8   76021.7    6712.6
   90 3      3  1.3753 -2.0181   70890.3   15345.2   -6937.9  1.3709 -2.1772   61411.4   94646.8 -150843.4
      704.0      30.3   71311.8   14780.5   70807.7   15520.3   70680.1   16117.9   71261.7   14746.4
vertex track :         45   3  87    1186363  0.1223 -2.6512   74342.4   79908.5     274.8   211   397.6
   88 1      1  0.1161 -2.6387   67412.6   84989.5   -2867.5  0.1171 -2.6613   67737.9   88560.7 -146770.7
      407.4      67.6   67498.0   84585.5   67486.6   84845.3   67537.3   85600.8   67363.0   84579.5
   89 3      2  0.0973 -2.6477   68864.6    9121.3   -3717.9  0.1171 -2.6613   67638.3   90823.7 -147621.1
      640.3     164.2   69052.2    8487.4   69025.6    9211.2   68887.1    9962.5   68724.0    8475.3
   90 3      3  0.1296 -2.6602   71954.2   18290.9   -6587.6  0.1171 -2.6613   67302.3   98461.0 -150490.9
     1164.5     322.2   72332.7   17143.4   72246.6   18911.0   71785.8   19645.7   71689.0   17112.0
vertex track :         58   3  87    1924083  2.2191 -1.7338   80234.3   79000.8     268.9   211     nan
   88 3      1  2.2866 -1.8157   80963.4    7674.8   -2631.3  2.2325 -1.7842   67520.4   84412.4 -146543.6
        nan       nan      -nan       nan       nan       nan       nan       nan       nan       nan
   89 3      2  2.1344 -1.7862   75410.9    5922.8   -3464.6  2.2325 -1.7842   65660.0   85899.2 -147376.9
        nan       nan      -nan       nan       nan       nan       nan       nan       nan       nan
   90 3      3  2.0403 -1.6688   68068.6   12995.4   -6933.0  2.2325 -1.7842   57916.7   92087.5 -150845.3
        nan       nan      -nan       nan       nan       nan       nan       nan       nan       nan
vertex track :         66   3  87    1951371  2.9433 -0.6812   81874.4   81864.2     271.7     0 10001.0
   88 1      1  2.9803 -0.6814   67458.9   81724.8   -2867.0  2.9804 -0.7169   66307.4   84382.9 -146789.2
      446.2      13.5   67897.0   81638.5   67652.8   81694.3   67233.9   82020.3   67890.9   81612.1
   89 1      2  2.9382 -0.6335   67182.6   84089.7   -3718.3  2.9804 -0.7169   63770.2   84993.2 -147640.5
      549.5      18.3   67723.6   83991.8   67266.3   84090.4   66854.5   84397.0   67715.9   83956.0
   90 3      3  2.9468 -0.6818   59957.2    6543.0   -6586.6  2.9804 -0.7169   55221.4   87049.5 -150508.8
      910.2      32.2   60851.2    6369.2   59696.5    6636.4   59276.1    6926.1   60836.7    6306.5
vertex track :         84   3  87    4082523  1.0590 -1.0181   75399.4   82570.9     217.1   211     nan
   88 3      1  1.0653 -1.0144   79453.4    9236.3   -2635.4  1.0611 -1.0228   66145.1   85798.5 -146485.7
        nan       nan      -nan       nan       nan       nan       nan       nan       nan       nan
   89 3      2  1.0637 -1.1390   74898.4    6909.7   -3463.6  1.0611 -1.0228   65266.3   86645.5 -147313.9
        nan       nan      -nan       nan       nan       nan       nan       nan       nan       nan
   90 3      3  1.1073 -1.0439   70772.7   11921.1   -6939.1  1.0611 -1.0228   61578.3   90200.1 -150789.4
        nan       nan      -nan       nan       nan       nan       nan       nan       nan       nan
vertex track :        163   3  88     580683  1.3196 -0.5320   66891.7   82257.0     230.5   211     nan
   85 1     -2  1.3193 -0.5307   82439.3   80985.0    6584.4  1.3139 -0.5258   75608.5   81159.3 -139945.8
        nan       nan      -nan       nan       nan       nan       nan       nan       nan       nan
   86 1     -1  1.2711 -0.5047   74368.0   82494.1    3719.0  1.3139 -0.5258   71843.7   82666.0 -142811.2
        nan       nan      -nan       nan       nan       nan       nan       nan       nan       nan
   87 1      0  1.3160 -0.5475   77019.4   82830.5    2874.9  1.3139 -0.5258   70734.6   83109.9 -143655.4
        nan       nan      -nan       nan       nan       nan       nan       nan       nan       nan
vertex track :        172   3  88    1061953  0.6459  1.3682   66705.0   80510.3     230.9   211     nan
   85 3     -2  0.6349  1.4492   63790.0    8721.6    6606.9  0.6489  1.3763   71202.4   91531.2 -139924.7
        nan       nan      -nan       nan       nan       nan       nan       nan       nan       nan
   86 1     -1  0.6951  1.3996   65660.0   83937.0    3487.9  0.6489  1.3763   69178.5   87238.5 -143043.7
        nan       nan      -nan       nan       nan       nan       nan       nan       nan       nan
   87 1      0  0.6404  1.3345   62139.9   82568.1    2669.6  0.6489  1.3763   68647.6   86112.3 -143862.0
        nan       nan      -nan       nan       nan       nan       nan       nan       nan       nan
vertex track :        200   3  88    1473960  2.3627  1.3731   63735.9   79722.5     233.9     0  1244.5
   85 3     -2  2.3610  1.3232   85973.4   11964.2    6588.2  2.3574  1.3776   79065.8   90712.6 -139953.5
      758.4      95.6   86588.2   12418.4   85760.9   11954.7   85570.9   11721.4   86681.7   12251.6
   86 3     -1  2.3542  1.4216   74793.8    6745.4    3710.2  2.3574  1.3776   72281.3   86748.1 -142831.4
      431.0      46.1   75138.9    7007.6   74895.3    6860.5   74660.9    6694.5   75186.6    6928.7
   87 3      0  2.3892  1.4153   75731.8    6537.6    2862.0  2.3574  1.3776   70281.5   85579.5 -143679.7
      332.6      19.4   76008.1    6723.8   75937.5    6682.0   75668.0    6562.7   76027.9    6690.4
vertex track :        244   3  88    2407685  2.6431  1.2741   67206.9   81871.3     230.4   211     nan
   85 3     -2  2.6280  1.2326   77442.0    9469.1    6491.3  2.6358  1.2592   84076.5   92001.1 -140038.3
        nan       nan      -nan       nan       nan       nan       nan       nan       nan       nan
   86 1     -1  2.6062  1.2669   73594.2   84949.1    3448.8  2.6358  1.2592   76057.1   88170.2 -143080.8
        nan       nan      -nan       nan       nan       nan       nan       nan       nan       nan
   87 1      0  2.7345  1.1915   68233.9   83445.2    2647.6  2.6358  1.2592   73945.4   87161.4 -143881.9
        nan       nan      -nan       nan       nan       nan       nan       nan       nan       nan
vertex track :        252   3  88    4289393  1.7374  1.6293   63858.6   78554.3     172.7     0 10001.0
   85 3     -2  1.6896  1.6219   82049.4   12492.5    6592.0  1.7376  1.6358   75358.9   91283.6 -139888.3
      567.9      24.8   82441.9   12903.7   81977.3   12457.7   81868.5   12292.9   82476.2   12867.9
   86 3     -1  1.7522  1.6330   72727.9    6471.6    3714.2  1.7376  1.6358   70358.6   86576.0 -142766.1
      335.2      13.4   72964.0    6710.0   72841.6    6595.9   72703.7    6444.9   72982.3    6690.3
   87 1      0  1.7612  1.6770   75026.0   84836.4    2868.8  1.7376  1.6358   68889.6   85193.1 -143611.5
      271.3       9.8   75215.8   85030.6   75192.6   85008.5   75048.0   84853.9   75229.2   85016.4
vertex track :        257   3  88    4309099  0.4757  0.9440   66499.6   80143.8     172.6   211     nan
   85 1     -2  0.4481  0.8903   62562.7   84288.0    6579.8  0.4773  0.9500   69916.1   88473.2 -139894.0
        nan       nan      -nan       nan       nan       nan       nan       nan       nan       nan
   86 1     -1  0.4775  0.9342   64866.2   82030.6    3511.6  0.4773  0.9500   68451.6   85558.5 -142962.2
        nan       nan      -nan       nan       nan       nan       nan       nan       nan       nan
   87 1      0  0.4866  0.9470   61443.8   81012.9    2677.4  0.4773  0.9500   68053.4   84766.0 -143796.3
        nan       nan      -nan       nan       nan       nan       nan       nan       nan       nan
vertex track :        263   3  88    4310091  1.0997 -0.4421   64588.0   82934.2     177.5   211     nan
   85 1     -2  1.1034 -0.4236   78711.8   82258.4    6587.5  1.0950 -0.4372   71973.5   82367.9 -139894.8
        nan       nan      -nan       nan       nan       nan       nan       nan       nan       nan
   86 1     -1  1.1300 -0.4592   71272.8   83536.7    3718.2  1.0950 -0.4372   68831.7   83622.4 -142764.1
        nan       nan      -nan       nan       nan       nan       nan       nan       nan       nan
   87 1      0  1.0824 -0.4669   74087.8   83697.7    2871.6  1.0950 -0.4372   67904.7   83992.6 -143610.7
        nan       nan      -nan       nan       nan       nan       nan       nan       nan       nan
vertex track :        266   3  88    4806804 -1.3535  1.9255   69827.9   78737.8     168.9   211   258.1
   85 3     -2 -1.3698  1.9459   53727.6   10647.8    6627.5 -1.3396  1.9600   61535.9   93628.7 -139835.7
     1220.2     424.7   52678.0   11401.2   53795.1    9814.2   54985.9   10106.4   53372.5   11890.1
   86 1     -1 -1.3477  1.9265   61431.2   84296.6    3517.5 -1.3396  1.9600   65702.1   87533.0 -142945.7
      579.5     190.8   60942.7   84662.1   61324.0   84117.0   62128.3   84143.0   61255.3   84880.8
   87 1      0 -1.4836  1.9350   59524.5   82360.2    2690.3 -1.3396  1.9600   66810.3   85911.6 -143772.9
      311.6      71.1   59278.5   82564.2   59346.2   82476.0   59979.1   82368.0   59391.3   82650.7
vertex track :        269   3  88    4807542  1.7054  2.0214   64838.5   78911.9     173.8   211     nan
   85 3     -2  1.7415  2.0277   82773.4   15370.1    6588.3  1.7071  2.0291   76138.5   94159.4 -139890.8
        nan       nan      -nan       nan       nan       nan       nan       nan       nan       nan
   86 3     -1  1.7024  1.9436   73517.5    8224.9    3726.9  1.7071  2.0291   71253.9   88353.4 -142752.1
        nan       nan      -nan       nan       nan       nan       nan       nan       nan       nan
   87 3      0  1.7578  1.9777   75085.4    7410.3    2868.0  1.7071  2.0291   69787.6   86610.5 -143611.1
        nan       nan      -nan       nan       nan       nan       nan       nan       nan       nan
vertex track :        270   3  88    4807727  1.9007  1.8047   62736.8   77351.3     173.7   211     nan
   85 3     -2  1.8473  1.7271   68001.8    8213.7    6557.2  1.9004  1.8112   75207.7   91131.5 -139926.8
        nan       nan      -nan       nan       nan       nan       nan       nan       nan       nan
   86 1     -1  2.0029  1.8215   66424.5   82393.8    3495.5  1.9004  1.8112   69389.1   85586.3 -142988.5
        nan       nan      -nan       nan       nan       nan       nan       nan       nan       nan
   87 1      0  1.8015  1.7208   61719.3   80704.1    2670.0  1.9004  1.8112   67820.3   84091.2 -143814.0
        nan       nan      -nan       nan       nan       nan       nan       nan       nan       nan
vertex track :        289   3  88    5698474  0.3630 -0.5139   67497.9   82186.5     172.5   211     nan
   85 1     -2  0.3611 -0.5074   76799.3   81039.9    6588.7  0.3586 -0.5100   70168.1   81158.6 -139882.1
        nan       nan      -nan       nan       nan       nan       nan       nan       nan       nan
   86 1     -1  0.3542 -0.4991   71584.4   82580.9    3715.6  0.3586 -0.5100   69137.9   82624.0 -142755.2
        nan       nan      -nan       nan       nan       nan       nan       nan       nan       nan
   87 1      0  0.3828 -0.5065   75058.2   82746.9    2870.5  0.3586 -0.5100   68834.9   83055.0 -143600.3
        nan       nan      -nan       nan       nan       nan       nan       nan       nan       nan
