groupid:   3250, ntrk: 17
vertex track :          0   3  87    1043431 -0.1265 -0.0833   73843.3   83795.2     278.7    13  2122.6
   88 1      1 -0.1265 -0.0832   67581.1   82076.4   -2869.4 -0.1253 -0.0829   68011.1   84364.6 -146779.3
       17.7       2.7   67567.8   82064.4   67570.9   82066.4   67804.3   82298.3   67564.9   82068.9
   89 1      2 -0.1258 -0.0838   69830.0   84027.4   -3714.0 -0.1253 -0.0829   68117.0   84434.5 -147623.9
       21.9       6.1   69815.1   84010.2   69825.2   84016.9   70054.8   84254.5   69808.4   84020.3
   90 1      3 -0.1269 -0.0829   72761.1   82968.9   -6584.8 -0.1253 -0.0829   68476.8   84672.4 -150494.7
       35.9      11.9   72737.5   82939.3   72771.0   82961.2   72994.6   83208.4   72724.5   82959.2
vertex track :         24   3  87     527537 -1.0623 -0.0866   71987.8   83820.1     280.6   211     nan
   88 3      1 -1.1000 -0.0883   82212.4    7728.6   -2625.5 -1.0612 -0.0877   68841.3   84379.9 -146534.2
        nan       nan      -nan       nan       nan       nan       nan       nan       nan       nan
   89 1      2 -1.0418 -0.0752   79782.3   84489.6   -3453.2 -1.0612 -0.0877   69719.7   84452.6 -147361.9
        nan       nan      -nan       nan       nan       nan       nan       nan       nan       nan
   90 3      3 -1.0590  0.0074   81439.6    7027.9   -6958.1 -1.0612 -0.0877   73439.3   84760.1 -150866.8
        nan       nan      -nan       nan       nan       nan       nan       nan       nan       nan
vertex track :         43   3  87    1185827  1.3751 -2.1298   77534.0   78696.0     270.1     0  8413.8
   88 1      1  1.3838 -2.1324   67282.8   82405.2   -2869.2  1.3709 -2.1772   66989.3   85788.5 -146774.6
      335.5      12.0   67475.5   82130.3   67400.8   82245.3   67301.5   82887.9   67455.3   82117.2
   89 3      2  1.3663 -2.1341   67688.7    6157.6   -3714.8  1.3709 -2.1772   65830.1   87629.4 -147620.2
      409.2      16.3   67923.1    5821.8   67768.7    6062.9   67665.7    6701.3   67895.6    5804.2
   90 3      3  1.3711 -2.1192   66467.6   13436.9   -6585.6  1.3709 -2.1772   61894.4   93879.6 -150491.0
      671.3      28.8   66856.3   12888.9   66415.0   13571.1   66290.1   14192.7   66808.0   12857.7
vertex track :         45   3  87    1186363  0.1223 -2.6512   74342.4   79908.5     274.8   211   397.6
   88 3      1  0.0332 -2.5767   81151.0   11209.1   -2629.1  0.1171 -2.6613   67765.8   87926.3 -146532.4
      379.4      60.9   81216.8   10830.6   81214.0   11048.1   81295.2   11795.1   81095.0   10829.0
   89 3      2  0.1556 -2.7636   77245.1   10280.3   -3452.1  0.1171 -2.6613   67669.4   90116.3 -147355.3
      597.9     152.0   77430.5    9692.0   77396.0   10305.4   77269.8   11075.9   77126.9    9674.9
   90 3      3  0.1256 -2.6581   76014.6   20122.2   -6953.0  0.1171 -2.6613   67259.5   99433.4 -150856.3
     1232.0     342.4   76414.7   18907.7   76324.8   20810.8   75824.6   21544.0   75730.8   18875.4
vertex track :         58   3  87    1924083  2.2191 -1.7338   80234.3   79000.8     268.9   211     nan
   88 1      1  2.2503 -1.7369   67747.7   81655.5   -2866.2  2.2325 -1.7842   66995.8   84831.6 -146778.5
        nan       nan      -nan       nan       nan       nan       nan       nan       nan       nan
   89 1      2  2.2355 -1.7148   68065.6   84912.6   -3717.2  2.2325 -1.7842   65095.9   86350.0 -147629.5
        nan       nan      -nan       nan       nan       nan       nan       nan       nan       nan
   90 3      3  2.2239 -1.7236   63339.7   10972.0   -6584.7  2.2325 -1.7842   58694.3   91466.1 -150497.0
        nan       nan      -nan       nan       nan       nan       nan       nan       nan       nan
vertex track :         66   3  87    1951371  2.9433 -0.6812   81874.4   81864.2     271.7     0 10001.0
   88 3      1  3.0752 -0.7917   80492.5    7536.2   -2633.2  2.9804 -0.7169   67004.0   84215.3 -146555.5
      418.7      12.5   80901.1    7444.0   80736.0    7486.5   80297.1    7837.7   80894.9    7419.7
   89 1      2  3.0366 -0.7644   74964.6   84865.4   -3469.2  2.9804 -0.7169   64512.5   84814.6 -147391.4
      519.0      17.1   75472.1   84755.3   75103.2   84848.2   74670.1   85184.7   75463.8   84722.0
   90 3      3  2.7584 -0.8080   64928.8    8946.1   -6922.3  2.9804 -0.7169   54220.8   87290.2 -150844.5
      953.0      33.8   65852.9    8710.7   64603.0    9076.8   64217.5    9390.7   65833.9    8645.7
vertex track :         84   3  87    4082523  1.0590 -1.0181   75399.4   82570.9     217.1   211     nan
   88 1      1  1.0496 -1.0260   65973.8   83335.2   -2866.7  1.0611 -1.0228   65899.7   86035.1 -146717.0
        nan       nan      -nan       nan       nan       nan       nan       nan       nan       nan
   89 3      2  1.0525 -1.0110   66646.8    6131.5   -3716.8  1.0611 -1.0228   64997.6   86904.5 -147567.1
        nan       nan      -nan       nan       nan       nan       nan       nan       nan       nan
   90 3      3  1.0567 -1.0256   66531.5    9596.8   -6584.4  1.0611 -1.0228   61954.7   89837.4 -150434.7
        nan       nan      -nan       nan       nan       nan       nan       nan       nan       nan
vertex track :        163   3  88     580683  1.3196 -0.5320   66891.7   82257.0     230.5   211     nan
   85 1     -2  1.3193 -0.5307   82439.3   80985.0    6584.4  1.3139 -0.5258   75608.5   81159.3 -139945.8
        nan       nan      -nan       nan       nan       nan       nan       nan       nan       nan
   86 1     -1  1.2711 -0.5047   74368.0   82494.1    3719.0  1.3139 -0.5258   71843.7   82666.0 -142811.2
        nan       nan      -nan       nan       nan       nan       nan       nan       nan       nan
   87 1      0  1.3160 -0.5475   77019.4   82830.5    2874.9  1.3139 -0.5258   70734.6   83109.9 -143655.4
        nan       nan      -nan       nan       nan       nan       nan       nan       nan       nan
vertex track :        172   3  88    1061953  0.6459  1.3682   66705.0   80510.3     230.9   211     nan
   85 3     -2  0.6349  1.4492   63790.0    8721.6    6606.9  0.6489  1.3763   71202.4   91531.2 -139924.7
        nan       nan      -nan       nan       nan       nan       nan       nan       nan       nan
   86 1     -1  0.6951  1.3996   65660.0   83937.0    3487.9  0.6489  1.3763   69178.5   87238.5 -143043.7
        nan       nan      -nan       nan       nan       nan       nan       nan       nan       nan
   87 1      0  0.6404  1.3345   62139.9   82568.1    2669.6  0.6489  1.3763   68647.6   86112.3 -143862.0
        nan       nan      -nan       nan       nan       nan       nan       nan       nan       nan
vertex track :        200   3  88    1473960  2.3627  1.3731   63735.9   79722.5     233.9     0  1244.5
   85 3     -2  2.3610  1.3232   85973.4   11964.2    6588.2  2.3574  1.3776   79065.8   90712.6 -139953.5
      758.4      95.6   86588.2   12418.4   85760.9   11954.7   85570.9   11721.4   86681.7   12251.6
   86 3     -1  2.3542  1.4216   74793.8    6745.4    3710.2  2.3574  1.3776   72281.3   86748.1 -142831.4
      431.0      46.1   75138.9    7007.6   74895.3    6860.5   74660.9    6694.5   75186.6    6928.7
   87 3      0  2.3892  1.4153   75731.8    6537.6    2862.0  2.3574  1.3776   70281.5   85579.5 -143679.7
      332.6      19.4   76008.1    6723.8   75937.5    6682.0   75668.0    6562.7   76027.9    6690.4
vertex track :        244   3  88    2407685  2.6431  1.2741   67206.9   81871.3     230.4   211     nan
   85 3     -2  2.6280  1.2326   77442.0    9469.1    6491.3  2.6358  1.2592   84076.5   92001.1 -140038.3
        nan       nan      -nan       nan       nan       nan       nan       nan       nan       nan
   86 1     -1  2.6062  1.2669   73594.2   84949.1    3448.8  2.6358  1.2592   76057.1   88170.2 -143080.8
        nan       nan      -nan       nan       nan       nan       nan       nan       nan       nan
   87 1      0  2.7345  1.1915   68233.9   83445.2    2647.6  2.6358  1.2592   73945.4   87161.4 -143881.9
        nan       nan      -nan       nan       nan       nan       nan       nan       nan       nan
vertex track :        252   3  88    4289393  1.7374  1.6293   63858.6   78554.3     172.7     0 10001.0
   85 3     -2  1.6896  1.6219   82049.4   12492.5    6592.0  1.7376  1.6358   75358.9   91283.6 -139888.3
      567.9      24.8   82441.9   12903.7   81977.3   12457.7   81868.5   12292.9   82476.2   12867.9
   86 3     -1  1.7522  1.6330   72727.9    6471.6    3714.2  1.7376  1.6358   70358.6   86576.0 -142766.1
      335.2      13.4   72964.0    6710.0   72841.6    6595.9   72703.7    6444.9   72982.3    6690.3
   87 1      0  1.7612  1.6770   75026.0   84836.4    2868.8  1.7376  1.6358   68889.6   85193.1 -143611.5
      271.3       9.8   75215.8   85030.6   75192.6   85008.5   75048.0   84853.9   75229.2   85016.4
vertex track :        257   3  88    4309099  0.4757  0.9440   66499.6   80143.8     172.6   211     nan
   85 1     -2  0.4481  0.8903   62562.7   84288.0    6579.8  0.4773  0.9500   69916.1   88473.2 -139894.0
        nan       nan      -nan       nan       nan       nan       nan       nan       nan       nan
   86 1     -1  0.4775  0.9342   64866.2   82030.6    3511.6  0.4773  0.9500   68451.6   85558.5 -142962.2
        nan       nan      -nan       nan       nan       nan       nan       nan       nan       nan
   87 1      0  0.4866  0.9470   61443.8   81012.9    2677.4  0.4773  0.9500   68053.4   84766.0 -143796.3
        nan       nan      -nan       nan       nan       nan       nan       nan       nan       nan
vertex track :        263   3  88    4310091  1.0997 -0.4421   64588.0   82934.2     177.5   211     nan
   85 1     -2  1.1034 -0.4236   78711.8   82258.4    6587.5  1.0950 -0.4372   71973.5   82367.9 -139894.8
        nan       nan      -nan       nan       nan       nan       nan       nan       nan       nan
   86 1     -1  1.1300 -0.4592   71272.8   83536.7    3718.2  1.0950 -0.4372   68831.7   83622.4 -142764.1
        nan       nan      -nan       nan       nan       nan       nan       nan       nan       nan
   87 1      0  1.0824 -0.4669   74087.8   83697.7    2871.6  1.0950 -0.4372   67904.7   83992.6 -143610.7
        nan       nan      -nan       nan       nan       nan       nan       nan       nan       nan
vertex track :        266   3  88    4806804 -1.3535  1.9255   69827.9   78737.8     168.9   211   258.1
   85 3     -2 -1.3698  1.9459   53727.6   10647.8    6627.5 -1.3396  1.9600   61535.9   93628.7 -139835.7
     1220.2     424.7   52678.0   11401.2   53795.1    9814.2   54985.9   10106.4   53372.5   11890.1
   86 1     -1 -1.3477  1.9265   61431.2   84296.6    3517.5 -1.3396  1.9600   65702.1   87533.0 -142945.7
      579.5     190.8   60942.7   84662.1   61324.0   84117.0   62128.3   84143.0   61255.3   84880.8
   87 1      0 -1.4836  1.9350   59524.5   82360.2    2690.3 -1.3396  1.9600   66810.3   85911.6 -143772.9
      311.6      71.1   59278.5   82564.2   59346.2   82476.0   59979.1   82368.0   59391.3   82650.7
vertex track :        269   3  88    4807542  1.7054  2.0214   64838.5   78911.9     173.8   211     nan
   85 3     -2  1.7415  2.0277   82773.4   15370.1    6588.3  1.7071  2.0291   76138.5   94159.4 -139890.8
        nan       nan      -nan       nan       nan       nan       nan       nan       nan       nan
   86 3     -1  1.7024  1.9436   73517.5    8224.9    3726.9  1.7071  2.0291   71253.9   88353.4 -142752.1
        nan       nan      -nan       nan       nan       nan       nan       nan       nan       nan
   87 3      0  1.7578  1.9777   75085.4    7410.3    2868.0  1.7071  2.0291   69787.6   86610.5 -143611.1
        nan       nan      -nan       nan       nan       nan       nan       nan       nan       nan
vertex track :        289   3  88    5698474  0.3630 -0.5139   67497.9   82186.5     172.5   211     nan
   85 1     -2  0.3726 -0.5299   62840.8   76757.4    6513.4  0.3586 -0.5100   70141.1   81197.0 -139957.4
        nan       nan      -nan       nan       nan       nan       nan       nan       nan       nan
   86 1     -1  0.3764 -0.5235   65494.7   78639.5    3505.1  0.3586 -0.5100   69062.4   82731.4 -142965.7
        nan       nan      -nan       nan       nan       nan       nan       nan       nan       nan
   87 1      0  0.3516 -0.5233   62062.0   78905.1    2661.2  0.3586 -0.5100   68759.8   83161.8 -143809.7
        nan       nan      -nan       nan       nan       nan       nan       nan       nan       nan
