groupid:   3742, ntrk:  8
vertex track :          0   3  39    7342460  0.1972  0.4174  174230.3  143910.8     233.3    13   487.7
   40 4      1  0.1949  0.4195   56268.4   63536.9   -2868.9  0.2010  0.4208  173924.3  141898.5  -57046.8
       48.0      12.5   56277.3   63585.7   56277.8   63586.8   56469.6   63698.6   56299.9   63575.2
   41 4      2  0.1969  0.4195   61218.3   63036.2   -3719.7  0.2010  0.4208  173753.3  141540.4  -57897.7
       63.5      29.9   61218.2   63106.4   61205.6   63079.5   61428.6   63176.5   61272.3   63081.0
   42 4      3  0.1993  0.4162   54411.2   60180.8   -6588.8  0.2010  0.4208  173176.6  140333.0  -60766.8
      107.1      58.8   54404.4   60302.8   54353.7   60197.1   54628.2   60269.3   54510.5   60252.0
vertex track :          6   3  39    7300597  0.8592 -1.7019  176445.8  137099.1     226.5   211     nan
   40 4      1  1.0665 -1.9682   51895.9   63289.6   -3702.1  0.8299 -1.6877  173428.3  143011.6  -57839.9
        nan       nan      -nan       nan       nan       nan       nan       nan       nan       nan
   41 4      2  1.3568 -1.9815   46396.6   65017.0   -4536.2  0.8299 -1.6877  172736.1  144419.2  -58673.9
        nan       nan      -nan       nan       nan       nan       nan       nan       nan       nan
   42 4      3  0.9710 -1.6497   49921.7   71530.1   -7627.1  0.8299 -1.6877  170171.0  149635.6  -61764.8
        nan       nan      -nan       nan       nan       nan       nan       nan       nan       nan
vertex track :         85   3  39    8219707  1.0428 -0.9605  175767.2  141133.0     229.3     0 10000.5
   40 4      1  1.0471 -0.9542   54671.1   65858.4   -2867.9  1.0234 -0.9564  172887.5  143383.0  -57027.3
      147.1       7.8   54785.1   65765.1   54787.5   65762.8   54768.2   66160.8   54774.6   65753.6
   41 4      2  1.0399 -0.9536   58914.0   66420.1   -3716.9  1.0234 -0.9564  172018.8  144194.9  -57876.2
      175.0      10.2   59049.9   66309.3   59010.3   66345.6   58989.2   66739.9   59036.1   66294.3
   42 4      3  1.0443 -0.9622   49538.6   67946.7   -6586.1  1.0234 -0.9564  169082.4  146939.1  -60745.5
      277.5      17.8   49754.8   67771.7   49565.9   67945.8   49533.5   68330.6   49730.6   67745.5
vertex track :        257   3  40    7370530  0.2024  0.4255  175705.2  142588.2     234.6   211     nan
   37 4     -2  0.2082  0.4228   57771.8   66196.6    6581.7  0.2070  0.4234  175118.1  144326.1  -51297.3
        nan       nan      -nan       nan       nan       nan       nan       nan       nan       nan
   38 4     -1  0.2107  0.4221   58856.8   65932.2    3723.2  0.2070  0.4234  174526.4  143115.9  -54155.8
        nan       nan      -nan       nan       nan       nan       nan       nan       nan       nan
   39 4      0  0.1945  0.4358   55544.3   64375.9    2865.6  0.2070  0.4234  174348.9  142752.8  -55013.4
        nan       nan      -nan       nan       nan       nan       nan       nan       nan       nan
vertex track :        262   3  40    7370749  0.9660 -0.0018  175500.2  142771.2     235.6   211     nan
   37 4     -2  1.0021  0.0174   65392.2   61186.3    7031.6  0.9662 -0.0056  180167.1  141783.8  -50848.8
        nan       nan      -nan       nan       nan       nan       nan       nan       nan       nan
   38 4     -1  0.8873 -0.1146   62126.4   61391.4    4570.8  0.9662 -0.0056  177789.5  141797.7  -53309.6
        nan       nan      -nan       nan       nan       nan       nan       nan       nan       nan
   39 4      0  0.8587 -0.0122   62311.0   62815.4    3708.8  0.9662 -0.0056  176956.6  141802.6  -54171.7
        nan       nan      -nan       nan       nan       nan       nan       nan       nan       nan
vertex track :        278   3  40    7372181  1.3899  0.7240  171226.3  141419.8     238.7   211     nan
   37 4     -2  1.4000  0.7082   61614.4   67072.3    6588.5  1.3996  0.7146  178178.3  145028.9  -51303.4
        nan       nan      -nan       nan       nan       nan       nan       nan       nan       nan
   38 4     -1  1.4301  0.7184   59808.0   66156.0    3713.4  1.3996  0.7146  174154.3  142974.3  -54178.5
        nan       nan      -nan       nan       nan       nan       nan       nan       nan       nan
   39 4      0  1.3910  0.7196   55478.3   64309.3    2862.8  1.3996  0.7146  172963.8  142366.5  -55029.1
        nan       nan      -nan       nan       nan       nan       nan       nan       nan       nan
vertex track :        355   3  40    8002159 -2.0372  2.5030  180775.9  137919.9     228.0     0  3601.4
   37 4     -2 -2.3261  2.2992   50796.8   72784.7    6989.0 -2.0164  2.5411  165171.4  154111.8  -50865.8
     1015.0      52.4   50038.0   73461.0   50993.3   72516.8   51763.1   72320.7   50111.7   73535.5
   38 4     -1 -1.9714  2.6849   56211.2   65936.2    4540.2 -2.0164  2.5411  170109.3  147888.9  -53314.7
      662.9      30.9   55793.9   66452.2   56164.7   65947.3   56836.5   65632.8   55843.7   66488.8
   39 4      0 -1.8636  2.5845   58858.4   65093.9    3712.9 -2.0164  2.5411  171777.5  145786.7  -54142.0
      544.9      18.6   58524.6   65525.0   58770.6   65183.8   59400.3   64875.5   58554.8   65546.8
vertex track :        400   3  40    8039201  4.4009  0.3558  172807.8  142592.1     237.8     0  4898.0
   37 4     -2  4.4065  0.2990   83451.3   65354.7    6582.2  4.3842  0.3345  198710.4  143776.1  -51305.7
     1667.4      58.9   85110.9   65526.4   82709.1   65363.4   82006.1   65393.3   85118.8   65408.8
   38 4     -1  4.3959  0.2759   75063.2   65337.5    3717.9  4.3842  0.3345  186152.6  142818.1  -54170.0
      939.4      29.9   75998.9   65426.2   75046.9   65366.4   74341.9   65459.1   76002.6   65366.5
   39 4      0  4.6037  0.3073   68221.1   64083.3    2869.3  4.3842  0.3345  182432.4  142534.3  -55018.5
      728.3      17.4   68946.6   64149.1   68460.0   64116.7   67710.2   64227.7   68948.9   64114.4
