groupid:   3978, ntrk: 18
vertex track :          0   3 121   14026060  0.0468 -0.0555  133317.7  166700.4     409.5    13  1732.9
  122 6      1  0.0461 -0.0561   13418.3    6012.9   -2867.4  0.0480 -0.0566  131005.5  166527.7 -210352.2
       13.3       3.1   13429.2    6004.6   13422.0    6013.3   13617.6    6231.1   13424.4    6000.6
  123 6      2  0.0464 -0.0556   14990.7    6638.3   -3718.2  0.0480 -0.0566  130964.6  166575.9 -211203.0
       17.5       7.4   15007.6    6629.6   14994.8    6644.9   15183.8    6857.0   14996.2    6620.1
  124 6      3  0.0465 -0.0558   13133.2    5957.2   -6586.4  0.0480 -0.0566  130827.0  166738.3 -214071.2
       29.9      14.3   13163.4    5943.3   13134.8    5977.6   13313.1    6180.9   13141.4    5925.0
vertex track :         33   3 121   12390711 -1.6358 -1.7594  129321.8  162664.0     277.6   211     nan
  122 6      1 -1.4028 -1.9197   13144.6    7862.7   -2920.8 -1.6308 -1.7314  132373.3  167887.5 -210270.7
        nan       nan      -nan       nan       nan       nan       nan       nan       nan       nan
  123 6      2 -1.5982 -1.8855   15733.1    8662.9   -3736.3 -1.6308 -1.7314  133703.2  169299.5 -211086.2
        nan       nan      -nan       nan       nan       nan       nan       nan       nan       nan
  124 6      3 -1.5850 -1.9663   18543.3   15951.1   -6670.7 -1.6308 -1.7314  138488.6  174380.2 -214020.6
        nan       nan      -nan       nan       nan       nan       nan       nan       nan       nan
vertex track :         36   3 121   13190360 -1.7012  0.1630  129019.2  167243.8     281.1  2212   937.2
  122 6      1 -1.7001  0.1832   14223.3    5899.7   -2867.7 -1.6908  0.1860  132186.8  166340.6 -210218.0
      196.1      23.9   14025.8    5896.9   14058.7    5893.3   14629.1    6112.7   14031.0    5944.5
  123 6      2 -1.6999  0.1708   17233.0    6343.3   -3717.8 -1.6908  0.1860  133624.1  166182.5 -211068.1
      253.2      55.8   16975.5    6313.1   17122.4    6298.3   17698.8    6583.6   16986.6    6424.0
  124 4      3 -1.7111  0.1648   21054.7   86747.0   -6582.6 -1.6908  0.1860  138467.8  165649.7 -213932.8
      423.0     108.8   20623.2   86679.2   21106.0   86632.7   21694.5   87024.9   20644.1   86895.8
vertex track :         52   3 121   14025777 -0.0939  1.2213  133257.1  167239.5     406.7   211     nan
  122 4      1 -0.1435  1.1024   12553.5   85038.1   -2926.6 -0.0874  1.2229  131395.8  162806.4 -210408.2
        nan       nan      -nan       nan       nan       nan       nan       nan       nan       nan
  123 4      2 -0.1537  1.1500   12637.0   84427.5   -3744.6 -0.0874  1.2229  131467.3  161806.1 -211226.2
        nan       nan      -nan       nan       nan       nan       nan       nan       nan       nan
  124 4      3 -0.0442  1.2763   12844.4   82471.9   -6667.1 -0.0874  1.2229  131722.8  158232.1 -214148.7
        nan       nan      -nan       nan       nan       nan       nan       nan       nan       nan
vertex track :         54   3 121   14026017 -0.0260 -0.1980  133141.2  166346.3     407.4     0  2179.7
  122 6      1 -0.0284 -0.1973   13443.2    6061.4   -2867.9 -0.0257 -0.1991  131068.1  166640.1 -210350.6
       22.7       3.0   13443.0    6038.5   13443.5    6042.0   13653.5    6294.1   13437.0    6039.4
  123 6      2 -0.0275 -0.1975   15084.7    6802.9   -3718.3 -0.0257 -0.1991  131089.9  166809.4 -211201.0
       27.6       6.4   15087.2    6774.7   15089.0    6787.9   15292.1    7041.0   15074.6    6776.5
  124 6      3 -0.0274 -0.1974   13445.2    6541.3   -6585.8 -0.0257 -0.1991  131163.5  167380.3 -214068.5
       44.2      12.2   13451.2    6495.9   13457.6    6541.9   13649.1    6796.5   13427.0    6499.2
vertex track :        106   3 121   15980701  2.2242  2.6813  136482.8  170666.1     409.7   211     nan
  122 4      1  2.0819  2.7009    9172.9   84232.8   -2926.6  2.2468  2.6773  126859.2  161367.0 -210413.1
        nan       nan      -nan       nan       nan       nan       nan       nan       nan       nan
  123 4      2  2.2220  2.7662    7406.6   82179.7   -3748.5  2.2468  2.6773  125012.6  159166.5 -211235.0
        nan       nan      -nan       nan       nan       nan       nan       nan       nan       nan
  124 3      3  1.9672  2.7637  120784.0   76499.9   -6682.1  2.2468  2.6773  118421.5  151312.5 -214168.6
        nan       nan      -nan       nan       nan       nan       nan       nan       nan       nan
vertex track :        118   3 121   16008338  4.2720  3.7250  139344.1  171761.8     406.5     0   850.7
  122 4      1  4.2474  3.7356    7224.2   81055.6   -2867.9  4.3163  3.7203  123097.1  159199.6 -210354.1
     1491.7      96.1    8280.9   82112.9    6932.6   80927.1    6381.9   80212.1    8407.8   81968.6
  123 3      2  4.3049  3.6817  125624.0   80267.7   -3718.9  4.3163  3.7203  119423.7  156033.5 -211205.2
     2163.4     226.7  127120.8   81846.1  124736.6   79807.0  124341.5   78903.1  127415.5   81501.6
  124 3      3  4.2782  3.6789  111686.3   67622.2   -6587.2  4.3163  3.7203  107043.4  145362.7 -214073.4
     3832.7     437.7  114307.0   70453.0  109393.4   66227.7  109280.0   65005.1  114877.7   69789.2
vertex track :        124   3 121   16037253  0.4610  4.2162  133865.8  178160.3     420.8     0 10001.0
  122 6      1  0.4587  3.7661   11458.2    6278.0   -2926.8  0.4811  4.2137  130152.0  163721.1 -210415.9
      839.7      19.5   11540.3    7113.9   11433.6    6237.7   11586.5    5655.9   11579.1    7109.2
  123 4      2  0.1422  4.2852   11232.8   84293.3   -3750.2  0.4811  4.2137  129755.9  160251.6 -211239.3
     1030.0      26.5   11240.5   85323.7   11202.0   84164.7   11435.3   83477.3   11293.5   85321.9
  124 4      3  0.4248  4.5156    9622.7   73588.2   -6661.8  0.4811  4.2137  128355.0  147983.1 -214150.9
     1714.6      46.5    9737.0   75299.5    9505.1   72833.8    9718.9   72091.3    9829.6   75290.8
vertex track :        136   3 122    7673562 -1.8396  1.6684  136617.3  163787.9     293.5   211     nan
  119 5     -2 -1.8217  1.7132  122712.4   15481.1    6597.4 -1.8323  1.6581  121739.7  174846.9 -203715.0
        nan       nan      -nan       nan       nan       nan       nan       nan       nan       nan
  120 6     -1 -1.7433  1.6461   10584.7   11521.3    3715.6 -1.8323  1.6581  127020.0  170068.6 -206596.8
        nan       nan      -nan       nan       nan       nan       nan       nan       nan       nan
  121 6      0 -1.8912  1.6766   10812.1    9813.1    2871.5 -1.8323  1.6581  128566.5  168669.1 -207440.9
        nan       nan      -nan       nan       nan       nan       nan       nan       nan       nan
vertex track :        137   3 122    7673658 -0.6496  1.1690  136370.9  162256.9     293.4   211     nan
  119 6     -2 -0.7281  1.1272   10708.7   13702.7    7532.0 -0.6486  1.1656  128350.0  171297.8 -202782.1
        nan       nan      -nan       nan       nan       nan       nan       nan       nan       nan
  120 6     -1 -0.6424  1.2021   13858.5    5953.4    3762.0 -0.6486  1.1656  130795.4  166903.6 -206552.1
        nan       nan      -nan       nan       nan       nan       nan       nan       nan       nan
  121 6      0 -0.6507  1.2603   15386.8    5812.2    2956.1 -0.6486  1.1656  131318.1  165964.4 -207357.9
        nan       nan      -nan       nan       nan       nan       nan       nan       nan       nan
vertex track :        141   3 122    7675425  1.0027  1.5053  132083.7  162207.9     300.3   211     nan
  119 6     -2  1.0122  1.5046   19526.7   12718.2    6590.7  0.9966  1.4950  135028.8  172232.5 -203719.6
        nan       nan      -nan       nan       nan       nan       nan       nan       nan       nan
  120 6     -1  0.9478  1.4952   16773.1    9355.5    3718.6  0.9966  1.4950  132166.4  167938.8 -206591.7
        nan       nan      -nan       nan       nan       nan       nan       nan       nan       nan
  121 6      0  0.9939  1.5045   14703.5    7761.4    2869.8  0.9966  1.4950  131320.4  166669.7 -207440.5
        nan       nan      -nan       nan       nan       nan       nan       nan       nan       nan
vertex track :        143   3 122    7675938  0.2743  0.9070  133753.8  163420.1     297.4   211     nan
  119 6     -2  0.2934  0.9229   14167.4   13076.7    7494.3  0.2721  0.9016  132378.0  170515.7 -202815.7
        nan       nan      -nan       nan       nan       nan       nan       nan       nan       nan
  120 6     -1  0.2657  0.9082   14697.6    6163.9    3761.5  0.2721  0.9016  131362.4  167150.2 -206548.5
        nan       nan      -nan       nan       nan       nan       nan       nan       nan       nan
  121 6      0  0.3380  0.8932   15407.1    6212.4    2949.0  0.2721  0.9016  131141.4  166417.7 -207361.0
        nan       nan      -nan       nan       nan       nan       nan       nan       nan       nan
vertex track :        145   3 122    7676505  0.5944  1.5492  132963.1  162408.8     298.4   211     nan
  119 6     -2  0.6091  1.5514   17309.5   13107.9    6579.1  0.5884  1.5399  133331.2  172694.5 -203731.2
        nan       nan      -nan       nan       nan       nan       nan       nan       nan       nan
  120 6     -1  0.5799  1.5722   16068.8    9662.1    3715.8  0.5884  1.5399  131646.5  168285.3 -206594.6
        nan       nan      -nan       nan       nan       nan       nan       nan       nan       nan
  121 6      0  0.5630  1.5591   14343.4    8061.0    2871.9  0.5884  1.5399  131150.0  166985.9 -207438.4
        nan       nan      -nan       nan       nan       nan       nan       nan       nan       nan
vertex track :        158   3 122    8516226  0.9102  0.4979  132187.6  164517.8     302.4   211     nan
  119 6     -2  1.0871  0.5750   16998.8   11529.4    7448.8  0.9098  0.4901  135354.6  168636.4 -202860.5
        nan       nan      -nan       nan       nan       nan       nan       nan       nan       nan
  120 6     -1  0.9942  0.5254   15499.9    5785.1    3757.5  0.9098  0.4901  131996.4  166827.1 -206551.9
        nan       nan      -nan       nan       nan       nan       nan       nan       nan       nan
  121 6      0  0.9647  0.5409   15720.3    6112.6    2953.1  0.9098  0.4901  131264.5  166432.8 -207356.3
        nan       nan      -nan       nan       nan       nan       nan       nan       nan       nan
vertex track :        196   3 122   11374691  1.5057 -0.2279  133133.7  166062.8     236.3   211     nan
  119 4     -2  1.5044 -0.2147   24518.1   85361.9    6589.5  1.5188 -0.2305  139442.0  165208.7 -203653.9
        nan       nan      -nan       nan       nan       nan       nan       nan       nan       nan
  120 6     -1  1.4489 -0.2361   19708.5    6675.7    3719.7  1.5188 -0.2305  135083.4  165870.2 -206523.7
        nan       nan      -nan       nan       nan       nan       nan       nan       nan       nan
  121 6      0  1.4902 -0.2164   17199.3    6493.6    2870.0  1.5188 -0.2305  133792.9  166066.0 -207373.4
        nan       nan      -nan       nan       nan       nan       nan       nan       nan       nan
vertex track :        201   3 122   11403566 -1.9739 -2.0121  137667.0  169181.5     228.1   211     nan
  119 3     -2 -2.0704 -2.0932  124191.4   81193.2    7660.1 -1.9714 -2.0148  119683.5  154824.7 -202580.9
        nan       nan      -nan       nan       nan       nan       nan       nan       nan       nan
  120 4     -1 -1.8951 -1.8332    9364.0   82979.8    3791.7 -1.9714 -2.0148  127309.8  162618.8 -206449.3
        nan       nan      -nan       nan       nan       nan       nan       nan       nan       nan
  121 4      0 -2.1354 -1.9449   12505.1   85418.2    2947.0 -1.9714 -2.0148  128974.9  164320.5 -207294.0
        nan       nan      -nan       nan       nan       nan       nan       nan       nan       nan
vertex track :        209   3 122   11868560  1.8077  1.0783  133374.0  165270.4     235.2     0   793.7
  119 6     -2  1.8136  1.0731   26826.2   12539.0    6584.7  1.8184  1.0819  141581.2  172748.7 -203659.4
      520.9     105.7   27220.7   12895.2   26704.9   12590.0   26643.5   12393.8   27328.4   12713.2
  120 6     -1  1.8348  1.0310   21009.7   10778.1    3717.5  1.8184  1.0819  136367.5  169646.7 -206526.6
      297.6      50.9   21244.2   10968.3   21110.7   10893.2   20987.0   10799.1   21294.1   10879.6
  121 6      0  1.8646  1.1035   18314.5    9540.4    2872.5  1.8184  1.0819  134830.9  168732.5 -207371.6
      227.7      20.5   18500.0    9674.0   18499.7    9673.9   18340.9    9617.9   18520.9    9638.7
vertex track :        219   3 122   11896224  1.2782 -1.5003  131974.9  168670.2     240.0   211     nan
  119 4     -2  1.2753 -1.4893   19042.4   84212.7    7582.0  1.2934 -1.5125  138123.3  158180.0 -202658.2
        nan       nan      -nan       nan       nan       nan       nan       nan       nan       nan
  120 4     -1  1.1981 -1.4486   15563.8   84669.0    3770.0  1.2934 -1.5125  133192.8  163945.8 -206470.2
        nan       nan      -nan       nan       nan       nan       nan       nan       nan       nan
  121 4      0  1.1838 -1.5078   16190.6   86327.5    2951.2  1.2934 -1.5125  132133.8  165184.2 -207289.0
        nan       nan      -nan       nan       nan       nan       nan       nan       nan       nan
