groupid:   4033, ntrk: 12
vertex track :          0   3  55    9920634  0.0635 -0.1493  115670.9  166322.2     115.3    13  2427.7
   56 5      1  0.0629 -0.1493  119323.1    8747.5   -2867.8  0.0666 -0.1516  113483.6  167896.8  -87463.0
       17.9       2.3  119332.2    8731.8  119331.4    8733.5  119524.0    8972.9  119327.9    8730.0
   57 5      2  0.0628 -0.1495  117707.2   11485.4   -3719.2  0.0666 -0.1516  113426.9  168025.9  -88314.4
       22.1       5.2  117720.6   11467.0  117716.6   11476.4  117904.0   11713.6  117711.0   11463.0
   58 5      3  0.0621 -0.1503  117051.8   13282.0   -6581.6  0.0666 -0.1516  113236.3  168459.7  -91176.8
       36.3      10.2  117075.1   13252.4  117060.4   13288.0  117238.5   13521.6  117056.2   13244.6
vertex track :          2   3  55    5611471  0.7819 -0.8957  117206.3  164394.8     161.5     0  2762.8
   56 5      1  0.7732 -0.9350  112406.3    5711.8   -2496.5  0.7925 -0.9172  113125.2  167919.2  -87142.8
      108.0       6.5  112480.1    5632.7  112504.9    5602.8  112543.2    5999.9  112470.1    5624.4
   57 5      2  0.7026 -0.8596  111130.9   12521.2   -3306.7  0.7925 -0.9172  112483.1  168662.3  -87953.0
      128.0      10.7  111220.2   12428.8  111205.8   12446.5  111252.3   12822.6  111203.6   12415.3
   58 5      3  0.8053 -0.8388  111862.5   11893.8   -6599.9  0.7925 -0.9172  109873.1  171683.0  -91246.2
      219.5      22.6  112030.8   11751.1  111895.9   11891.6  111905.0   12245.6  111998.2   11719.8
vertex track :         36   3  55    8991472 -0.4006 -1.1150  115533.7  166041.6     115.3   211     nan
   56 5      1 -0.4067 -1.1153  120355.0   10858.7   -2867.8 -0.3922 -1.1044  114716.5  170462.2  -87463.0
        nan       nan      -nan       nan       nan       nan       nan       nan       nan       nan
   57 5      2 -0.4086 -1.1136  119116.9   14367.3   -3719.2 -0.3922 -1.1044  115050.4  171402.5  -88314.4
        nan       nan      -nan       nan       nan       nan       nan       nan       nan       nan
   58 5      3 -0.4103 -1.1105  120046.5   19325.8   -6586.4 -0.3922 -1.1044  116174.8  174568.9  -91181.6
        nan       nan      -nan       nan       nan       nan       nan       nan       nan       nan
vertex track :         50   3  55    9961758  2.1004  2.0279  120078.0  170614.2     114.2   211     nan
   56 3      1  1.8507  1.8922  111098.9   84592.8   -2499.4  2.0978  1.9759  112585.9  166455.1  -87098.6
        nan       nan      -nan       nan       nan       nan       nan       nan       nan       nan
   57 3      2  2.2007  2.0014  109183.8   84413.3   -3314.6  2.0978  1.9759  110875.6  164844.2  -87913.9
        nan       nan      -nan       nan       nan       nan       nan       nan       nan       nan
   58 3      3  2.1804  1.9136  105703.4   75337.7   -6631.5  2.0978  1.9759  103917.7  158290.6  -91230.7
        nan       nan      -nan       nan       nan       nan       nan       nan       nan       nan
vertex track :         72   3  55   11193842 -0.6087  1.9159  115489.7  166880.8     115.3  2212   577.0
   56 3      1 -0.6095  1.9095  120400.5   85068.3   -2868.9 -0.6177  1.9218  115340.5  162271.8  -87463.3
      261.6      57.3  120266.4   85300.1  120297.4   85202.8  120743.9   85048.5  120375.5   85334.9
   57 3      2 -0.5938  1.9062  119869.7   81570.8   -3718.6 -0.6177  1.9218  115865.4  160638.8  -88313.0
      422.3     142.4  119608.1   81931.7  119734.7   81525.5  120340.6   81421.8  119880.0   82016.4
   58 3      3 -0.5864  1.9245  120967.0   76551.9   -6583.3 -0.6177  1.9218  117634.8  155133.6  -91177.7
      780.9     284.2  120467.6   77216.1  120799.6   76126.3  121675.9   76099.7  121011.3   77381.8
vertex track :        122   3  56    9622205 -0.9013 -2.0046  119877.2  170236.5     278.4   211     nan
   53 3     -2 -0.9123 -2.0037  112418.3   78890.2    6589.7 -0.8876 -1.9973  108974.8  157273.8  -80660.8
        nan       nan      -nan       nan       nan       nan       nan       nan       nan       nan
   54 3     -1 -0.8929 -2.0136  115591.7   85973.7    3716.7 -0.8876 -1.9973  111525.0  163012.2  -83533.8
        nan       nan      -nan       nan       nan       nan       nan       nan       nan       nan
   55 3      0 -0.9053 -2.0725  114116.4   85336.2    2866.6 -0.8876 -1.9973  112279.6  164710.1  -84383.9
        nan       nan      -nan       nan       nan       nan       nan       nan       nan       nan
vertex track :        124   3  56    9622326  1.2562  0.0135  118161.8  168048.6     275.5   211     nan
   53 6     -2  1.2629  0.1899   10112.9   11441.8    6447.0  1.2642 -0.0194  120680.2  167612.9  -80804.8
        nan       nan      -nan       nan       nan       nan       nan       nan       nan       nan
   54 5     -1  1.2837 -0.0472  124638.3    9061.7    3297.8  1.2642 -0.0194  116699.0  167674.1  -83954.1
        nan       nan      -nan       nan       nan       nan       nan       nan       nan       nan
   55 5      0  1.2411  0.0739  124123.3   14312.8    2520.8  1.2642 -0.0194  115716.7  167689.2  -84731.0
        nan       nan      -nan       nan       nan       nan       nan       nan       nan       nan
vertex track :        140   3  56   10783343 -1.8470  0.2061  121839.8  167758.3     280.5     0  2430.3
   53 5     -2 -1.8471  0.2194  108774.3   14298.3    6574.3 -1.8403  0.2437  104982.9  168891.1  -80692.4
      385.9      34.0  108387.0   14310.1  108765.6   14265.1  109369.6   14496.8  108395.1   14377.7
   54 5     -1 -1.8135  0.2390  115161.2   11049.3    3714.3 -1.8403  0.2437  110246.1  168194.3  -83552.4
      229.8      17.0  114931.1   11062.5  115005.9   11052.6  115599.4   11246.3  114935.6   11096.1
   55 5      0 -1.7854  0.1931  113416.6   11159.0    2872.4 -1.8403  0.2437  111795.3  167989.1  -84394.3
      187.3       9.2  113229.4   11169.9  113226.9   11170.2  113812.0   11358.2  113231.4   11188.3
vertex track :        186   3  56   12059752 -1.6817 -0.7278  122813.0  169485.2     283.3   211     nan
   53 3     -2 -1.7943 -0.8898  113984.4   84078.5    6462.9 -1.6738 -0.6914  107180.9  164788.3  -80802.3
        nan       nan      -nan       nan       nan       nan       nan       nan       nan       nan
   54 5     -1 -1.5407 -0.6938  118216.2    7873.5    3316.5 -1.6738 -0.6914  112447.3  166963.7  -83948.6
        nan       nan      -nan       nan       nan       nan       nan       nan       nan       nan
   55 5      0 -1.6246 -0.7828  120343.0   13577.9    2520.2 -1.6738 -0.6914  113780.2  167514.2  -84744.9
        nan       nan      -nan       nan       nan       nan       nan       nan       nan       nan
vertex track :        193   3  56   12060534 -1.9718  0.9656  119479.2  167748.6     276.6     0 10001.0
   53 5     -2 -1.9688  0.9777  105611.8   19253.4    6590.2 -1.9651  0.9984  101793.4  173706.2  -80667.0
      490.0      22.9  105162.7   19450.9  105627.1   19220.3  106268.9   19266.9  105183.1   19491.9
   54 5     -1 -1.9273  1.0137  112443.3   13547.3    3712.1 -1.9651  0.9984  107449.2  170832.6  -83545.2
      288.6      12.2  112182.2   13670.8  112288.3   13615.0  112912.5   13634.8  112193.6   13692.5
   55 5      0 -1.9805  1.0069  110759.1   13036.2    2866.0 -1.9651  0.9984  109111.9  169987.8  -84391.2
      234.0       8.8  110546.5   13134.3  110547.8   13133.7  111179.8   13149.0  110554.5   13150.1
vertex track :        194   3  56   12060535 -0.9393  0.9065  119461.2  167484.9     276.6   211     nan
   53 5     -2 -1.1411  0.9686  116137.7   16480.8    6479.5 -0.9414  0.9186  108345.3  172837.5  -80778.7
        nan       nan      -nan       nan       nan       nan       nan       nan       nan       nan
   54 5     -1 -0.7790  0.9541  117861.1   12007.3    3298.2 -0.9414  0.9186  111340.2  169915.1  -83960.0
        nan       nan      -nan       nan       nan       nan       nan       nan       nan       nan
   55 5      0 -0.8925  0.8339  119269.9   16306.6    2496.1 -0.9414  0.9186  112095.3  169178.3  -84762.1
        nan       nan      -nan       nan       nan       nan       nan       nan       nan       nan
vertex track :        220   3  56   13664357 -1.7913  2.1210  122874.2  163148.5     413.2   211     nan
   53 5     -2 -1.7582  2.1483  110298.7   22047.6    6579.7 -1.7890  2.1309  106610.7  175867.1  -80839.7
        nan       nan      -nan       nan       nan       nan       nan       nan       nan       nan
   54 5     -1 -1.8138  2.3138  116411.9   12745.1    3714.4 -1.7890  2.1309  111736.5  169761.5  -83705.0
        nan       nan      -nan       nan       nan       nan       nan       nan       nan       nan
   55 5      0 -1.9067  2.0988  114581.2   11338.9    2868.6 -1.7890  2.1309  113249.7  167959.2  -84550.8
        nan       nan      -nan       nan       nan       nan       nan       nan       nan       nan
