groupid:   4090, ntrk:  9
vertex track :          0   3  43    6051188  0.3403 -0.3142  127090.3  150322.7     307.1    13  1287.8
   44 4      1  0.3444 -0.3101    8392.2   70582.9   -2869.4  0.3400 -0.3199  125253.2  150492.3  -65678.2
       47.3       5.9    8431.2   70555.7    8433.3   70553.8    8563.4   70819.8    8423.3   70546.9
   45 4      2  0.3436 -0.3122   10161.7   72293.1   -3719.0  0.3400 -0.3199  124964.3  150764.0  -66527.8
       56.8      12.2   10212.0   72263.9   10200.0   72274.8   10321.8   72532.0   10195.6   72245.9
   46 4      3  0.3412 -0.3144    8801.1   74223.7   -6586.2  0.3400 -0.3199  123989.4  151681.2  -69395.0
       90.1      23.4    8883.2   74179.9    8822.4   74235.9    8929.4   74477.3    8851.6   74145.5
vertex track :          1   3  43    5994312  1.1512 -2.0820  128978.3  146289.9     299.3   211     nan
   44 3      1  1.1247 -2.0584  121858.0   76405.8   -2546.1  1.1411 -2.0538  124958.8  151274.6  -65342.4
        nan       nan      -nan       nan       nan       nan       nan       nan       nan       nan
   45 3      2  1.3121 -2.5390  118650.3   76432.8   -3359.0  1.1411 -2.0538  124031.3  152944.0  -66155.2
        nan       nan      -nan       nan       nan       nan       nan       nan       nan       nan
   46 3      3  0.9270 -1.9376  118078.8   82562.7   -6112.3  1.1411 -2.0538  120889.4  158598.7  -68908.6
        nan       nan      -nan       nan       nan       nan       nan       nan       nan       nan
vertex track :          6   3  43    6051192  1.0197  1.1355  127147.6  150442.2     307.1   211     nan
   44 4      1  1.0130  1.1505    6752.6   66977.1   -2864.1  1.0309  1.1342  123122.3  145998.9  -65673.0
        nan       nan      -nan       nan       nan       nan       nan       nan       nan       nan
   45 4      2  1.0186  1.1500    7942.9   67543.8   -3716.5  1.0309  1.1342  122243.5  145032.0  -66525.5
        nan       nan      -nan       nan       nan       nan       nan       nan       nan       nan
   46 3      3  1.0159  1.1296  125011.5   64606.6   -6585.5  1.0309  1.1342  119285.9  141777.8  -69394.5
        nan       nan      -nan       nan       nan       nan       nan       nan       nan       nan
vertex track :         16   3  43    7002813  1.0773  0.7281  127662.1  151145.9     304.4   211     nan
   44 3      1  0.9997  0.8249  120791.2   72996.1   -2553.4  1.0860  0.7220  123807.1  148234.9  -65360.7
        nan       nan      -nan       nan       nan       nan       nan       nan       nan       nan
   45 3      2  1.0329  0.6315  117570.2   70976.8   -3367.6  1.0860  0.7220  122922.9  147647.0  -66174.9
        nan       nan      -nan       nan       nan       nan       nan       nan       nan       nan
   46 3      3  1.0822  0.6856  117220.9   69010.8   -6100.3  1.0860  0.7220  119955.0  145673.9  -68907.7
        nan       nan      -nan       nan       nan       nan       nan       nan       nan       nan
vertex track :         54   3  43    7613050 -2.2641  0.6140  125563.2  150864.6     305.2  2212   703.7
   44 4      1 -2.2578  0.5833   13612.6   68832.1   -2872.1 -2.2615  0.6476  131991.7  147984.0  -65678.3
      328.8      54.0   13280.7   68862.1   13443.3   68820.1   14152.2   69012.8   13307.7   68966.7
   45 4      2 -2.2552  0.6400   17485.8   69802.7   -3718.2 -2.2615  0.6476  133905.3  147436.1  -66524.5
      490.5     129.8   16978.5   69811.7   17448.6   69678.3   18200.8   70004.3   17049.4   70061.4
   46 4      3 -2.2592  0.6230   23256.6   69115.4   -6584.4 -2.2615  0.6476  140387.1  145580.1  -69390.6
      873.9     253.5   22346.8   69103.4   23557.2   68769.6   24374.1   69338.1   22481.5   69592.1
vertex track :        125   3  44    6044986  0.4600  1.0114  128187.2  149405.9     156.0   211     nan
   41 4     -2  0.4567  1.0122   15935.1   78173.6    6591.8  0.4780  1.0058  128454.8  156551.9  -58652.2
        nan       nan      -nan       nan       nan       nan       nan       nan       nan       nan
   42 4     -1  0.4636  1.0116    8371.3   73695.5    3718.5  0.4780  1.0058  127081.3  153661.9  -61525.5
        nan       nan      -nan       nan       nan       nan       nan       nan       nan       nan
   43 4      0  0.4822  1.0161    8614.3   74919.2    2867.4  0.4780  1.0058  126674.5  152805.9  -62376.6
        nan       nan      -nan       nan       nan       nan       nan       nan       nan       nan
vertex track :        130   3  44    6045714 -0.0034  0.8406  128527.4  148900.8     155.0   211     nan
   41 4     -2  0.0131  0.8909    5100.1   74309.6    6594.6  0.0116  0.8430  125787.0  154991.1  -58650.5
        nan       nan      -nan       nan       nan       nan       nan       nan       nan       nan
   42 4     -1  0.0922  0.8694   10782.4   74074.0    3406.0  0.0116  0.8430  125749.9  152303.1  -61839.1
        nan       nan      -nan       nan       nan       nan       nan       nan       nan       nan
   43 4      0 -0.0305  0.8446   13343.6   70360.7    2565.4  0.0116  0.8430  125740.1  151594.4  -62679.8
        nan       nan      -nan       nan       nan       nan       nan       nan       nan       nan
vertex track :        201   3  44    8454270 -4.3014 -2.7641  134807.5  153115.1     298.2     0 10001.0
   41 3     -2 -4.3614 -2.7542  109831.0   56642.7    6608.8 -4.3365 -2.7540  104701.2  136315.9  -58788.4
     2165.9      50.1  108026.5   55443.9  110773.2   57178.4  111841.2   58048.8  107973.0   55528.6
   42 3     -1 -4.4774 -2.8002  117992.4   65634.0    3717.4 -4.3365 -2.7540  117239.9  144278.9  -61679.8
     1200.9      26.1  116988.1   64975.1  118084.2   65660.6  119202.2   66500.2  116960.4   65019.4
   43 3      0 -4.2463 -2.7501  122411.0   68950.2    2867.5 -4.3365 -2.7540  120925.4  146619.5  -62529.7
      923.7      17.7  121645.3   68433.2  122304.2   68860.0  123382.5   69674.4  121626.0   68462.9
vertex track :        209   3  44    8714954 -1.4684 -0.5757  131913.2  150170.6     300.4     0  3704.2
   41 3     -2 -1.3816 -0.5430  117820.4   66154.4    6599.9 -1.4719 -0.5487  119850.7  147311.8  -58798.2
      301.8      22.8  117547.9   66022.7  117819.5   66129.5  118301.6   66495.4  117531.2   66065.2
   42 4     -1 -1.4677 -0.7192    8996.4   70071.7    3432.3 -1.4719 -0.5487  124513.2  149049.9  -61965.8
      170.9      10.7    8847.7   69987.0    8846.4   69986.3    9353.7   70365.8    8838.3   70006.1
   43 4      0 -1.6248 -0.2750   12332.8   67711.9    2576.3 -1.4719 -0.5487  125773.1  149519.6  -62821.8
      139.9       6.5   12195.9   67682.2   12130.6   67671.1   12678.0   67951.4   12193.7   67695.0
