groupid:   4293, ntrk: 13
vertex track :          0   3  89    3441006 -0.1027  0.2643  189747.0   67019.1     326.0    13  1131.9
   90 2      1 -0.1016  0.2646   73160.9   63458.9   -2867.1 -0.0961  0.2662  187931.5   64932.2 -150480.2
       30.4       5.3   73145.0   63485.3   73145.5   63484.1   73386.6   63642.7   73154.9   63489.1
   91 2      2 -0.0995  0.2653   73280.3   65098.4   -3716.1 -0.0961  0.2662  188013.0   64706.2 -151329.2
       37.6      12.1   73255.8   65129.3   73261.3   65114.6   73514.7   65277.7   73278.4   65137.8
   92 2      3 -0.1010  0.2653   70005.9   62732.8   -6582.8 -0.0961  0.2662  188288.5   63943.2 -154195.9
       60.9      23.4   69962.3   62781.4   69984.4   62723.3   70259.3   62894.5   70006.0   62798.0
vertex track :         12   3  89    2756875  0.0666 -1.0642  189814.2   66494.5     329.2     0  1015.1
   90 2      1  0.1906 -0.9076   68333.4   70066.5   -3295.8  0.0531 -1.0782  187491.5   69160.3 -150913.0
      117.2      13.1   68370.4   69954.5   68362.2   69993.3   68506.7   70387.6   68344.7   69949.1
   91 2      2  0.0670 -1.1930   68649.0   69833.9   -4118.6  0.0531 -1.0782  187447.8   70047.4 -151735.7
      139.8      26.4   68683.1   69695.8   68681.5   69724.5   68824.9   70180.8   68630.5   69692.8
   92 2      3  0.1057 -1.0435   69201.2   75928.6   -7073.9  0.0531 -1.0782  187291.0   73233.8 -154691.0
      219.2      49.4   69272.4   75715.5   69250.4   75932.4   69340.1   76350.6   69174.1   75705.5
vertex track :         14   3  89    2757146 -0.6513 -0.2621  188482.2   65803.7     328.3   211     nan
   90 2      1 -0.6529 -0.2609   73672.0   63945.6   -2869.8 -0.6522 -0.2613  188426.4   65398.9 -150483.6
        nan       nan      -nan       nan       nan       nan       nan       nan       nan       nan
   91 2      2 -0.6543 -0.2541   74247.9   65980.2   -3717.0 -0.6522 -0.2613  188978.9   65620.3 -151330.8
        nan       nan      -nan       nan       nan       nan       nan       nan       nan       nan
   92 2      3 -0.6517 -0.2598   72600.1   65202.1   -6585.2 -0.6522 -0.2613  190849.5   66369.7 -154199.0
        nan       nan      -nan       nan       nan       nan       nan       nan       nan       nan
vertex track :        155   3  89    4244353 -0.4359 -2.9970  188609.5   58385.6     316.6     0   816.4
   90 2      1 -0.2134 -3.1101   68866.9   67313.4   -3282.4 -0.4805 -3.0335  188084.7   67988.4 -150894.4
      522.9      46.9   68877.9   66788.6   68904.6   67178.8   69065.7   68045.2   68784.3   66795.0
   91 2      2 -0.2645 -3.1030   69168.9   68592.3   -4100.2 -0.4805 -3.0335  188477.7   70469.1 -151712.2
      686.1     103.7   69213.9   67899.9   69274.9   68615.5   69333.6   69491.7   69007.3   67917.5
   92 2      3 -0.3191 -2.8515   71253.4   80530.9   -7064.9 -0.4805 -3.0335  189902.4   79462.6 -154676.9
     1159.9     197.1   71320.2   79356.2   71511.2   81062.9   71396.1   81912.7   70928.4   79400.0
vertex track :        159   3  89    4267774  3.9451 -0.8467  202529.4   64107.5     313.7     0 10001.0
   90 2      1  3.9591 -0.8533   72686.0   64144.0   -2872.0  3.9813 -0.8933  187686.2   65600.4 -150509.2
      735.7      17.7   73408.9   64006.3   72802.0   64137.1   72177.1   64490.8   73401.5   63971.7
   91 2      2  3.9371 -0.8901   69434.4   66715.6   -3723.3  3.9813 -0.8933  184296.9   66360.9 -151360.5
      913.9      24.4   70331.2   66537.9   69375.2   66754.0   68751.6   67102.4   70320.4   66490.3
   92 2      3  3.9384 -0.8829   53955.7   67792.0   -6587.2  3.9813 -0.8933  172894.9   68919.1 -154224.4
     1526.3      43.0   55454.5   67500.1   53302.8   67982.5   52670.9   68293.0   55435.7   67416.2
vertex track :        228   3  90    2951276  0.7601 -1.1502  190864.4   66728.3     238.0   211     nan
   87 2     -2  0.7900 -1.1365   76274.5   60184.1    6596.3  0.7436 -1.1567  191035.4   60342.1 -144215.6
        nan       nan      -nan       nan       nan       nan       nan       nan       nan       nan
   88 2     -1  0.7404 -1.1366   69323.8   61420.4    3708.0  0.7436 -1.1567  188887.8   63682.8 -147103.8
        nan       nan      -nan       nan       nan       nan       nan       nan       nan       nan
   89 2      0  0.7723 -1.1523   70510.1   64785.1    2868.3  0.7436 -1.1567  188263.5   64654.1 -147943.5
        nan       nan      -nan       nan       nan       nan       nan       nan       nan       nan
vertex track :        239   3  90    3812036  1.0874 -0.2057  191871.7   64186.8     230.4   211     nan
   87 2     -2  1.0161 -0.1385   75578.4   61096.8    6762.9  1.0761 -0.2064  194323.9   63782.5 -144036.4
        nan       nan      -nan       nan       nan       nan       nan       nan       nan       nan
   88 2     -1  1.0859 -0.2580   80348.7   63754.7    4070.0  1.0761 -0.2064  191426.1   64338.4 -146729.3
        nan       nan      -nan       nan       nan       nan       nan       nan       nan       nan
   89 2      0  1.0315 -0.2215   76288.0   62251.9    3235.0  1.0761 -0.2064  190527.5   64510.8 -147564.2
        nan       nan      -nan       nan       nan       nan       nan       nan       nan       nan
vertex track :        264   3  90    3857610  0.0098 -1.5476  192309.7   68389.8     236.0   211     nan
   87 2     -2  0.0114 -1.5497   72611.2   59099.5    6582.2 -0.0076 -1.5615  187719.3   59463.7 -144221.3
        nan       nan      -nan       nan       nan       nan       nan       nan       nan       nan
   88 2     -1  0.0674 -1.5756   67638.2   61387.7    3710.9 -0.0076 -1.5615  187741.0   63947.4 -147092.6
        nan       nan      -nan       nan       nan       nan       nan       nan       nan       nan
   89 2      0  0.0459 -1.5339   69460.3   65110.1    2868.6 -0.0076 -1.5615  187747.3   65262.7 -147934.9
        nan       nan      -nan       nan       nan       nan       nan       nan       nan       nan
vertex track :        267   3  90    3858286 -0.2133 -1.7770  192902.8   70372.4     237.2     0  5274.4
   87 2     -2 -0.2388 -1.7942   67761.2   57128.2    6802.5 -0.2328 -1.7947  186848.2   59592.0 -143999.9
      376.7      23.2   67734.5   56751.8   67783.7   57121.8   67997.6   57712.9   67688.5   56757.9
   88 2     -1 -0.1915 -1.7971   76530.7   64069.6    4112.1 -0.2328 -1.7947  187474.6   64420.5 -146690.3
      238.5      13.2   76518.5   63831.1   76528.9   63928.0   76752.7   64516.4   76492.3   63833.9
   89 2      0 -0.2639 -1.6862   73765.1   64002.3    3257.0 -0.2328 -1.7947  187673.7   65955.1 -147545.3
      197.4       9.2   73743.7   63805.8   73749.4   63841.8   73996.3   64407.1   73725.5   63808.7
vertex track :        278   3  90    4003884  1.9059  2.2566  188164.8   59122.3     231.6     0  3491.9
   87 2     -2  1.9254  2.2329   81415.1   75795.2    6583.7  1.9018  2.2384  195619.9   74220.2 -144234.1
      819.8      44.9   81916.5   76445.3   81250.1   75672.5   81125.7   75357.2   81984.5   76386.7
   88 2     -1  1.9356  2.2539   71383.8   67940.1    3714.1  1.9018  2.2384  190162.6   67796.9 -147103.6
      472.3      22.6   71674.3   68313.2   71465.4   68069.9   71305.1   67779.4   71708.6   68283.7
   89 2      0  1.8495  2.2299   71461.3   68265.5    2866.9  1.9018  2.2384  188551.3   65900.5 -147950.9
      374.0      12.7   71690.3   68561.5   71601.2   68454.0   71444.2   68181.7   71709.9   68545.3
vertex track :        300   3  90    4016739  2.7814  0.2710  184248.4   63962.5     240.1     0  3236.2
   87 2     -2  2.6488  0.1394   79143.9   64276.4    6744.1  2.7452  0.2703  197521.3   66662.7 -144099.6
      761.8      45.5   79902.3   64361.9   78937.0   64311.1   78598.1   64401.1   79907.1   64271.1
   88 2     -1  2.5912  0.8049   79067.0   65727.6    4094.9  2.7452  0.2703  190248.8   65946.7 -146748.8
      470.2      24.8   79508.7   65890.7   79154.7   65780.8   78837.8   65775.2   79523.4   65843.4
   89 2      0  2.6724  0.1550   73719.4   63457.4    3261.3  2.7452  0.2703  187960.3   65721.4 -147582.5
      381.0      14.3   74098.9   63493.8   73899.4   63482.2   73552.5   63631.2   74100.6   63465.1
vertex track :        315   3  90    4459232 -4.0614  3.8454  205909.3   51246.3     203.5     0 10001.0
   87 2     -2 -4.1870  3.8941   58171.1   78936.8    6614.9 -4.1143  3.9578  174851.1   77443.0 -144091.3
     2605.1      56.2   56225.3   80669.8   59161.1   77939.3   60322.7   77417.7   56301.8   80752.0
   88 2     -1 -4.0268  3.9151   64030.2   66928.4    3713.9 -4.1143  3.9578  186786.4   65961.7 -146992.2
     1452.9      29.5   62967.9   67920.1   64205.7   66716.7   65298.4   66150.7   63009.0   67962.4
   89 2      0 -3.7847  3.9120   69707.6   65577.1    2865.9 -4.1143  3.9578  190275.4   62605.4 -147840.3
     1121.9      19.9   68913.2   66369.6   69678.6   65578.4   70708.2   64998.6   68941.8   66397.3
vertex track :        391   3  90    4704077  0.9474 -3.9099  189716.6   76168.6     245.7     0  2483.9
   87 2     -2  2.2135 -4.4642   72091.9   48499.0    6775.0  0.9062 -3.9271  191154.8   51584.3 -144051.3
     1475.6      89.1   72827.2   47216.5   71981.0   48923.1   71568.8   49987.0   72667.6   47137.3
   88 2     -1  0.8469 -3.6901   77618.5   62033.3    4099.7  0.9062 -3.9271  188730.4   62090.5 -146726.6
      887.4      47.2   77863.0   61179.0   77643.8   62133.9   77584.8   63094.0   77770.9   61157.9
   89 2      0  0.5737 -3.9613   74176.6   63767.4    3259.6  0.9062 -3.9271  187969.0   65389.8 -147566.7
      700.2      23.5   74300.2   63077.9   74220.0   63631.9   74263.6   64663.0   74253.8   63071.1
