groupid:   4206, ntrk: 35
vertex track :          0   3  19    5989611  0.0661 -0.5971   67385.3  163302.9     323.0    13   719.4
   20 3      1  0.0757 -0.5958   64110.8   85352.1   -2872.5  0.0771 -0.6003   63098.0  164046.9  -20443.2
       60.5      10.1   64128.4   85293.3   64129.1   85288.2   64303.2   85620.2   64108.3   85290.8
   21 5      2  0.0724 -0.5963   67844.8    9333.8   -3716.4  0.0771 -0.6003   63033.0  164553.4  -21287.1
       74.5      22.8   67876.5    9262.6   67873.7    9285.3   68023.2    9614.5   67831.1    9257.1
   22 5      3  0.0762 -0.5968   64178.4    9640.1   -6587.0  0.0771 -0.6003   62811.7  166276.5  -24157.7
      119.8      44.3   64237.6    9526.8   64223.2    9639.2   64329.3    9962.7   64149.6    9515.6
vertex track :         19   3  19    5990686  1.0818 -0.6863   68409.9  163209.4     322.0   211     nan
   20 5      1  1.0579 -0.7330   64878.3   13142.7   -3333.2  1.0997 -0.6747   60352.0  164518.3  -20905.5
        nan       nan      -nan       nan       nan       nan       nan       nan       nan       nan
   21 5      2  1.0802 -0.8052   64444.0   10975.6   -4138.3  1.0997 -0.6747   59466.6  165061.5  -21710.7
        nan       nan      -nan       nan       nan       nan       nan       nan       nan       nan
   22 5      3  1.0535 -0.6962   63511.3   16306.2   -6926.5  1.0997 -0.6747   56400.4  166942.8  -24498.9
        nan       nan      -nan       nan       nan       nan       nan       nan       nan       nan
vertex track :         22   3  19    5992063 -1.7080 -0.8659   63100.4  162931.9     325.3   211     nan
   20 3      1 -1.6954 -0.8919   65787.5   85867.5   -2866.8 -1.6968 -0.8950   64475.5  164545.3  -20432.6
        nan       nan      -nan       nan       nan       nan       nan       nan       nan       nan
   21 5      2 -1.6964 -0.8767   70950.4   10086.9   -3714.9 -1.6968 -0.8950   65914.5  165304.4  -21280.7
        nan       nan      -nan       nan       nan       nan       nan       nan       nan       nan
   22 5      3 -1.6950 -0.8870   72245.3   11164.0   -6586.8 -1.6968 -0.8950   70787.4  167874.8  -24152.6
        nan       nan      -nan       nan       nan       nan       nan       nan       nan       nan
vertex track :         42   3  19    6827755 -1.1189 -0.8360   63898.4  162378.3     324.0   211     nan
   20 5      1 -1.0601 -0.8975   66733.2   12872.4   -3327.6 -1.1080 -0.8566   63911.2  164272.7  -20893.2
        nan       nan      -nan       nan       nan       nan       nan       nan       nan       nan
   21 5      2 -1.0152 -0.7077   68135.4   10737.4   -4144.2 -1.1080 -0.8566   64816.0  164972.2  -21709.8
        nan       nan      -nan       nan       nan       nan       nan       nan       nan       nan
   22 5      3 -1.0771 -0.8866   73188.5   16510.7   -6934.1 -1.1080 -0.8566   67907.3  167362.1  -24499.7
        nan       nan      -nan       nan       nan       nan       nan       nan       nan       nan
vertex track :         68   3  19    7386558  0.2861 -2.8187   67906.2  157829.3     315.5   211     nan
   20 3      1  0.3204 -2.8277   63937.3   87130.0   -2866.5  0.3251 -2.8448   62905.3  165702.3  -20442.6
        nan       nan      -nan       nan       nan       nan       nan       nan       nan       nan
   21 5      2  0.3180 -2.8148   67435.0   12930.3   -3713.2  0.3251 -2.8448   62630.0  168111.2  -21289.4
        nan       nan      -nan       nan       nan       nan       nan       nan       nan       nan
   22 5      3  0.3288 -2.7927   63175.6   19227.3   -6584.2  0.3251 -2.8448   61696.5  176278.4  -24160.4
        nan       nan      -nan       nan       nan       nan       nan       nan       nan       nan
vertex track :         70   3  19    7388107 -1.6398 -3.6551   62765.1  154674.7     316.3   211     nan
   20 5      1 -1.0741 -3.5581   66964.7   13440.3   -3311.1 -1.5967 -3.6987   64623.5  166824.3  -20882.9
        nan       nan      -nan       nan       nan       nan       nan       nan       nan       nan
   21 5      2 -1.5160 -3.6042   69230.3   13446.1   -4121.7 -1.5967 -3.6987   65917.8  169822.5  -21693.5
        nan       nan      -nan       nan       nan       nan       nan       nan       nan       nan
   22 5      3 -1.7842 -3.8867   75803.0   27291.6   -6903.5 -1.5967 -3.6987   70359.6  180111.6  -24475.3
        nan       nan      -nan       nan       nan       nan       nan       nan       nan       nan
vertex track :         99   3  19    9844421  0.4156  0.8825   67680.8  164562.8     282.1   211     nan
   20 3      1  0.3994  0.8908   63434.6   81592.9   -2867.3  0.4059  0.8887   62344.3  160597.8  -20395.2
        nan       nan      -nan       nan       nan       nan       nan       nan       nan       nan
   21 3      2  0.4053  0.8929   66038.7   82322.9   -3712.2  0.4059  0.8887   62001.3  159846.9  -21240.1
        nan       nan      -nan       nan       nan       nan       nan       nan       nan       nan
   22 3      3  0.3944  0.8896   62264.9   78244.9   -6581.9  0.4059  0.8887   60836.5  157296.6  -24109.9
        nan       nan      -nan       nan       nan       nan       nan       nan       nan       nan
vertex track :        101   3  19    9844477  0.9024 -0.7275   69034.1  163035.3     278.2   211     nan
   20 5      1  0.8361 -0.6995   65699.9   13183.4   -3277.5  0.9196 -0.7189   61729.5  164444.1  -20807.8
        nan       nan      -nan       nan       nan       nan       nan       nan       nan       nan
   21 5      2  0.8302 -0.7680   65682.2   11020.0   -4077.3  0.9196 -0.7189   60994.0  165019.1  -21607.7
        nan       nan      -nan       nan       nan       nan       nan       nan       nan       nan
   22 5      3  0.8415 -0.7291   65261.3   16668.8   -6896.4  0.9196 -0.7189   58401.5  167045.8  -24426.8
        nan       nan      -nan       nan       nan       nan       nan       nan       nan       nan
vertex track :        108   3  19    9845308 -1.1546 -0.0762   62869.6  165265.0     284.1   211     nan
   20 3      1 -1.1542 -0.1052   63742.2   85424.2   -2868.8 -1.1529 -0.0944   62432.0  164323.4  -20390.5
        nan       nan      -nan       nan       nan       nan       nan       nan       nan       nan
   21 5      2 -1.1536 -0.0935   68353.2    9037.8   -3720.8 -1.1529 -0.0944   63414.3  164403.8  -21242.5
        nan       nan      -nan       nan       nan       nan       nan       nan       nan       nan
   22 3      3 -1.1475 -0.1083   68230.5   85578.1   -6586.6 -1.1529 -0.0944   66718.4  164674.3  -24108.4
        nan       nan      -nan       nan       nan       nan       nan       nan       nan       nan
vertex track :        117   3  19    9889430 -1.1560  0.7246   63394.5  167356.0     285.7     0 10001.0
   20 5      1 -1.1568  0.8129   66026.7   13371.7   -3263.4 -1.1640  0.7079   63425.0  163619.1  -20784.6
      153.8       8.7   65895.8   13453.0   65904.6   13446.9   66366.3   13501.2   65905.8   13467.3
   21 5      2 -1.0470  0.7544   67771.4    9966.3   -4071.5 -1.1640  0.7079   64365.6  163047.0  -21592.7
      179.6      11.0   67619.2   10062.4   67690.9   10010.8   68132.5   10080.9   67632.1   10080.2
   22 5      3 -1.1059  0.7933   72861.7   11424.6   -6908.8 -1.1640  0.7079   67668.2  161038.5  -24430.0
      276.5      18.3   72626.4   11570.9   72843.4   11415.2   73305.9   11489.2   72647.7   11600.7
vertex track :        139   3  19   10807917 -1.0756  0.2780   64556.6  165261.8     283.9   211     nan
   20 3      1 -1.0877  0.2500   65218.8   84250.1   -2870.1 -1.0783  0.2618   63885.9  163221.5  -20392.6
        nan       nan      -nan       nan       nan       nan       nan       nan       nan       nan
   21 3      2 -1.0780  0.2554   68978.9   85510.9   -3713.2 -1.0783  0.2618   64795.1  163000.8  -21235.7
        nan       nan      -nan       nan       nan       nan       nan       nan       nan       nan
   22 3      3 -1.0651  0.2386   69487.2   83029.0   -6589.4 -1.0783  0.2618   67896.6  162247.8  -24111.9
        nan       nan      -nan       nan       nan       nan       nan       nan       nan       nan
vertex track :        140   3  19   10808010 -1.4343 -0.4273   62132.3  163973.5     283.0   211     nan
   20 5      1 -1.2968 -0.4132   65627.5   13394.1   -3241.4 -1.4283 -0.4507   63110.5  164307.8  -20763.1
        nan       nan      -nan       nan       nan       nan       nan       nan       nan       nan
   21 5      2 -1.3655 -0.3916   67765.2   10943.5   -4051.7 -1.4283 -0.4507   64267.9  164673.1  -21573.5
        nan       nan      -nan       nan       nan       nan       nan       nan       nan       nan
   22 5      3 -1.3241 -0.3591   73686.4   15665.0   -6892.2 -1.4283 -0.4507   68324.9  165953.4  -24413.9
        nan       nan      -nan       nan       nan       nan       nan       nan       nan       nan
vertex track :        141   3  19   10808534 -1.6453  0.2690   62237.4  166278.8     288.1   211     nan
   20 3      1 -1.6699  0.2465   64744.4   85236.3   -2874.0 -1.6472  0.2444   63359.3  164260.9  -20398.2
        nan       nan      -nan       nan       nan       nan       nan       nan       nan       nan
   21 3      2 -1.6451  0.2366   68943.9   86530.3   -3711.9 -1.6472  0.2444   64739.5  164056.1  -21236.1
        nan       nan      -nan       nan       nan       nan       nan       nan       nan       nan
   22 3      3 -1.6482  0.2395   71154.2   84012.1   -6587.7 -1.6472  0.2444   69476.4  163353.2  -24111.9
        nan       nan      -nan       nan       nan       nan       nan       nan       nan       nan
vertex track :        150   3  19   10856739 -0.6381  1.3743   65038.3  169286.6     288.7   211     nan
   20 5      1 -0.6090  1.2940   66168.2   13741.2   -3222.6 -0.6550  1.3657   63212.5  163297.2  -20745.4
        nan       nan      -nan       nan       nan       nan       nan       nan       nan       nan
   21 5      2 -0.6589  1.3818   67597.8    9587.6   -4027.6 -0.6550  1.3657   63739.8  162197.8  -21550.4
        nan       nan      -nan       nan       nan       nan       nan       nan       nan       nan
   22 5      3 -0.5415  1.2893   71049.7    9585.3   -6886.9 -0.6550  1.3657   65612.7  158292.9  -24409.7
        nan       nan      -nan       nan       nan       nan       nan       nan       nan       nan
vertex track :        151   3  19   10857322 -0.9706  0.9152   64116.8  168258.5     286.8   211     nan
   20 3      1 -0.9565  0.8934   64433.4   85103.4   -2881.8 -0.9812  0.9014   63113.6  164191.3  -20403.4
        nan       nan      -nan       nan       nan       nan       nan       nan       nan       nan
   21 3      2 -0.9850  0.9034   68079.6   85895.1   -3716.9 -0.9812  0.9014   63933.1  163438.5  -21238.6
        nan       nan      -nan       nan       nan       nan       nan       nan       nan       nan
   22 3      3 -0.9474  0.9143   68534.4   81423.2   -6581.3 -0.9812  0.9014   66743.7  160856.4  -24102.9
        nan       nan      -nan       nan       nan       nan       nan       nan       nan       nan
vertex track :        168   3  19   11693544 -2.9334  3.2154   62926.8  168582.8     289.7     0 10001.0
   20 3      1 -2.5241  3.4187   69847.3   85182.5   -3256.9 -2.9616  3.1652   69313.2  156130.0  -20780.4
      926.8      21.2   69279.8   85915.5   69850.7   85142.2   70622.4   84662.9   69313.9   85940.7
   21 3      2 -2.7949  3.2048   73225.7   79942.5   -4064.7 -2.9616  3.1652   71705.5  153573.3  -21588.1
     1123.8      28.4   72465.6   80770.8   73355.9   79749.9   74192.9   79327.5   72508.5   80808.2
   22 3      3 -3.1839  3.0724   83724.5   74431.2   -6928.0 -2.9616  3.1652   80185.6  144510.4  -24451.4
     1831.3      48.7   82372.8   75667.8   84339.8   73769.7   85282.9   73407.7   82440.5   75737.9
vertex track :        185   3  19   11846563 -1.0783  0.0762   63752.2  165077.9     284.0   211     nan
   20 3      1 -1.0821  0.0628   64471.4   84604.0   -2869.3 -1.0786  0.0595   63083.6  163663.4  -20391.7
        nan       nan      -nan       nan       nan       nan       nan       nan       nan       nan
   21 3      2 -1.0714  0.0573   68138.8   86072.1   -3719.4 -1.0786  0.0595   64000.5  163612.8  -21241.8
        nan       nan      -nan       nan       nan       nan       nan       nan       nan       nan
   22 3      3 -1.0608  0.0562   68894.1   83878.7   -6589.9 -1.0786  0.0595   67096.6  163442.0  -24112.3
        nan       nan      -nan       nan       nan       nan       nan       nan       nan       nan
vertex track :        202   3  19   12016661 -1.5543  2.2481   64640.5  168316.7     286.0   211     nan
   20 5      1 -1.5524  2.2975   68387.1   10369.4   -3206.2 -1.5792  2.2240   66042.5  159347.0  -20727.2
        nan       nan      -nan       nan       nan       nan       nan       nan       nan       nan
   21 3      2 -1.6875  2.2784   69787.6   83357.7   -4006.5 -1.5792  2.2240   67306.3  157567.0  -21527.5
        nan       nan      -nan       nan       nan       nan       nan       nan       nan       nan
   22 3      3 -0.7465  1.8790   75820.9   81107.6   -6873.0 -1.5792  2.2240   71833.1  151191.9  -24394.0
        nan       nan      -nan       nan       nan       nan       nan       nan       nan       nan
vertex track :        229   3  20    5588615  2.3560  2.2783   61606.1  158915.7     225.3   211     nan
   17 5     -2  2.2801  2.2228   76156.4   16553.3    6609.1  2.3987  2.3110   74969.6  174603.9  -14210.2
        nan       nan      -nan       nan       nan       nan       nan       nan       nan       nan
   18 5     -1  2.3403  2.2975   69378.1   11258.3    3720.6  2.3987  2.3110   68040.8  167928.6  -17098.7
        nan       nan      -nan       nan       nan       nan       nan       nan       nan       nan
   19 5      0  2.3456  2.2545   71318.1   12804.5    2870.6  2.3987  2.3110   66002.0  165964.5  -17948.6
        nan       nan      -nan       nan       nan       nan       nan       nan       nan       nan
vertex track :        239   3  20    5641127  1.1751  1.2507   64977.7  163209.0     220.8     0  1246.9
   17 5     -2  1.1093  1.0379   73450.9   15112.6    6346.2  1.1928  1.2594   70345.2  171871.0  -14483.4
      346.0      52.0   73668.0   15386.9   73395.7   15132.2   73444.9   15049.3   73739.1   15311.0
   18 5     -1  0.9941  1.0291   70738.1    7809.6    4261.7  1.1928  1.2594   67858.9  169245.8  -16567.8
      239.2      31.0   70881.9    8003.2   70758.3    7875.2   70805.2    7827.0   70926.6    7960.1
   19 3      0  1.0167  1.1797   68948.7   85810.3    3412.2  1.1928  1.2594   66845.6  168176.0  -17417.4
      195.4      14.9   69065.1   85968.1   69023.4   85919.7   69043.4   85863.8   69087.6   85948.7
vertex track :        246   3  20    5641583 -1.4059 -1.5056   65323.0  163324.2     222.9   211     nan
   17 3     -2 -1.3714 -1.4901   55931.0   74798.9    6593.2 -1.3932 -1.5024   54510.0  154702.1  -14240.7
        nan       nan      -nan       nan       nan       nan       nan       nan       nan       nan
   18 3     -1 -1.4873 -1.4921   57705.0   79938.2    3722.9 -1.3932 -1.5024   58508.9  159014.4  -17111.0
        nan       nan      -nan       nan       nan       nan       nan       nan       nan       nan
   19 3      0 -1.4573 -1.4848   62618.2   82251.0    2859.7 -1.3932 -1.5024   59711.5  160311.3  -17974.2
        nan       nan      -nan       nan       nan       nan       nan       nan       nan       nan
vertex track :        248   3  20    5641977  1.5862 -1.7314   64921.0  163212.7     224.0   211     nan
   17 3     -2  1.7075 -2.0607   75852.9   73467.3    6395.9  1.6180 -1.7634   72969.0  153276.9  -14436.3
        nan       nan      -nan       nan       nan       nan       nan       nan       nan       nan
   18 3     -1  1.6148 -1.8361   72901.2   76751.7    4307.2  1.6180 -1.7634   69589.3  156960.2  -16525.1
        nan       nan      -nan       nan       nan       nan       nan       nan       nan       nan
   19 3      0  1.6690 -1.6213   69949.6   77008.8    3454.1  1.6180 -1.7634   68208.8  158464.6  -17378.2
        nan       nan      -nan       nan       nan       nan       nan       nan       nan       nan
vertex track :        251   3  20    5642330 -0.4587 -0.5362   66301.0  163046.3     222.0   211     nan
   17 3     -2 -0.4675 -0.5379   62852.5   80658.8    6567.3 -0.4518 -0.5391   61497.1  160575.0  -14273.6
        nan       nan      -nan       nan       nan       nan       nan       nan       nan       nan
   18 3     -1 -0.4522 -0.5367   62691.0   83713.0    3722.0 -0.4518 -0.5391   62782.6  162108.8  -17118.9
        nan       nan      -nan       nan       nan       nan       nan       nan       nan       nan
   19 3      0 -0.4560 -0.5339   66858.1   85183.3    2868.6 -0.4518 -0.5391   63168.1  162568.7  -17972.2
        nan       nan      -nan       nan       nan       nan       nan       nan       nan       nan
vertex track :        259   3  20    6360255 -1.9070  0.9483   71228.4  158296.1     213.3   211     nan
   17 3     -2 -1.7771  1.0215   59312.1   86268.5    6284.9 -1.8698  0.9306   57936.1  164891.1  -14594.8
        nan       nan      -nan       nan       nan       nan       nan       nan       nan       nan
   18 3     -1 -1.7547  1.1475   66031.9   82047.4    4271.7 -1.8698  0.9306   61700.5  163017.6  -16608.1
        nan       nan      -nan       nan       nan       nan       nan       nan       nan       nan
   19 3      0 -1.9708  0.9033   66072.8   79720.3    3442.0 -1.8698  0.9306   63251.8  162245.6  -17437.8
        nan       nan      -nan       nan       nan       nan       nan       nan       nan       nan
vertex track :        283   3  20    6545871  2.2028  0.6847   61611.2  161105.8     227.8   211     nan
   17 5     -2  2.1971  0.6782   75121.9    8477.7    6598.0  2.2468  0.6965   73977.8  166482.2  -14218.7
        nan       nan      -nan       nan       nan       nan       nan       nan       nan       nan
   18 5     -1  2.1739  0.6952   68849.3    6722.8    3718.6  2.2468  0.6965   67508.2  164476.8  -17098.1
        nan       nan      -nan       nan       nan       nan       nan       nan       nan       nan
   19 5      0  2.2449  0.7123   71073.5    9535.6    2869.3  2.2468  0.6965   65600.0  163885.3  -17947.4
        nan       nan      -nan       nan       nan       nan       nan       nan       nan       nan
vertex track :        301   3  20    6659581  2.6759  1.8783   58392.4  156346.4     226.3     0  6154.6
   17 5     -2  2.8738  1.6404   76359.2   12209.0    6357.4  2.7412  1.9035   73240.8  168950.2  -14443.8
      938.6      35.8   77156.7   12705.4   76129.8   12119.3   75774.6   11924.3   77192.2   12643.3
   18 3     -1  2.9554  0.9163   70347.5   82926.0    4291.5  2.7412  1.9035   67577.8  165017.9  -16509.7
      639.0      22.7   70951.1   83136.9   70351.0   82950.8   69956.8   82925.9   70964.6   83093.5
   19 3      0  3.6266  1.3564   66381.3   80390.0    3477.1  2.7412  1.9035   65345.4  163467.8  -17324.1
      523.5      15.7   66866.1   80588.0   66647.1   80506.1   66110.1   80403.3   66877.0   80558.7
vertex track :        312   3  20    6967937 -6.3410  6.0263   83969.8  142398.1     188.4     0 10001.0
   17 5     -2 -5.6228  5.9957   -1057.0   65795.1    7536.2 -6.0046  5.7671   37866.1  185664.2  -13448.7
     7057.7     108.6   -5964.1   70868.8    2510.9   61831.8    4054.5   60937.3   -5805.7   71017.4
   18 5     -1 -6.3405  6.0280   55070.1   10446.7    3719.0 -6.0046  5.7671   60787.2  163649.9  -17266.0
     3418.3      48.7   52559.1   12766.7   56182.4    9322.0   57784.8    8342.8   52626.3   12837.4
   19 5      0 -6.6899  5.9982   63812.5    9309.0    2868.5 -6.0046  5.7671   65894.2  158744.9  -18116.5
     2611.3      31.1   61847.5   11029.1   64331.2    8802.2   65980.9    7804.9   61889.1   11075.4
vertex track :        331   3  20    7158954  1.8572  2.0739   60509.8  155638.1     224.0     0  2597.2
   17 5     -2  1.7207  1.7319   73380.4   13072.6    6334.9  1.8934  2.0937   70119.6  169359.1  -14483.3
      717.2      49.5   73850.8   13616.2   73201.1   12962.3   73121.7   12740.6   73921.0   13546.5
   18 3     -1  1.6646  2.1241   69425.6   82976.8    4302.2  1.8934  2.0937   66270.9  165103.4  -16516.0
      493.1      30.4   69705.8   83383.6   69447.1   83053.5   69357.1   82782.0   69753.7   83346.1
   19 3      0  1.8134  2.0410   66234.4   80217.6    3480.0  1.8934  2.0937   64714.1  163381.9  -17338.2
      403.0      16.8   66489.5   80530.0   66335.0   80356.1   66191.1   80117.2   66514.6   80507.7
vertex track :        354   3  20    7189138  1.8595  1.8513   62371.9  159889.1     226.9     0  3466.1
   17 5     -2  1.8672  1.8569   73593.2   14642.8    6599.1  1.8898  1.8723   72467.1  172757.9  -14225.1
      669.0      39.6   74039.6   15142.6   73483.0   14589.0   73358.6   14354.8   74095.4   15086.4
   18 5     -1  1.8920  1.8150   68152.7   10521.3    3714.9  1.8898  1.8723   67016.6  167358.0  -17109.3
      388.5      20.0   68419.2   10804.6   68255.9   10647.9   68098.1   10449.7   68446.9   10775.8
   19 5      0  1.8263  1.8135   70635.0   12315.3    2870.6  1.8898  1.8723   65421.0  165777.2  -17953.6
      310.6      11.5   70847.3   12542.3   70790.0   12485.4   70634.6   12300.1   70863.6   12526.0
vertex track :        370   3  20    7189733 -1.1672  1.0049   66130.7  162023.2     220.0     0  1749.6
   17 5     -2 -1.0894  0.9001   59054.2   12173.1    6274.6 -1.1469  0.9923   57247.3  168978.1  -14565.4
      285.7      34.4   58812.1   12328.5   59023.8   12153.6   59505.3   12228.5   58855.9   12381.5
   18 3     -1 -1.1180  1.0740   63602.9   85876.8    4277.0 -1.1469  0.9923   59538.4  166995.9  -16563.0
      202.7      21.1   63442.1   86002.0   63499.6   85946.7   63972.6   85962.7   63471.4   86032.5
   19 3      0 -1.0889  0.8969   63208.8   83707.1    3477.0 -1.1469  0.9923   60456.0  166202.0  -17363.0
      170.2      11.5   63070.2   83806.5   63104.3   83778.4   63556.4   83818.7   63084.7   83824.2
vertex track :        384   3  20    9182928 -1.1479  0.1933   65883.5  162583.4     164.5   211     nan
   17 3     -2 -1.1462  0.1867   58079.8   84760.4    6590.6 -1.1314  0.1883   56674.5  164741.4  -14190.8
        nan       nan      -nan       nan       nan       nan       nan       nan       nan       nan
   18 3     -1 -1.1451  0.1727   59356.2   86391.5    3710.5 -1.1314  0.1883   59933.0  164199.0  -17070.8
        nan       nan      -nan       nan       nan       nan       nan       nan       nan       nan
   19 5      0 -1.0931  0.2377   63751.8    9246.0    2864.2 -1.1314  0.1883   60890.5  164039.6  -17917.1
        nan       nan      -nan       nan       nan       nan       nan       nan       nan       nan
vertex track :        393   3  20    9213321 -0.7073 -1.8618   67325.7  166972.2     166.1  2212   496.8
   17 3     -2 -0.6583 -1.7800   63099.5   76357.8    6288.7 -0.7034 -1.8673   61089.7  156497.7  -14494.5
      844.7     331.7   63117.6   75450.5   63565.3   76661.2   63290.7   77473.3   62495.4   75680.6
   18 3     -1 -0.7110 -1.8573   66540.0   79672.1    4314.4 -0.7034 -1.8673   62478.4  160184.4  -16468.8
      534.6     201.4   66536.9   79100.9   66769.9   79709.4   66752.4   80451.5   66160.8   79244.8
   19 3      0 -0.6161 -1.7259   65566.8   80645.8    3524.4 -0.7034 -1.8673   63034.0  161659.4  -17258.8
      311.9      86.3   65543.2   80323.1   65623.6   80548.1   65799.7   81176.9   65380.6   80381.1
vertex track :        417   3  20    9688420  2.1160 -1.8897   60034.3  165871.0     173.3   211   252.1
   17 3     -2  2.1198 -1.8825   72973.2   74873.2    6568.5  2.1622 -1.9393   71926.3  154425.9  -14171.1
     1832.9     554.9   74712.2   74071.0   72416.3   76109.9   71446.4   75883.5   73975.3   73241.2
   18 3     -1  2.0982 -1.8741   67585.0   80684.5    3717.8  2.1622 -1.9393   65762.7  159954.2  -17021.7
      921.3     268.5   68450.9   80271.0   67517.4   81104.9   66931.1   81306.0   68093.2   79870.5
   19 3      0  2.0461 -1.9282   69747.5   82989.8    2866.6  2.1622 -1.9393   63922.3  161604.9  -17872.9
      469.2     102.2   70159.0   82742.4   69905.8   82981.0   69547.9   83445.3   70018.8   82593.6
vertex track :        428   3  20   10296939 -1.9683 -2.2364   66562.9  164713.5     162.6   211     nan
   17 3     -2 -1.8661 -2.3114   54101.0   71798.4    6345.6 -1.9491 -2.2250   52577.6  151908.8  -14433.8
        nan       nan      -nan       nan       nan       nan       nan       nan       nan       nan
   18 3     -1 -2.0335 -2.3040   61122.5   76523.5    4283.9 -1.9491 -2.2250   56595.9  156496.1  -16495.5
        nan       nan      -nan       nan       nan       nan       nan       nan       nan       nan
   19 3      0 -1.8075 -2.2329   61260.5   77191.7    3483.8 -1.9491 -2.2250   58155.4  158276.4  -17295.6
        nan       nan      -nan       nan       nan       nan       nan       nan       nan       nan
vertex track :        445   3  20   10319252  2.2471 -2.7985   59280.6  169501.0     176.8   211   336.8
   17 3     -2  2.2793 -2.7543   73057.6   72721.4    6597.1  2.3011 -2.8787   72127.1  151988.6  -14132.0
     2339.2     547.4   74970.7   71268.3   72466.7   74294.1   71356.9   74381.8   74127.3   70570.3
   18 3     -1  2.1697 -2.7921   67438.5   80316.0    3730.1  2.3011 -2.8787   65529.7  160241.9  -16999.1
     1185.4     264.5   68374.7   79542.3   67375.6   80828.0   66714.4   81296.9   67957.0   79217.7
   19 3      0  2.3904 -2.8644   69518.2   83407.1    2867.9  2.3011 -2.8787   63545.7  162723.8  -17861.2
      639.6     100.5   70005.2   82980.4   69687.5   83361.1   69243.5   84040.9   69850.8   82851.6
