groupid:   4433, ntrk: 11
vertex track :          0   3  87    4648899  0.0126 -0.1172   73979.6  140284.7     305.1    13  1121.8
   88 3      1  0.0125 -0.1170   68000.4   60383.3   -2868.5  0.0141 -0.1188   67814.5  140502.2 -146793.9
       16.1       4.7   68006.8   60367.9   68006.0   60375.2   68204.1   60608.7   67997.5   60366.9
   89 3      2  0.0121 -0.1172   69115.0   60750.1   -3715.9  0.0141 -0.1188   67802.6  140602.8 -147641.3
       21.8      11.2   69128.4   60729.6   69126.5   60748.4   69311.6   60980.6   69106.1   60727.3
   90 3      3  0.0129 -0.1177   72322.0   61054.9   -6585.3  0.0141 -0.1188   67762.3  140943.6 -150510.7
       37.6      22.0   72348.0   61019.8   72342.5   61069.9   72506.1   61299.8   72304.3   61015.0
vertex track :         24   3  87    5441867 -0.4892 -0.8002   73614.1  139796.4     306.4   211     nan
   88 3      1 -0.4517 -0.8010   82375.4   65833.1   -2606.7 -0.4960 -0.8054   68932.4  141980.5 -146533.0
        nan       nan      -nan       nan       nan       nan       nan       nan       nan       nan
   89 3      2 -0.4766 -0.7721   79493.1   63379.2   -3439.8 -0.4960 -0.8054   69345.6  142651.4 -147366.1
        nan       nan      -nan       nan       nan       nan       nan       nan       nan       nan
   90 3      3 -0.5352 -0.6204   79206.7   68101.5   -6902.1 -0.4960 -0.8054   71062.8  145440.1 -150828.4
        nan       nan      -nan       nan       nan       nan       nan       nan       nan       nan
vertex track :         39   3  87    5488236  0.1783  1.2102   74241.4  142395.3     306.3   211     nan
   88 3      1  0.1778  1.2078   67830.9   58989.2   -2869.6  0.1937  1.2126   67528.3  138393.0 -146794.4
        nan       nan      -nan       nan       nan       nan       nan       nan       nan       nan
   89 3      2  0.1850  1.2083   68797.3   58233.4   -3720.1  0.1937  1.2126   67363.5  137361.7 -147644.9
        nan       nan      -nan       nan       nan       nan       nan       nan       nan       nan
   90 3      3  0.1778  1.2140   71433.9   53981.6   -6585.6  0.1937  1.2126   66808.4  133887.1 -150510.4
        nan       nan      -nan       nan       nan       nan       nan       nan       nan       nan
vertex track :         80   3  87    6045857 -3.7123 -1.1716   64676.7  137516.3     304.5   211   624.7
   88 3      1 -3.6353 -1.1300   82657.2   64614.7   -2606.7 -3.6881 -1.1317   69275.0  140724.1 -146511.9
      687.1      64.9   82020.3   64348.7   82569.2   64519.3   83500.4   65089.5   81981.8   64472.7
   89 3      2 -3.6457 -0.9545   82526.6   62361.5   -3430.8 -3.6881 -1.1317   72314.5  141656.8 -147336.0
     1022.8     160.5   81577.8   61947.2   82791.2   62264.9   83681.8   62984.9   81496.5   62257.7
   90 3      3 -3.8647 -1.2400   91649.9   67976.4   -6899.3 -3.6881 -1.1317   85106.7  145582.2 -150804.5
     2067.5     358.8   89790.9   67003.1   92916.6   68006.0   93715.1   69158.5   89571.7   67686.4
vertex track :        104   3  88    4503429 -1.0762  1.5496   69463.0  135239.8     198.4   211     nan
   85 3     -2 -1.0424  1.5877   69304.8   68904.1    6590.2 -1.0662  1.5561   63149.0  146978.6 -139881.4
        nan       nan      -nan       nan       nan       nan       nan       nan       nan       nan
   86 3     -1 -1.0814  1.5270   68468.5   62853.3    3719.1 -1.0662  1.5561   66210.1  142511.1 -142752.5
        nan       nan      -nan       nan       nan       nan       nan       nan       nan       nan
   87 3      0 -1.1079  1.5310   72344.4   62490.2    2869.4 -1.0662  1.5561   67116.1  141188.8 -143602.2
        nan       nan      -nan       nan       nan       nan       nan       nan       nan       nan
vertex track :        113   3  88    5177916 -1.0238  1.3131   70031.2  134941.3     198.2   211   165.4
   85 3     -2 -0.9991  1.3963   56358.9   62863.7    6641.1 -1.0162  1.3182   63983.0  145227.4 -139828.9
     1031.6     503.2   55349.4   63409.9   56340.2   62025.1   57577.4   62528.9   56167.8   63995.5
   86 3     -1 -0.9698  1.2532   62874.2   58458.2    3478.3 -1.0162  1.3182   67196.9  141058.2 -142991.7
      469.8     221.5   62411.4   58694.3   62782.9   58214.3   63545.9   58433.5   62761.8   58965.4
   87 3      0 -1.0381  1.2510   59652.1   57835.0    2671.6 -1.0162  1.3182   68016.7  139994.7 -143798.5
      223.6      82.1   59446.2   57954.7   59513.7   57873.2   60067.0   57926.6   59572.5   58059.5
vertex track :        144   3  88    5610741  4.1147 -2.5661   60675.9  142269.3     211.7     0  2338.7
   85 3     -2  4.0960 -2.5568   94311.5   48895.7    6594.9  4.0364 -2.5692   87012.4  127709.2 -139912.1
     2055.0     118.5   96117.5   47908.0   93491.2   49547.4   92719.6   50090.8   95992.0   47707.0
   86 3     -1  4.3055 -2.4918   77611.0   55696.3    3716.4  4.0364 -2.5692   75393.6  135104.5 -142790.6
     1144.6      57.8   78630.6   55173.0   77553.4   55796.4   76805.7   56427.2   78572.8   55073.0
   87 3      0  4.2672 -2.5252   77165.9   58727.1    2867.7  4.0364 -2.5692   71968.0  137284.9 -143639.3
      870.9      26.2   77928.7   58306.2   77325.9   58662.9   76617.4   59355.6   77902.1   58261.1
vertex track :        167   3  88    5789538  4.1946  0.1660   59451.4  138110.7     213.0     0  2056.8
   85 3     -2  4.2898  0.3519   80048.4   58513.1    6494.8  4.1339  0.1264   85952.6  140762.3 -140019.6
     1556.0     106.6   81590.5   58746.6   79389.8   58566.0   78720.7   58490.0   81608.0   58534.1
   86 3     -1  4.0212  0.4536   71820.0   57195.6    3445.6  4.1339  0.1264   73347.6  140376.9 -143068.8
      821.8      48.4   72631.2   57335.8   71842.4   57246.8   71222.8   57265.9   72642.0   57239.6
   87 3      0  4.3159  0.2386   63988.9   57907.4    2634.3  4.1339  0.1264   69993.7  140274.3 -143880.1
      625.1      21.2   64611.8   57963.1   64269.9   57944.2   63580.3   58061.9   64614.2   57920.7
vertex track :        169   3  88    5812978 -2.2895 -1.1961   72847.2  141516.1     196.8     0  1792.5
   85 3     -2 -2.2847 -1.0429   64686.1   56981.1    6579.4 -2.3244 -1.2120   58592.5  135602.4 -139881.5
      667.4      64.2   64105.6   56645.6   64840.1   56980.8   65474.3   57525.5   64052.3   56762.3
   86 3     -1 -2.2498 -1.1705   67653.0   59624.1    3716.5 -2.3244 -1.2120   65247.2  139072.3 -142744.5
      387.5      31.5   67323.7   59417.2   67538.9   59529.1   68190.0   60039.7   67294.6   59473.2
   87 3      0 -2.2787 -1.1785   72531.5   61511.6    2865.9 -2.3244 -1.2120   67224.3  140103.2 -143595.1
      306.4      14.7   72266.2   61357.8   72331.9   61391.8   73004.6   61874.3   72252.6   61384.0
vertex track :        179   3  88    5815155  2.0885 -1.5650   64241.6  140657.0     206.8   211   433.5
   85 3     -2  1.9065 -1.5004   70806.8   49363.3    6571.3  2.0566 -1.5723   77882.4  132460.6 -139920.6
      982.0     262.4   71740.8   48962.2   70597.8   49861.8   70084.7   49972.9   71416.2   48549.8
   86 3     -1  2.1764 -1.6117   68824.4   53415.9    3457.4  2.0566 -1.5723   71478.5  137356.6 -143034.5
      484.5     116.1   69282.8   53220.9   68961.2   53459.1   68578.1   53819.3   69144.6   53034.3
   87 3      0  2.2543 -1.6443   62795.5   55458.4    2652.2  2.0566 -1.5723   69822.5  138622.7 -143839.7
      314.0      43.5   63074.8   55308.5   63040.9   55333.3   62728.5   55816.7   63023.6   55238.3
vertex track :        180   3  88    5816173  4.6204 -0.8201   55920.9  140450.6     218.8     0  7382.5
   85 3     -2  4.5860 -0.8822   92645.4   58491.7    6590.2  4.5409 -0.8482   85411.8  136930.8 -139939.8
     1865.9      51.5   94487.5   58189.7   91785.9   58709.4   91018.0   59002.7   94468.0   58088.7
   86 3     -1  4.7252 -0.7516   74585.1   59917.4    3717.5  4.5409 -0.8482   72367.1  139367.5 -142812.5
     1050.4      26.8   75626.6   59778.8   74544.2   59951.0   73758.2   60265.2   75618.2   59725.9
   87 3      0  4.6115 -0.8693   73802.4   61443.1    2871.6  4.5409 -0.8482   68526.2  140085.0 -143658.3
      815.8      17.4   74607.3   61309.1   73972.4   61428.8   73212.2   61786.3   74600.9   61275.0
