groupid:   4667, ntrk: 44
vertex track :          0   3  57    3973870  0.1964  0.4784  148122.6   41122.2     272.9    13  1162.5
   58 2      1  0.1960  0.4794   25814.8   41031.4   -2867.1  0.1985  0.4831  142164.7   40634.4  -91008.8
       51.8       6.6   25828.3   41081.9   25830.3   41086.6   26011.5   41191.4   25840.5   41076.9
   59 2      2  0.2000  0.4779   25155.8   40840.6   -3718.5  0.1985  0.4831  141995.7   40223.1  -91860.2
       62.4      13.7   25167.2   40903.5   25161.0   40888.6   25354.5   40988.2   25192.5   40892.9
   60 2      3  0.1965  0.4783   23566.0   38031.2   -6587.2  0.1985  0.4831  141426.2   38837.2  -94728.9
       99.1      26.5   23579.1   38132.9   23545.1   38050.1   23763.0   38140.0   23628.1   38112.8
vertex track :         22   3  57    2877181  0.7802 -0.9667  149083.0   38965.8     267.9   211     nan
   58 2      1  0.7970 -0.9056   29085.2   38875.0   -3234.5  0.7798 -0.9687  141013.9   43378.5  -91369.2
        nan       nan      -nan       nan       nan       nan       nan       nan       nan       nan
   59 2      2  0.8142 -0.8957   27587.2   40258.6   -4060.9  0.7798 -0.9687  140369.5   44179.0  -92195.6
        nan       nan      -nan       nan       nan       nan       nan       nan       nan       nan
   60 2      3  0.7857 -1.0004   25653.7   44072.7   -6851.3  0.7798 -0.9687  138193.6   46882.1  -94986.0
        nan       nan      -nan       nan       nan       nan       nan       nan       nan       nan
vertex track :         25   3  57    2877412 -0.3679 -0.8062  146616.2   37695.7     268.4   211     nan
   58 2      1 -0.3668 -0.8072   26137.7   41771.6   -2868.0 -0.3644 -0.8061  142426.8   41237.6  -90995.6
        nan       nan      -nan       nan       nan       nan       nan       nan       nan       nan
   59 2      2 -0.3754 -0.8074   25960.6   42643.8   -3715.9 -0.3644 -0.8061  142735.7   41921.1  -91843.5
        nan       nan      -nan       nan       nan       nan       nan       nan       nan       nan
   60 2      3 -0.3721 -0.8079   25944.9   43413.8   -6585.8 -0.3644 -0.8061  143781.4   44234.4  -94713.4
        nan       nan      -nan       nan       nan       nan       nan       nan       nan       nan
vertex track :         29   3  57    2879068 -1.9461 -2.0804  145432.0   38091.1     273.2   211   204.3
   58 2      1 -1.7547 -1.9341   33247.8   41247.4   -3243.7 -1.9245 -2.0716  146871.4   46391.7  -91374.3
      729.6     191.9   32899.8   40578.1   33511.7   41252.6   33804.1   42124.8   32615.4   40836.1
   59 2      2 -1.9889 -1.7917   33981.6   43448.2   -4068.5 -1.9245 -2.0716  148458.7   48100.4  -92199.1
     1446.1     445.3   33205.2   42149.4   34936.5   43709.0   34966.1   44955.1   32609.2   42811.1
   60 2      3 -1.9486 -1.9254   39896.1   50688.1   -6870.0 -1.9245 -2.0716  153850.3   53903.9  -95000.6
     2655.9     833.6   38592.8   48228.4   41962.0   51557.6   41407.4   53355.9   37421.0   49414.4
vertex track :         31   3  57    2879574 -1.3108 -0.7063  145009.5   38424.5     273.9   211     nan
   58 2      1 -1.3115 -0.7119   27588.5   42191.8   -2867.7 -1.3003 -0.7050  143766.8   41655.9  -90998.7
        nan       nan      -nan       nan       nan       nan       nan       nan       nan       nan
   59 2      2 -1.3163 -0.6947   28202.6   42978.6   -3717.1 -1.3003 -0.7050  144871.4   42254.8  -91848.2
        nan       nan      -nan       nan       nan       nan       nan       nan       nan       nan
   60 2      3 -1.3193 -0.7050   30803.0   43456.1   -6585.4 -1.3003 -0.7050  148601.2   44277.1  -94716.5
        nan       nan      -nan       nan       nan       nan       nan       nan       nan       nan
vertex track :         32   3  57    2879714 -0.7106 -0.6828  145332.9   37451.2     272.0   211   173.6
   58 2      1 -0.6454 -0.7174   29705.6   36440.9   -3232.3 -0.7050 -0.6823  142474.3   40854.3  -91360.3
      146.6      73.6   29662.2   36282.7   29722.8   36350.1   29958.3   36808.4   29552.8   36381.1
   59 2      2 -0.7711 -0.7596   29401.1   37536.2   -4053.1 -0.7050 -0.6823  143052.9   41414.3  -92181.1
      268.6     170.7   29329.6   37226.1   29550.3   37443.6   29681.8   38055.6   29089.9   37469.4
   60 2      3 -0.6647 -0.7409   31835.5   40707.7   -6843.9 -0.7050 -0.6823  145020.4   43318.4  -94971.9
      485.0     319.7   31749.5   40133.3   32257.7   40699.7   32130.7   41491.5   31273.7   40560.2
vertex track :         38   3  57    3047070  1.1939 -1.1224  151328.3   36039.9     260.2     0 10001.0
   58 2      1  1.1950 -1.1225   25810.5   41153.9   -2868.2  1.1930 -1.1256  142251.1   40569.1  -90994.5
      179.4       8.7   25947.2   41037.4   25936.6   41047.4   25885.0   41479.3   25935.3   41024.7
   59 2      2  1.1854 -1.1246   24352.8   42307.3   -3718.9  1.1930 -1.1256  141236.2   41526.7  -91845.2
      214.8      11.4   24516.5   42167.7   24453.7   42227.3   24400.3   42655.7   24500.7   42151.2
   60 2      3  1.1907 -1.1302   19945.7   43952.1   -6586.4  1.1930 -1.1256  137815.3   44754.4  -94712.7
      343.1      19.9   20208.2   43730.3   19960.6   43965.4   19894.4   44382.7   20180.8   43701.5
vertex track :         63   3  57    3122174  0.9178  1.0768  149855.5   42919.5     270.5     0 10000.9
   58 2      1  0.8133  1.1431   29562.8   36834.8   -3232.1  0.9218  1.0879  141288.9   40146.4  -91378.4
      159.7       8.8   29648.3   36970.0   29633.9   36949.8   29688.2   36910.7   29662.6   36959.8
   59 2      2  0.8433  0.9787   27839.9   36506.6   -4052.9  0.9218  1.0879  140532.2   39253.4  -92199.2
      187.4      11.2   27953.7   36655.8   27886.2   36577.4   27936.8   36568.3   27970.6   36641.2
   60 2      3  0.9760  1.1540   25668.0   34555.1   -6824.7  0.9218  1.0879  137977.4   36238.0  -94971.0
      287.1      18.5   25839.3   34786.2   25673.5   34590.2   25707.8   34535.1   25867.6   34762.3
vertex track :         77   3  57    3127355 -0.9170  0.6907  145614.8   41533.8     276.7     0  1769.3
   58 2      1 -0.9192  0.6880   26929.1   40797.4   -2867.7 -0.9116  0.6949  143153.5   40378.9  -91008.7
      114.9       8.7   26831.9   40859.3   26822.9   40866.1   27235.4   40946.2   26842.3   40873.2
   59 2      2 -0.9128  0.7079   27211.0   40442.9   -3718.3 -0.9116  0.6949  143928.9   39787.8  -91859.3
      136.7      15.8   27093.2   40514.2   27117.6   40495.3   27537.8   40582.4   27112.6   40539.2
   60 2      3 -0.9186  0.7014   28672.5   37025.3   -6587.3 -0.9116  0.6949  146544.4   37794.1  -94728.3
      215.2      30.0   28483.2   37132.1   28632.4   37018.2   29070.8   37129.3   28519.7   37179.8
vertex track :         83   3  57    3773432 -1.9924  0.0670  146487.6   40806.1     276.8   211     nan
   58 2      1 -1.9807  0.1464   34426.9   37684.5   -3229.9 -1.9770  0.0683  148090.0   41593.8  -91371.4
        nan       nan      -nan       nan       nan       nan       nan       nan       nan       nan
   59 2      2 -1.8914 -0.0314   35202.8   38168.7   -4051.1 -1.9770  0.0683  149713.5   41537.8  -92192.6
        nan       nan      -nan       nan       nan       nan       nan       nan       nan       nan
   60 2      3 -2.0064  0.1469   41263.5   39117.1   -6836.2 -1.9770  0.0683  155219.7   41347.6  -94977.7
        nan       nan      -nan       nan       nan       nan       nan       nan       nan       nan
vertex track :        129   3  57    4042569 -1.4933  0.9335  143760.8   42463.6     279.7   211     nan
   58 2      1 -1.5001  0.9096   26943.9   40957.8   -2868.1 -1.4848  0.9377  143112.1   40545.6  -91009.9
        nan       nan      -nan       nan       nan       nan       nan       nan       nan       nan
   59 2      2 -1.4768  0.9565   27687.6   40392.1   -3717.3 -1.4848  0.9377  144373.0   39749.4  -91859.1
        nan       nan      -nan       nan       nan       nan       nan       nan       nan       nan
   60 2      3 -1.4850  0.9485   30749.4   36288.1   -6583.5 -1.4848  0.9377  148628.6   37061.9  -94725.2
        nan       nan      -nan       nan       nan       nan       nan       nan       nan       nan
vertex track :        168   3  57    4639547 -1.0329 -0.8897  144046.4   36926.2     274.4     0 10000.6
   58 2      1 -1.0098 -0.8724   29293.6   36485.7   -3229.7 -1.0246 -0.8886  142310.7   41049.6  -91356.4
      152.2       8.6   29184.0   36379.7   29202.4   36395.6   29612.2   36800.9   29172.8   36392.7
   59 2      2 -0.9599 -0.8605   29156.8   37924.3   -4050.3 -1.0246 -0.8886  143151.4   41778.8  -92176.9
      178.4      10.9   29031.3   37797.2   29095.3   37854.6   29491.4   38260.7   29016.7   37813.4
   60 2      3 -0.9992 -0.9274   32645.2   41578.1   -6842.2 -1.0246 -0.8886  146012.0   44259.7  -94968.8
      273.4      18.1   32457.1   41378.8   32648.1   41556.1   33042.3   41986.5   32432.4   41405.4
vertex track :        183   3  57    4841153 -0.9743 -3.0352  144319.8   29642.0     263.8   211   252.6
   58 2      1 -0.9925 -3.0486   25830.0   40981.7   -2867.9 -0.9637 -3.0235  142007.6   40088.4  -90970.9
      687.4     146.1   25756.1   40282.9   25973.3   40949.9   26112.8   41887.5   25478.2   40373.4
   59 2      2 -0.9462 -3.0701   26185.6   43707.0   -3718.6 -0.9637 -3.0235  142827.4   42660.5  -91821.7
     1338.6     358.7   26134.1   42322.1   26723.9   44235.8   26446.2   45298.7   25448.6   42533.4
   60 2      3 -1.0003 -3.0254   27813.0   50716.8   -6586.0 -0.9637 -3.0235  145590.7   51330.0  -94689.1
     2554.3     704.7   27680.2   48070.4   29073.9   52285.4   28154.8   53570.2   26342.1   48512.9
vertex track :        216   3  57    4863912 -0.1213 -1.4053  147380.9   36260.2     269.1   211   301.8
   58 2      1 -0.1467 -1.3629   29962.3   37291.8   -3228.5 -0.1191 -1.4056  142462.7   42184.0  -91355.7
      180.2      49.9   29992.6   37107.4   30000.4   37179.4   30141.9   37685.0   29893.5   37118.0
   59 2      2 -0.0891 -1.3607   29064.1   39158.5   -4050.1 -0.1191 -1.4056  142560.6   43338.8  -92177.3
      271.9     115.0   29161.1   38879.6   29177.9   39136.5   29177.1   39646.0   28931.6   38894.6
   60 2      3  0.0437 -1.5978   29965.2   44273.7   -6847.0 -0.1191 -1.4056  142893.8   47270.1  -94974.2
      469.0     215.5   30193.4   43810.8   30177.0   44412.9   29947.1   44945.0   29762.6   43799.0
vertex track :        246   3  57    5106310 -2.5807  2.5214  143671.3   44048.5     282.6     0  1352.5
   58 2      1 -2.5677  2.5183   30370.6   37441.4   -2867.5 -2.5688  2.5316  146441.7   37114.2  -91014.9
      610.0      32.3   29912.4   37845.5   30244.3   37520.0   31036.2   37249.8   29957.7   37891.6
   59 2      2 -2.6099  2.5413   31977.3   35607.1   -3718.3 -2.5688  2.5316  148627.3   34960.3  -91865.7
      788.4      72.5   31361.9   36105.2   31943.6   35538.8   32800.2   35321.5   31463.0   36209.1
   60 2      3 -2.6132  2.5550   38000.2   27098.5   -6587.1 -2.5688  2.5316  155996.8   27697.6  -94734.5
     1342.7     141.0   36941.5   27936.4   38312.9   26595.5   39266.2   26473.1   37138.6   28138.0
vertex track :        259   3  57    5444168 -1.2666 -4.4069  143347.6   24719.2     264.1   211   240.2
   58 2      1 -1.3721 -4.1400   29132.9   34404.9   -3221.2 -1.2497 -4.3768  142373.2   40930.0  -91313.3
     1735.2     302.7   28874.4   32662.6   29678.0   35087.4   29600.1   36353.1   28299.7   32853.1
   59 2      2 -1.3494 -4.5122   29227.8   38740.9   -4045.3 -1.2497 -4.3768  143403.1   44537.0  -92137.5
     3522.7     704.5   28893.5   35164.1   30628.7   40966.5   29770.8   42523.3   27543.5   35567.8
   60 2      3 -1.1750 -4.2177   33430.8   52524.9   -6859.9 -1.2497 -4.3768  146920.5   56855.8  -94952.0
     6528.5    1325.8   32956.0   45880.0   36213.3   57572.4   34114.5   59375.5   30401.6   46591.7
vertex track :        269   3  57    5510891  4.0885 -3.9036  154984.5   33866.0     249.6     0 10001.0
   58 2      1  4.1345 -3.9298   20100.0   48033.1   -2868.3  4.0839 -3.9230  136895.8   47096.9  -90987.7
     1323.7      23.7   21075.7   47138.4   20025.1   48137.0   19338.3   49133.9   21043.1   47104.0
   59 2      2  4.0216 -3.9642   16407.1   51578.5   -3721.2  4.0839 -3.9230  133412.4   50443.0  -91840.6
     1666.8      33.9   17617.9   50432.5   16088.4   51940.2   15410.3   52930.5   17570.3   50384.2
   60 1      3  4.1377 -3.8310  124812.7   61195.3   -6586.1  4.0839 -3.9230  121712.5   61682.0  -94705.5
     2831.4      60.8  126931.6   59316.3  123645.3   62359.0  122907.9   63280.5  126849.0   59227.1
vertex track :        284   3  58    3325584 -0.2685  0.4625  145886.2   41658.5     322.6   211     nan
   55 2     -2 -0.2735  0.4546   23768.3   42707.2    6580.8 -0.2670  0.4665  140662.1   43678.5  -84861.1
        nan       nan      -nan       nan       nan       nan       nan       nan       nan       nan
   56 2     -1 -0.2821  0.4604   26488.8   43247.4    3719.8 -0.2670  0.4665  141425.9   42343.8  -87722.0
        nan       nan      -nan       nan       nan       nan       nan       nan       nan       nan
   57 2      0 -0.2480  0.4723   26609.3   41282.0    2867.8 -0.2670  0.4665  141653.4   41946.3  -88574.1
        nan       nan      -nan       nan       nan       nan       nan       nan       nan       nan
vertex track :        285   3  58    3325595  1.1014 -0.7635  145741.1   41564.2     322.6   211     nan
   55 2     -2  1.0697 -0.7827   33524.1   38494.1    6938.8  1.1033 -0.7583  149488.3   35646.3  -84502.4
        nan       nan      -nan       nan       nan       nan       nan       nan       nan       nan
   56 2     -1  1.1764 -0.7494   26363.7   39231.6    4123.7  1.1033 -0.7583  146382.4   37781.1  -87317.4
        nan       nan      -nan       nan       nan       nan       nan       nan       nan       nan
   57 2      0  1.1439 -0.7705   26594.5   41851.9    3314.0  1.1033 -0.7583  145489.0   38395.2  -88127.2
        nan       nan      -nan       nan       nan       nan       nan       nan       nan       nan
vertex track :        290   3  58    3326880 -0.9134  0.6905  146871.4   41161.2     318.0     0   889.5
   55 2     -2 -0.9266  0.6720   20295.1   43719.4    6594.5 -0.9104  0.6920  137602.8   44607.9  -84843.5
      207.5      49.0   20098.4   43801.6   20239.7   43699.1   20700.9   43848.0   20155.9   43881.0
   56 2     -1 -0.8674  0.7077   24811.3   43713.1    3715.7 -0.9104  0.6920  140223.5   42615.7  -87722.3
      124.9      23.4   24699.7   43773.9   24711.1   43764.6   25131.9   43863.0   24729.3   43810.1
   57 2      0 -0.9198  0.6790   25513.5   41566.7    2877.3 -0.9104  0.6920  140986.8   42035.5  -88560.7
      102.0       9.9   25425.6   41619.3   25396.5   41640.7   25810.5   41724.8   25437.3   41635.2
vertex track :        292   3  58    3327030 -1.1276  0.6146  146370.9   41453.8     321.8     0  1875.2
   55 2     -2 -1.0543  0.5996   19284.5   47398.5    6917.3 -1.1228  0.6143  135411.6   44607.6  -84524.3
      239.2      30.2   19061.7   47490.5   19256.1   47379.9   19716.3   47517.1   19091.5   47543.0
   56 2     -1 -1.2145  0.5706   18853.3   44207.2    4148.3 -1.1228  0.6143  138520.6   42906.5  -87293.3
      151.8      15.9   18709.1   44257.3   18728.9   44248.0   19206.3   44367.6   18722.6   44286.2
   57 2      0 -1.1530  0.6471   20813.3   45660.6    3306.1 -1.1228  0.6143  139466.2   42389.1  -88135.5
      127.0       8.7   20698.2   45715.2   20677.7   45726.7   21137.2   45816.7   20706.7   45730.4
vertex track :        293   3  58    3327393 -0.7760  0.8291  148208.2   40834.9     317.7   211     nan
   55 2     -2 -0.7893  0.8101   22579.5   44393.1    6583.7 -0.7745  0.8324  139797.6   45158.4  -84856.4
        nan       nan      -nan       nan       nan       nan       nan       nan       nan       nan
   56 2     -1 -0.7582  0.8439   26718.7   44047.2    3712.6 -0.7745  0.8324  142021.1   42768.7  -87727.4
        nan       nan      -nan       nan       nan       nan       nan       nan       nan       nan
   57 2      0 -0.7797  0.8421   27270.9   41722.0    2869.4 -0.7745  0.8324  142674.1   42066.9  -88570.6
        nan       nan      -nan       nan       nan       nan       nan       nan       nan       nan
vertex track :        294   3  58    3327886  0.9794  0.3596  144487.5   41661.8     322.5   211     nan
   55 2     -2  0.9249  0.3597   31340.1   45941.0    6911.8  0.9810  0.3698  147402.5   43192.7  -84526.5
        nan       nan      -nan       nan       nan       nan       nan       nan       nan       nan
   56 2     -1  0.9412  0.2651   24692.0   43596.4    4173.7  0.9810  0.3698  144716.6   42180.2  -87264.5
        nan       nan      -nan       nan       nan       nan       nan       nan       nan       nan
   57 2      0  1.0613  0.3690   24981.9   45112.2    3314.8  0.9810  0.3698  143873.9   41862.5  -88123.5
        nan       nan      -nan       nan       nan       nan       nan       nan       nan       nan
vertex track :        298   3  58    3329291  1.3371 -0.0733  145086.8   41596.8     322.9   211     nan
   55 2     -2  1.3363 -0.0489   34183.6   39158.9    6584.9  1.3397 -0.0645  149925.4   40289.5  -84855.0
        nan       nan      -nan       nan       nan       nan       nan       nan       nan       nan
   56 2     -1  1.2670 -0.0923   32409.1   41082.6    3726.9  1.3397 -0.0645  146096.6   40473.8  -87713.0
        nan       nan      -nan       nan       nan       nan       nan       nan       nan       nan
   57 2      0  1.3148 -0.0407   31145.7   39489.9    2863.9  1.3397 -0.0645  144940.5   40529.5  -88576.0
        nan       nan      -nan       nan       nan       nan       nan       nan       nan       nan
vertex track :        302   3  58    3534306 -1.0890 -0.5713  148963.8   44401.7     319.7   211     nan
   55 2     -2 -1.0245 -0.6416   22139.4   42558.6    6913.0 -1.0763 -0.5725  138295.0   39751.2  -84542.2
        nan       nan      -nan       nan       nan       nan       nan       nan       nan       nan
   56 2     -1 -0.9912 -0.5992   21518.8   42835.1    4143.4 -1.0763 -0.5725  141276.0   41336.9  -87311.8
        nan       nan      -nan       nan       nan       nan       nan       nan       nan       nan
   57 2      0 -1.0481 -0.5755   23442.1   45173.6    3306.6 -1.0763 -0.5725  142176.6   41816.0  -88148.6
        nan       nan      -nan       nan       nan       nan       nan       nan       nan       nan
vertex track :        308   3  58    3535449 -1.5891 -1.3070  150027.3   45447.6     321.6     0  3794.2
   55 2     -2 -1.6132 -1.2686   19021.2   34201.3    6594.9 -1.5645 -1.3052  136633.3   36392.6  -84868.1
      443.5      28.7   18690.4   33904.6   19048.9   34186.5   19560.5   34706.8   18654.9   33949.7
   56 2     -1 -1.4926 -1.3249   25222.5   39759.2    3719.9 -1.5645 -1.3052  141131.2   40145.0  -87743.1
      261.4      14.6   25036.7   39574.7   25114.3   39643.6   25616.9   40152.3   25017.3   39596.5
   57 2      0 -1.6194 -1.3355   26469.4   39282.9    2866.1 -1.5645 -1.3052  142467.0   41259.4  -88596.9
      211.7       8.9   26311.8   39141.4   26298.3   39130.3   26835.4   39633.1   26300.4   39155.1
vertex track :        310   3  58    3535659 -1.1079 -0.0666  150132.4   43313.0     317.6     0  3783.8
   55 2     -2 -1.1346 -0.0760   23142.2   44869.3    6918.2 -1.0984 -0.0685  139309.6   41986.6  -84534.3
      197.1      18.0   22946.8   44838.2   23101.8   44848.6   23546.5   45110.4   22944.4   44874.1
   56 2     -1 -1.0699 -0.1008   22493.6   43535.8    4140.3 -1.0984 -0.0685  142361.0   42176.9  -87312.2
      126.3       9.9   22368.8   43514.0   22395.6   43516.6   22827.3   43767.4   22366.9   43533.8
   57 2      0 -1.2113 -0.0233   24542.4   45533.7    3300.4 -1.0984 -0.0685  143283.5   42234.4  -88152.1
      106.8       6.7   24435.7   45524.9   24395.0   45524.1   24857.9   45752.4   24435.5   45538.3
vertex track :        312   3  58    3535843 -0.4889  0.3213  146391.1   41794.6     320.6   211     nan
   55 2     -2 -0.4953  0.3099   22851.8   41826.2    6564.7 -0.4859  0.3234  139801.7   42917.0  -84876.8
        nan       nan      -nan       nan       nan       nan       nan       nan       nan       nan
   56 2     -1 -0.4936  0.3125   26087.7   42913.6    3717.3 -0.4859  0.3234  141185.3   41996.3  -87724.1
        nan       nan      -nan       nan       nan       nan       nan       nan       nan       nan
   57 2      0 -0.4945  0.3194   26457.5   41034.5    2868.6 -0.4859  0.3234  141597.7   41721.8  -88572.9
        nan       nan      -nan       nan       nan       nan       nan       nan       nan       nan
vertex track :        314   3  58    3536472  0.9904  0.2385  144006.6   41963.4     323.3   211     nan
   55 2     -2  0.9497  0.2342   30803.6   45644.2    6955.2  0.9920  0.2478  147037.2   42700.1  -84483.7
        nan       nan      -nan       nan       nan       nan       nan       nan       nan       nan
   56 2     -1  1.0208  0.2663   24193.7   43315.4    4151.5  0.9920  0.2478  144255.9   42005.2  -87287.3
        nan       nan      -nan       nan       nan       nan       nan       nan       nan       nan
   57 2      0  1.0326  0.2086   24396.9   45067.5    3292.8  0.9920  0.2478  143404.0   41792.4  -88146.1
        nan       nan      -nan       nan       nan       nan       nan       nan       nan       nan
vertex track :        315   3  58    3536569  0.7689 -0.6251  144002.5   44781.1     328.3     0  1964.4
   55 2     -2  0.7862 -0.6124   29230.7   38381.1    6599.5  0.7710 -0.6207  145279.4   39991.8  -84853.3
      168.2      22.4   29377.2   38295.4   29276.9   38373.5   29295.0   38676.1   29349.6   38260.0
   56 2     -1  0.7832 -0.5922   28950.1   42040.2    3714.4  0.7710 -0.6207  143055.0   41782.6  -87738.4
      103.5      11.1   29039.3   41986.7   29038.7   41987.1   29071.7   42303.2   29026.0   41969.0
   57 2      0  0.7424 -0.6301   28200.4   40908.3    2867.1  0.7710 -0.6207  142401.8   42308.5  -88585.7
       86.6       6.0   28270.2   40856.8   28294.1   40836.6   28341.2   41169.1   28262.5   40847.7
vertex track :        319   3  58    3537064  1.5330 -2.1798  143514.7   46445.6     332.4     0  1999.1
   55 2     -2  1.4561 -2.1232   34082.1   34216.0    6923.5  1.5332 -2.1708  150058.1   31244.8  -84537.4
      722.1      63.0   34542.5   33656.2   34031.5   34401.3   33833.2   34983.7   34438.5   33584.9
   56 2     -1  1.5967 -2.0685   25770.5   38898.9    4164.4  1.5332 -2.1708  145827.9   37234.1  -87296.4
      437.1      32.9   26063.6   38573.0   25864.7   38830.6   25689.0   39432.7   26011.5   38532.8
   57 2      0  1.5483 -2.1323   25528.8   42574.4    3315.8  1.5332 -2.1708  144526.8   39076.2  -88145.0
      350.3      16.4   25747.9   42300.5   25661.4   42419.7   25521.3   43056.1   25721.4   42281.3
vertex track :        327   3  58    3591971  1.5529 -1.9037  141887.0   47926.3     336.6   211     nan
   55 2     -2  1.6003 -1.8719   32607.5   32819.0    6591.1  1.5535 -1.8962  148041.5   35171.8  -84874.7
        nan       nan      -nan       nan       nan       nan       nan       nan       nan       nan
   56 2     -1  1.5112 -1.9601   30118.2   39857.0    3716.9  1.5535 -1.8962  143576.4   40621.7  -87748.9
        nan       nan      -nan       nan       nan       nan       nan       nan       nan       nan
   57 2      0  1.5771 -1.9165   28697.7   39819.5    2866.4  1.5535 -1.8962  142255.2   42234.3  -88599.4
        nan       nan      -nan       nan       nan       nan       nan       nan       nan       nan
vertex track :        328   3  58    3592033  0.8787 -1.1629  143385.8   46760.7     331.4     0   906.6
   55 2     -2  0.9416 -1.2206   29502.0   41138.3    6915.7  0.8810 -1.1582  145623.7   38242.3  -84545.0
      299.8      63.8   29735.7   40939.9   29567.1   41158.4   29479.3   41545.5   29634.6   40862.0
   56 2     -1  0.9144 -1.3399   23244.9   42810.0    4170.0  0.8810 -1.1582  143204.7   41422.4  -87290.6
      186.2      32.9   23377.1   42674.8   23359.2   42701.0   23323.6   43153.9   23322.6   42637.6
   57 2      0  0.8277 -1.1690   23502.5   45817.6    3301.2  0.8810 -1.1582  142439.3   42428.7  -88159.5
      149.8      14.5   23600.9   45703.7   23601.5   45702.8   23614.9   46140.3   23577.2   45686.9
vertex track :        336   3  58    4427725 -0.8677  0.9387  146958.5   40753.2     317.8   211   189.3
   55 2     -2 -0.8761  0.9213   20761.6   45010.2    6585.7 -0.8664  0.9421  137974.3   45760.4  -84851.0
      543.4     305.5   20165.8   45193.4   20730.7   44599.3   21566.6   45037.8   20608.5   45614.5
   56 2     -1 -0.8661  0.9227   25083.9   44478.2    3726.3 -0.8664  0.9421  140451.7   43066.5  -87710.5
      272.1     144.9   24792.0   44577.5   24982.6   44374.5   25584.8   44589.9   25003.2   44775.8
   57 2      0 -0.9002  0.9387   25771.2   42043.4    2865.4 -0.8664  0.9421  141197.6   42255.5  -88571.4
      143.6      53.5   25633.2   42110.0   25642.9   42099.8   26118.4   42187.7   25710.4   42184.1
vertex track :        342   3  58    4674736 -1.3876 -0.5528  150427.6   44249.9     318.5     0 10001.0
   55 2     -2 -1.3646 -0.5470   21739.2   42599.5    6921.0 -1.3718 -0.5550  137793.8   39715.6  -84536.1
      290.1      17.9   21476.6   42474.9   21728.5   42575.9   22210.4   42933.5   21463.3   42508.2
   56 2     -1 -1.4038 -0.7081   21847.9   42530.4    4193.2 -1.3718 -0.5550  141535.9   41229.7  -87264.0
      185.0      10.4   21687.4   42437.8   21723.0   42455.7   22217.0   42832.3   21678.0   42456.4
   57 2      0 -1.3430 -0.6305   24027.0   45051.7    3298.1 -1.3718 -0.5550  142763.7   41726.5  -88159.0
      153.3       7.8   23891.4   44979.5   23887.0   44977.5   24371.1   45333.3   23884.9   44993.6
vertex track :        349   3  58    4677612 -1.1905 -0.1366  148803.8   42779.2     318.6   211     nan
   55 2     -2 -1.1781 -0.1410   20519.2   39554.3    6582.1 -1.1799 -0.1389  137847.3   41027.1  -84866.4
        nan       nan      -nan       nan       nan       nan       nan       nan       nan       nan
   56 2     -1 -1.2099 -0.1620   25560.1   42039.5    3714.6 -1.1799 -0.1389  141230.5   41425.4  -87733.9
        nan       nan      -nan       nan       nan       nan       nan       nan       nan       nan
   57 2      0 -1.2248 -0.1228   26573.2   40543.8    2870.8 -1.1799 -0.1389  142226.1   41542.5  -88577.7
        nan       nan      -nan       nan       nan       nan       nan       nan       nan       nan
vertex track :        350   3  58    4677795 -0.5351 -0.3892  148221.8   44424.1     321.4   211     nan
   55 2     -2 -0.5220 -0.3824   25047.7   43772.5    6928.9 -0.5283 -0.3889  141160.8   40975.8  -84526.3
        nan       nan      -nan       nan       nan       nan       nan       nan       nan       nan
   56 2     -1 -0.5776 -0.3728   22820.3   43346.3    4139.0 -0.5283 -0.3889  142634.7   42060.6  -87316.1
        nan       nan      -nan       nan       nan       nan       nan       nan       nan       nan
   57 2      0 -0.5151 -0.4283   24306.1   45708.3    3305.9 -0.5283 -0.3889  143074.9   42384.6  -88149.3
        nan       nan      -nan       nan       nan       nan       nan       nan       nan       nan
vertex track :        352   3  58    4677951 -0.9863  0.3665  148021.9   41871.7     316.8   211     nan
   55 2     -2 -0.9826  0.3467   21083.4   42167.5    6591.0 -0.9807  0.3660  138307.8   43279.2  -84851.0
        nan       nan      -nan       nan       nan       nan       nan       nan       nan       nan
   56 2     -1 -0.9683  0.3659   25678.8   43238.1    3712.8 -0.9807  0.3660  141130.5   42225.7  -87729.1
        nan       nan      -nan       nan       nan       nan       nan       nan       nan       nan
   57 2      0 -1.0162  0.3707   26455.1   41302.1    2866.2 -0.9807  0.3660  141960.8   41915.8  -88575.7
        nan       nan      -nan       nan       nan       nan       nan       nan       nan       nan
vertex track :        364   3  58    4679423  1.9629 -1.8358  143586.4   44327.6     328.4   211   610.9
   55 2     -2  2.0441 -2.0807   36885.0   34189.1    6902.5  1.9635 -1.8286  152939.3   31405.6  -84547.8
      905.5     196.9   37660.0   33681.1   36820.1   34536.0   36322.0   34905.0   37379.1   33405.2
   56 2     -1  1.7843 -1.9439   27429.2   37899.9    4158.1  1.9635 -1.8286  147550.7   36424.2  -87292.3
      520.4     100.8   27855.4   37584.7   27526.3   37943.2   27214.8   38423.2   27706.9   37448.4
   57 2      0  1.9923 -1.8040   26779.4   41419.1    3304.0  1.9635 -1.8286  145873.7   37986.0  -88146.4
      370.5      41.1   27081.7   41200.9   26950.8   41319.5   26689.2   41845.5   27026.5   41139.9
vertex track :        398   3  58    4916104  1.5509 -2.2256  143311.8   46918.6     331.4     0  2092.8
   55 2     -2  1.6087 -2.1923   34094.0   29662.7    6578.6  1.5511 -2.2163  149438.3   32180.8  -84882.4
      706.0      58.4   34558.7   29128.0   34061.2   29806.0   33840.8   30405.1   34464.6   29059.0
   56 2     -1  1.5145 -2.1738   31511.9   37558.6    3712.6  1.5511 -2.2163  144993.0   38532.7  -87748.3
      403.8      28.3   31765.9   37243.4   31622.3   37449.6   31469.4   38081.6   31719.5   37211.1
   57 2      0  1.5919 -2.2301   30136.9   37795.5    2865.6  1.5511 -2.2163  143679.2   40410.0  -88595.4
      317.8      13.5   30332.5   37544.7   30297.5   37593.7   30152.8   38254.1   30310.5   37529.0
vertex track :        403   3  58    5304536 -3.5449  1.9191  150573.8   39673.7     313.8     0  7244.1
   55 2     -2 -4.6143  2.4327    7480.3   54350.6    6890.3 -3.5285  1.9081  123807.5   51336.8  -84548.0
     1456.1      45.3    6171.2   54989.6    7778.2   54142.3    8994.9   53924.1    6213.4   55069.8
   56 2     -1 -3.8526  1.7272   14101.8   47332.8    4114.6 -3.5285  1.9081  133601.5   46040.5  -87323.7
      863.7      25.0   13303.5   47663.4   14070.7   47319.4   15106.4   47214.0   13323.9   47708.9
   57 2      0 -3.4123  1.9477   18076.7   47546.0    3297.5 -3.5285  1.9081  136484.7   44481.3  -88140.8
      693.2      17.0   17466.2   47874.9   17953.8   47596.6   18893.8   47429.1   17483.1   47904.5
vertex track :        413   3  58    5306056 -2.6489  3.1527  146422.7   40813.0     317.8     0  8372.9
   55 2     -2 -2.6592  3.1008    7701.1   60022.0    6602.0 -2.6581  3.1662  126166.6   59810.2  -84833.6
     1446.8      41.9    6727.4   61093.0    8052.7   59547.6    8882.2   59164.1    6791.1   61147.6
   56 2     -1 -2.6885  3.0758   17081.4   53797.9    3730.4 -2.6581  3.1662  133799.5   50718.1  -87705.2
      812.2      21.9   16530.4   54395.1   17034.8   53818.0   17839.6   53413.9   16563.3   54423.8
   57 2      0 -2.6562  3.0375   19239.4   49422.7    2873.2 -2.6581  3.1662  136078.1   48003.9  -88562.4
      629.0      14.6   18814.3   49886.6   19084.7   49577.4   19871.8   49171.8   18836.3   49905.8
vertex track :        418   3  58    5306939  2.0421  2.0572  144772.6   40600.7     320.7   211     nan
   55 2     -2  1.9990  1.9840   38436.0   56191.9    6931.5  2.0548  2.1014  154810.0   53584.1  -84502.3
        nan       nan      -nan       nan       nan       nan       nan       nan       nan       nan
   56 2     -1  1.9864  1.9551   29047.5   48687.2    4143.3  2.0548  2.1014  149080.8   47724.9  -87290.6
        nan       nan      -nan       nan       nan       nan       nan       nan       nan       nan
   57 2      0  2.0061  2.1394   28306.1   48845.2    3331.8  2.0548  2.1014  147413.4   46019.7  -88102.0
        nan       nan      -nan       nan       nan       nan       nan       nan       nan       nan
vertex track :        439   3  58    5509889 -3.3971  3.3210  151669.2   36478.2     307.2   211     nan
   55 2     -2 -3.4779  3.2626    7850.8   56866.8    6578.4 -3.4027  3.3280  126776.7   56456.5  -84845.8
        nan       nan      -nan       nan       nan       nan       nan       nan       nan       nan
   56 2     -1 -3.3112  3.2790   19259.3   50105.3    3708.5 -3.4027  3.3280  136541.8   46905.6  -87715.7
        nan       nan      -nan       nan       nan       nan       nan       nan       nan       nan
   57 2      0 -3.4006  3.1215   22087.8   45664.6    2864.8 -3.4027  3.3280  139412.5   44098.0  -88559.4
        nan       nan      -nan       nan       nan       nan       nan       nan       nan       nan
