groupid:   4609, ntrk: 23
vertex track :          0   3  19    9169358 -0.1288 -0.2423  134700.2  157451.5     452.6    13 10000.6
   20 4      1 -0.1246 -0.2445   13823.5   79121.2   -2867.9 -0.1243 -0.2481  131241.5  157996.4  -20728.4
       30.0       2.4   13812.0   79093.4   13813.1   79095.5   14044.8   79358.8   13807.7   79095.7
   21 4      2 -0.1258 -0.2442   16802.2   80676.5   -3719.6 -0.1243 -0.2481  131347.3  158207.7  -21580.0
       35.5       3.3   16788.9   80643.5   16795.0   80655.3   17025.4   80919.4   16783.1   80646.5
   22 4      3 -0.1231 -0.2463   14440.3   79622.0   -6585.6 -0.1243 -0.2481  131703.5  158918.8  -24446.1
       55.6       5.6   14420.5   79569.7   14444.4   79617.4   14670.0   79884.0   14410.4   79574.8
vertex track :         38   3  19    8288704 -0.8052 -0.5178  132489.8  156550.9     451.7   211     nan
   20 4      1 -0.8214 -0.5843   14997.5   83200.3   -3519.4 -0.7986 -0.5309  131797.0  158356.4  -21378.0
        nan       nan      -nan       nan       nan       nan       nan       nan       nan       nan
   21 4      2 -0.8194 -0.6544   16522.1   81154.7   -4346.1 -0.7986 -0.5309  132457.2  158795.3  -22204.7
        nan       nan      -nan       nan       nan       nan       nan       nan       nan       nan
   22 4      3 -0.7639 -0.5682   21549.2   85293.1   -6957.5 -0.7986 -0.5309  134542.7  160181.8  -24816.1
        nan       nan      -nan       nan       nan       nan       nan       nan       nan       nan
vertex track :         47   3  19    8334084  0.4373  0.7863  136033.3  159866.5     453.6     0  7730.8
   20 4      1  0.4229  0.7945   13203.4   77869.3   -2865.7  0.4258  0.7889  130715.8  156987.8  -20723.0
       91.8       6.3   13241.0   77953.3   13243.6   77958.0   13376.2   77996.1   13252.1   77947.4
   21 4      2  0.4262  0.7936   15685.1   78590.8   -3717.7  0.4258  0.7889  130353.0  156315.7  -21575.0
      107.8       8.2   15728.9   78689.6   15716.4   78666.3   15851.7   78702.7   15743.3   78681.9
   22 4      3  0.4191  0.7947   11962.0   74721.8   -6586.3  0.4258  0.7889  129131.7  154052.6  -24443.7
      166.6      14.0   12027.3   74875.7   11960.0   74747.9   12107.2   74778.7   12052.1   74862.6
vertex track :         55   3  19    8335032 -1.1361  0.9375  132006.9  160609.8     459.5   211     nan
   20 4      1 -1.1616  0.8612   15460.7   83036.3   -3517.8 -1.1480  0.9225  132649.3  156644.0  -21372.1
        nan       nan      -nan       nan       nan       nan       nan       nan       nan       nan
   21 4      2 -1.3823  0.8548   17264.3   79701.3   -4341.7 -1.1480  0.9225  133595.2  155883.9  -22196.0
        nan       nan      -nan       nan       nan       nan       nan       nan       nan       nan
   22 4      3 -1.0998  0.8527   23313.0   79691.6   -6966.2 -1.1480  0.9225  136608.0  153462.9  -24820.5
        nan       nan      -nan       nan       nan       nan       nan       nan       nan       nan
vertex track :         58   3  19    8336041 -1.1654  0.1814  130722.5  159084.1     457.5   211     nan
   20 4      1 -1.1646  0.1602   13525.7   79194.5   -2867.2 -1.1654  0.1686  130698.8  158213.5  -20719.8
        nan       nan      -nan       nan       nan       nan       nan       nan       nan       nan
   21 4      2 -1.1662  0.1717   17286.3   80441.6   -3717.8 -1.1654  0.1686  131690.1  158070.1  -21570.4
        nan       nan      -nan       nan       nan       nan       nan       nan       nan       nan
   22 4      3 -1.1664  0.1579   17736.5   78163.8   -6584.8 -1.1654  0.1686  135031.4  157586.8  -24437.4
        nan       nan      -nan       nan       nan       nan       nan       nan       nan       nan
vertex track :         90   3  19    9213501  1.7921  1.5406  139224.4  161678.6     451.6   211     nan
   20 4      1  1.5307  1.6493   14239.7   82562.2   -3517.2  1.7720  1.5712  128265.8  155231.9  -21375.6
        nan       nan      -nan       nan       nan       nan       nan       nan       nan       nan
   21 4      2  1.6028  1.4434   13478.3   78675.7   -4342.6  1.7720  1.5712  126803.1  153935.0  -22201.0
        nan       nan      -nan       nan       nan       nan       nan       nan       nan       nan
   22 4      3  1.7900  1.6692   11224.2   76864.3   -6978.9  1.7720  1.5712  122131.6  149792.6  -24837.4
        nan       nan      -nan       nan       nan       nan       nan       nan       nan       nan
vertex track :        113   3  19    9402700 -0.1958  1.2230  134556.3  160640.3     455.4   211     nan
   20 4      1 -0.2137  1.2157   14013.4   77057.9   -2867.6 -0.2152  1.2174  131351.2  156321.9  -20722.5
        nan       nan      -nan       nan       nan       nan       nan       nan       nan       nan
   21 4      2 -0.2145  1.2178   16950.9   77456.5   -3718.9 -0.2152  1.2174  131534.5  155285.4  -21573.9
        nan       nan      -nan       nan       nan       nan       nan       nan       nan       nan
   22 4      3 -0.2152  1.2128   14994.5   72291.2   -6585.3 -0.2152  1.2174  132151.3  151796.0  -24440.3
        nan       nan      -nan       nan       nan       nan       nan       nan       nan       nan
vertex track :        118   3  19    9403206 -1.5917  1.2662  132575.3  159771.7     453.5     0  1155.0
   20 4      1 -1.4396  1.1447   17263.1   81465.4   -3517.8 -1.6059  1.2442  135045.1  154538.0  -21368.7
      294.1      24.5   17017.6   81629.2   17175.7   81503.5   17717.1   81512.6   17048.1   81667.6
   21 4      2 -1.2558  1.3851   19469.5   77670.3   -4337.8 -1.6059  1.2442  136361.9  153517.8  -22188.7
      356.2      48.8   19194.1   77901.4   19408.8   77664.5   19953.6   77650.6   19266.4   77966.9
   22 4      3 -1.8727  1.0940   26928.9   76644.1   -6955.1 -1.6059  1.2442  140564.9  150261.2  -24806.0
      538.5      84.4   26421.3   76842.9   26958.0   76529.4   27644.5   76656.4   26506.5   76988.6
vertex track :        209   3  19   13205399  1.1382  0.7385  137865.5  159677.9     398.9   211     nan
   20 4      1  1.1209  0.7631   12622.2   77732.3   -2868.3  1.1299  0.7564  130277.7  156968.5  -20674.8
        nan       nan      -nan       nan       nan       nan       nan       nan       nan       nan
   21 4      2  1.1303  0.7540   14432.7   78519.4   -3715.2  1.1299  0.7564  129320.8  156327.8  -21521.8
        nan       nan      -nan       nan       nan       nan       nan       nan       nan       nan
   22 4      3  1.1181  0.7518    8994.5   74457.5   -6585.5  1.1299  0.7564  126077.8  154156.8  -24392.0
        nan       nan      -nan       nan       nan       nan       nan       nan       nan       nan
vertex track :        264   3  20    5621150  1.4247 -1.7711  131028.9  159323.8     159.9   211     nan
   17 4     -2  1.4507 -1.7488   20274.4   67403.0    6580.6  1.4422 -1.7978  138392.5  148562.5  -14505.2
        nan       nan      -nan       nan       nan       nan       nan       nan       nan       nan
   18 4     -1  1.4359 -1.7199   16254.2   73605.7    3721.0  1.4422 -1.7978  134268.3  153703.3  -17364.8
        nan       nan      -nan       nan       nan       nan       nan       nan       nan       nan
   19 4      0  1.4106 -1.7735   19153.6   76593.8    2868.4  1.4422 -1.7978  133038.7  155236.1  -18217.4
        nan       nan      -nan       nan       nan       nan       nan       nan       nan       nan
vertex track :        310   3  20    7142715  0.8985  1.1665  131294.3  154770.7     159.3     0  9008.8
   17 4     -2  0.9409  1.0944   17716.0   82805.3    6642.7  0.9044  1.1591  135253.6  163054.2  -14455.4
      279.7      17.6   17884.9   83028.9   17717.9   82834.6   17757.9   82792.9   17911.6   83005.9
   18 4     -1  0.9173  1.2679   16892.9   79128.8    4557.4  0.9044  1.1591  133367.7  160637.0  -16540.8
      200.5      11.8   17000.9   79298.2   16958.5   79239.6   16995.9   79170.8   17020.0   79284.4
   19 4      0  0.9154  1.0216   15434.7   77477.5    3570.6  0.9044  1.1591  132475.3  159493.3  -17527.5
      165.1       8.8   15538.3   77606.4   15510.1   77575.0   15541.9   77559.7   15551.4   77594.6
vertex track :        335   3  20    7803646  0.6344 -0.7559  132402.0  157844.6     307.9   211   232.1
   17 4     -2  0.6456 -0.7453   16311.1   72611.2    6586.7  0.6404 -0.7659  134531.6  153806.0  -14653.2
      310.0     186.9   16655.3   72499.3   16385.0   72811.4   16177.5   72932.4   16372.8   72254.5
   18 4     -1  0.6566 -0.7484   14088.9   76650.5    3689.3  0.6404 -0.7659  132676.1  156025.2  -17550.6
      159.8      87.7   14260.2   76588.2   14187.3   76671.3   14128.2   76922.0   14128.3   76472.5
   19 4      0  0.6431 -0.7693   17733.3   78724.6    2865.9  0.6404 -0.7659  132148.7  156655.9  -18374.1
       97.8      33.0   17821.3   78670.7   17830.9   78659.2   17855.9   78987.7   17770.7   78628.3
vertex track :        346   3  20    7804494  0.0193  1.2530  133127.9  156713.9     308.0   211     nan
   17 6     -2  0.0469  1.2609   14054.0    8220.0    6624.4  0.0262  1.2503  131400.0  165373.3  -14619.8
        nan       nan      -nan       nan       nan       nan       nan       nan       nan       nan
   18 4     -1  0.0070  1.3419   15434.4   81403.0    4544.2  0.0262  1.2503  131345.4  162772.4  -16700.0
        nan       nan      -nan       nan       nan       nan       nan       nan       nan       nan
   19 4      0 -0.1646  1.2986   14711.1   79618.5    3583.1  0.0262  1.2503  131320.2  161570.7  -17661.1
        nan       nan      -nan       nan       nan       nan       nan       nan       nan       nan
vertex track :        350   3  20    7805100  1.1220 -0.2519  128852.8  157299.3     315.6   211     nan
   17 4     -2  1.1258 -0.2327   15910.9   75400.7    6578.0  1.1264 -0.2647  134011.2  156438.0  -14665.6
        nan       nan      -nan       nan       nan       nan       nan       nan       nan       nan
   18 4     -1  1.1551 -0.2065   12714.7   78367.1    3686.2  1.1264 -0.2647  130754.0  157203.4  -17557.3
        nan       nan      -nan       nan       nan       nan       nan       nan       nan       nan
   19 4      0  1.1360 -0.2723   15971.4   79958.8    2869.1  1.1264 -0.2647  129833.5  157419.7  -18374.5
        nan       nan      -nan       nan       nan       nan       nan       nan       nan       nan
vertex track :        380   3  20    8497616  0.8827 -0.2264  132382.3  157253.0     308.7     0  1071.1
   17 4     -2  0.8507 -0.2652   18846.1   75895.4    6596.3  0.8859 -0.2371  136060.5  156531.7  -14646.0
      159.0      34.7   19008.2   75881.2   18883.3   75920.1   18894.9   76119.4   18987.5   75815.0
   18 4     -1  0.9181 -0.2175   17915.7   76205.0    4469.6  0.8859 -0.2371  134176.5  157035.9  -16772.6
      112.1      20.8   18029.6   76199.4   18004.2   76205.4   18012.7   76420.4   18020.0   76159.0
   19 4      0  0.8996 -0.2438   16274.9   76016.2    3566.4  0.8859 -0.2371  133376.3  157250.0  -17675.9
       92.5       9.9   16366.8   76001.5   16377.1   75998.7   16393.9   76240.5   16361.6   75982.4
vertex track :        393   3  20    8498361  1.0504  0.0011  131491.8  156922.3     311.8   211     nan
   17 4     -2  1.0623 -0.0000   18061.6   76715.1    6586.7  1.0547 -0.0097  136215.6  157636.5  -14658.2
        nan       nan      -nan       nan       nan       nan       nan       nan       nan       nan
   18 4     -1  1.0496  0.0171   15051.7   79139.6    3718.1  1.0547 -0.0097  133190.1  157664.2  -17526.8
        nan       nan      -nan       nan       nan       nan       nan       nan       nan       nan
   19 4      0  1.0478  0.0189   18336.7   80474.5    2866.8  1.0547 -0.0097  132292.2  157672.5  -18378.1
        nan       nan      -nan       nan       nan       nan       nan       nan       nan       nan
vertex track :        415   3  20    8924832 -1.9890  2.6602  136849.3  150794.7     296.1   211   260.7
   17 5     -2 -2.0972  2.6199  124133.2   11833.7    6631.4 -1.9686  2.6353  122465.4  168252.7  -14616.5
     2478.9     655.5  122072.3   13359.3  124730.1   10039.0  126402.0   10520.7  123095.9   14178.6
   18 4     -1 -2.0625  2.5255   11722.9   80416.1    4498.2 -1.9686  2.6353  126665.0  162631.0  -16749.7
     1504.2     388.0   10470.9   81335.7   11940.6   79536.0   13182.8   79709.1   11072.0   81826.6
   19 4      0 -2.1018  2.4469   12534.9   77850.3    3573.2 -1.9686  2.6353  128485.9  160193.4  -17674.7
      768.5     158.1   11914.3   78330.2   12474.4   77678.1   13363.5   77582.8   12154.1   78536.2
vertex track :        447   3  20    9664173  2.0778 -2.0582  129082.9  160587.2     119.4   211     nan
   17 4     -2  2.1503 -2.0776   22682.4   66785.2    6585.5  2.1050 -2.0958  140792.2  147832.7  -14453.4
        nan       nan      -nan       nan       nan       nan       nan       nan       nan       nan
   18 4     -1  2.1575 -2.0534   17091.8   73789.9    3713.8  2.1050 -2.0958  134747.5  153851.0  -17325.1
        nan       nan      -nan       nan       nan       nan       nan       nan       nan       nan
   19 4      0  2.0413 -2.1411   19524.5   76798.4    2865.1  2.1050 -2.0958  132960.9  155629.8  -18173.8
        nan       nan      -nan       nan       nan       nan       nan       nan       nan       nan
vertex track :        450   3  20   10286894  2.2063 -2.4566  125031.5  165129.0     121.1   211     nan
   17 4     -2  2.1400 -2.1551   20217.6   69302.5    6638.3  2.2387 -2.5019  137704.2  149652.9  -14384.0
        nan       nan      -nan       nan       nan       nan       nan       nan       nan       nan
   18 4     -1  2.8179 -2.8985   15677.3   75808.8    4456.9  2.2387 -2.5019  132820.8  155110.6  -16565.3
        nan       nan      -nan       nan       nan       nan       nan       nan       nan       nan
   19 4      0  2.4757 -2.9075   13002.8   77204.3    3558.4  2.2387 -2.5019  130809.4  157358.5  -17463.8
        nan       nan      -nan       nan       nan       nan       nan       nan       nan       nan
vertex track :        463   3  20   10902331 -0.8540 -0.8855  133199.4  157402.1     244.7   211   316.0
   17 4     -2 -0.8391 -0.8995    7289.3   71173.6    6603.3 -0.8581 -0.8860  125852.2  152531.9  -14575.8
      328.1     156.7    7180.1   70826.8    7451.5   71117.7    7607.7   71729.5    6950.9   71040.6
   18 4     -1 -0.8564 -0.8948    8320.4   75662.1    3732.8 -0.8581 -0.8860  128315.5  155075.2  -17446.3
      178.3      75.0    8251.4   75481.4    8318.1   75551.1    8598.6   76051.9    8143.0   75585.2
   19 4      0 -0.8698 -0.8865   13278.8   77772.9    2868.9 -0.8581 -0.8860  129056.9  155840.7  -18310.2
      119.9      28.4   13215.1   77667.4   13200.4   77652.4   13551.6   78087.5   13174.5   77707.2
vertex track :        465   3  20   10902337  1.0916  0.5845  132782.7  157075.1     244.7   211     nan
   17 4     -2  1.1812  0.5115   20521.5   81297.7    6631.8  1.0969  0.5756  137896.6  161517.3  -14547.6
        nan       nan      -nan       nan       nan       nan       nan       nan       nan       nan
   18 4     -1  1.0150  0.7040   19051.9   79001.2    4438.0  1.0969  0.5756  135490.1  160254.5  -16741.4
        nan       nan      -nan       nan       nan       nan       nan       nan       nan       nan
   19 4      0  1.1311  0.3754   17476.9   78020.8    3549.8  1.0969  0.5756  134515.8  159743.2  -17629.6
        nan       nan      -nan       nan       nan       nan       nan       nan       nan       nan
vertex track :        472   3  20   10935672 -2.2449 -1.8908  140472.7  163160.7     237.9   211     nan
   17 3     -2 -2.2370 -1.9241  125097.4   71908.7    6599.9 -2.2590 -1.9079  124213.9  151788.2  -14557.7
        nan       nan      -nan       nan       nan       nan       nan       nan       nan       nan
   18 4     -1 -2.2495 -1.9070    9451.5   76969.8    3705.1 -2.2590 -1.9079  130753.3  157311.3  -17452.5
        nan       nan      -nan       nan       nan       nan       nan       nan       nan       nan
   19 4      0 -2.3826 -1.9505   15556.0   79900.0    2873.9 -2.2590 -1.9079  132631.0  158897.2  -18283.7
        nan       nan      -nan       nan       nan       nan       nan       nan       nan       nan
vertex track :        485   3  20   11783563 -1.5368  0.0067  134438.5  157024.0     243.4   211     nan
   17 3     -2 -1.8157 -0.0968  124794.0   78773.9    6686.8 -1.5331  0.0155  122669.3  157877.2  -14494.0
        nan       nan      -nan       nan       nan       nan       nan       nan       nan       nan
   18 4     -1 -1.6064 -0.0790   10990.9   76747.2    4431.1 -1.5331  0.0155  126127.5  157842.1  -16749.8
        nan       nan      -nan       nan       nan       nan       nan       nan       nan       nan
   19 4      0 -1.4702 -0.0237   11374.8   76476.2    3550.7 -1.5331  0.0155  127477.2  157828.4  -17630.1
        nan       nan      -nan       nan       nan       nan       nan       nan       nan       nan
