groupid:    475, ntrk: 12
vertex track :          0   3  61     775290  0.1511  0.6754  117321.4   58719.8     218.1    13   529.8
   62 1      1  0.1487  0.6746  114281.7   55457.2   -2868.0  0.1570  0.6958  111337.3   56576.8  -98619.4
       68.7      13.5  114283.3   55527.2  114284.9   55534.7  114490.3   55597.9  114309.7   55521.4
   63 1      2  0.1519  0.6758  114236.4   55361.2   -3718.5  0.1570  0.6958  111203.7   55985.0  -99470.0
       87.6      32.0  114224.4   55453.6  114217.9   55424.7  114458.6   55479.4  114286.8   55439.6
   64 1      3  0.1469  0.6804  113390.2   53463.4   -6584.4  0.1570  0.6958  110753.7   53990.8 -102335.9
      144.2      62.9  113359.2   53617.7  113329.1   53478.6  113631.5   53519.8  113482.2   53591.1
vertex track :         63   3  61    2471655 -2.8089 -4.1418  110822.1   48401.5     203.5     0 10001.0
   62 1      1 -2.5431 -4.1104  121198.8   62004.5   -3021.5 -2.7501 -4.0743  114058.0   61364.5  -98688.8
     1092.4      21.9  120642.7   61064.1  121258.1   62058.8  121962.4   63150.9  120605.5   61087.1
   63 1      2 -2.7120 -4.2522  123845.5   64465.4   -3849.3 -2.7501 -4.0743  116334.6   64737.3  -99516.6
     1355.2      30.5  123142.5   63306.4  124030.5   64698.7  124755.9   65830.2  123091.1   63339.2
   64 2      3 -2.3937 -4.3241   12802.4   76167.8   -6566.6 -2.7501 -4.0743  123807.5   75808.3 -102233.9
     2229.1      52.7   11769.0   74192.0   13425.5   77184.4   14043.5   78349.2   11676.7   74243.1
vertex track :         65   3  61    2472814 -3.7801 -3.0651  105572.9   46966.4     204.6   211     nan
   62 1      1 -3.7604 -3.0703  114397.2   54978.3   -2867.1 -3.6754 -3.0020  111262.6   56030.4  -98509.1
        nan       nan      -nan       nan       nan       nan       nan       nan       nan       nan
   63 1      2 -3.7823 -3.0497  117631.4   58000.7   -3717.9 -3.6754 -3.0020  114389.4   58584.4  -99359.9
        nan       nan      -nan       nan       nan       nan       nan       nan       nan       nan
   64 2      3 -3.7191 -3.1364    8583.0   65423.6   -6582.4 -3.6754 -3.0020  124917.7   67183.8 -102224.4
        nan       nan      -nan       nan       nan       nan       nan       nan       nan       nan
vertex track :        122   3  62     486718  1.3270  0.3764  112906.0   55818.2     187.9   211     nan
   59 1     -2  1.3047  0.3850  123003.7   60094.7    6582.5  1.3576  0.3879  118648.2   59496.7  -92145.8
        nan       nan      -nan       nan       nan       nan       nan       nan       nan       nan
   60 1     -1  1.3516  0.3571  118449.1   57890.6    3723.6  1.3576  0.3879  114766.9   58387.6  -95004.7
        nan       nan      -nan       nan       nan       nan       nan       nan       nan       nan
   61 1      0  1.3284  0.3685  119503.9   58168.5    2867.8  1.3576  0.3879  113605.0   58055.6  -95860.5
        nan       nan      -nan       nan       nan       nan       nan       nan       nan       nan
vertex track :        142   3  62     529368 -0.4732 -1.2064  115452.7   59674.4     186.6     0  2364.8
   59 1     -2 -0.4444 -1.1744  111846.7   48441.6    6677.5 -0.4731 -1.2201  109479.3   53029.8  -92077.0
      237.3      25.5  111786.5   48210.7  111861.1   48407.9  112116.4   48881.3  111738.9   48228.7
   60 1     -1 -0.4650 -1.2776  113810.7   53582.9    3848.5 -0.4731 -1.2201  110817.7   56481.3  -94905.9
      148.2      13.2  113772.4   53439.1  113776.1   53449.3  114058.4   53935.4  113747.6   53448.2
   61 1      0 -0.4958 -1.2287  111766.7   54498.3    3016.0 -0.4731 -1.2201  111211.6   57497.1  -95738.5
      124.2       7.7  111727.3   54380.3  111716.2   54352.6  112015.5   54825.1  111713.1   54386.0
vertex track :        152   3  62    1207011  0.1010  1.1455  114308.0   55098.5     183.9   211     nan
   59 1     -2  0.1348  1.1431  116333.1   64589.4    6594.2  0.1130  1.1780  112101.2   63828.8  -92136.2
        nan       nan      -nan       nan       nan       nan       nan       nan       nan       nan
   60 1     -1  0.0941  1.1789  115168.6   60129.6    3718.4  0.1130  1.1780  111776.3   60441.1  -95012.0
        nan       nan      -nan       nan       nan       nan       nan       nan       nan       nan
   61 1      0  0.1065  1.1433  117214.0   59762.3    2864.5  0.1130  1.1780  111679.8   59435.3  -95865.9
        nan       nan      -nan       nan       nan       nan       nan       nan       nan       nan
vertex track :        158   3  62    1241691 -1.2693 -0.9336  114696.1   56220.0     181.5     0  4628.1
   59 1     -2 -1.2187 -0.9817  105680.6   46777.8    6650.9 -1.2644 -0.9377  103593.4   51355.7  -92083.0
      308.2      21.4  105454.0   46567.8  105678.1   46748.3  106115.9   47196.9  105427.1   46601.2
   60 1     -1 -1.3172 -0.9060  110067.3   50982.7    3843.0 -1.2644 -0.9377  107143.6   53988.7  -94890.9
      190.9      11.6  109916.5   50865.0  109954.6   50891.1  110426.7   51309.6  109903.4   50884.1
   61 1      0 -1.2700 -0.9012  108702.6   51913.7    3008.5 -1.2644 -0.9377  108198.7   54771.3  -95725.4
      159.0       7.9  108577.5   51815.2  108570.2   51810.0  109036.4   52221.3  108568.4   51828.2
vertex track :        166   3  62    1333012  1.9083 -1.6589  112993.2   57141.1     184.6   211     nan
   59 2     -2  1.8077 -1.6121    6238.5   47926.8    6588.3  1.9345 -1.7064  122448.3   47439.7  -92141.4
        nan       nan      -nan       nan       nan       nan       nan       nan       nan       nan
   60 1     -1  1.8703 -1.5831  120696.9   51371.6    3710.5  1.9345 -1.7064  116881.0   52350.5  -95019.2
        nan       nan      -nan       nan       nan       nan       nan       nan       nan       nan
   61 1      0  1.9092 -1.6680  121350.4   53317.0    2867.7  1.9345 -1.7064  115250.6   53788.6  -95862.0
        nan       nan      -nan       nan       nan       nan       nan       nan       nan       nan
vertex track :        205   3  62    2033154 -4.5021  3.3867  128677.4   47700.8     166.7   211     nan
   59 1     -2 -4.5429  3.2545   98456.3   66825.3    6662.5 -4.4479  3.4190   96939.9   70895.1  -92112.4
        nan       nan      -nan       nan       nan       nan       nan       nan       nan       nan
   60 1     -1 -4.1271  3.0193  112009.4   58729.2    3873.0 -4.4479  3.4190  109347.2   61357.9  -94901.9
        nan       nan      -nan       nan       nan       nan       nan       nan       nan       nan
   61 1      0 -4.5643  2.8552  113389.8   55793.9    3014.0 -4.4479  3.4190  113168.1   58420.8  -95760.9
        nan       nan      -nan       nan       nan       nan       nan       nan       nan       nan
vertex track :        211   3  62    2038257  1.8852  4.0411  110523.4   48784.6     181.2   211   237.3
   59 1     -2  1.9277  4.0087  124825.2   77742.0    6578.3  1.9883  4.2054  120157.6   76757.0  -92103.6
     5477.9    1140.2  126171.5   83172.9  121828.4   74141.2  123690.7   72525.1  128226.7   82184.6
   60 1     -1  1.8679  4.0820  118275.2   65001.9    3723.1  1.9883  4.2054  114480.6   64749.8  -94958.8
     2696.1     551.2  118895.9   67682.8  117044.5   63636.8  117866.4   62535.0  119898.3   67224.1
   61 1      0  1.9168  4.0324  118833.1   62158.1    2868.0  1.9883  4.2054  112780.3   61153.8  -95813.9
     1214.7     209.1  119165.7   63344.9  118525.3   61997.6  118712.3   61185.3  119543.4   63165.4
vertex track :        216   3  62    2065341 -1.6797  1.2125  116732.3   54698.3     183.2   211     nan
   59 1     -2 -1.7297  1.2600  104954.8   59413.3    6709.5 -1.6722  1.2382  102906.1   63943.6  -92033.3
        nan       nan      -nan       nan       nan       nan       nan       nan       nan       nan
   60 1     -1 -1.7186  1.1289  110561.3   57585.0    3856.8 -1.6722  1.2382  107676.4   60411.4  -94886.0
        nan       nan      -nan       nan       nan       nan       nan       nan       nan       nan
   61 1      0 -1.7111  1.3344  109577.4   56568.3    3016.2 -1.6722  1.2382  109082.1   59370.5  -95726.6
        nan       nan      -nan       nan       nan       nan       nan       nan       nan       nan
vertex track :        220   3  62    2065928  2.0362 -1.3429  114526.2   55125.6     183.9   211     nan
   59 2     -2  2.0103 -1.3500    8702.1   47956.2    6571.9  2.0693 -1.3845  124815.6   47460.7  -92159.8
        nan       nan      -nan       nan       nan       nan       nan       nan       nan       nan
   60 1     -1  2.0572 -1.3829  122740.5   50518.4    3709.7  2.0693 -1.3845  118892.8   51423.3  -95022.1
        nan       nan      -nan       nan       nan       nan       nan       nan       nan       nan
   61 1      0  2.0347 -1.3477  123286.0   52231.9    2867.9  2.0693 -1.3845  117151.1   52588.7  -95863.8
        nan       nan      -nan       nan       nan       nan       nan       nan       nan       nan
