groupid:   5002, ntrk: 12
vertex track :          0   3  63    9506226 -0.2660 -0.1676  212189.4  203658.4     150.9    13 10000.6
   64 6      1 -0.2650 -0.1692   92024.9   45547.9   -2863.6 -0.2651 -0.1755  210006.6  205359.6 -102330.7
       31.6       2.5   91999.6   45528.8   91997.2   45527.3   92259.9   45776.8   91996.9   45533.0
   65 6      2 -0.2650 -0.1703   91124.6   49821.8   -3712.8 -0.2651 -0.1755  210231.6  205508.6 -103179.9
       37.6       3.4   91094.8   49798.6   91102.5   49803.5   91364.2   50054.8   91091.1   49804.3
   66 6      3 -0.2663 -0.1680   95113.9   46545.6   -6589.3 -0.2651 -0.1755  210994.1  206013.5 -106056.5
       59.9       6.0   95066.5   46508.5   95111.8   46537.1   95371.1   46792.4   95060.1   46518.7
vertex track :          3   3  63    9506149  0.2399 -0.3517  213565.0  203170.4     150.7     0   959.3
   64 6      1  0.2420 -0.3599   93843.2   45525.4   -2972.4  0.2413 -0.3597  209828.4  205467.3 -102442.5
       43.3       6.8   93873.0   45493.3   93875.5   45489.6   94023.6   45767.2   93861.7   45485.7
   65 6      2  0.2573 -0.3216   93871.9   51797.4   -3818.6  0.2413 -0.3597  209624.2  205771.6 -103288.7
       53.0      15.2   93916.9   51765.4   93904.6   51780.7   94037.1   52038.9   93893.1   51746.5
   66 6      3  0.2033 -0.3247   94656.8   47501.1   -6576.2  0.2413 -0.3597  208958.6  206763.5 -106046.3
       84.1      29.1   94726.1   47445.3   94679.6   47519.6   94797.7   47766.6   94676.8   47414.4
vertex track :         25   3  63   10169556  4.2266  1.1079  218892.9  205791.9     145.8   211     nan
   64 6      1  4.2162  1.1389   85351.4   43829.8   -2867.1  4.1749  1.1199  203330.8  203654.5 -102305.9
        nan       nan      -nan       nan       nan       nan       nan       nan       nan       nan
   65 6      2  4.2001  1.1465   80718.7   46988.1   -3723.8  4.1749  1.1199  199754.1  202695.0 -103162.6
        nan       nan      -nan       nan       nan       nan       nan       nan       nan       nan
   66 6      3  4.2277  1.1121   72009.4   40199.8   -6581.0  4.1749  1.1199  187825.5  199495.3 -106019.8
        nan       nan      -nan       nan       nan       nan       nan       nan       nan       nan
vertex track :         39   3  63   10189980  2.2327  2.6232  219554.0  211387.1     148.4     0  3601.1
   64 6      1  2.0394  2.6111   94020.2   45325.1   -2988.2  2.1802  2.5869  209686.9  204488.9 -102402.6
      554.6      17.7   94347.6   45773.1   94093.1   45447.2   93904.8   45089.7   94375.6   45751.3
   65 6      2  2.2519  2.6136   92535.1   49152.2   -3820.1  2.1802  2.5869  207873.1  202336.8 -103234.5
      687.2      30.5   92960.5   49692.8   92536.3   49200.4   92321.9   48824.3   93006.8   49652.9
   66 6      3  1.5954  2.7790   87633.2   35900.4   -6548.9  2.1802  2.5869  201923.7  195277.6 -105963.3
     1128.0      56.2   88146.1   36906.7   87357.9   35533.7   87331.8   35107.0   88243.5   36850.8
vertex track :         96   3  63   10646452  2.8117  1.3776  220467.9  208042.8     146.7     0  8726.5
   64 6      1  2.8038  1.3890   91062.8   45259.1   -2871.8  2.7733  1.3772  209101.8  205136.0 -102296.4
      457.8      13.5   91467.0   45474.5   91235.4   45359.7   90871.4   45255.2   91479.0   45450.2
   65 6      2  2.7938  1.3848   87637.9   48223.5   -3717.5  2.7733  1.3772  206756.5  203971.3 -103142.0
      567.0      18.8   88137.5   48492.1   87708.2   48279.4   87351.0   48166.3   88154.2   48458.5
   66 6      3  2.7999  1.3968   83123.1   40730.2   -6582.4  2.7733  1.3772  198811.1  200025.6 -106007.0
      950.7      33.7   83958.7   41184.8   82845.4   40629.3   82500.3   40487.1   83988.8   41124.5
vertex track :        117   3  63   10832259  4.7330  4.2848  226501.7  217007.6     144.1   211   131.2
   64 6      1  4.6503  4.4024   93880.7   46243.9   -3008.0  4.5711  4.1886  209053.9  205108.6 -102369.7
     6791.6    1018.8   98112.3   51652.8   89224.9   43239.0   89863.7   41049.3   99513.1   50173.2
   65 6      2  4.8134  6.5261   90210.1   48603.5   -3831.3  4.5711  4.1886  205290.5  201660.1 -103193.0
    16134.4    2475.8   97794.5   63057.8   79651.5   38458.9   82840.5   34365.8  101779.5   60118.6
   66 6      3  4.7852  3.6484   77888.5   30958.9   -6593.2  4.5711  4.1886  192665.4  190091.5 -105954.9
    31088.4    4780.3   99712.4   53609.8   51272.7   16677.1   56279.4    8521.7  105509.2   46006.9
vertex track :        135   3  64   10619964  1.7044 -0.8997  211282.8  205154.7     154.4   211     nan
   61 6     -2  1.6954 -0.9154  105981.2   39497.0    6579.7  1.6951 -0.9169  221090.8  199374.9  -95868.9
        nan       nan      -nan       nan       nan       nan       nan       nan       nan       nan
   62 6     -1  1.6993 -0.9071   98529.8   42565.1    3716.0  1.6951 -0.9169  216236.5  202000.7  -98732.6
        nan       nan      -nan       nan       nan       nan       nan       nan       nan       nan
   63 6      0  1.6913 -0.9241   97716.9   40789.4    2874.1  1.6951 -0.9169  214809.4  202772.6  -99574.5
        nan       nan      -nan       nan       nan       nan       nan       nan       nan       nan
vertex track :        142   3  64   10650533 -0.4979 -0.8784  211328.7  206126.3     153.9   211     nan
   61 6     -2 -0.4678 -0.8467   84930.7   39429.3    6535.0 -0.5027 -0.8792  207043.0  200630.7  -95912.2
        nan       nan      -nan       nan       nan       nan       nan       nan       nan       nan
   62 6     -1 -0.5375 -0.9573   88942.2   44670.3    3781.1 -0.5027 -0.8792  208427.4  203051.8  -98666.1
        nan       nan      -nan       nan       nan       nan       nan       nan       nan       nan
   63 6      0 -0.5304 -0.8274   89602.6   41842.4    2930.8 -0.5027 -0.8792  208854.9  203799.4  -99516.5
        nan       nan      -nan       nan       nan       nan       nan       nan       nan       nan
vertex track :        151   3  64   11058050  0.8603  0.0903  209667.2  205019.3     159.3     0  3744.1
   61 6     -2  0.8812  0.0857   98791.3   45950.1    6583.9  0.8581  0.0831  214100.0  205676.6  -95870.2
      147.6      14.8   98936.8   45979.1   98828.1   45968.5   98856.8   46131.1   98939.6   45949.6
   62 6     -1  0.8634  0.0686   93829.8   46148.0    3721.6  0.8581  0.0831  211643.7  205438.8  -98732.5
       92.5       7.8   93921.3   46163.1   93918.3   46162.9   93949.1   46342.9   93922.6   46147.5
   63 6      0  0.8602  0.0772   93670.6   43584.8    2866.3  0.8581  0.0831  210909.7  205367.7  -99587.8
       77.8       5.2   93747.7   43596.9   93773.2   43599.2   93804.4   43782.7   93748.6   43586.6
vertex track :        154   3  64   11059243  1.3097 -0.2899  209423.3  205287.6     155.2     0  1294.6
   61 6     -2  1.3136 -0.5084   94970.3   42312.7    6586.4  1.3044 -0.3017  216733.8  203473.5  -95863.4
      252.3      41.3   95220.5   42260.1   95025.8   42335.5   94931.4   42574.7   95190.7   42183.1
   62 6     -1  1.4381 -0.3371   93966.7   45973.7    3786.1  1.3044 -0.3017  213081.0  204318.4  -98663.7
      156.2      20.8   94123.5   45958.3   94121.4   45958.8   94021.3   46198.8   94114.0   45917.8
   63 6      0  1.3120 -0.3171   92757.4   42899.6    2916.5  1.3044 -0.3017  211946.7  204580.7  -99533.4
      128.1       9.8   92884.2   42879.0   92910.7   42872.6   92841.9   43129.9   92879.6   42860.0
vertex track :        181   3  64   11474082  1.4698  1.7492  207110.4  200559.4     158.4     0  3367.8
   61 6     -2  1.5241  1.7372  100342.8   52398.6    6582.4  1.4736  1.7396  215475.7  211862.6  -95875.4
      534.4      35.0  100669.0   52823.4  100284.1   52384.8  100228.3   52185.5  100721.6   52777.2
   62 6     -1  1.4275  1.7587   93587.1   47993.9    3717.9  1.4736  1.7396  211254.7  206879.7  -98739.8
      316.8      18.0   93772.8   48251.2   93673.2   48128.6   93612.8   47948.3   93800.7   48228.6
   63 6      0  1.4948  1.7304   92876.7   43955.7    2870.1  1.4736  1.7396  210005.3  205404.9  -99587.7
      256.3      10.6   93036.2   44156.5   93015.1   44132.1   92928.7   43966.5   93052.3   44142.6
vertex track :        208   3  64   11737479  0.0052 -2.6526  210553.3  210125.8     154.1   211   663.6
   61 6     -2  0.2270 -2.6655   87455.7   31713.8    6580.9 -0.0111 -2.6684  209430.3  193110.1  -95863.3
      836.5     173.0   87699.1   30895.0   87604.8   32002.2   87422.5   32739.9   87354.3   30865.6
   62 6     -1 -0.2394 -2.6441   90199.8   42209.5    3734.8 -0.0111 -2.6684  209461.8  200704.5  -98709.4
      466.1      84.4   90241.9   41737.6   90275.7   42110.8   90367.5   42888.6   90073.7   41752.9
   63 6      0 -0.1192 -2.5565   90345.8   40882.9    2891.9 -0.0111 -2.6684  209471.1  202953.9  -99552.3
      336.3      33.6   90363.7   40545.4   90370.0   40680.4   90537.9   41427.8   90296.6   40548.5
