groupid:   5259, ntrk: 15
vertex track :          0   3  57    6258907  0.0021  0.2443  108312.8  154869.8     159.4    13  2088.8
   58 3      1  0.0033  0.2448  106664.4   77052.1   -2868.3  0.0036  0.2462  103282.2  155755.9  -90855.7
       25.5       3.0  106661.7   77077.6  106661.7   77078.0  106877.1   77236.7  106667.8   77077.6
   59 3      2  0.0034  0.2452  107046.9   77613.7   -3717.9  0.0036  0.2462  103279.1  155546.7  -91705.4
       31.0       6.4  107040.9   77644.8  107040.7   77634.3  107262.9   77792.9  107053.7   77644.6
   60 3      3  0.0022  0.2447  106264.2   75783.0   -6593.0  0.0036  0.2462  103268.9  154838.8  -94580.5
       50.1      12.6  106252.1   75833.2  106251.6   75784.4  106486.3   75943.1  106277.2   75833.0
vertex track :         12   3  57    6217768 -0.6164 -0.5526  106433.5  152464.0     161.8  2212   490.1
   58 3      1 -0.5501 -0.4597  109866.1   72390.6   -3284.4 -0.6208 -0.5660  103537.6  156001.5  -91279.7
      100.4      40.0  109814.7   72295.5  109853.2   72327.7  110126.9   72695.2  109763.4   72356.9
   59 3      2 -0.6665 -0.5594  109795.8   73743.1   -4110.7 -0.6208 -0.5660  104050.6  156469.2  -92106.0
      156.8      93.0  109735.5   73571.1  109835.7   73655.2  110065.4   74124.6  109615.9   73713.6
   60 3      3 -0.6227 -0.5544  112568.3   77010.0   -7037.3 -0.6208 -0.5660  105867.5  158125.6  -95032.6
      278.9     178.8  112478.9   76691.0  112764.7   76945.4  112867.1   77538.5  112241.1   76958.1
vertex track :         37   3  57    6950964 -0.3105 -0.5821  107368.6  152362.7     160.9     0  1111.2
   58 3      1 -0.3138 -0.5816  106756.9   77263.5   -2866.6 -0.3144 -0.5960  103285.6  155752.7  -90861.3
       63.4       7.3  106733.2   77204.3  106727.5   77193.8  106990.3   77532.2  106720.4   77211.2
   59 3      2 -0.3149 -0.5825  107411.8   78506.8   -3718.1 -0.3144 -0.5960  103553.4  156260.2  -91712.8
       76.2      15.4  107389.1   78432.5  107395.5   78444.2  107644.2   78790.6  107362.0   78447.1
   60 3      3 -0.3095 -0.5827  107526.0   79089.1   -6585.9 -0.3144 -0.5960  104455.1  157969.3  -94580.6
      121.1      30.1  107495.7   78968.0  107544.4   79059.6  107766.0   79419.6  107442.6   78996.2
vertex track :         92   3  57    7592144 -4.4209 -3.5294   98273.3  146574.9     165.0     0 10001.0
   58 3      1 -4.5326 -3.6761  112616.8   75042.5   -3289.8 -4.4804 -3.6270  108674.8  160580.1  -91301.2
     1459.8      26.4  111499.6   74102.5  112815.3   75169.6  113939.4   76188.9  111466.3   74143.4
   59 3      2 -5.3669 -3.0151  115660.0   78812.0   -4118.0 -4.4804 -3.6270  112385.1  163583.7  -92129.3
     1795.1      36.7  114112.9   77900.8  116116.0   79026.1  117411.8   79930.2  114077.0   77964.8
   60 6      3 -3.9092 -3.4086    9324.6    8158.8   -7098.8 -4.4804 -3.6270  125740.3  174395.1  -95110.2
     3010.6      64.9    7098.1    6131.3   10815.4    9372.7   11757.2   10392.9    7012.8    6229.1
vertex track :        181   3  58    6888881 -1.8046 -1.6139  110056.2  159378.9     304.3   211     nan
   55 3     -2 -1.7877 -1.6318   95954.6   68114.6    6544.4 -1.8008 -1.6137   95150.5  148845.4  -84883.3
        nan       nan      -nan       nan       nan       nan       nan       nan       nan       nan
   56 3     -1 -1.7796 -1.6217  104287.5   73879.8    3719.5 -1.8008 -1.6137  100237.6  153403.9  -87708.2
        nan       nan      -nan       nan       nan       nan       nan       nan       nan       nan
   57 3      0 -1.7986 -1.6141  104671.5   73380.4    2865.8 -1.8008 -1.6137  101774.9  154781.5  -88561.9
        nan       nan      -nan       nan       nan       nan       nan       nan       nan       nan
vertex track :        196   3  58    7926790 -0.4629 -0.9806  108143.5  159309.4     303.1   211     nan
   55 3     -2 -0.4578 -0.9522  105149.7   77212.1    6793.5 -0.4631 -1.0041  101468.4  152319.2  -84628.6
        nan       nan      -nan       nan       nan       nan       nan       nan       nan       nan
   56 3     -1 -0.3831 -1.0687  103956.5   78082.1    4179.7 -0.4631 -1.0041  102678.8  154943.8  -87242.4
        nan       nan      -nan       nan       nan       nan       nan       nan       nan       nan
   57 3      0 -0.4990 -1.0191  104042.1   80573.5    3347.7 -0.4631 -1.0041  103064.1  155779.2  -88074.4
        nan       nan      -nan       nan       nan       nan       nan       nan       nan       nan
vertex track :        197   3  58    7926856 -0.9366 -0.9622  108334.6  157905.0     302.1   211     nan
   55 3     -2 -0.9187 -0.9439  100075.6   71046.6    6594.9 -0.9366 -0.9864   98769.3  151201.3  -84830.5
        nan       nan      -nan       nan       nan       nan       nan       nan       nan       nan
   56 3     -1 -0.9191 -0.9477  106160.1   75144.2    3707.8 -0.9366 -0.9864  101473.2  154049.0  -87717.5
        nan       nan      -nan       nan       nan       nan       nan       nan       nan       nan
   57 3      0 -0.8974 -0.9783  105838.2   74095.4    2871.2 -0.9366 -0.9864  102256.8  154874.2  -88554.1
        nan       nan      -nan       nan       nan       nan       nan       nan       nan       nan
vertex track :        224   3  58    7992366 -3.5428 -1.8309  107735.1  156683.4     300.2   211     nan
   55 3     -2 -3.5742 -1.6074   84540.6   69280.8    6789.6 -3.5325 -1.8754   81137.1  143991.8  -84635.6
        nan       nan      -nan       nan       nan       nan       nan       nan       nan       nan
   56 3     -1 -3.1357 -1.5648   91874.2   72337.0    4146.6 -3.5325 -1.8754   90473.8  148948.7  -87278.6
        nan       nan      -nan       nan       nan       nan       nan       nan       nan       nan
   57 3      0 -3.5863 -2.0995   94805.5   75542.2    3323.6 -3.5325 -1.8754   93380.8  150492.1  -88101.6
        nan       nan      -nan       nan       nan       nan       nan       nan       nan       nan
vertex track :        248   3  58    8442415 -2.4129  4.3205  114497.2  144037.7     284.4     0  7492.8
   55 5     -2 -2.4481  4.4134   95870.9   15613.3    6593.7 -2.3380  4.3074   95995.5  170502.0  -84866.2
     2040.3      53.8   94834.2   17371.4   96299.5   14729.9   97115.1   14069.6   94928.2   17423.6
   56 3     -1 -2.4457  4.3703  106070.0   83365.2    3715.2 -2.3380  4.3074  102725.6  158103.1  -87744.7
     1136.1      27.7  105491.1   84343.1  106087.1   83278.1  106856.5   82601.7  105539.4   84370.1
   57 3      0 -2.3797  4.3303  107072.8   77925.0    2867.8 -2.3380  4.3074  104706.8  154453.1  -88592.1
      875.8      17.7  106635.5   78684.0  106979.3   78058.4  107717.8   77380.4  106666.6   78701.1
vertex track :        282   3  58    8527050  2.9677  0.1061  103508.1  156396.4     300.3     0  2507.9
   55 3     -2  3.2506  0.5100  122955.4   81338.2    6790.7  2.9926  0.1202  119254.8  156630.4  -84625.1
      852.6      58.9  123788.5   81528.5  122786.6   81371.3  122335.5   81358.4  123806.8   81412.1
   56 3     -1  3.0053  0.1877  112009.8   79472.5    4212.6  2.9926  0.1202  111539.4  156320.6  -87203.2
      531.2      32.2  112538.0   79537.7  112108.8   79510.9  111694.7   79617.4  112542.0   79473.4
   57 3      0  2.9293  0.2363  109229.0   80879.9    3336.6  2.9926  0.1202  108917.9  156215.3  -88079.2
      423.3      16.8  109649.6   80930.6  109420.9   80912.2  109021.3   81039.4  109652.3   80897.2
vertex track :        301   3  58   10106233 -0.1214 -1.7971  106921.4  156332.9     260.4   211     nan
   55 3     -2 -0.0986 -1.7947  104365.8   63844.9    6589.5 -0.1226 -1.8401  102470.4  144155.7  -84795.0
        nan       nan      -nan       nan       nan       nan       nan       nan       nan       nan
   56 3     -1 -0.0872 -1.7747  108176.3   70060.6    3728.9 -0.1226 -1.8401  102821.1  149419.6  -87655.6
        nan       nan      -nan       nan       nan       nan       nan       nan       nan       nan
   57 3      0 -0.1068 -1.7938  107215.4   69798.1    2866.2 -0.1226 -1.8401  102926.8  151006.9  -88518.2
        nan       nan      -nan       nan       nan       nan       nan       nan       nan       nan
vertex track :        319   3  58   11025804 -1.1629 -0.8435  106937.1  156149.6     260.4   211     nan
   55 3     -2 -1.1343 -0.9031   99139.0   75044.0    6795.4 -1.1619 -0.8659   95668.9  149956.8  -84589.6
        nan       nan      -nan       nan       nan       nan       nan       nan       nan       nan
   56 3     -1 -1.2028 -0.7406   99918.4   75446.7    4163.8 -1.1619 -0.8659   98726.4  152235.5  -87221.2
        nan       nan      -nan       nan       nan       nan       nan       nan       nan       nan
   57 3      0 -1.1936 -0.7957  100924.3   77701.4    3330.6 -1.1619 -0.8659   99694.5  152957.0  -88054.4
        nan       nan      -nan       nan       nan       nan       nan       nan       nan       nan
vertex track :        323   3  58   11025865 -0.4874 -0.6928  107221.5  156751.2     262.3   211     nan
   55 3     -2 -0.4749 -0.7006  102123.4   71756.0    6586.3 -0.4867 -0.7103  100469.4  151737.0  -84799.6
        nan       nan      -nan       nan       nan       nan       nan       nan       nan       nan
   56 3     -1 -0.4548 -0.6969  106893.3   75155.5    3720.4 -0.4867 -0.7103  101864.3  153772.6  -87665.5
        nan       nan      -nan       nan       nan       nan       nan       nan       nan       nan
   57 3      0 -0.4681 -0.7006  106237.5   73887.5    2866.1 -0.4867 -0.7103  102280.0  154379.4  -88519.8
        nan       nan      -nan       nan       nan       nan       nan       nan       nan       nan
vertex track :        327   3  58   11056523 -0.1145 -0.9457  107195.0  158664.2     266.9   211     nan
   55 3     -2 -0.1976 -0.9163  106496.9   76731.3    6803.8 -0.1140 -0.9676  102778.7  151850.2  -84581.5
        nan       nan      -nan       nan       nan       nan       nan       nan       nan       nan
   56 3     -1 -0.0989 -1.0755  104113.8   77500.6    4215.1 -0.1140 -0.9676  103073.8  154355.0  -87170.2
        nan       nan      -nan       nan       nan       nan       nan       nan       nan       nan
   57 3      0 -0.0268 -1.0058  104150.0   79896.6    3335.8 -0.1140 -0.9676  103174.1  155205.8  -88049.5
        nan       nan      -nan       nan       nan       nan       nan       nan       nan       nan
vertex track :        328   3  58   11057498  0.6852 -0.6739  104965.8  158837.9     263.2     0   908.2
   55 3     -2  0.6846 -0.6829  107796.6   74019.5    6592.3  0.6893 -0.6874  105656.1  153990.7  -84783.5
      171.7      42.2  107948.0   73928.1  107848.6   74027.2  107855.9   74320.2  107888.4   73868.3
   56 3     -1  0.6754 -0.6409  109523.7   77294.5    3718.3  0.6893 -0.6874  103675.2  155966.4  -87657.4
      104.4      20.4  109613.5   77237.4  109603.8   77246.5  109644.7   77560.9  109585.4   77207.8
   57 3      0  0.7012 -0.6843  107913.9   76053.7    2871.3  0.6893 -0.6874  103091.4  156548.6  -88504.4
       85.6       8.8  107981.4   76000.1  108006.0   75976.1  108057.2   76316.5  107969.1   75987.6
