groupid:   5979, ntrk: 10
vertex track :          0   3  93    7373182 -0.1697 -0.2047  159954.1  142358.2     420.6    13  7894.6
   94 4      1 -0.1688 -0.2058   39318.0   62833.4   -2866.9 -0.1718 -0.2031  156976.3  142612.7 -158490.6
       29.0       2.4   39301.5   62809.5   39302.8   62811.0   39544.4   63067.0   39297.8   62812.5
   95 4      2 -0.1669 -0.2068   41849.6   64763.1   -3717.5 -0.1718 -0.2031  157122.4  142785.4 -159341.2
       34.4       3.3   41830.6   64734.2   41838.8   64744.3   42078.5   65001.7   41825.5   64738.4
   96 4      3 -0.1704 -0.2047   41522.4   63191.0   -6583.3 -0.1718 -0.2031  157614.8  143367.3 -162207.1
       54.0       5.8   41492.4   63145.7   41525.7   63185.7   41762.3   63446.0   41483.4   63153.2
vertex track :         14   3  93    7373184  1.3293  1.2385  160026.1  142417.4     420.6   211   142.6
   94 4      1  1.3726  1.2075   36360.8   62045.1   -2769.7  1.3222  1.2081  152265.3  138149.1 -158393.2
      388.3     158.0   36548.0   62420.2   36253.2   62160.8   36384.9   61881.3   36756.7   62183.0
   95 4      2  1.3205  1.2642   32128.2   59498.5   -3586.4  1.3222  1.2081  151185.4  137162.4 -159209.9
      829.6     381.7   32463.5   60347.9   31542.3   59466.0   32004.2   58860.3   32991.4   59796.4
   96 4      3  1.3218  1.1733   33309.8   55365.7   -6086.2  1.3222  1.2081  147880.2  134142.5 -161709.7
     1503.7     701.7   33968.6   56888.8   31997.0   55138.7   32862.4   54053.9   34900.3   55839.1
vertex track :         55   3  93    8416385 -4.0002 -2.9751  153853.7  137946.8     421.9   211     nan
   94 4      1 -4.0032 -2.9833   43885.1   66160.3   -2868.1 -4.0528 -2.9539  163644.5  147341.6 -158511.9
        nan       nan      -nan       nan       nan       nan       nan       nan       nan       nan
   95 4      2 -3.9567 -3.0196   49530.7   70435.8   -3717.6 -4.0528 -2.9539  167087.7  149851.2 -159361.5
        nan       nan      -nan       nan       nan       nan       nan       nan       nan       nan
   96 4      3 -3.9884 -2.9530   59331.3   76064.7   -6583.5 -4.0528 -2.9539  178702.6  158316.7 -162227.3
        nan       nan      -nan       nan       nan       nan       nan       nan       nan       nan
vertex track :        103   3  94    8290092 -1.2137  0.6052  160845.5  140480.5     265.2   211     nan
   91 4     -2 -1.2094  0.6137   35512.2   67092.4    6582.0 -1.2104  0.6004  150148.9  145616.7 -151674.7
        nan       nan      -nan       nan       nan       nan       nan       nan       nan       nan
   92 4     -1 -1.2169  0.6025   34650.4   64941.4    3724.9 -1.2104  0.6004  153607.0  143901.4 -154531.7
        nan       nan      -nan       nan       nan       nan       nan       nan       nan       nan
   93 4      0 -1.2347  0.5851   38390.4   65607.7    2868.2 -1.2104  0.6004  154644.0  143387.0 -155388.5
        nan       nan      -nan       nan       nan       nan       nan       nan       nan       nan
vertex track :        104   3  94    8290101 -1.0235  0.5170  160637.2  140532.1     265.2   211     nan
   91 4     -2 -1.1473  0.5269   33055.3   62926.1    6581.1 -1.0207  0.5127  151139.6  145114.0 -151675.5
        nan       nan      -nan       nan       nan       nan       nan       nan       nan       nan
   92 4     -1 -1.0881  0.5200   36692.9   66147.6    3678.9 -1.0207  0.5127  154102.1  143626.0 -154577.7
        nan       nan      -nan       nan       nan       nan       nan       nan       nan       nan
   93 4      0 -1.1024  0.5544   37347.2   62135.9    2764.7 -1.0207  0.5127  155035.2  143157.4 -155491.9
        nan       nan      -nan       nan       nan       nan       nan       nan       nan       nan
vertex track :        111   3  94    8957057 -1.0428 -1.3328  161584.7  143273.2     268.0   211     nan
   91 4     -2 -1.0495 -1.3299   37293.8   57139.4    6585.5 -1.0431 -1.3150  151945.0  136272.0 -151671.6
        nan       nan      -nan       nan       nan       nan       nan       nan       nan       nan
   92 4     -1 -1.0160 -1.3155   36064.8   60641.8    3718.7 -1.0431 -1.3150  154935.2  140041.7 -154538.3
        nan       nan      -nan       nan       nan       nan       nan       nan       nan       nan
   93 4      0 -1.0931 -1.3186   39596.5   63072.5    2864.8 -1.0431 -1.3150  155825.9  141164.6 -155392.3
        nan       nan      -nan       nan       nan       nan       nan       nan       nan       nan
vertex track :        117   3  94    8958201 -0.3073  0.5365  159930.9  141051.2     267.0     0  4825.8
   91 4     -2 -0.3236  0.5761   37141.1   63609.2    6553.5 -0.3061  0.5297  154957.4  145720.5 -151704.4
      102.9      10.8   37081.3   63693.6   37114.2   63635.1   37410.7   63735.3   37100.2   63704.2
   92 4     -1 -0.3434  0.5455   38610.1   66705.6    3686.7 -0.3061  0.5297  155835.1  144202.0 -154571.2
       64.0       5.7   38571.2   66756.7   38567.3   66762.9   38858.7   66865.0   38580.8   66762.8
   93 4      0 -0.3290  0.5919   38625.7   62740.5    2766.6 -0.3061  0.5297  156116.8  143714.7 -155491.3
       53.2       3.8   38596.6   62785.2   38579.2   62816.5   38864.5   62906.5   38603.2   62788.8
vertex track :        123   3  94    8994906 -2.1396 -1.9664  165421.5  146137.4     263.0     0  2985.2
   91 4     -2 -2.1528 -1.9569   33993.5   55890.5    6590.8 -2.1408 -1.9387  148820.1  135127.1 -151658.9
      796.4      48.8   33437.0   55318.6   34163.6   55979.1   34757.8   56670.4   33371.3   55390.9
   92 4     -1 -2.1251 -1.9116   35865.2   61155.1    3721.2 -2.1408 -1.9387  154963.4  140690.5 -154528.5
      457.8      24.3   35541.1   60830.9   35775.5   61041.8   36397.2   61687.4   35508.6   60867.0
   93 4      0 -2.1231 -2.0099   40429.7   64184.1    2862.4 -2.1408 -1.9387  156801.9  142355.5 -155387.3
      360.7      12.9   40176.7   63926.7   40254.7   64000.6   40890.7   64649.4   40158.9   63945.5
vertex track :        161   3  94    9570859 -1.3883 -0.6592  162038.9  141918.0     264.2   211     nan
   91 4     -2 -1.3806 -0.6346   32095.2   56588.3    6535.7 -1.3871 -0.6475  150287.9  139178.7 -151718.7
        nan       nan      -nan       nan       nan       nan       nan       nan       nan       nan
   92 4     -1 -1.4583 -0.7140   36681.2   63074.4    3662.4 -1.3871 -0.6475  154273.3  141039.2 -154592.1
        nan       nan      -nan       nan       nan       nan       nan       nan       nan       nan
   93 4      0 -1.4215 -0.6042   37839.7   60141.6    2755.3 -1.3871 -0.6475  155531.5  141626.6 -155499.1
        nan       nan      -nan       nan       nan       nan       nan       nan       nan       nan
vertex track :        176   3  94    9603435  4.3591 -3.5694  149696.3  148360.2     283.6   211     nan
   91 4     -2  4.4548 -3.6487   61327.9   46943.1    6574.7  4.3948 -3.5721  174335.6  127150.3 -151681.7
        nan       nan      -nan       nan       nan       nan       nan       nan       nan       nan
   92 4     -1  4.3422 -3.5422   43981.3   57580.9    3717.4  4.3948 -3.5721  161778.5  137356.7 -154538.9
        nan       nan      -nan       nan       nan       nan       nan       nan       nan       nan
   93 4      0  4.4350 -3.5962   42734.4   61916.0    2869.1  4.3948 -3.5721  158050.2  140387.1 -155387.3
        nan       nan      -nan       nan       nan       nan       nan       nan       nan       nan
