groupid:   6231, ntrk: 15
vertex track :          0   3  91    4645792 -0.0772  0.2294  183756.1   79512.4     355.4    13  1216.0
   92 2      1 -0.0795  0.2288   60861.9   77663.0   -2867.9 -0.0815  0.2311  179315.7   78937.3 -154657.8
       26.7       4.9   60848.6   77686.6   60849.4   77684.2   61085.2   77849.6   60857.8   77689.8
   93 2      2 -0.0781  0.2285   62168.9   78772.5   -3718.6 -0.0815  0.2311  179385.0   78740.7 -155508.4
       33.2      11.1   62147.6   78800.4   62152.7   78785.5   62400.0   78954.9   62168.6   78807.5
   94 2      3 -0.0773  0.2293   61791.7   76503.9   -6593.4 -0.0815  0.2311  179619.3   78076.2 -158383.3
       54.0      21.5   61754.1   76548.3   61772.4   76494.0   62039.3   76669.8   61794.8   76562.0
vertex track :         28   3  91    6088647  3.3097  0.3129  186293.6   79677.3     354.3     0  3254.2
   92 2      1  3.5034  0.2915   58189.0   82402.5   -2946.2  3.2548  0.3336  170847.1   78765.0 -154723.4
      546.3      18.7   58731.9   82466.5   58378.7   82437.1   57859.6   82548.9   58735.0   82429.2
   93 2      2  3.5025  0.4116   53755.4   78774.1   -3770.2  3.2548  0.3336  168165.1   78490.1 -155547.4
      670.8      32.6   54417.8   78884.8   53820.9   78814.6   53306.5   78873.9   54425.4   78820.1
   94 2      3  3.3971  0.1954   45059.7   79748.0   -6554.3  3.2548  0.3336  159103.4   77561.3 -158331.5
     1094.4      59.7   46148.9   79870.5   44677.0   79785.8   44183.9   79835.7   46155.8   79751.2
vertex track :         44   3  91    6134713 -3.1862  2.9395  181924.6   81115.9     358.9   211   224.7
   92 2      1 -3.1990  2.9269   68316.3   71264.0   -2865.8 -3.2332  2.9888  187650.1   71650.3 -154667.5
     1479.4     273.8   67039.9   72060.7   68551.2   70678.0   69799.5   70680.3   67409.6   72464.7
   93 2      2 -3.2091  2.9095   72203.5   70072.1   -3717.8 -3.2332  2.9888  190404.8   69103.8 -155519.5
     3133.4     664.2   69436.0   71684.6   73404.8   68086.3   75177.9   68672.4   70328.3   72668.8
   94 2      3 -3.1816  2.9379   80990.0   59813.4   -6588.0 -3.2332  2.9888  199684.8   60525.2 -158389.7
     6006.5    1292.3   75700.5   62938.8   83858.1   55406.1   86486.4   56900.9   77453.9   64837.6
vertex track :         96   3  91    9025859 -0.3222  1.2085  183417.4   80872.4     296.6   211     nan
   92 2      1 -0.2698  1.2122   65470.6   81098.6   -2958.4 -0.3257  1.2194  179776.3   77083.5 -154691.0
        nan       nan      -nan       nan       nan       nan       nan       nan       nan       nan
   93 2      2 -0.3367  1.0990   64404.5   76719.6   -3788.8 -0.3257  1.2194  180046.7   76071.0 -155521.3
        nan       nan      -nan       nan       nan       nan       nan       nan       nan       nan
   94 2      3 -0.3221  1.2023   66140.6   74809.7   -6657.1 -0.3257  1.2194  180981.0   72573.3 -158389.6
        nan       nan      -nan       nan       nan       nan       nan       nan       nan       nan
vertex track :        124   3  92    3316158 -1.5831 -0.8269  182897.5   78439.3     279.2   211     nan
   89 2     -2 -1.5783 -0.8329   50582.6   74538.8    6584.8 -1.6028 -0.8332  170681.7   74795.8 -148092.9
        nan       nan      -nan       nan       nan       nan       nan       nan       nan       nan
   90 2     -1 -1.5374 -0.8387   59791.4   75246.2    3719.4 -1.6028 -0.8332  175274.5   77183.3 -150958.3
        nan       nan      -nan       nan       nan       nan       nan       nan       nan       nan
   91 2      0 -1.6738 -0.7726   61326.9   77962.9    2873.8 -1.6028 -0.8332  176629.8   77887.8 -151803.9
        nan       nan      -nan       nan       nan       nan       nan       nan       nan       nan
vertex track :        136   3  92    3358199  2.3927 -2.4903  176823.4   82323.8     290.7   211     nan
   89 2     -2  2.2353 -2.7807   71719.9   63481.5    7246.6  2.3652 -2.4936  191209.3   66641.5 -147460.0
        nan       nan      -nan       nan       nan       nan       nan       nan       nan       nan
   90 2     -1  2.6215 -2.5058   64069.4   71303.4    3832.8  2.3652 -2.4936  183135.1   75154.3 -150873.8
        nan       nan      -nan       nan       nan       nan       nan       nan       nan       nan
   91 2      0  2.2866 -2.7163   62428.7   72216.8    2947.6  2.3652 -2.4936  181041.4   77361.7 -151759.0
        nan       nan      -nan       nan       nan       nan       nan       nan       nan       nan
vertex track :        155   3  92    4102085 -1.1121  0.3819  182029.3   77331.5     281.7   211     nan
   89 2     -2 -1.0629  0.4098   53091.3   82415.8    6593.9 -1.1143  0.3901  172874.2   81397.0 -148089.0
        nan       nan      -nan       nan       nan       nan       nan       nan       nan       nan
   90 2     -1 -1.0909  0.4054   60740.0   78770.1    3717.6 -1.1143  0.3901  176079.3   80275.1 -150965.3
        nan       nan      -nan       nan       nan       nan       nan       nan       nan       nan
   91 2      0 -1.0660  0.3508   61872.5   80387.0    2864.3 -1.1143  0.3901  177030.2   79942.2 -151818.7
        nan       nan      -nan       nan       nan       nan       nan       nan       nan       nan
vertex track :        184   3  92    4292145  1.9763 -0.2984  181091.9   77471.6     280.3   211     nan
   89 2     -2  2.0412 -0.0482   73375.7   72997.1    7301.3  1.9585 -0.3057  192723.3   76933.2 -147383.0
        nan       nan      -nan       nan       nan       nan       nan       nan       nan       nan
   90 2     -1  2.0413 -0.2623   66978.3   74542.5    3845.3  1.9585 -0.3057  185954.6   77989.5 -150839.0
        nan       nan      -nan       nan       nan       nan       nan       nan       nan       nan
   91 2      0  2.0006 -0.3310   65616.0   73886.6    2945.3  1.9585 -0.3057  184191.8   78264.6 -151739.0
        nan       nan      -nan       nan       nan       nan       nan       nan       nan       nan
vertex track :        211   3  92    4916144  0.0859  2.7762  181405.2   77775.4     281.2   211     nan
   89 4     -2  0.0538  2.7956   61523.0   21102.7    6569.7  0.1138  2.7987  180004.5   96984.2 -148114.6
        nan       nan      -nan       nan       nan       nan       nan       nan       nan       nan
   90 4     -1  0.0739  2.7385   64577.5   10085.3    3725.1  0.1138  2.7987  179680.9   89023.3 -150959.1
        nan       nan      -nan       nan       nan       nan       nan       nan       nan       nan
   91 4      0  0.1201  2.7914   64915.9    8416.5    2869.1  0.1138  2.7987  179583.5   86627.3 -151815.2
        nan       nan      -nan       nan       nan       nan       nan       nan       nan       nan
vertex track :        212   3  92    4916152 -0.9789 -2.3262  181476.2   77815.8     281.2   211   409.0
   89 2     -2 -1.2277 -2.4379   54882.4   60127.5    7296.5 -1.0109 -2.3512  172268.6   62930.6 -147387.5
     1057.6     299.5   54674.2   59048.3   55367.7   60425.4   55299.3   61414.4   54139.2   59317.7
   90 2     -1 -0.9251 -2.4257   56380.0   67483.4    3790.5 -1.0109 -2.3512  175812.8   71173.9 -150893.5
      504.0     128.8   56320.8   66966.6   56485.7   67399.0   56648.2   68207.8   56080.0   67058.5
   91 2      0 -0.8810 -2.0575   57371.7   68301.5    2932.2 -1.0109 -2.3512  176680.5   73192.0 -151751.8
      320.5      49.1   57290.7   67987.5   57358.0   68144.7   57661.8   68823.4   57200.4   68026.2
vertex track :        240   3  92    6779866  1.2133 -0.5085  180116.4   78074.3     220.9   211     nan
   89 2     -2  1.1843 -0.5370   68312.9   76632.6    6567.7  1.2004 -0.5152  185622.1   76420.6 -148060.0
        nan       nan      -nan       nan       nan       nan       nan       nan       nan       nan
   90 2     -1  1.2329 -0.5077   67716.4   76084.8    3718.6  1.2004 -0.5152  182202.1   77888.4 -150909.2
        nan       nan      -nan       nan       nan       nan       nan       nan       nan       nan
   91 2      0  1.1909 -0.5330   66779.5   78401.5    2868.1  1.2004 -0.5152  181181.2   78326.5 -151759.6
        nan       nan      -nan       nan       nan       nan       nan       nan       nan       nan
vertex track :        244   3  92    6908197 -0.9084 -0.6613  182619.4   78733.8     219.5   211     nan
   89 2     -2 -0.8348 -0.7508   56200.0   72134.4    7342.7 -0.9212 -0.6661  173951.9   75602.6 -147276.2
        nan       nan      -nan       nan       nan       nan       nan       nan       nan       nan
   90 2     -1 -0.8755 -0.6631   57852.9   74648.2    3836.8 -0.9212 -0.6661  177181.5   77938.0 -150782.0
        nan       nan      -nan       nan       nan       nan       nan       nan       nan       nan
   91 2      0 -0.9421 -0.8292   58699.3   73882.5    2941.1 -0.9212 -0.6661  178006.6   78534.7 -151677.8
        nan       nan      -nan       nan       nan       nan       nan       nan       nan       nan
vertex track :        253   3  92    7760906  0.4649  1.1719  181207.7   77085.3     217.0   211     nan
   89 4     -2  0.4823  1.1793   64102.2    8545.4    6556.6  0.4743  1.1789  182090.5   86162.6 -148064.1
        nan       nan      -nan       nan       nan       nan       nan       nan       nan       nan
   90 2     -1  0.4655  1.1652   65933.9   81532.5    3717.9  0.4743  1.1789  180744.2   82816.2 -150902.8
        nan       nan      -nan       nan       nan       nan       nan       nan       nan       nan
   91 2      0  0.4522  1.1808   65755.2   82363.5    2866.0  0.4743  1.1789  180340.1   81812.0 -151754.7
        nan       nan      -nan       nan       nan       nan       nan       nan       nan       nan
vertex track :        257   3  92    7761063 -1.3873  1.0179  181246.8   77464.9     218.7   211     nan
   89 2     -2 -1.4249  1.1043   51482.4   81849.3    7441.2 -1.3844  1.0354  169128.4   86549.9 -147181.0
        nan       nan      -nan       nan       nan       nan       nan       nan       nan       nan
   90 2     -1 -1.6714  1.0657   54812.5   79472.7    3812.4 -1.3844  1.0354  174152.2   82792.7 -150809.9
        nan       nan      -nan       nan       nan       nan       nan       nan       nan       nan
   91 2      0 -1.3357  1.0497   55796.4   77812.1    2937.0 -1.3844  1.0354  175364.0   81886.3 -151685.3
        nan       nan      -nan       nan       nan       nan       nan       nan       nan       nan
vertex track :        261   3  92    7761747 -0.8189  0.8402  181652.5   77140.6     219.1   211     nan
   89 4     -2 -0.8300  0.8429   54994.3    6216.3    6565.2 -0.8143  0.8521  174361.4   84150.9 -148056.3
        nan       nan      -nan       nan       nan       nan       nan       nan       nan       nan
   90 2     -1 -0.8098  0.8378   61453.5   80304.8    3721.0 -0.8143  0.8521  176677.5   81727.4 -150900.5
        nan       nan      -nan       nan       nan       nan       nan       nan       nan       nan
   91 2      0 -0.8024  0.8563   62419.3   81439.4    2866.9 -0.8143  0.8521  177373.0   80999.6 -151754.6
        nan       nan      -nan       nan       nan       nan       nan       nan       nan       nan
