groupid:   6323, ntrk:  8
vertex track :          0   3  33    9008794  0.1493 -0.5179  115513.8  187086.1     125.4    13   189.1
   34 5      1  0.1489 -0.5189  115185.7   36407.2   -2867.6  0.1508 -0.5189  112402.2  190763.3  -46651.4
       65.1      34.9  115237.3   36354.2  115232.6   36370.4  115344.3   36669.6  115170.1   36334.9
   35 5      2  0.1441 -0.5217  115814.1   37579.4   -3719.9  0.1508 -0.5189  112273.7  191205.5  -47503.7
      116.7      87.6  115929.7   37490.2  115897.8   37605.7  115908.7   37878.1  115760.7   37443.5
   36 5      3  0.1481 -0.5164  113596.8   36808.1   -6587.1  0.1508 -0.5189  111841.4  192693.3  -50370.9
      220.7     175.0  113825.9   36644.1  113735.3   36960.0  113577.9   37181.5  113489.4   36547.7
vertex track :         61   3  33   10360530 -0.5921  1.2492  113642.2  191022.1     127.2   211     nan
   34 5      1 -0.5066  1.2634  113865.1   27898.3   -3183.2 -0.5827  1.2360  112924.9  189039.1  -46954.4
        nan       nan      -nan       nan       nan       nan       nan       nan       nan       nan
   35 5      2 -0.4654  1.3287  116317.5   27671.0   -4000.5 -0.5827  1.2360  113401.1  188029.0  -47771.7
        nan       nan      -nan       nan       nan       nan       nan       nan       nan       nan
   36 5      3 -0.6210  1.1916  119279.3   26506.0   -6223.8 -0.5827  1.2360  114696.7  185280.9  -49995.0
        nan       nan      -nan       nan       nan       nan       nan       nan       nan       nan
vertex track :         74   3  33   10396769 -2.1285  3.0856  109108.4  196553.7     130.6   211     nan
   34 5      1 -2.1218  3.0883  116020.0   34413.6   -2868.6 -2.0833  3.0347  112744.8  189547.1  -46618.5
        nan       nan      -nan       nan       nan       nan       nan       nan       nan       nan
   35 5      2 -2.0999  3.0999  118484.3   32612.3   -3717.9 -2.0833  3.0347  114514.1  186969.8  -47467.8
        nan       nan      -nan       nan       nan       nan       nan       nan       nan       nan
   36 5      3 -2.1181  3.0799  121281.4   23921.3   -6583.1 -2.0833  3.0347  120483.0  178275.0  -50333.0
        nan       nan      -nan       nan       nan       nan       nan       nan       nan       nan
vertex track :        123   3  33   10789541  0.3494  1.2919  115707.3  190604.3     127.3   211   232.9
   34 5      1  0.3657  1.2271  113239.9   27413.7   -3184.1  0.3477  1.2770  111893.1  188478.2  -46961.2
      174.2      60.1  113232.0   27597.8  113209.3   27521.6  113458.1   27440.8  113347.3   27563.5
   35 5      2  0.4498  1.3121  114818.7   27119.2   -4000.4  0.3477  1.2770  111609.2  187435.7  -47777.6
      290.7     142.4  114778.3   27440.5  114684.2   27166.0  115069.7   27009.3  115047.8   27348.1
   36 5      3  0.1759  1.2610  115140.7   25821.7   -6222.7  0.3477  1.2770  110836.5  184597.9  -49999.8
      475.8     246.2  114962.6   26326.9  114868.1   25649.3  115529.0   25527.7  115450.3   26258.9
vertex track :        160   3  34    9261552  0.8164 -0.7842  115148.6  192459.2     307.5     0  3988.3
   31 5     -2  0.8032 -0.8034  120752.2   24108.0    6591.0  0.8156 -0.7872  116727.3  186072.8  -40563.2
      192.9      17.0  120900.6   23983.6  120796.5   24087.8  120814.6   24441.7  120876.6   23959.6
   32 5     -1  0.8320 -0.7852  120139.5   27904.1    3717.5  0.8156 -0.7872  114383.6  188335.0  -43436.7
      119.2       8.8  120232.2   27828.7  120233.6   27827.4  120257.7   28188.7  120220.2   27815.9
   33 5      0  0.8529 -0.7741  115592.2   31319.2    2868.1  0.8156 -0.7872  113690.8  189003.7  -44286.2
      100.0       5.8  115670.1   31256.2  115701.1   31228.1  115725.1   31591.3  115662.3   31247.7
vertex track :        190   3  34    9925530 -0.9418 -0.3148  116332.4  192236.0     308.7     0  2844.0
   31 5     -2 -0.9486 -0.3936  108711.7   32010.9    6515.7 -0.9309 -0.3112  106999.4  188861.3  -40642.6
      166.0      17.7  108565.2   31930.9  108672.6   31975.5  109067.3   32300.4  108551.6   31963.6
   32 5     -1 -0.9127 -0.2961  114129.5   31645.1    3977.6 -0.9309 -0.3112  109362.0  189651.2  -43180.6
      109.1       9.8  114028.7   31602.1  114044.7   31607.3  114439.4   31897.9  114022.6   31620.8
   33 5      0 -0.8708 -0.3717  113195.5   39972.8    3168.1 -0.9309 -0.3112  110115.6  189903.2  -43990.1
       92.7       6.2  113112.7   39930.7  113100.3   39925.4  113487.4   40224.5  113107.8   39942.1
vertex track :        237   3  34   10349794  2.0997  0.8256  113801.4  190900.8     306.0     0  3499.2
   31 6     -2  2.1666  0.7910    7100.0   33001.7    6590.2  2.0899  0.8136  123400.7  194587.4  -40562.9
      512.6      33.0    7570.1   33208.5    7062.2   33023.0    6842.0   33005.7    7592.8   33146.5
   32 5     -1  2.0569  0.8310  123861.2   32707.5    3716.1  2.0899  0.8136  117394.1  192248.9  -43437.0
      300.0      16.6  124133.1   32835.3  124008.7   32785.0  123801.3   32790.5  124145.6   32804.5
   33 5      0  2.0807  0.8280  118280.7   34860.9    2868.3  2.0899  0.8136  115622.3  191559.2  -44284.8
      241.7       9.8  118501.6   34959.4  118489.4   34954.6  118271.8   34973.3  118508.9   34941.2
vertex track :        258   3  34   10371783  3.1236 -1.5211  109304.7  194595.4     309.5     0 10001.0
   31 6     -2  3.4461 -1.4793    7501.1   26450.5    6481.5  3.1320 -1.5400  125132.1  183659.8  -40658.9
     1048.3      33.0    8477.5   26067.3    7274.5   26583.7    6738.2   27042.2    8451.4   26006.6
   32 5     -1  3.7817 -1.2920  122226.4   29562.6    3973.2  3.1320 -1.5400  117276.2  187522.6  -43167.2
      644.3      19.1  122842.3   29372.4  122417.0   29517.7  121824.2   29961.5  122829.9   29336.2
   33 5      0  3.1959 -1.3901  117841.4   38712.8    3158.4  3.1320 -1.5400  114724.3  188777.4  -43982.0
      517.5      13.9  118321.5   38519.1  118043.5   38640.0  117574.5   39115.2  118310.5   38493.7
