groupid:   6472, ntrk:  8
vertex track :          0   3  31    2921151 -0.1003 -0.0167  150568.2   71227.1     297.4    13  1923.1
   32 2      1 -0.1005 -0.0170   30002.4   72411.1   -2861.9 -0.1011 -0.0109  146284.7   72419.5  -43362.1
       14.5       2.8   29988.5   72406.0   29996.0   72407.3   30226.1   72626.2   29987.6   72411.4
   33 2      2 -0.1004 -0.0182   28625.7   69273.9   -3717.3 -0.1011 -0.0109  146371.2   72428.8  -44217.6
       18.7       6.5   28608.4   69264.2   28624.2   69267.0   28852.8   69493.7   28606.1   69277.1
   34 2      3 -0.1005 -0.0179   30743.5   73650.0   -6588.5 -0.1011 -0.0109  146661.5   72460.0  -47088.8
       31.5      12.8   30714.7   73631.8   30755.6   73639.1   30982.2   73878.1   30710.2   73657.0
vertex track :          5   3  31    2921340  0.2443 -0.4263  151042.7   70656.7     294.6  2212   942.8
   32 2      1  0.2373 -0.4361   30883.7   70274.5   -2786.9  0.2438 -0.4198  145689.9   73107.7  -43280.4
       49.7       9.6   30915.9   70235.4   30918.2   70231.2   31061.7   70523.1   30899.0   70226.2
   33 2      2  0.2039 -0.4265   30607.8   72717.2   -3596.8  0.2438 -0.4198  145492.4   73447.6  -44090.2
       62.1      22.2   30654.6   72670.7   30643.9   72693.2   30771.2   72973.2   30614.6   72651.6
   34 2      3  0.2706 -0.3989   30295.5   70958.6   -6470.8  0.2438 -0.4198  144791.8   74654.0  -46964.3
      102.1      43.9   30389.1   70898.7   30331.3   70983.9   30412.2   71228.1   30316.6   70849.5
vertex track :         15   3  31    2951753  0.1901  0.7243  150779.4   71759.5     296.2   211     nan
   32 2      1  0.1892  0.7256   29402.8   70875.9   -2871.8  0.1878  0.7365  145579.7   70586.7  -43373.9
        nan       nan      -nan       nan       nan       nan       nan       nan       nan       nan
   33 2      2  0.1816  0.7280   27817.8   67107.7   -3719.7  0.1878  0.7365  145420.4   69962.3  -44221.8
        nan       nan      -nan       nan       nan       nan       nan       nan       nan       nan
   34 2      3  0.1796  0.7238   29114.4   69373.6   -6584.6  0.1878  0.7365  144882.2   67852.4  -47086.7
        nan       nan      -nan       nan       nan       nan       nan       nan       nan       nan
vertex track :         51   3  31    4080360 -0.5860  1.2842  150018.9   72684.3     298.4   211     nan
   32 2      1 -0.5532  1.2272   32180.2   67427.3   -2802.5 -0.5953  1.3040  147258.0   69802.2  -43313.2
        nan       nan      -nan       nan       nan       nan       nan       nan       nan       nan
   33 2      2 -0.5844  1.2805   32760.7   68340.0   -3610.4 -0.5953  1.3040  147738.9   68748.7  -44121.1
        nan       nan      -nan       nan       nan       nan       nan       nan       nan       nan
   34 2      3 -0.5899  1.2937   34743.9   61769.9   -6483.5 -0.5953  1.3040  149449.2   65002.1  -46994.2
        nan       nan      -nan       nan       nan       nan       nan       nan       nan       nan
vertex track :         95   3  32    3366476 -0.8035  0.5119  151248.2   72027.1     373.2  2212     nan
   29 2     -2 -0.8051  0.5098   23921.9   73856.4    6579.5 -0.8032  0.5135  142277.1   74866.1  -36790.5
        nan       nan      -nan       nan       nan       nan       nan       nan       nan       nan
   30 2     -1 -0.8341  0.5025   28399.8   72791.6    3714.4 -0.8032  0.5135  144578.4   73394.9  -39655.5
        nan       nan      -nan       nan       nan       nan       nan       nan       nan       nan
   31 2      0 -0.8003  0.5133   28394.7   71499.1    2865.0 -0.8032  0.5135  145260.7   72958.7  -40504.9
        nan       nan      -nan       nan       nan       nan       nan       nan       nan       nan
vertex track :        119   3  32    4315692 -1.2249 -0.8133  152578.1   74626.8     375.2     0  5429.9
   29 2     -2 -1.2363 -0.7315   24165.6   70933.2    6847.0 -1.2198 -0.8155  140690.9   69011.1  -36528.2
      279.0      19.3   23935.3   70774.5   24155.9   70905.0   24604.7   71301.1   23915.6   70807.7
   30 2     -1 -1.2430 -0.8220   26021.1   72077.5    3597.5 -1.2198 -0.8155  144654.8   71661.0  -39777.7
      158.5       9.3   25894.0   71982.4   25897.5   71984.6   26357.0   72381.9   25883.8   71997.8
   31 2      0 -1.2217 -0.8422   27133.7   73154.9    2782.9 -1.2198 -0.8155  145648.4   72325.3  -40592.3
      132.1       6.3   27028.5   73074.7   26989.4   73047.7   27447.6   73444.2   27021.3   73085.1
vertex track :        158   3  32    4939181 -1.4728  1.0218  150650.0   72422.7     375.5   211     nan
   29 2     -2 -1.4791  1.0478   18734.6   77734.1    6579.3 -1.4732  1.0245  137524.7   78431.0  -36793.1
        nan       nan      -nan       nan       nan       nan       nan       nan       nan       nan
   30 2     -1 -1.4421  0.9775   25441.1   74984.2    3720.8 -1.4732  1.0245  141735.8   75502.5  -39651.6
        nan       nan      -nan       nan       nan       nan       nan       nan       nan       nan
   31 2      0 -1.4686  1.0256   25954.1   73308.6    2869.5 -1.4732  1.0245  142989.9   74630.3  -40502.9
        nan       nan      -nan       nan       nan       nan       nan       nan       nan       nan
vertex track :        163   3  32    4939734  2.7256  0.8692  147539.9   71922.3     377.2     0  2667.3
   29 2     -2  2.8671  0.8637   45151.4   79521.7    6828.6  2.7253  0.8782  161141.2   77234.5  -36544.1
      791.7      53.2   45894.1   79801.0   44980.1   79525.7   44621.6   79453.2   45924.8   79699.1
   30 2     -1  2.7213  0.9129   35619.7   75747.5    3582.7  2.7253  0.8782  152295.1   74383.9  -39790.0
      419.1      23.7   36009.6   75903.3   35786.3   75828.4   35442.6   75802.6   36024.6   75858.3
   31 2      0  2.8006  0.9585   33453.9   75226.0    2784.6  2.7253  0.8782  150120.2   73683.0  -40588.1
      332.2      12.2   33764.3   75345.1   33723.8   75331.2   33356.4   75317.9   33772.2   75322.1
