groupid:   6951, ntrk:  5
vertex track :          0   3  49   10390585 -0.0830 -0.2334  104464.3  168837.5     121.6    13  1295.3
   50 5      1 -0.0829 -0.2330  104418.7   16390.9   -2867.7 -0.0817 -0.2322  102239.1  170975.3  -76148.2
       25.8       4.2  104414.0   16365.2  104413.9   16364.9  104633.3   16626.5  104406.1   16368.0
   51 5      2 -0.0819 -0.2337  104947.4   11003.1   -3715.7 -0.0817 -0.2322  102308.4  171172.2  -76996.2
       32.0       9.8  104946.0   10969.6  104950.0   10981.0  105158.7   11246.3  104927.5   10976.1
   52 5      3 -0.0821 -0.2351  104540.3   16048.6   -6585.0 -0.0817 -0.2322  102542.8  171838.6  -79865.5
       52.6      19.5  104541.3   15992.5  104558.8   16042.5  104749.2   16314.5  104504.5   16005.4
vertex track :         16   3  49    9488823 -0.4675  0.5851  103447.5  171017.6     123.6     0   920.0
   50 5      1 -0.4839  0.5588  105070.1   11227.8   -2753.6 -0.4684  0.5789  102319.6  170776.5  -76035.2
       70.2       8.3  105017.9   11275.4  105008.1   11286.6  105331.9   11390.7  105030.5   11286.3
   51 5      2 -0.4212  0.5603  104271.8   10481.7   -3566.6 -0.4684  0.5789  102700.3  170305.9  -76848.2
       84.5      18.4  104206.3   10538.2  104219.5   10520.7  104546.9   10635.7  104235.7   10560.3
   52 5      3 -0.4719  0.6557  105491.8   11883.8   -6543.4 -0.4684  0.5789  104094.5  168582.7  -79824.9
      138.7      37.7  105380.2   11974.4  105443.2   11886.8  105813.0   12003.8  105441.4   12018.4
vertex track :         77   3  49   11402594  0.2968  0.6108  105467.2  171083.8     121.7  2212   725.1
   50 5      1  0.2963  0.6114  104379.6   16314.2   -2866.2  0.2901  0.6069  102106.4  170698.6  -76148.4
       66.8      15.4  104394.9   16381.0  104398.9   16389.3  104574.6   16458.1  104422.5   16367.6
   51 5      2  0.2937  0.6107  104599.5   10239.3   -3716.6  0.2901  0.6069  101859.7  170182.5  -76998.8
       88.0      37.3  104604.0   10334.8  104589.4   10304.4  104805.3   10354.4  104671.3   10302.4
   52 5      3  0.2950  0.6176  103066.0   12763.3   -6588.0  0.2901  0.6069  101026.8  168439.9  -79870.1
      148.7      74.4  103063.0   12929.6  102996.7   12790.8  103279.4   12807.6  103197.3   12865.4
vertex track :        104   3  50    9454623 -1.0784  0.6279  106821.5  169964.2     281.9   211     nan
   47 5     -2 -1.0844  0.6186  100373.6   11376.9    6584.1 -1.0658  0.6170   97815.3  172856.9  -69619.9
        nan       nan      -nan       nan       nan       nan       nan       nan       nan       nan
   48 5     -1 -1.0239  0.6430  106357.2   11483.6    3724.7 -1.0658  0.6170  100863.0  171092.7  -72479.3
        nan       nan      -nan       nan       nan       nan       nan       nan       nan       nan
   49 5      0 -1.1114  0.6282  103242.7   13598.1    2874.9 -1.0658  0.6170  101768.7  170568.3  -73329.1
        nan       nan      -nan       nan       nan       nan       nan       nan       nan       nan
vertex track :        122   3  50   10337174  0.3411  0.7488  104453.4  171832.8     284.3   211     nan
   47 5     -2  0.2821  0.7328  104473.5   21365.6    6580.2  0.3329  0.7439  104268.0  175497.5  -69618.8
        nan       nan      -nan       nan       nan       nan       nan       nan       nan       nan
   48 5     -1  0.3417  0.7846  101229.7   15138.8    3642.2  0.3329  0.7439  103290.0  173311.8  -72556.8
        nan       nan      -nan       nan       nan       nan       nan       nan       nan       nan
   49 5      0  0.3404  0.7750  104246.4   20746.5    2779.3  0.3329  0.7439  103002.8  172669.9  -73419.6
        nan       nan      -nan       nan       nan       nan       nan       nan       nan       nan
