groupid:   7176, ntrk: 15
vertex track :          0   3  27    1419563  0.1580  0.1008  108557.4   53151.5     216.4    13  1223.8
   28 1      1  0.1578  0.1014  107093.3   50093.1   -2868.4  0.1625  0.1052  104153.9   51321.9  -35684.2
       20.9       4.3  107108.6   50108.1  107106.5   50106.7  107288.2   50288.2  107113.3   50100.8
   29 1      2  0.1577  0.1017  107372.9   50124.2   -3717.7  0.1625  0.1052  104015.8   51232.6  -36533.6
       26.7      10.3  107389.7   50147.3  107378.0   50139.8  107566.2   50311.2  107400.9   50130.0
   30 1      3  0.1569  0.1014  108643.0   50712.6   -6584.5  0.1625  0.1052  103549.9   50931.1  -39400.4
       44.4      20.3  108669.3   50753.8  108627.6   50726.9  108826.8   50881.6  108691.3   50719.7
vertex track :         22   3  27    1383630 -1.1741 -1.1010  105691.1   50492.8     214.9   211   164.6
   28 1      1 -1.1770 -1.1281  110061.1   56607.5   -2681.3 -1.1595 -1.0989  105146.7   52143.9  -35474.0
      248.3      97.7  109949.4   56365.1  110060.8   56471.9  110381.6   57058.8  109814.2   56506.2
   29 1      2 -1.2465 -1.0909  110527.1   57716.8   -3501.9 -1.1595 -1.0989  106098.2   53045.7  -36294.7
      507.3     246.6  110307.7   57197.1  110809.5   57636.2  110955.2   58445.4  109982.9   57568.2
   30 1      3 -1.1705 -1.1149  112081.2   60076.4   -6636.7 -1.1595 -1.0989  109733.0   56490.7  -39429.5
     1046.5     523.7  111684.7   58975.5  112954.4   60184.9  112686.6   61386.3  110962.3   59733.9
vertex track :         29   3  27    1419132 -1.0705  1.3154  107818.1   53788.3     216.7   211     nan
   28 1      1 -1.0704  1.3168  109662.7   47464.4   -2867.2 -1.0574  1.3324  107181.5   48181.1  -35682.2
        nan       nan      -nan       nan       nan       nan       nan       nan       nan       nan
   29 1      2 -1.0738  1.3136  110968.4   46499.5   -3715.9 -1.0574  1.3324  108079.0   47050.3  -36530.9
        nan       nan      -nan       nan       nan       nan       nan       nan       nan       nan
   30 1      3 -1.0761  1.3167  116041.8   43393.5   -6586.9 -1.0574  1.3324  111114.8   43225.0  -39401.9
        nan       nan      -nan       nan       nan       nan       nan       nan       nan       nan
vertex track :         33   3  27    1420044 -1.6508 -1.8231  107161.0   51554.3     216.6   211   307.3
   28 1      1 -1.6676 -1.7812  112940.3   59703.8   -2676.5 -1.6258 -1.8138  107961.1   55280.5  -35481.0
      356.4      73.1  112750.1   59393.6  112887.1   59539.9  113338.9   60222.1  112643.4   59493.6
   29 1      2 -1.7121 -1.7582  113799.7   61288.1   -3501.3 -1.6258 -1.8138  109302.0   56776.5  -36305.8
      609.5     183.8  113506.2   60723.2  113997.2   61227.3  114301.6   62061.3  113242.8   60979.6
   30 1      3 -1.6270 -1.7450  116644.5   65731.1   -6651.8 -1.6258 -1.8138  114424.1   62491.0  -39456.3
     1217.1     391.2  116100.6   64574.1  117418.9   65988.0  117396.7   67096.3  115528.3   65107.7
vertex track :         42   3  27    1785731  4.0045 -5.1236  108778.1   52844.8     216.4   211     nan
   28 1      1  3.9997 -5.1129   97010.8   63758.7   -2867.7  3.9811 -5.1800   92595.9   67311.8  -35683.5
        nan       nan      -nan       nan       nan       nan       nan       nan       nan       nan
   29 1      2  4.0322 -5.1050   94099.6   68043.0   -3717.8  3.9811 -5.1800   89211.6   71715.3  -36533.6
        nan       nan      -nan       nan       nan       nan       nan       nan       nan       nan
   30 3      3  3.9983 -5.0595   82845.9    6963.9   -6585.3  3.9811 -5.1800   77795.8   86568.8  -39401.1
        nan       nan      -nan       nan       nan       nan       nan       nan       nan       nan
vertex track :         58   3  27    2031744  3.4448 -2.5216  115479.2   47341.2     208.0   211     nan
   28 1      1  3.6392 -2.5937  106603.3   57472.3   -2683.4  3.4611 -2.5308  101627.7   53103.0  -35496.2
        nan       nan      -nan       nan       nan       nan       nan       nan       nan       nan
   29 1      2  3.3684 -2.4666  103141.2   59763.3   -3503.2  3.4611 -2.5308   98790.3   55177.8  -36316.0
        nan       nan      -nan       nan       nan       nan       nan       nan       nan       nan
   30 1      3  3.4796 -2.4115   91373.3   66088.4   -6636.9  3.4611 -2.5308   87944.4   63108.6  -39449.7
        nan       nan      -nan       nan       nan       nan       nan       nan       nan       nan
vertex track :         97   3  28     275759 -0.2709  0.7175  107583.3   49348.3     188.0   211   128.1
   25 1     -2 -0.2789  0.7089  107360.5   55458.4    6593.9 -0.2630  0.7293  103023.7   55282.9  -28876.1
      493.8     378.2  106827.8   55779.5  107130.8   55009.3  108103.0   55348.1  107531.7   56056.4
   26 1     -1 -0.2634  0.7118  107355.4   52449.5    3731.5 -0.2630  0.7293  103776.6   53195.2  -31738.6
      243.9     182.5  107099.6   52614.9  107213.6   52306.8  107821.0   52494.8  107442.0   52741.6
   27 1      0 -0.2653  0.7119  107898.9   54071.1    2868.2 -0.2630  0.7293  104003.6   52565.7  -32601.8
      110.4      68.8  107795.8   54150.5  107817.2   54093.1  108211.6   54202.4  107924.8   54198.6
vertex track :        112   3  28     277548  2.2613 -0.1102  103865.8   50427.4     189.0   211     nan
   25 1     -2  2.1544 -0.2751  117011.7   48558.4    6292.2  2.2752 -0.1128  114895.7   51018.8  -29167.9
        nan       nan      -nan       nan       nan       nan       nan       nan       nan       nan
   26 1     -1  2.6554 -0.2603  111520.5   49259.4    3494.5  2.2752 -0.1128  108530.3   51334.4  -31965.6
        nan       nan      -nan       nan       nan       nan       nan       nan       nan       nan
   27 1      0  2.3059 -0.0943  109303.9   47207.2    2669.6  2.2752 -0.1128  106653.6   51427.4  -32790.4
        nan       nan      -nan       nan       nan       nan       nan       nan       nan       nan
vertex track :        122   3  28    1119050 -1.5934  1.1342  109712.8   48497.7     185.1   211     nan
   25 1     -2 -1.5929  1.1321  101161.3   57195.7    6591.8 -1.5743  1.1487   96740.4   57107.0  -28880.9
        nan       nan      -nan       nan       nan       nan       nan       nan       nan       nan
   26 1     -1 -1.6053  1.1339  104867.2   53035.9    3714.7 -1.5743  1.1487  101269.8   53802.2  -31758.0
        nan       nan      -nan       nan       nan       nan       nan       nan       nan       nan
   27 1      0 -1.6262  1.1162  106485.2   54315.9    2866.7 -1.5743  1.1487  102604.7   52828.2  -32605.9
        nan       nan      -nan       nan       nan       nan       nan       nan       nan       nan
vertex track :        125   3  28    1120105 -1.0550  0.6156  107216.8   50083.7     190.0     0  1144.6
   25 1     -2 -1.0839  0.6010   98688.2   52860.4    6228.7 -1.0423  0.6254   98052.9   55131.5  -29244.1
      212.3      39.3   98483.4   52928.9   98627.1   52849.3   99101.8   53002.5   98521.6   52997.8
   26 1     -1 -1.0278  0.6719  102569.2   51559.8    3520.6 -1.0423  0.6254  100875.5   53437.9  -31952.2
      131.1      19.3  102448.9   51615.4  102452.6   51613.0  102898.6   51714.9  102470.0   51647.8
   27 1      0 -1.0815  0.6215  103170.2   48941.7    2669.9 -1.0423  0.6254  101762.1   52905.8  -32802.8
      107.7       8.6  103072.5   48988.0  103032.2   49011.2  103476.7   49106.1  103081.1   49002.8
vertex track :        126   3  28    1120116  1.3286  0.2548  106440.8   49963.7     190.0   211     nan
   25 1     -2  1.3384  0.2626  116228.6   53160.2    6587.9  1.3366  0.2600  112124.5   52898.1  -28881.5
        nan       nan      -nan       nan       nan       nan       nan       nan       nan       nan
   26 1     -1  1.2676  0.2650  111841.2   51399.4    3723.2  1.3366  0.2600  108295.5   52153.3  -31746.3
        nan       nan      -nan       nan       nan       nan       nan       nan       nan       nan
   27 1      0  1.3133  0.2549  110996.6   53453.0    2867.6  1.3366  0.2600  107152.0   51930.8  -32601.8
        nan       nan      -nan       nan       nan       nan       nan       nan       nan       nan
vertex track :        173   3  28    2234016  1.7557 -0.9652  106918.7   50203.1     190.0   211   279.9
   25 1     -2  1.7541 -1.0329  116815.6   42664.7    6292.3  1.7554 -0.9791  114762.3   45501.1  -29179.7
      775.4     293.6  117632.8   42524.3  116664.8   43094.3  116210.3   43014.2  117334.8   42018.3
   26 1     -1  1.9282 -1.0193  112796.2   45749.0    3497.1  1.7554 -0.9791  109855.7   48237.9  -31974.9
      395.7     138.9  113211.0   45686.8  112916.2   45842.6  112593.4   46020.1  113081.2   45441.2
   27 1      0  1.7522 -1.0206  110982.2   44546.2    2674.0  1.7554 -0.9791  108410.9   49043.8  -32798.0
      231.1      51.6  111207.9   44474.5  111176.4   44492.8  110968.3   44826.9  111155.9   44385.3
vertex track :        176   3  28    2234478  1.7561  0.5944  104308.8   49003.2     185.2   211     nan
   25 1     -2  1.7525  0.5964  116758.9   54335.1    6591.3  1.7712  0.6062  112791.2   54150.3  -28862.4
        nan       nan      -nan       nan       nan       nan       nan       nan       nan       nan
   26 1     -1  1.7883  0.5726  111218.6   51634.0    3719.6  1.7712  0.6062  107704.8   52409.5  -31734.1
        nan       nan      -nan       nan       nan       nan       nan       nan       nan       nan
   27 1      0  1.7385  0.5982  110022.4   53394.8    2870.3  1.7712  0.6062  106200.4   51894.7  -32583.4
        nan       nan      -nan       nan       nan       nan       nan       nan       nan       nan
vertex track :        177   3  28    2235085  1.8247  0.2945  105168.7   49908.7     188.9   211     nan
   25 1     -2  1.7839  0.4194  115432.7   50799.9    6263.8  1.8376  0.3002  113468.5   53004.9  -29199.6
        nan       nan      -nan       nan       nan       nan       nan       nan       nan       nan
   26 1     -1  2.2253  0.1564  111164.4   50283.2    3505.1  1.8376  0.3002  108399.2   52176.7  -31958.3
        nan       nan      -nan       nan       nan       nan       nan       nan       nan       nan
   27 1      0  1.8537  0.2979  109342.6   47847.5    2668.4  1.8376  0.3002  106861.6   51925.4  -32795.0
        nan       nan      -nan       nan       nan       nan       nan       nan       nan       nan
vertex track :        188   3  28    2269333  2.0717 -2.5575  105596.2   52209.6     187.7     0 10001.0
   25 1     -2  2.1292 -2.5895  120171.9   37699.6    6591.3  2.0569 -2.5863  115913.4   36944.4  -28879.3
      987.9      32.6  120824.5   36957.2  120016.7   37939.6  119731.4   38649.4  120774.2   36915.8
   26 1     -1  1.9708 -2.5472  113509.5   43898.6    3714.2  2.0569 -2.5863  109995.7   44385.5  -31756.4
      568.3      17.5  113871.1   43459.8  113589.4   43823.8  113359.9   44544.8  113843.5   43438.4
   27 1      0  2.0760 -2.5655  112201.4   48173.6    2867.0  2.0569 -2.5863  108253.1   46576.5  -32603.6
      450.2      12.4  112494.3   47831.4  112363.8   47992.6  112120.7   48723.2  112475.0   47815.8
