groupid:   7243, ntrk:  9
vertex track :          0   3  93   10117575  0.3818 -0.1976  115498.7  188097.5     306.2    13   649.1
   94 5      1  0.3821 -0.1986  113223.3   26928.3   -2867.5  0.3825 -0.1990  110686.1  188304.3 -158209.3
       44.8       9.6  113267.4   26916.1  113268.2   26915.7  113389.5   27150.2  113258.6   26899.1
   95 5      2  0.3815 -0.1976  115600.0   30363.5   -3721.7  0.3825 -0.1990  110359.3  188474.3 -159063.5
       56.9      22.4  115660.9   30357.2  115639.9   30368.1  115749.5   30579.5  115640.3   30317.4
   96 5      3  0.3800 -0.2030  112461.2   29407.4   -6582.6  0.3825 -0.1990  109265.0  189043.4 -161924.4
       93.4      43.7  112564.1   29402.0  112479.2   29447.3  112568.6   29622.7  112522.9   29324.9
vertex track :         42   3  93   10059052  4.3950 -4.1759  126929.7  176542.7     299.0     0 10001.0
   94 5      1  3.9107 -3.9255  114349.0   29979.0   -2834.7  4.5481 -4.3402  109071.5  189686.2 -158232.2
     1514.5      25.5  115435.9   28924.1  114119.4   30245.5  113476.0   31240.0  115399.8   28888.1
   95 5      2  4.2183 -5.1803  107575.6   33421.5   -3654.3  4.5481 -4.3402  105343.7  193243.6 -159051.8
     1892.9      36.4  108799.0   31976.6  107294.4   33824.4  106566.4   35071.1  108742.6   31930.7
   96 5      3  3.6039 -4.4389   98100.8   44931.3   -6525.9  4.5481 -4.3402   92283.3  205706.9 -161923.4
     3229.6      65.6  100187.4   42465.3   96872.9   46547.7   96227.9   47602.8  100085.5   42382.7
vertex track :         53   3  93   10089372  1.1325 -1.7784  118074.1  183485.7     299.8  2212   371.7
   94 5      1  1.1308 -1.7755  113673.0   26785.9   -2866.5  1.1390 -1.7805  110858.0  188731.8 -158219.3
      428.2     147.6  114027.5   26504.1  113804.9   26853.5  113529.6   27276.0  113778.5   26345.5
   95 5      2  1.1317 -1.7775  115433.7   31504.9   -3716.8  1.1390 -1.7805  109889.5  190245.8 -159069.7
      894.6     360.1  116217.9   30943.7  115494.7   32079.6  114860.7   32274.3  115610.5   30556.9
   96 5      3  1.1125 -1.7904  110244.9   34963.5   -6581.7  1.1390 -1.7805  106626.4  195346.7 -161934.5
     1716.4     704.2  111749.0   33877.3  110170.7   36417.0  108952.0   36257.9  110552.7   33133.9
vertex track :         72   3  93   10118847 -1.8800  1.8207  112881.6  190354.7     308.3   211     nan
   94 5      1 -1.9395  1.6850  118175.3   26559.8   -2824.6 -1.8381  1.7906  115067.7  184309.5 -158153.9
        nan       nan      -nan       nan       nan       nan       nan       nan       nan       nan
   95 5      2 -1.9565  1.7963  116840.6   25117.3   -3632.1 -1.8381  1.7906  116552.0  182863.5 -158961.4
        nan       nan      -nan       nan       nan       nan       nan       nan       nan       nan
   96 6      3 -2.1052  1.9864    6801.8   18238.8   -6268.5 -1.8381  1.7906  121398.0  178142.6 -161597.8
        nan       nan      -nan       nan       nan       nan       nan       nan       nan       nan
vertex track :        110   3  94   10091485 -1.1341  0.8556  113807.0  187126.1     131.4   211     nan
   91 5     -2 -1.1310  0.8623  108799.6   39002.8    6586.1 -1.1137  0.8472  103448.6  193862.1 -151403.5
        nan       nan      -nan       nan       nan       nan       nan       nan       nan       nan
   92 5     -1 -1.1107  0.8689  108635.0   30230.9    3715.3 -1.1137  0.8472  106645.7  191429.9 -154274.2
        nan       nan      -nan       nan       nan       nan       nan       nan       nan       nan
   93 5      0 -1.1462  0.8616  112073.6   31484.3    2864.1 -1.1137  0.8472  107593.7  190708.7 -155125.4
        nan       nan      -nan       nan       nan       nan       nan       nan       nan       nan
vertex track :        116   3  94   10978398 -2.2519 -2.1024  118522.0  190175.3     130.4   211     nan
   91 5     -2 -2.1734 -2.2271  102681.1   18736.7    6474.4 -2.1689 -2.0489  101502.4  178405.7 -151541.5
        nan       nan      -nan       nan       nan       nan       nan       nan       nan       nan
   92 5     -1 -2.4589 -2.3145  111050.6   23925.2    3715.5 -2.1689 -2.0489  107486.0  184058.4 -154300.4
        nan       nan      -nan       nan       nan       nan       nan       nan       nan       nan
   93 5      0 -2.3350 -2.1094  112455.1   22849.0    2809.5 -2.1689 -2.0489  109451.1  185914.9 -155206.4
        nan       nan      -nan       nan       nan       nan       nan       nan       nan       nan
vertex track :        119   3  94   10979689 -0.1894 -0.5296  115122.4  187678.4     127.3   211     nan
   91 5     -2 -0.1792 -0.5443  116339.8   30378.2    6591.2 -0.1772 -0.5224  110783.9  185560.7 -151401.5
        nan       nan      -nan       nan       nan       nan       nan       nan       nan       nan
   92 5     -1 -0.1882 -0.5307  113446.5   25646.0    3718.2 -0.1772 -0.5224  111293.1  187061.6 -154274.5
        nan       nan      -nan       nan       nan       nan       nan       nan       nan       nan
   93 5      0 -0.1829 -0.5288  116013.8   28138.1    2871.1 -0.1772 -0.5224  111443.3  187504.2 -155121.7
        nan       nan      -nan       nan       nan       nan       nan       nan       nan       nan
vertex track :        144   3  94   11794849  0.8289  2.6952  112785.4  178935.6     130.1     0   802.1
   91 5     -2  0.7953  2.5532  117266.5   39158.3    6608.5  0.8076  2.6889  114924.0  197699.4 -151365.9
      891.5     156.4  117382.3   40056.0  117019.0   38889.9  117361.5   38473.2  117681.0   39963.0
   92 5     -1  0.4104  2.4523  116777.4   30648.5    3771.7  0.8076  2.6889  112632.9  190071.6 -154202.7
      504.7      77.1  116784.6   31159.1  116704.2   30678.4  116980.6   30350.4  116936.8   31133.6
   93 5      0  0.9753  2.5784  115462.7   25230.6    2830.8  0.8076  2.6889  111873.0  187541.7 -155143.6
      363.0      30.0  115563.0   25580.7  115511.0   25443.2  115573.3   25093.1  115619.1   25559.5
vertex track :        187   3  94   11889326 -0.0571 -3.4174  115330.7  193936.1     130.3   211   547.4
   91 5     -2 -0.0820 -3.4780  117391.4   17672.4    6584.7 -0.0252 -3.3719  111924.7  173374.2 -151418.8
     1505.6     301.2  117657.1   16160.1  117710.8   18440.1  117335.7   19391.2  117054.8   16174.3
   92 5     -1 -0.1293 -3.4622  114145.1   21129.2    3738.6 -0.0252 -3.3719  111996.6  182970.9 -154264.8
      808.0     147.3  114262.2   20316.3  114295.3   21204.1  114238.0   22148.7  113967.8   20327.3
   93 5      0 -0.0423 -3.4618  116619.6   26216.1    2870.6 -0.0252 -3.3719  112018.5  185897.8 -155132.9
      526.3      57.1  116670.2   25689.2  116674.2   26014.7  116778.9   26949.6  116556.1   25690.6
