groupid:   7205, ntrk: 12
vertex track :          0   3 127    9860290 -0.0728 -0.1820  210644.3  100902.8     303.9    13  1663.9
  128 4      1 -0.0683 -0.1839   88849.7   22909.8   -2865.9 -0.0708 -0.1827  207019.5  101704.5 -221575.2
       21.9       3.5   88845.3   22888.0   88846.3   22890.5   89064.0   23141.4   88838.8   22890.4
  129 4      2 -0.0735 -0.1816   91858.2   24112.8   -3716.5 -0.0708 -0.1827  207079.7  101859.9 -222425.8
       27.1       7.9   91855.4   24084.7   91860.3   24096.9   92071.0   24350.7   91840.7   24090.7
  130 4      3 -0.0712 -0.1824   90247.7   23805.6   -6584.9 -0.0708 -0.1827  207282.9  102384.0 -225294.2
       44.1      15.4   90246.0   23758.9   90263.1   23802.8   90459.3   24062.1   90217.3   23770.1
vertex track :          1   3 127    9036852  0.9260 -1.3476  213454.5   97816.0     294.6  2212   337.4
  128 4      1  1.0433 -1.4591   91576.8   28378.3   -2591.7  0.9299 -1.3468  206919.1  101939.5 -221298.6
      279.7     116.4   91834.2   28218.5   91727.9   28367.2   91530.5   28746.7   91644.8   28083.1
  129 4      2  0.8800 -1.5025   89065.0   26016.0   -3410.1  0.9299 -1.3468  206158.1  103041.7 -222117.0
      597.1     293.2   89619.8   25649.0   89201.1   26363.9   88721.1   26591.5   89113.8   25352.6
  130 4      3  0.9317 -1.4293   86562.5   33043.0   -6766.4  0.9299 -1.3468  203037.2  107561.9 -225473.3
     1288.4     647.0   87808.1   32317.0   86596.6   34175.4   85527.9   33977.5   86724.1   31610.3
vertex track :         30   3 127    9862135 -1.3689 -0.3006  208070.1  100768.8     301.2     0  1320.2
  128 4      1 -1.3608 -0.3316   89639.9   23077.0   -2867.4 -1.3596 -0.3023  208539.5  101946.2 -221571.1
      147.9      11.8   89499.0   23030.5   89500.7   23030.9   89989.5   23333.2   89493.4   23053.5
  129 4      2 -1.3705 -0.2926   93724.7   24378.9   -3717.0 -1.3596 -0.3023  209694.7  102203.0 -222420.7
      178.7      23.9   93555.0   24318.3   93616.6   24331.4   94103.1   24649.3   93545.0   24365.0
  130 4      3 -1.3630 -0.3081   96444.0   24510.5   -6588.5 -1.3596 -0.3023  213598.8  103071.1 -225292.1
      285.3      45.8   96175.9   24403.0   96446.2   24464.1   96920.8   24827.8   96155.7   24492.3
vertex track :        109   3 128   10281129 -0.2544  1.0377  208709.4  100379.1     181.5   211     nan
  125 4     -2 -0.2519  1.0687   90202.3   30892.5    6589.3 -0.2370  1.0303  205426.3  108351.0 -214627.0
        nan       nan      -nan       nan       nan       nan       nan       nan       nan       nan
  126 4     -1 -0.2371  1.0520   88518.5   25197.4    3719.9 -0.2370  1.0303  206106.4  105394.7 -217496.4
        nan       nan      -nan       nan       nan       nan       nan       nan       nan       nan
  127 4      0 -0.2249  1.0609   90201.4   26313.6    2866.7 -0.2370  1.0303  206308.7  104515.7 -218349.5
        nan       nan      -nan       nan       nan       nan       nan       nan       nan       nan
vertex track :        124   3 128   11037003 -1.3702  1.3584  212115.3   96157.8     175.8   211     nan
  125 4     -2 -1.3363  1.5123   80665.8   22559.3    6550.3 -1.3322  1.3529  201803.0  106126.1 -214688.9
        nan       nan      -nan       nan       nan       nan       nan       nan       nan       nan
  126 4     -1 -1.4672  1.4014   88181.3   22802.7    3461.9 -1.3322  1.3529  205917.5  101947.8 -217777.2
        nan       nan      -nan       nan       nan       nan       nan       nan       nan       nan
  127 4      0 -1.2314  1.4171   87651.9   18108.8    2613.4 -1.3322  1.3529  207047.9  100799.8 -218625.8
        nan       nan      -nan       nan       nan       nan       nan       nan       nan       nan
vertex track :        129   3 128   11119929  1.8194  2.0280  207072.5   98334.2     184.9   211     nan
  125 4     -2  1.8377  2.0192  102278.4   35335.2    6587.7  1.8443  2.0045  217102.8  112564.4 -214629.4
        nan       nan      -nan       nan       nan       nan       nan       nan       nan       nan
  126 4     -1  1.8086  1.9895   94071.8   26684.3    3725.0  1.8443  2.0045  211823.0  106826.0 -217492.2
        nan       nan      -nan       nan       nan       nan       nan       nan       nan       nan
  127 4      0  1.8113  2.0307   93998.3   26869.8    2869.6  1.8443  2.0045  210245.5  105111.5 -218347.5
        nan       nan      -nan       nan       nan       nan       nan       nan       nan       nan
vertex track :        140   3 128   11172163 -1.6415 -1.5669  212065.1  103227.4     179.6   211     nan
  125 4     -2 -1.6568 -1.3491   78938.5   10445.8    6504.3 -1.6397 -1.5395  199946.4   94812.2 -214719.1
        nan       nan      -nan       nan       nan       nan       nan       nan       nan       nan
  126 4     -1 -1.5984 -1.5408   87243.0   18999.2    3493.6 -1.6397 -1.5395  204882.9   99447.2 -217729.8
        nan       nan      -nan       nan       nan       nan       nan       nan       nan       nan
  127 4      0 -1.8080 -1.3083   86660.7   16872.1    2647.2 -1.6397 -1.5395  206270.7  100750.2 -218576.2
        nan       nan      -nan       nan       nan       nan       nan       nan       nan       nan
vertex track :        141   3 128   11172694 -1.4054 -1.1249  211686.4  102292.9     177.6   211     nan
  125 4     -2 -1.4141 -1.1152   85500.5   18652.6    6586.6 -1.4009 -1.1034  200951.8   96550.2 -214635.4
        nan       nan      -nan       nan       nan       nan       nan       nan       nan       nan
  126 4     -1 -1.4114 -1.1074   87400.3   19550.3    3716.6 -1.4009 -1.1034  204972.3   99717.0 -217505.4
        nan       nan      -nan       nan       nan       nan       nan       nan       nan       nan
  127 4      0 -1.3837 -1.1167   90149.0   22507.7    2865.1 -1.4009 -1.1034  206165.1  100656.6 -218356.9
        nan       nan      -nan       nan       nan       nan       nan       nan       nan       nan
vertex track :        145   3 128   11174020  1.6317  1.0667  207570.6   99419.5     183.6     0  5486.8
  125 4     -2  1.5998  1.1370   95711.4   23885.2    6614.5  1.6497  1.0469  216410.5  107538.5 -214600.8
      417.7      24.1   96037.9   24146.9   95692.9   23901.7   95596.4   23834.7   96065.8   24107.6
  126 4     -1  1.5542  1.0221   94760.9   24998.1    3489.6  1.6497  1.0469  211255.1  104266.9 -217725.8
      236.9      11.9   94952.3   25138.2   94882.8   25092.5   94781.1   25069.0   94965.4   25118.3
  127 4      0  1.4636  1.1295   91562.8   20701.0    2644.3  1.6497  1.0469  209860.8  103382.1 -218571.0
      192.7       7.9   91710.4   20825.0   91712.7   20826.7   91626.5   20788.1   91720.1   20812.4
vertex track :        155   3 128   11177183  2.0469 -1.0540  205045.1  101810.8     183.6   211     nan
  125 4     -2  2.0346 -1.0504  101743.7   18360.9    6584.3  2.0603 -1.0915  216496.6   96232.8 -214612.0
        nan       nan      -nan       nan       nan       nan       nan       nan       nan       nan
  126 4     -1  2.0813 -1.0614   92860.2   19380.0    3717.7  2.0603 -1.0915  210590.5   99361.6 -217478.6
        nan       nan      -nan       nan       nan       nan       nan       nan       nan       nan
  127 4      0  2.1656 -1.0910   92649.4   22090.2    2869.4  2.0603 -1.0915  208843.0  100287.3 -218326.9
        nan       nan      -nan       nan       nan       nan       nan       nan       nan       nan
vertex track :        160   3 128   11909768 -3.5366  1.2209  218156.0   96694.4     170.0   211     nan
  125 4     -2 -4.7487  1.9673   72352.3   22367.6    6518.7 -3.4338  1.2295  194517.9  105772.7 -214743.2
        nan       nan      -nan       nan       nan       nan       nan       nan       nan       nan
  126 4     -1 -3.4510  1.1472   86277.4   22817.6    3469.4 -3.4338  1.2295  204988.6  102023.5 -217792.5
        nan       nan      -nan       nan       nan       nan       nan       nan       nan       nan
  127 4      0 -3.6004  1.1935   87461.0   18412.3    2658.1 -3.4338  1.2295  207774.6  101025.9 -218603.8
        nan       nan      -nan       nan       nan       nan       nan       nan       nan       nan
vertex track :        165   3 128   11911305  1.9582  2.1708  204352.6   95172.1     184.7     0  2089.0
  125 4     -2  1.9803  2.1465  100700.6   33194.7    6597.3  1.9851  2.1464  215282.6  110373.9 -214614.7
      826.2      66.2  101212.3   33846.8  100507.6   33083.0  100401.0   32754.7  101309.5   33757.1
  126 4     -1  1.9339  2.1961   91795.1   23924.3    3714.9  1.9851  2.1464  209560.6  104187.0 -217497.2
      475.2      32.5   92084.7   24302.4   91862.8   24050.4   91717.4   23758.4   92133.5   24259.4
  127 4      0  2.0236  2.1540   91759.2   23965.3    2866.9  1.9851  2.1464  207877.2  102366.8 -218345.2
      373.9      15.6   92003.8   24248.5   91916.7   24155.8   91726.5   23894.2   92026.6   24227.1
