groupid:   7795, ntrk:  8
vertex track :          0   3  85   11685901  0.5719 -0.0951  123774.2  188433.0     312.6    13   737.3
   86 5      1  0.5718 -0.0972  118929.5   29144.3   -2867.6  0.5721 -0.0986  115609.1  188023.1 -143070.6
       58.3       9.7  118988.6   29144.1  118993.7   29143.2  119080.9   29354.4  118985.4   29124.9
   87 5      2  0.5716 -0.0973  120430.0   28576.4   -3719.5  0.5721 -0.0986  115121.8  188107.1 -143922.5
       71.9      21.9  120504.6   28586.0  120482.8   28589.7  120566.0   28776.7  120497.2   28542.7
   88 5      3  0.5711 -0.0979  113501.0   31806.1   -6585.1  0.5721 -0.0986  113482.4  188389.7 -146788.2
      115.5      42.6  113622.1   31828.5  113514.3   31847.0  113590.5   31993.5  113607.7   31744.6
vertex track :         64   3  85   12336458  0.5516  0.9099  123464.4  190909.8     315.3   211   637.4
   86 6      1  0.5317  0.8698    6729.8   29562.3   -2980.9  0.5508  0.9013  115303.7  187195.2 -143186.5
      111.0      16.7    6773.4   29665.7    6769.3   29659.0    6896.7   29669.7    6802.0   29648.2
   87 5      2  0.6499  0.8584  121305.8   27577.5   -3818.1  0.5508  0.9013  114842.5  186440.6 -144023.8
      138.3      37.7  121359.2   27710.4  121328.7   27670.2  121463.0   27655.3  121419.3   27665.0
   88 6      3  0.5409  0.8484    8106.7   31852.1   -6352.1  0.5508  0.9013  113446.7  184156.8 -146557.8
      212.9      68.5    8163.5   32068.5    8048.1   31887.6    8260.5   31846.6    8278.9   31994.9
vertex track :         76   3  85   12362195  1.8682  4.0315  127900.3  199410.0     324.0   211   259.2
   86 5      1  1.8844  4.0229  119159.6   27726.2   -2866.6  1.9046  4.1175  115395.4  185700.8 -143106.7
     1373.4     233.6  119530.7   29069.1  118761.2   27426.4  119000.4   26597.4  119953.8   28870.9
   87 5      2  1.8778  4.0415  119569.0   23741.9   -3720.6  1.9046  4.1175  113769.0  182184.7 -143960.6
     2809.2     569.3  120236.5   26529.4  118263.4   22282.8  119113.5   21168.3  121269.0   26049.7
   88 5      3  1.8631  4.0444  109316.8   16493.4   -6586.3  1.9046  4.1175  108310.8  170384.7 -146826.4
     5372.1    1110.6  110555.9   21837.4  106451.7   12928.1  108289.6   11363.5  112573.2   20908.0
vertex track :         91   3  85   12568490  2.1668 -0.1117  128042.9  188335.8     313.4   211     nan
   86 6      1  2.1666 -0.1614    6640.6   29926.9   -2982.0  2.2252 -0.1172  114318.6  188043.3 -143209.6
        nan       nan      -nan       nan       nan       nan       nan       nan       nan       nan
   87 5      2  2.2168 -0.2213  119812.9   28848.1   -3819.0  2.2252 -0.1172  112456.0  188141.4 -144046.6
        nan       nan      -nan       nan       nan       nan       nan       nan       nan       nan
   88 5      3  2.1643 -0.1221  121310.3   36003.6   -6397.2  2.2252 -0.1172  106718.8  188443.7 -146624.8
        nan       nan      -nan       nan       nan       nan       nan       nan       nan       nan
vertex track :         95   3  85   12569185 -2.2045  0.0858  123017.7  188482.4     312.3   211     nan
   86 6      1 -2.2117  0.1028    6069.0   29118.7   -2866.5 -2.1384  0.1032  123480.2  187436.9 -143064.7
        nan       nan      -nan       nan       nan       nan       nan       nan       nan       nan
   87 6      2 -2.1994  0.0850    9758.9   27394.5   -3717.4 -2.1384  0.1032  125299.9  187349.1 -143915.6
        nan       nan      -nan       nan       nan       nan       nan       nan       nan       nan
   88 6      3 -2.1978  0.0824   11052.5   30725.1   -6591.8 -2.1384  0.1032  131446.4  187052.6 -146790.0
        nan       nan      -nan       nan       nan       nan       nan       nan       nan       nan
vertex track :        203   3  86   12277652  3.6149  2.6068  112963.2  184781.8     120.2     0  2740.7
   83 6     -2  3.6322  2.5509   16475.9   45922.1    6588.0  3.6276  2.5697  134692.2  200648.6 -136397.2
     1758.5      93.3   17861.3   47009.0   15746.0   45523.4   15304.0   45047.6   17968.5   46856.4
   84 6     -1  3.8045  2.6411   10114.1   39491.6    3703.8  3.6276  2.5697  124229.3  193237.2 -139281.5
      993.9      46.2   10904.1   40096.3   10070.3   39517.5    9537.8   39099.5   10956.9   40020.4
   85 6      0  3.6226  2.5748    9401.3   36656.0    2870.6  3.6276  2.5697  121206.8  191096.2 -140114.6
      771.8      22.6   10017.2   37121.6    9519.9   36768.1    8998.9   36403.1   10043.4   37084.7
vertex track :        222   3  86   12300647  1.4869 -0.1943  116217.5  189006.1     120.7  2212   418.6
   83 6     -2  1.4368 -0.1883   10066.0   31589.0    6802.8  1.4794 -0.2139  124335.6  186739.4 -136194.9
      719.6     364.6   10826.8   31857.1    9701.6   32004.5    9516.6   31530.8   10732.1   31134.0
   84 5     -1  1.6636 -0.3244  122280.9   30471.3    3903.6  1.4794 -0.2139  120046.6  187359.6 -139094.1
      372.5     180.4  122681.0   30577.1  122299.2   30651.5  122092.4   30575.2  122611.9   30222.9
   85 5      0  1.4224 -0.1440  116210.9   32315.1    3001.8  1.4794 -0.2139  118712.5  187552.6 -139996.0
      196.1      69.9  116413.0   32364.9  116321.6   32374.2  116220.3   32475.1  116399.0   32225.8
vertex track :        236   3  86   12324702 -1.1247 -1.6058  121983.3  192868.9     120.4     0  1276.9
   83 5     -2 -1.1284 -1.5868  112788.8   25592.8    6576.5 -1.1047 -1.5694  113014.3  181785.4 -136443.6
      441.5      62.8  112584.1   25196.6  112858.9   25583.0  113202.3   26197.5  112481.7   25269.4
   84 5     -1 -1.1223 -1.6131  120142.2   31492.5    3716.8 -1.1047 -1.5694  116173.6  186273.5 -139303.3
      262.2      31.0  120017.9   31259.5  120081.8   31351.3  120475.4   31933.9  119967.0   31295.0
   85 5      0 -1.1004 -1.5838  122643.0   32125.5    2866.3 -1.1047 -1.5694  117113.2  187608.4 -140153.8
      210.0      14.0  122534.7   31945.1  122543.2   31957.3  122960.2   32514.3  122511.7   31961.0
