groupid:   8312, ntrk: 78
vertex track :          0   3  21    1162121  0.6648 -0.3571   46321.2   63099.1     267.0    13   553.1
   22 1      1  0.6693 -0.3520   41878.6   61864.2   -2872.1  0.6742 -0.3616   40953.9   63250.8  -24615.0
       75.8      13.9   41952.1   61841.3   41958.6   61837.9   42015.7   62096.7   41939.1   61816.6
   23 1      2  0.6689 -0.3442   39748.8   61927.4   -3716.8  0.6742 -0.3616   40384.4   63556.2  -25459.7
       95.7      32.5   39848.8   61912.6   39819.0   61927.9   39859.5   62152.0   39819.0   61854.7
   24 1      3  0.6687 -0.3503   41686.0   65914.5   -6586.3  0.6742 -0.3616   38449.8   64593.7  -28329.2
      156.6      63.7   41854.3   65898.2   41717.2   65970.0   41728.3   66140.4   41795.2   65785.4
vertex track :          1   3  21     468669  1.3426 -1.1551   47879.1   60973.6     262.3   211     nan
   22 1      1  1.3359 -1.1738   46251.0   66806.6   -2788.1  1.3603 -1.1726   40473.1   63559.2  -24538.4
        nan       nan      -nan       nan       nan       nan       nan       nan       nan       nan
   23 1      2  1.2251 -1.1267   46279.0   68208.9   -3612.5  1.3603 -1.1726   39351.6   64525.9  -25362.8
        nan       nan      -nan       nan       nan       nan       nan       nan       nan       nan
   24 1      3  1.3764 -1.2216   38627.3   68634.8   -6497.6  1.3603 -1.1726   35427.0   67908.9  -28247.9
        nan       nan      -nan       nan       nan       nan       nan       nan       nan       nan
vertex track :          3   3  21     469420  1.8882 -1.4720   49251.3   60315.2     258.3   211     nan
   22 1      1  1.8984 -1.4624   41388.2   62184.7   -2869.0  1.9185 -1.5003   39994.1   64012.2  -24625.1
        nan       nan      -nan       nan       nan       nan       nan       nan       nan       nan
   23 1      2  1.9018 -1.4558   38239.7   63127.7   -3715.3  1.9185 -1.5003   38370.4   65282.0  -25471.4
        nan       nan      -nan       nan       nan       nan       nan       nan       nan       nan
   24 1      3  1.9081 -1.4514   36561.5   70334.3   -6585.0  1.9185 -1.5003   32865.0   69587.4  -28341.1
        nan       nan      -nan       nan       nan       nan       nan       nan       nan       nan
vertex track :          5   3  21     470527  0.6384 -1.9409   46535.7   58276.6     258.4   211     nan
   22 1      1  0.6416 -1.9173   46919.1   66373.5   -2786.1  0.6428 -1.9590   41311.1   63245.0  -24525.5
        nan       nan      -nan       nan       nan       nan       nan       nan       nan       nan
   23 1      2  0.5186 -1.9178   47526.6   68495.1   -3610.3  0.6428 -1.9590   40781.3   64859.6  -25349.7
        nan       nan      -nan       nan       nan       nan       nan       nan       nan       nan
   24 1      3  0.5985 -1.8837   41921.6   71132.9   -6495.0  0.6428 -1.9590   38927.0   70510.5  -28234.4
        nan       nan      -nan       nan       nan       nan       nan       nan       nan       nan
vertex track :          7   3  21     471016 -1.2195 -1.6147   41126.6   59860.4     267.4   211     nan
   22 1      1 -1.2076 -1.6215   41977.6   62113.6   -2868.0 -1.2114 -1.6063   41656.7   63913.8  -24578.7
        nan       nan      -nan       nan       nan       nan       nan       nan       nan       nan
   23 1      2 -1.1983 -1.6292   41415.8   63168.9   -3717.5 -1.2114 -1.6063   42685.8   65278.5  -25428.2
        nan       nan      -nan       nan       nan       nan       nan       nan       nan       nan
   24 1      3 -1.1995 -1.6330   48628.5   70882.0   -6587.2 -1.2114 -1.6063   46162.0   69888.1  -28297.9
        nan       nan      -nan       nan       nan       nan       nan       nan       nan       nan
vertex track :         11   3  21     473103 -2.0666 -1.5815   39033.6   59931.6     267.5   211     nan
   22 1      1 -2.1407 -1.5368   47160.2   67003.7   -2787.5 -2.0417 -1.5630   42001.0   63727.0  -24484.1
        nan       nan      -nan       nan       nan       nan       nan       nan       nan       nan
   23 1      2 -2.0952 -1.6043   50000.6   68907.5   -3601.6 -2.0417 -1.5630   43663.1   64999.5  -25298.2
        nan       nan      -nan       nan       nan       nan       nan       nan       nan       nan
   24 1      3 -2.0845 -1.4713   52258.8   70373.8   -6462.4 -2.0417 -1.5630   49504.0   69471.0  -28159.0
        nan       nan      -nan       nan       nan       nan       nan       nan       nan       nan
vertex track :         12   3  21     473139 -2.0172 -1.6608   39326.4   59705.0     267.5   211   184.6
   22 1      1 -2.0043 -1.6705   42423.3   62072.4   -2868.2 -1.9940 -1.6422   42308.1   63873.8  -24566.9
      586.2     168.1   42080.6   61567.9   42560.3   61967.7   42974.0   62785.1   41865.3   61826.2
   23 1      2 -1.9985 -1.6899   42531.1   63147.9   -3716.4 -1.9940 -1.6422   43999.5   65266.8  -25415.2
     1230.9     412.6   41857.6   62038.0   43317.8   63272.8   43412.6   64466.1   41324.8   62668.1
   24 1      3 -1.9995 -1.6875   51970.9   71055.5   -6586.2 -1.9940 -1.6422   49721.9   69979.7  -28285.0
     2374.9     811.0   50679.0   68904.0   53889.0   71613.1   53470.8   73415.3   49632.9   70143.5
vertex track :         22   3  21     514243  1.2297 -1.5196   46756.6   62098.1     263.2   211     nan
   22 1      1  1.2100 -1.4378   45407.8   69027.4   -2801.4  1.2443 -1.5407   39689.6   65833.2  -24544.2
        nan       nan      -nan       nan       nan       nan       nan       nan       nan       nan
   23 1      2  1.3883 -1.4976   45713.3   70868.3   -3630.6  1.2443 -1.5407   38657.8   67110.7  -25373.4
        nan       nan      -nan       nan       nan       nan       nan       nan       nan       nan
   24 1      3  1.2110 -1.5023   38310.3   72166.9   -6514.3  1.2443 -1.5407   35069.9   71553.5  -28257.0
        nan       nan      -nan       nan       nan       nan       nan       nan       nan       nan
vertex track :         23   3  21     514497 -1.5509  1.0816   41274.1   66136.4     276.8   211     nan
   22 1      1 -1.5602  1.0755   43081.9   60817.1   -2864.0 -1.5249  1.0738   42817.6   61796.0  -24580.3
        nan       nan      -nan       nan       nan       nan       nan       nan       nan       nan
   23 1      2 -1.5665  1.0584   42853.2   59613.1   -3714.9 -1.5249  1.0738   44115.1   60882.3  -25431.2
        nan       nan      -nan       nan       nan       nan       nan       nan       nan       nan
   24 1      3 -1.5693  1.0655   50987.0   59760.9   -6587.2 -1.5249  1.0738   48494.9   57797.9  -28303.5
        nan       nan      -nan       nan       nan       nan       nan       nan       nan       nan
vertex track :         25   3  21     514614 -1.0708  0.3894   42764.2   64661.6     271.1   211     nan
   22 1      1 -1.1104  0.4116   48012.7   66114.0   -2786.5 -1.0559  0.3883   42743.4   62500.4  -24508.3
        nan       nan      -nan       nan       nan       nan       nan       nan       nan       nan
   23 1      2 -1.0061  0.3493   49980.2   66359.3   -3610.0 -1.0559  0.3883   43612.9   62180.6  -25331.8
        nan       nan      -nan       nan       nan       nan       nan       nan       nan       nan
   24 1      3 -1.1203  0.3945   49525.2   62119.4   -6457.2 -1.0559  0.3883   46619.3   61075.0  -28179.0
        nan       nan      -nan       nan       nan       nan       nan       nan       nan       nan
vertex track :         27   3  21     514716 -1.1586 -0.1529   40907.2   63699.6     270.9   211     nan
   22 1      1 -1.1583 -0.1515   41645.2   61807.3   -2865.0 -1.1449 -0.1511   41242.9   63200.1  -24574.9
        nan       nan      -nan       nan       nan       nan       nan       nan       nan       nan
   23 1      2 -1.1562 -0.1605   41098.7   61571.4   -3716.0 -1.1449 -0.1511   42217.2   63328.7  -25425.9
        nan       nan      -nan       nan       nan       nan       nan       nan       nan       nan
   24 1      3 -1.1613 -0.1602   48052.2   65246.4   -6588.3 -1.1449 -0.1511   45505.8   63762.6  -28298.1
        nan       nan      -nan       nan       nan       nan       nan       nan       nan       nan
vertex track :         31   3  21     515321 -1.5475  0.3342   44414.8   63750.0     268.2   211     nan
   22 1      1 -1.5231  0.3100   51017.5   65371.3   -2770.8 -1.5250  0.3331   45798.7   61758.9  -24501.6
        nan       nan      -nan       nan       nan       nan       nan       nan       nan       nan
   23 1      2 -1.6115  0.3101   53303.2   65792.9   -3593.8 -1.5250  0.3331   47053.8   61484.7  -25324.6
        nan       nan      -nan       nan       nan       nan       nan       nan       nan       nan
   24 1      3 -1.5233  0.3438   54293.5   61582.5   -6439.3 -1.5250  0.3331   51393.2   60536.8  -28170.0
        nan       nan      -nan       nan       nan       nan       nan       nan       nan       nan
vertex track :         32   3  21     515482 -1.5163 -1.1995   40871.5   61383.7     268.0   211   134.6
   22 1      1 -1.5044 -1.2078   42621.1   62415.3   -2872.9 -1.5015 -1.1898   42324.4   64141.6  -24581.3
      455.8     182.3   42379.9   61987.7   42774.7   62304.8   43070.9   63051.6   42151.6   62272.1
   23 1      2 -1.4762 -1.2194   42358.3   63023.7   -3716.9 -1.5015 -1.1898   43591.6   65145.8  -25425.3
     1009.7     447.0   41864.5   62036.0   43111.4   63066.0   43060.5   64220.1   41295.1   62725.3
   24 1      3 -1.5012 -1.2234   50289.5   69727.7   -6582.6 -1.5015 -1.1898   47894.3   68555.2  -28291.0
     1959.7     878.0   49325.0   67809.0   52048.1   70028.2   51462.5   71855.1   48215.7   69170.2
vertex track :         34   3  21     515870 -2.0205  1.4251   42240.9   65834.8     274.2   211     nan
   22 1      1 -2.1172  1.5208   50227.7   64325.3   -2775.5 -1.9819  1.4103   45039.1   60563.7  -24495.9
        nan       nan      -nan       nan       nan       nan       nan       nan       nan       nan
   23 1      2 -2.1902  1.4800   52934.5   63777.6   -3596.1 -1.9819  1.4103   46665.5   59406.3  -25316.6
        nan       nan      -nan       nan       nan       nan       nan       nan       nan       nan
   24 1      3 -1.9751  1.4662   55188.4   56465.7   -6426.0 -1.9819  1.4103   52274.1   55415.1  -28146.5
        nan       nan      -nan       nan       nan       nan       nan       nan       nan       nan
vertex track :         35   3  21     515967 -0.4441  0.3575   43412.6   64826.1     272.3  2212   539.9
   22 1      1 -0.4460  0.3580   42174.0   61471.1   -2866.8 -0.4351  0.3572   41530.5   62730.4  -24594.0
       62.7      24.7   42109.7   61491.1   42113.8   61487.8   42447.9   61661.4   42140.6   61529.6
   23 1      2 -0.4438  0.3529   41086.7   60759.9   -3716.8 -0.4351  0.3572   41900.3   62426.9  -25444.0
       95.4      60.0   40974.7   60772.3   41030.8   60727.7   41408.3   60957.9   41049.4   60866.2
   24 1      3 -0.4476  0.3508   45952.7   63031.0   -6585.0 -0.4351  0.3572   43148.4   61402.4  -28312.2
      169.9     117.7   45746.4   63043.2   45919.8   62907.2   46368.6   63229.2   45891.6   63228.5
vertex track :         37   3  21     516280 -1.0806 -1.1789   43737.0   62068.9     267.1   211     nan
   22 1      1 -1.0409 -1.1518   48929.1   68044.9   -2791.4 -1.0724 -1.1734   43759.5   64676.1  -24517.7
        nan       nan      -nan       nan       nan       nan       nan       nan       nan       nan
   23 1      2 -1.0641 -1.1420   51197.8   69674.2   -3612.4 -1.0724 -1.1734   44640.0   65639.5  -25338.8
        nan       nan      -nan       nan       nan       nan       nan       nan       nan       nan
   24 1      3 -0.9975 -1.1565   50575.9   69908.9   -6488.8 -1.0724 -1.1734   47724.6   69014.7  -28215.1
        nan       nan      -nan       nan       nan       nan       nan       nan       nan       nan
vertex track :         38   3  21     516318 -0.3628 -1.1461   44916.6   62064.7     267.1   211     nan
   22 1      1 -0.3523 -1.1543   43451.3   62928.1   -2869.4 -0.3600 -1.1474   42789.6   64679.8  -24603.7
        nan       nan      -nan       nan       nan       nan       nan       nan       nan       nan
   23 1      2 -0.3447 -1.1308   42290.7   63421.5   -3714.5 -0.3600 -1.1474   43093.8   65649.4  -25448.8
        nan       nan      -nan       nan       nan       nan       nan       nan       nan       nan
   24 1      3 -0.3530 -1.1476   46847.2   70046.6   -6586.9 -0.3600 -1.1474   44127.7   68945.2  -28321.2
        nan       nan      -nan       nan       nan       nan       nan       nan       nan       nan
vertex track :         46   3  21     557742  0.6589  1.3809   46544.6   67377.5     270.9   211     nan
   22 1      1  0.6606  1.3619   46756.2   66088.6   -2804.9  0.6735  1.3872   41237.4   62137.7  -24549.9
        nan       nan      -nan       nan       nan       nan       nan       nan       nan       nan
   23 1      2  0.7705  1.3840   47363.5   65607.7   -3636.5  0.6735  1.3872   40677.3   60984.0  -25381.5
        nan       nan      -nan       nan       nan       nan       nan       nan       nan       nan
   24 1      3  0.7025  1.4043   41848.1   58352.6   -6486.0  0.6735  1.3872   38758.1   57031.1  -28231.0
        nan       nan      -nan       nan       nan       nan       nan       nan       nan       nan
vertex track :         48   3  21     558427 -1.0780  2.1571   43023.9   67372.3     275.6   211     nan
   22 1      1 -1.0983  2.1475   43600.5   58948.7   -2870.3 -1.0555  2.1443   43104.6   59659.1  -24596.2
        nan       nan      -nan       nan       nan       nan       nan       nan       nan       nan
   23 1      2 -1.0743  2.1883   43104.5   56715.5   -3719.8 -1.0555  2.1443   44001.3   57837.3  -25445.8
        nan       nan      -nan       nan       nan       nan       nan       nan       nan       nan
   24 1      3 -1.1040  2.1494   49723.8   54034.7   -6587.3 -1.0555  2.1443   47027.8   51688.5  -28313.3
        nan       nan      -nan       nan       nan       nan       nan       nan       nan       nan
vertex track :         49   3  21     558452 -1.3420  1.6602   42474.1   67230.6     275.6   211     nan
   22 1      1 -1.3823  1.7221   48418.1   65168.7   -2796.5 -1.3173  1.6487   43280.4   61198.7  -24518.9
        nan       nan      -nan       nan       nan       nan       nan       nan       nan       nan
   23 1      2 -1.2404  1.8127   50684.2   64407.5   -3623.3 -1.3173  1.6487   44369.6   59835.6  -25345.7
        nan       nan      -nan       nan       nan       nan       nan       nan       nan       nan
   24 1      3 -1.3505  1.6489   51008.7   56375.4   -6456.4 -1.3173  1.6487   48101.8   55164.7  -28178.8
        nan       nan      -nan       nan       nan       nan       nan       nan       nan       nan
vertex track :         53   3  21     559770 -1.4080  1.8619   42184.2   67398.0     275.8   211     nan
   22 1      1 -1.4013  1.8541   43702.0   59778.5   -2871.3 -1.3812  1.8479   43290.6   60616.5  -24591.8
        nan       nan      -nan       nan       nan       nan       nan       nan       nan       nan
   23 1      2 -1.4306  1.8440   43489.3   57775.9   -3721.5 -1.3812  1.8479   44464.9   59045.4  -25442.0
        nan       nan      -nan       nan       nan       nan       nan       nan       nan       nan
   24 1      3 -1.4316  1.8501   51000.9   55949.9   -6583.4 -1.3812  1.8479   48417.8   53756.9  -28303.9
        nan       nan      -nan       nan       nan       nan       nan       nan       nan       nan
vertex track :         59   3  21     562031 -1.9438  1.6361   38624.1   68508.2     281.8   211     nan
   22 1      1 -1.9738  1.6699   46271.4   66504.6   -2813.2 -1.9062  1.6193   41283.1   62539.0  -24514.8
        nan       nan      -nan       nan       nan       nan       nan       nan       nan       nan
   23 1      2 -2.1154  1.6874   49201.7   65876.3   -3633.6 -1.9062  1.6193   42846.8   61210.6  -25335.2
        nan       nan      -nan       nan       nan       nan       nan       nan       nan       nan
   24 1      3 -2.1324  1.7287   51134.1   57764.6   -6465.1 -1.9062  1.6193   48244.2   56625.6  -28166.7
        nan       nan      -nan       nan       nan       nan       nan       nan       nan       nan
vertex track :         60   3  21    1122366  1.1113 -1.7200   47039.7   59677.0     260.6   211     nan
   22 1      1  1.1411 -1.7024   41446.5   62123.0   -2865.7  1.1231 -1.7423   40266.5   64130.7  -24609.6
        nan       nan      -nan       nan       nan       nan       nan       nan       nan       nan
   23 1      2  1.1865 -1.7403   39111.1   63008.2   -3718.5  1.1231 -1.7423   39308.6   65616.6  -25462.5
        nan       nan      -nan       nan       nan       nan       nan       nan       nan       nan
   24 1      3  1.1309 -1.7140   39316.1   71352.8   -6585.8  1.1231 -1.7423   36088.3   70612.1  -28329.7
        nan       nan      -nan       nan       nan       nan       nan       nan       nan       nan
vertex track :         61   3  21    1122421  1.8386 -2.0551   48787.3   59675.2     257.6   211     nan
   22 1      1  1.8415 -1.9364   45571.3   68277.2   -2825.4  1.8663 -2.0932   39773.2   65132.9  -24578.2
        nan       nan      -nan       nan       nan       nan       nan       nan       nan       nan
   23 1      2  1.9490 -2.0717   44896.9   70835.5   -3680.2  1.8663 -2.0932   38178.0   66922.0  -25432.9
        nan       nan      -nan       nan       nan       nan       nan       nan       nan       nan
   24 1      3  1.8409 -1.9459   36306.0   73251.6   -6568.3  1.8663 -2.0932   32787.9   72967.5  -28321.1
        nan       nan      -nan       nan       nan       nan       nan       nan       nan       nan
vertex track :         62   3  21    1122869 -1.9888 -1.8455   42469.1   60845.6     267.2   211     nan
   22 1      1 -1.9706 -1.8456   45612.7   63622.9   -2865.5 -1.9671 -1.8258   45368.4   65582.5  -24584.3
        nan       nan      -nan       nan       nan       nan       nan       nan       nan       nan
   23 1      2 -1.9586 -1.8860   45940.1   64612.9   -3713.9 -1.9671 -1.8258   47037.4   67131.6  -25432.8
        nan       nan      -nan       nan       nan       nan       nan       nan       nan       nan
   24 1      3 -1.9606 -1.8608   54929.4   73450.1   -6587.6 -1.9671 -1.8258   52690.2   72378.3  -28306.4
        nan       nan      -nan       nan       nan       nan       nan       nan       nan       nan
vertex track :         64   3  21    1123004 -1.7949 -2.3127   42493.3   59807.4     265.4   211   157.0
   22 1      1 -1.8728 -2.4873   49728.1   69120.9   -2802.1 -1.7799 -2.2927   44686.4   65854.8  -24520.1
      850.9     240.4   49408.3   68296.6   50038.7   69133.7   50256.1   70152.7   49024.3   68585.7
   23 1      2 -1.6478 -2.5437   52254.6   71927.8   -3649.4 -1.7799 -2.2927   46194.5   67797.4  -25367.4
     1912.3     595.8   51714.9   69998.9   53448.3   72674.7   53002.5   74064.2   50714.8   70646.8
   24 1      3 -1.7981 -2.2331   54131.5   75103.0   -6520.3 -1.7799 -2.2927   51304.4   74379.7  -28238.3
     3749.1    1180.6   52699.8   71442.5   57024.7   76813.7   55771.5   78971.3   50860.7   72923.3
vertex track :         65   3  21    1124213 -1.8208 -1.9743   42302.9   60686.9     266.5   211     nan
   22 1      1 -1.8012 -1.9515   45001.7   63811.7   -2864.0 -1.8036 -1.9561   44685.4   65827.3  -24581.1
        nan       nan      -nan       nan       nan       nan       nan       nan       nan       nan
   23 1      2 -1.8134 -1.9635   45166.5   64898.8   -3718.6 -1.8036 -1.9561   46226.7   67498.9  -25435.7
        nan       nan      -nan       nan       nan       nan       nan       nan       nan       nan
   24 1      3 -1.7903 -1.9894   53677.8   74110.4   -6590.9 -1.8036 -1.9561   51407.3   73117.2  -28308.0
        nan       nan      -nan       nan       nan       nan       nan       nan       nan       nan
vertex track :         68   3  21    1125928 -1.6702 -1.5845   39300.2   59318.6     265.1   211     nan
   22 1      1 -1.6890 -1.6243   46122.7   66600.4   -2822.8 -1.6543 -1.5708   41136.4   63187.5  -24519.3
        nan       nan      -nan       nan       nan       nan       nan       nan       nan       nan
   23 1      2 -1.6392 -1.6527   48558.1   68742.0   -3659.3 -1.6543 -1.5708   42520.3   64501.5  -25355.9
        nan       nan      -nan       nan       nan       nan       nan       nan       nan       nan
   24 1      3 -1.6606 -1.6407   50002.0   69799.3   -6518.9 -1.6543 -1.5708   47250.8   68993.5  -28215.5
        nan       nan      -nan       nan       nan       nan       nan       nan       nan       nan
vertex track :         70   3  21    1126399 -1.9541 -2.1588   39824.8   58801.6     265.3   211   206.8
   22 1      1 -1.9897 -2.1716   42916.9   62446.5   -2869.9 -1.9349 -2.1373   42617.9   64518.7  -24570.5
      662.1     166.9   42592.6   61845.6   43069.3   62365.9   43449.1   63255.3   42346.5   62071.1
   23 1      2 -1.9256 -2.1788   43218.7   63669.7   -3719.7 -1.9349 -2.1373   44262.1   66334.9  -25420.3
     1361.8     409.8   42624.0   62378.0   44023.2   63961.2   44021.6   65169.2   42009.9   62920.7
   24 1      3 -1.9330 -2.1821   52096.6   73435.1   -6589.7 -1.9349 -2.1373   49815.1   72468.9  -28290.3
     2620.1     805.3   50962.0   70939.8   54030.9   74404.1   53439.3   76138.1   49756.5   72007.8
vertex track :         76   3  21    1161460  1.3256 -0.6204   47555.5   62362.9     263.0   211     nan
   22 1      1  1.3036 -0.5996   45766.1   66879.9   -2829.3  1.3444 -0.6308   40146.2   63326.3  -24577.1
        nan       nan      -nan       nan       nan       nan       nan       nan       nan       nan
   23 1      2  1.3152 -0.6204   45703.0   68249.0   -3680.5  1.3444 -0.6308   39001.9   63863.3  -25428.3
        nan       nan      -nan       nan       nan       nan       nan       nan       nan       nan
   24 1      3  1.3543 -0.5844   38620.0   66608.4   -6538.5  1.3444 -0.6308   35159.7   65666.0  -28286.3
        nan       nan      -nan       nan       nan       nan       nan       nan       nan       nan
vertex track :         78   3  21    1161756  1.3461  0.2109   47588.2   63873.0     265.0   211     nan
   22 1      1  1.1610  0.2720   41412.7   60795.7   -2866.7  1.3673  0.2104   40059.6   62230.7  -24615.5
        nan       nan      -nan       nan       nan       nan       nan       nan       nan       nan
   23 1      2  1.3396  0.2286   38983.4   59901.5   -3717.9  1.3673  0.2104   38895.8   62051.7  -25466.7
        nan       nan      -nan       nan       nan       nan       nan       nan       nan       nan
   24 1      3  1.3369  0.2303   38415.2   62890.0   -6584.9  1.3673  0.2104   34975.9   61448.5  -28333.7
        nan       nan      -nan       nan       nan       nan       nan       nan       nan       nan
vertex track :         80   3  21    1162139  1.8245 -1.7213   46401.7   63022.2     267.0   211     nan
   22 1      1  1.7720 -1.6475   43244.3   70693.1   -2845.6  1.8525 -1.7533   37384.7   67495.7  -24589.1
        nan       nan      -nan       nan       nan       nan       nan       nan       nan       nan
   23 1      2  1.8441 -1.7539   42506.5   73076.6   -3719.8  1.8525 -1.7533   35765.2   69028.4  -25463.3
        nan       nan      -nan       nan       nan       nan       nan       nan       nan       nan
   24 1      3  1.7712 -1.8551   34050.2   74499.9   -6594.5  1.8525 -1.7533   30439.8   74068.6  -28338.0
        nan       nan      -nan       nan       nan       nan       nan       nan       nan       nan
vertex track :         82   3  21    1162278  0.6270  0.6891   46227.8   65659.4     272.1     0  2979.4
   22 1      1  0.6049  0.6929   42082.7   61222.2   -2871.3  0.6392  0.6916   40976.5   62508.6  -24616.7
       92.1       6.5   42138.3   61295.9   42144.2   61302.6   42237.7   61359.2   42148.2   61287.3
   23 1      2  0.6131  0.7083   40319.8   59899.1   -3717.9  0.6392  0.6916   40435.3   61923.1  -25463.4
      108.7      10.1   40383.4   59987.9   40369.8   59972.2   40466.9   60021.0   40398.6   59974.7
   24 1      3  0.6192  0.6917   41779.4   61591.2   -6587.0  0.6392  0.6916   38601.3   59938.8  -28332.5
      170.0      18.4   41879.0   61730.1   41782.4   61622.1   41890.4   61662.9   41906.5   61705.5
vertex track :         84   3  21    1162737  1.9964  1.8439   46627.3   63616.8     266.1   211   227.2
   22 1      1  1.9319  1.7266   42802.6   61078.7   -2843.7  2.0364  1.8671   37045.7   56828.0  -24587.4
      534.1     132.9   43112.3   61533.7   42721.6   61184.4   42704.9   60835.4   43289.4   61335.5
   23 1      2  1.8097  2.0195   42101.0   60486.4   -3696.5  2.0364  1.8671   35309.0   55235.8  -25440.2
     1051.3     327.5   42558.8   61487.9   41535.5   60346.1   41855.1   59696.9   43046.5   61050.9
   24 1      3  1.9345  1.7643   33178.7   51483.6   -6514.8  2.0364  1.8671   29569.8   49973.9  -28258.4
     1995.3     639.5   34222.1   53300.7   31679.7   50982.0   32347.3   49878.3   35083.9   52355.7
vertex track :         85   3  21    1163127 -1.4316  1.1687   42417.2   66242.6     274.9   211   165.0
   22 1      1 -1.4775  1.1484   44086.8   60466.5   -2869.7 -1.4076  1.1608   43599.2   61623.0  -24591.7
      340.8     127.4   43739.5   60575.1   43967.4   60397.9   44642.5   60569.1   43895.8   60776.2
   23 1      2 -1.4912  1.1524   44135.1   58741.1   -3720.6 -1.4076  1.1608   44796.9   60635.2  -25442.6
      704.1     312.6   43386.9   58924.3   44188.0   58305.2   45091.9   58769.0   43769.2   59418.9
   24 1      3 -1.4363  1.1658   51367.1   59188.7   -6591.7 -1.4076  1.1608   48838.3   57302.3  -28313.8
     1352.5     613.7   49930.2   59564.5   51728.8   58104.7   53012.5   59024.1   50703.8   60517.6
vertex track :         90   3  21    1163804 -0.3141 -0.0049   43947.0   63998.3     268.2   211     nan
   22 1      1 -0.3189 -0.0022   46810.0   66786.6   -2832.8 -0.3070 -0.0052   41648.8   63037.1  -24560.2
        nan       nan      -nan       nan       nan       nan       nan       nan       nan       nan
   23 1      2 -0.2890 -0.0057   47902.0   67802.3   -3689.1 -0.3070 -0.0052   41911.7   63041.6  -25416.5
        nan       nan      -nan       nan       nan       nan       nan       nan       nan       nan
   24 1      3 -0.3162 -0.0042   45777.3   64160.7   -6525.6 -0.3070 -0.0052   42782.6   63056.4  -28253.0
        nan       nan      -nan       nan       nan       nan       nan       nan       nan       nan
vertex track :         96   3  21    1164434 -0.0264  1.1073   44815.1   66263.2     274.1   211     nan
   22 1      1  0.0222  1.0888   42626.9   60582.4   -2879.2 -0.0157  1.1082   41623.3   61795.7  -24616.6
        nan       nan      -nan       nan       nan       nan       nan       nan       nan       nan
   23 1      2 -0.0905  1.1314   41399.7   58883.2   -3724.3 -0.0157  1.1082   41636.6   60859.2  -25461.7
        nan       nan      -nan       nan       nan       nan       nan       nan       nan       nan
   24 1      3 -0.0374  1.1030   44635.3   59498.1   -6587.5 -0.0157  1.1082   41681.7   57686.2  -28325.0
        nan       nan      -nan       nan       nan       nan       nan       nan       nan       nan
vertex track :         97   3  21    1164591 -0.6127 -0.1060   43673.8   63566.9     269.2   211     nan
   22 1      1 -0.6160 -0.1035   47375.8   66658.5   -2832.2 -0.6046 -0.1056   42296.7   62916.5  -24559.1
        nan       nan      -nan       nan       nan       nan       nan       nan       nan       nan
   23 1      2 -0.5916 -0.1072   48680.2   67791.8   -3691.0 -0.6046 -0.1056   42815.9   63007.2  -25417.8
        nan       nan      -nan       nan       nan       nan       nan       nan       nan       nan
   24 1      3 -0.6139 -0.1074   47460.8   64398.6   -6525.8 -0.6046 -0.1056   44529.7   63306.6  -28252.6
        nan       nan      -nan       nan       nan       nan       nan       nan       nan       nan
vertex track :         98   3  21    1164612 -1.6488 -0.1267   43765.4   63376.8     269.2   211     nan
   22 1      1 -1.6758 -0.1417   46089.5   61233.6   -2867.4 -1.6264 -0.1238   45614.0   62786.5  -24595.0
        nan       nan      -nan       nan       nan       nan       nan       nan       nan       nan
   23 1      2 -1.6723 -0.1390   46242.2   60621.2   -3721.8 -1.6264 -0.1238   47003.6   62892.2  -25449.4
        nan       nan      -nan       nan       nan       nan       nan       nan       nan       nan
   24 1      3 -1.6423 -0.1443   54072.4   64749.8   -6584.4 -1.6264 -0.1238   51659.5   63246.5  -28312.0
        nan       nan      -nan       nan       nan       nan       nan       nan       nan       nan
vertex track :        100   3  21    1164767 -1.0415 -0.9003   43559.5   62174.9     267.1   211     nan
   22 1      1 -1.0242 -0.9606   48457.3   67568.9   -2831.9 -1.0326 -0.8960   43502.2   63970.4  -24556.9
        nan       nan      -nan       nan       nan       nan       nan       nan       nan       nan
   23 1      2 -0.9963 -0.9159   50083.7   69424.6   -3696.9 -1.0326 -0.8960   44395.4   64745.5  -25422.0
        nan       nan      -nan       nan       nan       nan       nan       nan       nan       nan
   24 1      3 -0.9893 -0.8882   50225.7   68165.8   -6529.5 -1.0326 -0.8960   47320.2   67283.5  -28254.5
        nan       nan      -nan       nan       nan       nan       nan       nan       nan       nan
vertex track :        101   3  21    1166531 -2.0105 -0.0009   40185.0   63719.5     271.9   211     nan
   22 1      1 -1.9270 -0.0179   43576.7   61186.4   -2872.0 -1.9792  0.0015   43152.0   62742.9  -24578.0
        nan       nan      -nan       nan       nan       nan       nan       nan       nan       nan
   23 1      2 -2.0041 -0.0062   44125.0   60415.3   -3718.4 -1.9792  0.0015   44827.3   62741.6  -25424.4
        nan       nan      -nan       nan       nan       nan       nan       nan       nan       nan
   24 1      3 -2.0046 -0.0227   52856.2   64255.6   -6586.3 -1.9792  0.0015   50503.4   62737.4  -28292.2
        nan       nan      -nan       nan       nan       nan       nan       nan       nan       nan
vertex track :        107   3  21    1202315  0.3276  2.0230   45641.0   68333.5     272.7   211     nan
   22 1      1  0.3015  2.0169   46633.5   65351.1   -2838.4  0.3420  2.0281   41343.6   61054.6  -24578.4
        nan       nan      -nan       nan       nan       nan       nan       nan       nan       nan
   23 1      2  0.4768  2.0774   47234.5   64671.1   -3689.8  0.3420  2.0281   41052.4   59327.9  -25429.8
        nan       nan      -nan       nan       nan       nan       nan       nan       nan       nan
   24 1      3  0.3335  2.0243   43165.2   55120.0   -6522.6  0.3420  2.0281   40083.5   53582.6  -28262.6
        nan       nan      -nan       nan       nan       nan       nan       nan       nan       nan
vertex track :        108   3  21    1202924  1.9589  1.6246   48843.7   67447.8     267.8     0  1021.0
   22 1      1  1.9718  1.6700   41005.1   60247.2   -2869.5  1.9974  1.6444   39344.4   61312.2  -24626.9
      343.2      25.9   41250.2   60488.8   41140.6   60395.9   40972.0   60217.3   41283.7   60449.2
   23 1      2  1.9250  1.5187   38157.3   58070.1   -3717.1  1.9974  1.6444   37651.3   59918.3  -25474.5
      439.9      58.9   38466.1   58388.8   38179.7   58162.8   38060.3   57963.0   38539.0   58296.4
   24 1      3  1.9340  1.6456   35709.5   57159.8   -6588.1  1.9974  1.6444   31916.6   55197.0  -28345.6
      740.9     114.9   36199.4   57727.4   35477.0   57112.7   35431.6   56803.8   36348.3   57552.4
vertex track :        112   3  21    1204183  0.1301  0.8542   44592.7   66291.7     270.6   211     nan
   22 1      1  0.1207  0.8480   46184.0   66706.0   -2842.0  0.1400  0.8555   40915.3   62656.2  -24574.3
        nan       nan      -nan       nan       nan       nan       nan       nan       nan       nan
   23 1      2  0.1037  0.8357   46880.3   67037.9   -3710.2  0.1400  0.8555   40793.8   61913.4  -25442.6
        nan       nan      -nan       nan       nan       nan       nan       nan       nan       nan
   24 1      3  0.1678  0.8939   43545.2   60833.0   -6533.4  0.1400  0.8555   40398.6   59498.1  -28265.7
        nan       nan      -nan       nan       nan       nan       nan       nan       nan       nan
vertex track :        113   3  21    1204738 -0.7899  1.1770   41918.8   67425.9     275.8   211     nan
   22 1      1 -0.8270  1.1408   41892.3   61484.1   -2869.2 -0.7751  1.1731   41115.8   62771.0  -24587.9
        nan       nan      -nan       nan       nan       nan       nan       nan       nan       nan
   23 1      2 -0.8464  1.2056   41420.2   59724.0   -3715.5 -0.7751  1.1731   41771.7   61778.3  -25434.2
        nan       nan      -nan       nan       nan       nan       nan       nan       nan       nan
   24 1      3 -0.8045  1.1523   46695.5   60192.2   -6585.3 -0.7751  1.1731   43995.9   58411.8  -28304.0
        nan       nan      -nan       nan       nan       nan       nan       nan       nan       nan
vertex track :        114   3  21    1206421 -1.8973  1.4660   39288.5   68239.7     279.6   211     nan
   22 1      1 -1.8647  1.4957   46675.1   66910.0   -2841.4 -1.8616  1.4517   41857.9   62749.8  -24545.5
        nan       nan      -nan       nan       nan       nan       nan       nan       nan       nan
   23 1      2 -1.8771  1.4535   49011.9   66740.5   -3704.3 -1.8616  1.4517   43464.3   61497.0  -25408.4
        nan       nan      -nan       nan       nan       nan       nan       nan       nan       nan
   24 1      3 -1.8764  1.4585   51509.8   58755.0   -6517.7 -1.8616  1.4517   48701.7   57412.9  -28221.8
        nan       nan      -nan       nan       nan       nan       nan       nan       nan       nan
vertex track :        115   3  21    1207115 -1.5256  1.9476   40459.9   68871.1     280.7   211     nan
   22 1      1 -1.5893  1.8800   42562.8   60735.1   -2868.0 -1.4961  1.9314   41933.6   61830.0  -24580.6
        nan       nan      -nan       nan       nan       nan       nan       nan       nan       nan
   23 1      2 -1.5989  2.0253   42777.1   58262.2   -3718.0 -1.4961  1.9314   43205.3   60188.3  -25430.6
        nan       nan      -nan       nan       nan       nan       nan       nan       nan       nan
   24 1      3 -1.5326  1.9246   50034.9   56689.8   -6585.5 -1.4961  1.9314   47495.5   54649.9  -28298.1
        nan       nan      -nan       nan       nan       nan       nan       nan       nan       nan
vertex track :        126   3  21    1588379 -1.8619 -2.5757   39468.9   57553.4     264.1   211     nan
   22 1      1 -1.9019 -2.5538   46718.9   67835.4   -2844.6 -1.8467 -2.5530   41932.0   64503.5  -24542.6
        nan       nan      -nan       nan       nan       nan       nan       nan       nan       nan
   23 1      2 -1.9756 -2.6685   48946.6   71220.0   -3730.6 -1.8467 -2.5530   43568.2   66765.5  -25428.6
        nan       nan      -nan       nan       nan       nan       nan       nan       nan       nan
   24 1      3 -1.8371 -2.5194   51434.7   74721.6   -6588.6 -1.8467 -2.5530   48846.1   74061.7  -28286.5
        nan       nan      -nan       nan       nan       nan       nan       nan       nan       nan
vertex track :        136   3  21    1605202 -1.4160 -1.0587   43110.2   62139.2     267.1   211     nan
   22 1      1 -1.4047 -1.0658   44861.1   62551.3   -2865.4 -1.4023 -1.0507   44245.1   64449.8  -24587.5
        nan       nan      -nan       nan       nan       nan       nan       nan       nan       nan
   23 1      2 -1.4077 -1.0775   44988.1   62599.3   -3716.6 -1.4023 -1.0507   45438.7   65344.1  -25438.6
        nan       nan      -nan       nan       nan       nan       nan       nan       nan       nan
   24 1      3 -1.3857 -1.0368   51933.2   69583.5   -6595.6 -1.4023 -1.0507   49476.0   68368.9  -28317.6
        nan       nan      -nan       nan       nan       nan       nan       nan       nan       nan
vertex track :        138   3  21    1605232 -0.9748  0.8040   43421.6   65141.4     273.9   211     nan
   22 1      1 -0.9564  0.8171   48115.5   65730.7   -2839.2 -0.9594  0.8010   43161.4   61674.1  -24567.8
        nan       nan      -nan       nan       nan       nan       nan       nan       nan       nan
   23 1      2 -0.9597  0.7938   49660.5   66169.4   -3709.2 -0.9594  0.8010   43996.2   60977.2  -25437.9
        nan       nan      -nan       nan       nan       nan       nan       nan       nan       nan
   24 1      3 -0.9942  0.7975   49642.2   59999.6   -6526.6 -0.9594  0.8010   46699.3   58720.5  -28255.3
        nan       nan      -nan       nan       nan       nan       nan       nan       nan       nan
vertex track :        163   3  21    2267836  1.0216 -1.9013   46643.6   60656.8     261.6   211     nan
   22 1      1  1.1863 -2.0182   41420.1   63458.3   -2866.9  1.0315 -1.9246   40157.6   65687.8  -24608.4
        nan       nan      -nan       nan       nan       nan       nan       nan       nan       nan
   23 1      2  1.0528 -1.9001   39593.8   64302.7   -3714.8  1.0315 -1.9246   39283.1   67319.6  -25456.3
        nan       nan      -nan       nan       nan       nan       nan       nan       nan       nan
   24 1      3  1.0414 -1.8898   39379.2   73523.2   -6584.7  1.0315 -1.9246   36322.9   72842.9  -28326.2
        nan       nan      -nan       nan       nan       nan       nan       nan       nan       nan
vertex track :        169   3  21    2269460 -0.4675 -1.4196   43417.8   60449.4     264.4   211   179.8
   22 1      1 -0.4776 -1.3705   46616.3   67464.3   -2852.0 -0.4653 -1.4202   41604.5   63890.1  -24574.8
      222.8      87.6   46625.8   67225.1   46672.1   67358.0   46816.4   67912.1   46460.3   67282.8
   23 1      2 -0.3607 -1.4779   47607.3   69742.7   -3742.3 -0.4653 -1.4202   42018.7   65154.4  -25465.0
      435.5     218.2   47716.0   69267.9   47846.7   69803.7   47708.2   70426.0   47292.1   69371.4
   24 1      3 -0.5231 -1.4685   46282.5   69906.2   -6578.7 -0.4653 -1.4202   43338.5   69182.8  -28301.4
      820.9     425.3   46407.7   68990.2   46848.7   70228.4   46366.7   71030.8   45606.3   69275.7
vertex track :        176   3  21    2271230 -2.8185 -1.8088   40183.5   60805.0     269.4   211     nan
   22 1      1 -2.8491 -1.8544   45941.8   63323.8   -2870.6 -2.7724 -1.7783   45623.0   65409.5  -24576.2
        nan       nan      -nan       nan       nan       nan       nan       nan       nan       nan
   23 1      2 -2.8884 -1.8017   47415.4   64020.1   -3716.1 -2.7724 -1.7783   47967.1   66913.0  -25421.7
        nan       nan      -nan       nan       nan       nan       nan       nan       nan       nan
   24 1      3 -2.8192 -1.8272   58167.0   73207.7   -6587.9 -2.7724 -1.7783   55929.1   72019.9  -28293.5
        nan       nan      -nan       nan       nan       nan       nan       nan       nan       nan
vertex track :        185   3  21    2307688  1.6847 -0.5358   49326.3   62452.8     261.9   211     nan
   22 1      1  1.6948 -0.5537   46321.9   66969.8   -2857.2  1.7117 -0.5471   40737.7   63169.4  -24615.8
        nan       nan      -nan       nan       nan       nan       nan       nan       nan       nan
   23 1      2  1.6959 -0.5553   45510.1   68614.2   -3755.5  1.7117 -0.5471   39200.1   63660.9  -25514.1
        nan       nan      -nan       nan       nan       nan       nan       nan       nan       nan
   24 1      3  1.6424 -0.5966   37975.0   66059.9   -6586.5  1.7117 -0.5471   34354.3   65209.6  -28345.1
        nan       nan      -nan       nan       nan       nan       nan       nan       nan       nan
vertex track :        187   3  21    2307823  3.8608  3.7177   46449.2   63281.0     267.0     0 10001.0
   22 1      1  3.9052  3.5842   33174.3   49837.8   -2870.4  3.9773  3.8085   30720.9   50349.2  -24614.0
     1207.1      22.7   34048.2   50670.7   33089.7   49791.0   32514.2   49218.5   34078.9   50637.3
   23 1      2  4.0158  3.7397   28921.6   45613.5   -3720.8  3.9773  3.8085   27338.4   47110.2  -25464.4
     1515.4      32.2   30008.7   46669.8   28634.1   45389.7   28048.6   44771.0   30052.5   46622.7
   24 1      3  3.8080  3.7440   21035.0   39125.6   -6585.3  3.9773  3.8085   15945.6   36200.8  -28328.9
     2566.3      57.5   22824.6   40965.8   19964.4   38153.6   19459.2   37499.1   22905.2   40883.7
vertex track :        191   3  21    2308197  0.8546  0.5882   46795.1   65485.8     269.2   211     nan
   22 1      1  0.8591  0.5517   46140.4   66805.6   -2862.5  0.8689  0.5906   40831.7   62658.0  -24609.1
        nan       nan      -nan       nan       nan       nan       nan       nan       nan       nan
   23 1      2  0.9321  0.6643   45963.8   67437.6   -3756.1  0.8689  0.5906   40055.3   62130.3  -25502.6
        nan       nan      -nan       nan       nan       nan       nan       nan       nan       nan
   24 1      3  0.8396  0.6453   40892.4   61730.2   -6563.4  0.8689  0.5906   37615.9   60472.1  -28310.0
        nan       nan      -nan       nan       nan       nan       nan       nan       nan       nan
vertex track :        193   3  21    2308582  0.9963  1.9171   46423.5   64232.4     266.2     0 10001.0
   22 1      1  1.0792  1.8835   41462.7   56012.0   -2869.4  1.0163  1.9297   39990.2   57201.0  -24611.3
      262.6      10.6   41584.0   56245.1   41549.5   56184.9   41552.4   55990.7   41602.4   56234.5
   23 1      2  0.9793  1.9269   39587.7   53344.6   -3714.7  1.0163  1.9297   39131.1   55569.8  -25456.6
      317.8      14.0   39719.2   53634.2   39636.9   53472.3   39667.3   53266.9   39744.2   53621.5
   24 1      3  0.9637  1.8987   39619.1   52063.9   -6583.4  1.0163  1.9297   36215.8   50034.1  -28325.2
      515.8      24.5   39830.7   52535.0   39566.1   52013.8   39618.5   51804.7   39874.5   52512.7
vertex track :        194   3  21    2308589  1.3051  1.6795   46542.3   64056.7     266.2   211   172.9
   22 1      1  1.1818  1.5586   44572.4   62286.0   -2864.8  1.3292  1.6936   39133.2   57772.9  -24607.6
      417.9     140.7   44712.7   62704.0   44456.0   62365.4   44643.3   62079.6   44937.0   62533.9
   23 1      2  1.2750  1.6054   43978.7   61906.2   -3753.8  1.3292  1.6936   37951.5   56267.3  -25496.6
      878.9     349.7   44251.5   62811.9   43426.0   61772.5   43917.3   61212.0   44799.2   62376.9
   24 1      3  1.1286  1.6746   37628.8   53086.2   -6546.2  1.3292  1.6936   34239.7   51538.1  -28289.0
     1664.3     675.7   37998.6   54843.9   36375.4   52435.4   37470.1   51540.2   39119.2   54088.7
vertex track :        203   3  21    2309836 -1.9346  1.2117   41394.4   66130.2     276.0   211     nan
   22 1      1 -1.8974  1.1679   44730.9   60001.9   -2866.5 -1.8993  1.2003   44117.2   61390.3  -24582.8
        nan       nan      -nan       nan       nan       nan       nan       nan       nan       nan
   23 1      2 -2.0181  1.2576   45348.2   58132.0   -3719.4 -1.8993  1.2003   45737.0   60366.6  -25435.7
        nan       nan      -nan       nan       nan       nan       nan       nan       nan       nan
   24 1      3 -1.9549  1.1791   53624.9   58708.2   -6587.5 -1.8993  1.2003   51184.5   56924.0  -28303.9
        nan       nan      -nan       nan       nan       nan       nan       nan       nan       nan
vertex track :        209   3  21    2311470 -1.7522  0.5158   40186.2   65569.1     277.0   211     nan
   22 1      1 -1.5223  0.4127   46942.6   67097.5   -2866.4 -1.7246  0.5128   42358.2   62989.6  -24576.0
        nan       nan      -nan       nan       nan       nan       nan       nan       nan       nan
   23 1      2 -1.6556  0.7691   49045.9   67946.3   -3749.6 -1.7246  0.5128   43881.4   62536.6  -25459.2
        nan       nan      -nan       nan       nan       nan       nan       nan       nan       nan
   24 1      3 -1.8332  0.5375   51495.1   62355.7   -6560.5 -1.7246  0.5128   48729.0   61095.1  -28270.1
        nan       nan      -nan       nan       nan       nan       nan       nan       nan       nan
vertex track :        212   3  21    2349044  0.5086  2.8344   45737.7   70296.4     275.6   211   239.3
   22 1      1  0.7737  2.9585   42213.3   59386.3   -2874.2  0.5265  2.8435   40853.0   60375.5  -24616.2
      586.0     136.9   42229.2   59987.8   42095.1   59475.3   42408.3   58997.7   42494.0   59918.6
   23 1      2  0.5955  2.9297   40918.1   55915.5   -3725.3  0.5265  2.8435   40404.9   57955.5  -25467.3
     1139.6     335.2   40816.7   57099.0   40487.7   55480.8   41230.1   54944.9   41473.6   56965.5
   24 1      3  0.4840  2.8236   42107.0   52152.3   -6586.3  0.5265  2.8435   38898.5   49820.1  -28328.4
     2167.1     656.5   41826.1   54399.2   41195.5   50720.2   42598.4   50118.2   43120.2   54177.3
vertex track :        220   3  21    2352201 -1.9267  1.0558   39756.2   67101.8     276.9   211     nan
   22 1      1 -1.7204  0.9274   47091.2   67057.2   -2861.2 -1.8923  1.0463   42450.0   62855.7  -24566.5
        nan       nan      -nan       nan       nan       nan       nan       nan       nan       nan
   23 1      2 -2.1518  1.4274   49270.8   67571.6   -3752.9 -1.8923  1.0463   44137.4   61922.7  -25458.3
        nan       nan      -nan       nan       nan       nan       nan       nan       nan       nan
   24 1      3 -2.0701  1.0458   52225.7   60346.1   -6550.5 -1.8923  1.0463   49431.2   58995.6  -28255.9
        nan       nan      -nan       nan       nan       nan       nan       nan       nan       nan
vertex track :        221   3  21    2352404 -3.6276  2.8910   39597.1   67964.2     277.5   211     nan
   22 1      1 -3.1515  2.8940   47687.4   57123.9   -2862.2 -3.5209  2.8278   47410.4   58125.2  -24566.5
        nan       nan      -nan       nan       nan       nan       nan       nan       nan       nan
   23 1      2 -3.3809  2.9025   49881.9   53699.6   -3706.2 -3.5209  2.8278   50381.9   55738.6  -25410.5
        nan       nan      -nan       nan       nan       nan       nan       nan       nan       nan
   24 1      3 -3.6443  2.8427   62786.9   49824.7   -6594.8 -3.5209  2.8278   60552.1   47570.3  -28299.0
        nan       nan      -nan       nan       nan       nan       nan       nan       nan       nan
vertex track :        222   3  21    2352794 -4.1523  3.0651   38753.8   68204.4     279.5     0 10001.0
   22 1      1 -4.3979  2.9219   52409.7   62388.9   -2829.5 -4.0176  2.9879   48003.3   57956.2  -24530.0
     1117.0      21.7   51467.3   62989.0   52404.5   62366.3   53557.7   62001.8   51491.3   63025.1
   23 1      2 -3.8148  2.5062   56458.5   61123.6   -3699.4 -4.0176  2.9879   51498.0   55357.2  -25399.8
     1409.8      30.9   55263.4   61871.8   56818.7   60850.0   57859.9   60587.8   55297.2   61923.4
   24 1      3 -3.8992  2.8523   65948.3   48158.9   -6475.5 -4.0176  2.9879   62651.0   47062.5  -28175.9
     2356.6      54.4   64014.2   49506.3   66999.4   47322.6   68088.6   47024.3   64078.4   49594.1
vertex track :        240   3  22     317712  0.9504  0.8852   41069.3   58436.3     235.7   211     nan
   19 1     -2  0.9698  0.8648   49673.2   67273.4    6595.5  0.9643  0.8822   46492.3   65303.4  -17907.7
        nan       nan      -nan       nan       nan       nan       nan       nan       nan       nan
   20 1     -1  0.9375  0.8687   45908.5   61941.9    3712.3  0.9643  0.8822   43711.9   62760.0  -20790.9
        nan       nan      -nan       nan       nan       nan       nan       nan       nan       nan
   21 1      0  0.9560  0.8680   46274.9   63129.8    2875.6  0.9643  0.8822   42905.0   62021.9  -21627.5
        nan       nan      -nan       nan       nan       nan       nan       nan       nan       nan
vertex track :        242   3  22     317773  1.2264  1.4721   40796.9   57175.3     235.9   211     nan
   19 1     -2  1.2854  1.4833   48371.6   62995.0    6842.5  1.2481  1.4707   48319.3   68146.8  -17660.0
        nan       nan      -nan       nan       nan       nan       nan       nan       nan       nan
   20 1     -1  1.2571  1.5327   44431.4   61936.7    3589.5  1.2481  1.4707   44259.4   63362.6  -20913.0
        nan       nan      -nan       nan       nan       nan       nan       nan       nan       nan
   21 1      0  1.2443  1.4649   42182.0   58828.6    2786.5  1.2481  1.4707   43257.2   62181.7  -21716.0
        nan       nan      -nan       nan       nan       nan       nan       nan       nan       nan
vertex track :        245   3  22     318210  0.8416  0.9493   41490.8   58132.5     235.7   211     nan
   19 1     -2  0.8421  0.9355   49381.9   67332.6    6583.3  0.8557  0.9473   46210.0   65398.1  -17920.5
        nan       nan      -nan       nan       nan       nan       nan       nan       nan       nan
   20 1     -1  0.8667  0.9583   45956.5   61853.7    3721.0  0.8557  0.9473   43760.7   62686.6  -20782.8
        nan       nan      -nan       nan       nan       nan       nan       nan       nan       nan
   21 1      0  0.8477  0.9312   46396.3   62990.5    2866.8  0.8557  0.9473   43029.8   61877.5  -21637.0
        nan       nan      -nan       nan       nan       nan       nan       nan       nan       nan
vertex track :        246   3  22     318254  0.7513  1.1392   41702.5   59568.4     237.8   211     nan
   19 1     -2  0.7893  1.1384   46059.7   63225.9    6839.0  0.7669  1.1387   46067.1   68340.0  -17667.7
        nan       nan      -nan       nan       nan       nan       nan       nan       nan       nan
   20 1     -1  0.7684  1.1175   43542.0   63110.4    3592.0  0.7669  1.1387   43577.0   64642.8  -20914.7
        nan       nan      -nan       nan       nan       nan       nan       nan       nan       nan
   21 1      0  0.7478  1.1397   41676.4   60287.8    2790.2  0.7669  1.1387   42962.1   63729.8  -21716.6
        nan       nan      -nan       nan       nan       nan       nan       nan       nan       nan
vertex track :        252   3  22     319420  1.8637  2.0689   39540.6   56995.2     238.8   211     nan
   19 1     -2  1.9064  2.0148   54695.8   73732.1    6583.0  1.8965  2.0685   50845.6   71383.1  -17920.0
        nan       nan      -nan       nan       nan       nan       nan       nan       nan       nan
   20 1     -1  1.8471  2.0470   47740.6   64738.7    3721.7  1.8965  2.0685   45419.3   65464.5  -20781.3
        nan       nan      -nan       nan       nan       nan       nan       nan       nan       nan
   21 1      0  1.8759  1.9985   47292.9   64889.4    2871.2  1.8965  2.0685   43806.3   63705.2  -21631.8
        nan       nan      -nan       nan       nan       nan       nan       nan       nan       nan
vertex track :        258   3  22     452084 -1.8413 -2.0361   41960.9   61891.6     238.5   211     nan
   19 1     -2 -1.8516 -2.1296   29152.8   44560.0    6800.3 -1.8551 -2.0192   29114.1   49902.0  -17708.1
        nan       nan      -nan       nan       nan       nan       nan       nan       nan       nan
   20 1     -1 -1.7905 -1.8964   34189.6   53639.4    3644.0 -1.8551 -2.0192   34969.2   56275.2  -20864.4
        nan       nan      -nan       nan       nan       nan       nan       nan       nan       nan
   21 1      0 -1.7946 -2.0297   34456.0   53571.9    2823.1 -1.8551 -2.0192   36492.1   57932.9  -21685.3
        nan       nan      -nan       nan       nan       nan       nan       nan       nan       nan
vertex track :        274   3  22     963344 -1.3683  2.0100   43127.1   60354.7     236.7   211     nan
   19 1     -2 -1.3780  2.0022   36178.1   77160.1    6596.6 -1.3453  2.0232   33883.3   74468.1  -17911.9
        nan       nan      -nan       nan       nan       nan       nan       nan       nan       nan
   20 1     -1 -1.3679  2.0571   39665.7   68017.2    3708.8 -1.3453  2.0232   37768.1   68625.6  -20799.6
        nan       nan      -nan       nan       nan       nan       nan       nan       nan       nan
   21 1      0 -1.3795  2.0330   41940.5   68184.5    2865.8 -1.3453  2.0232   38902.3   66920.0  -21642.6
        nan       nan      -nan       nan       nan       nan       nan       nan       nan       nan
vertex track :        297   3  22    1159623 -4.2607  2.9164   47891.0   57647.8     225.8     0  5988.7
   19 1     -2 -3.9693  2.8206   19066.1   73085.0    7053.9 -4.2046  2.9385   18472.6   78911.5  -17451.9
     2393.5      68.8   17075.2   74415.3   20143.7   72234.8   21263.0   71967.5   17154.9   74527.5
   20 1     -1 -4.2694  2.7555   31143.8   67752.1    3662.9 -4.2046  2.9385   32730.5   68946.9  -20842.9
     1232.2      32.0   30091.1   68393.4   31265.2   67635.7   32402.3   67323.6   30125.9   68447.2
   21 1      0 -4.3025  2.7663   33426.3   63595.5    2840.5 -4.2046  2.9385   36188.5   66530.2  -21665.3
      955.6      19.4   32612.1   64096.0   33316.1   63643.3   34446.2   63307.8   32633.0   64128.6
vertex track :        325   3  22    1644812  3.5471  4.3811   36063.9   52968.5     240.9   211     nan
   19 3     -2  3.6754  4.2909   63620.5    7272.3    6586.5  3.6256  4.3996   58299.0   82167.8  -17911.1
        nan       nan      -nan       nan       nan       nan       nan       nan       nan       nan
   20 1     -1  3.5827  4.3490   50230.7   68830.5    3716.0  3.6256  4.3996   47891.7   69538.7  -20781.6
        nan       nan      -nan       nan       nan       nan       nan       nan       nan       nan
   21 1      0  3.5550  4.3581   48479.4   67172.5    2872.7  3.6256  4.3996   44834.0   65828.3  -21624.9
        nan       nan      -nan       nan       nan       nan       nan       nan       nan       nan
vertex track :        337   3  22    1793102 -0.8769  3.2016   43905.2   57365.8     229.0   211   696.3
   19 1     -2 -0.7836  2.6883   37328.3   74765.1    6871.6 -0.8433  3.2157   37586.5   79957.2  -17629.9
     1310.0     232.7   36738.3   75957.5   37306.8   74006.9   38127.5   73785.3   37185.1   76087.8
   20 1     -1 -0.9674  2.9775   39696.0   68496.3    3613.5 -0.8433  3.2157   40334.1   69480.0  -20888.0
      657.6     102.6   39395.1   69090.0   39598.4   68464.4   40205.8   68115.5   39590.4   69153.4
   21 1      0 -0.8348  3.3019   39117.6   64067.4    2799.2 -0.8433  3.2157   41020.9   66861.3  -21702.3
      460.7      39.8   38966.0   64504.3   39016.6   64304.4   39478.3   63843.9   39043.3   64523.9
vertex track :        350   3  22    1794225  1.3406  1.4316   39682.1   57146.2     236.0     0 10001.0
   19 1     -2  1.3580  1.4055   51129.1   69221.8    6590.3  1.3626  1.4293   47615.5   67492.8  -17910.2
      416.1      21.1   51403.1   69535.7   51110.0   69232.4   51066.6   69119.3   51433.4   69506.4
   20 1     -1  1.3921  1.4490   45955.5   62550.3    3703.4  1.3626  1.4293   43681.9   63366.5  -20797.1
      247.5      11.3   46118.8   62736.6   46068.2   62684.0   46003.6   62575.4   46135.2   62720.9
   21 1      0  1.3168  1.4605   46015.3   63255.9    2867.1  1.3626  1.4293   42542.3   62171.1  -21633.4
      202.8       8.3   46144.9   63412.0   46149.9   63417.5   46097.0   63311.2   46157.2   63400.9
vertex track :        351   3  22    1794773  2.2875  0.2070   38568.6   60573.8     241.8   211     nan
   19 1     -2  2.2106  0.2185   52890.0   58229.4    6714.8  2.3047  0.1900   52794.6   63087.6  -17790.2
        nan       nan      -nan       nan       nan       nan       nan       nan       nan       nan
   20 1     -1  2.4340  0.2057   46178.4   60680.4    3561.9  2.3047  0.1900   45528.3   62488.4  -20943.1
        nan       nan      -nan       nan       nan       nan       nan       nan       nan       nan
   21 1      0  2.2262  0.2450   42856.7   58720.5    2769.8  2.3047  0.1900   43702.6   62337.9  -21735.3
        nan       nan      -nan       nan       nan       nan       nan       nan       nan       nan
vertex track :        389   3  22    1825732  1.7996 -1.8169   39078.1   65831.0     247.2     0  5488.6
   19 1     -2  1.7385 -1.8516   53242.7   56071.5    6586.5  1.7910 -1.8423   49793.0   55447.9  -17926.1
      633.8      30.4   53698.7   55630.2   53196.1   56165.5   52998.5   56721.0   53654.5   55588.7
   20 1     -1  1.7789 -1.8083   46942.8   59598.9    3718.7  1.7910 -1.8423   44657.0   60731.1  -20793.8
      369.8      15.8   47213.4   59346.4   47068.3   59493.9   46883.9   60059.6   47190.9   59324.2
   21 1      0  1.8016 -1.8593   46685.7   62950.3    2865.0  1.7910 -1.8423   43127.9   62304.0  -21647.6
      296.1      10.4   46899.1   62744.9   46865.4   62779.7   46684.0   63363.9   46884.3   62730.5
vertex track :        394   3  22    1827419  4.0478 -0.0901   34836.7   61418.3     247.2     0  9734.5
   19 1     -2  4.7124 -0.3585   60738.4   57282.6    6665.4  4.0854 -0.1240   60368.7   61939.0  -17838.2
     1431.3      40.3   62168.6   57214.3   60303.8   57356.1   59522.8   57560.7   62162.5   57133.9
   20 1     -1  4.3856 -0.1016   48974.3   60416.4    3528.3  4.0854 -0.1240   47552.3   62328.0  -20975.3
      760.6      19.9   49735.1   60418.7   49135.3   60432.6   48427.8   60624.0   49734.2   60378.9
   21 1      0  4.8774  0.1504   44219.3   58771.3    2756.9  4.0854 -0.1240   44400.8   62423.7  -21746.8
      601.9      14.0   44820.5   58803.8   44641.5   58798.3   43833.0   58948.9   44821.4   58775.9
