groupid:   8487, ntrk: 12
vertex track :          0   3  31    6617819  0.2740  0.8363   84398.2  119646.9     174.3    13   242.5
   32 3      1  0.2664  0.8383   82940.9   40523.1   -2869.1  0.2790  0.8388   78821.4  118251.0  -43310.2
       95.9      34.0   82937.6   40624.8   82935.4   40618.1   83154.6   40632.2   83002.4   40604.2
   33 3      2  0.2526  0.8445   79989.2   37500.0   -3719.4  0.2790  0.8388   78584.2  117537.8  -44160.4
      150.0      84.2   79951.5   37667.8   79918.6   37557.8   80237.1   37543.1   80112.8   37619.6
   34 3      3  0.2696  0.8389   80812.3   37274.0   -6585.7  0.2790  0.8388   77784.5  115133.6  -47026.8
      271.6     167.0   80736.4   37583.7   80626.8   37242.7   81098.5   37175.2   81054.4   37481.5
vertex track :          8   3  31    5047062 -0.9724 -1.1949   81444.2  114806.7     172.8   211   239.6
   32 3      1 -0.8470 -1.2557   84806.1   38521.0   -2566.6 -0.9522 -1.1779   79336.9  119204.9  -42977.1
      178.7      52.3   84749.6   38343.7   84771.5   38376.2   85071.9   38907.1   84662.9   38402.1
   33 3      2 -0.9929 -1.2066   84604.9   42693.3   -3378.3 -0.9522 -1.1779   80109.8  120161.0  -43788.8
      305.3     134.3   84514.6   42372.3   84694.0   42590.3   84904.1   43223.2   84307.2   42543.0
   34 3      3 -0.9149 -1.1692   87462.8   41073.6   -6466.4 -0.9522 -1.1779   83050.4  123798.4  -46876.9
      611.5     289.2   87313.7   40413.7   87875.3   41131.4   87820.9   41942.2   86858.2   40770.2
vertex track :         18   3  31    5293437 -0.6417  0.6922   83188.8  119606.9     173.6   211   124.8
   32 3      1 -0.6480  0.6869   84074.0   40861.5   -2869.1 -0.6387  0.6918   80400.6  118660.5  -43302.2
      161.4      97.0   83892.6   40912.4   83978.1   40821.7   84464.7   41021.3   84033.7   41045.5
   33 3      2 -0.6602  0.6795   81877.2   37986.6   -3715.7 -0.6387  0.6918   80941.4  118074.9  -44148.8
      348.9     241.5   81460.8   38068.6   81808.5   37710.8   82502.8   38115.3   81807.2   38405.1
   34 3      3 -0.6421  0.6889   85508.0   38188.8   -6587.2 -0.6387  0.6918   82775.5  116088.4  -47020.3
      681.1     480.0   84692.5   38359.8   85486.5   37507.9   86532.9   38228.5   85394.7   39014.3
vertex track :         26   3  31    5295126 -1.4542  0.1496   80284.4  118001.4     178.3   211     nan
   32 3      1 -1.3832  0.1064   85055.1   37854.6   -2568.6 -1.4360  0.1516   79497.7  118750.2  -42984.5
        nan       nan      -nan       nan       nan       nan       nan       nan       nan       nan
   33 3      2 -1.5044  0.1977   85256.9   40882.8   -3382.0 -1.4360  0.1516   80665.6  118626.9  -43797.9
        nan       nan      -nan       nan       nan       nan       nan       nan       nan       nan
   34 3      3 -1.5632  0.1388   89421.4   35467.5   -6464.8 -1.4360  0.1516   85092.4  118159.5  -46880.7
        nan       nan      -nan       nan       nan       nan       nan       nan       nan       nan
vertex track :         37   3  31    5751266 -1.8874  1.5391   78324.6  121382.5     178.2   211   192.7
   32 3      1 -1.9008  1.5236   82405.2   40452.4   -2868.1 -1.8725  1.5262   79280.7  117892.8  -43278.9
      476.9     138.9   81946.2   40642.3   82291.3   40365.7   83072.2   40474.0   82119.9   40859.0
   33 3      2 -1.9296  1.5001   81271.4   36863.4   -3718.4 -1.8725  1.5262   80872.9  116595.0  -44129.2
      983.3     345.4   80283.0   37194.2   81430.4   36302.2   82467.7   36744.1   80707.1   37739.7
   34 3      3 -1.9002  1.5333   88703.6   34513.4   -6585.1 -1.8725  1.5262   86240.6  112219.7  -46995.9
     1906.3     685.4   86789.7   35177.1   89357.8   33104.9   90825.7   34061.2   87650.4   36243.9
vertex track :         75   3  31    6398690 -1.9341 -1.3613   79524.0  114718.8     176.6   211   260.2
   32 3      1 -1.8738 -1.3437   85599.2   38917.3   -2564.1 -1.8922 -1.3324   79992.9  119544.1  -42965.3
      338.0      78.9   85370.5   38656.2   85526.4   38768.0   86036.1   39387.1   85278.6   38784.5
   33 3      2 -1.9912 -1.2172   86269.2   43244.2   -3373.4 -1.8922 -1.3324   81524.3  120622.5  -43774.7
      616.7     202.8   85848.8   42749.5   86483.0   43137.2   86897.6   43947.6   85637.3   43095.6
   34 3      3 -1.9479 -1.4738   91953.8   42064.6   -6460.8 -1.8922 -1.3324   87366.2  124736.2  -46862.1
     1260.5     436.7   91212.1   40955.8   92813.5   42167.4   92903.6   43382.0   90685.1   41652.4
vertex track :        102   3  32    4885401  1.0929 -1.9369   82911.9  119661.1     269.6   211   332.3
   29 3     -2  1.1206 -1.9195   88080.9   26968.7    6584.1  1.1117 -1.9460   85910.0  107083.5  -36524.7
      852.7     284.2   88756.2   26375.7   88131.7   27445.3   87616.6   27769.9   88265.3   26089.1
   30 3     -1  1.0845 -1.9406   87232.6   33904.5    3717.9  1.1117 -1.9460   82723.8  112661.0  -39390.8
      441.7     135.4   87566.4   33584.9   87363.1   33948.6   87110.0   34432.1   87329.9   33452.8
   31 3      0  1.0927 -1.9378   85045.4   34392.2    2867.9  1.1117 -1.9460   81778.8  114315.2  -40240.9
      268.4      51.0   85221.7   34183.4   85187.5   34244.1   85080.1   34809.0   85132.8   34133.3
vertex track :        105   3  32    4885660  0.7565 -1.1574   82105.1  122626.5     274.7     0   733.5
   29 3     -2  0.7805 -1.1559   86475.6   38838.0    6684.3  0.7689 -1.1610   83002.3  114887.6  -36423.9
      280.6      72.1   86692.4   38645.8   86542.3   38868.1   86469.7   39239.0   86572.9   38565.1
   30 3     -1  0.8300 -1.1288   83539.5   41044.1    3393.3  0.7689 -1.1610   80471.9  118708.6  -39714.9
      151.7      30.4   83653.9   40940.0   83648.5   40947.3   83636.0   41357.2   83604.8   40903.9
   31 3      0  0.7914 -1.2044   82291.8   41790.8    2562.6  0.7689 -1.1610   79833.2  119673.0  -40545.6
      120.5      11.8   82367.8   41696.6   82401.7   41645.0   82426.5   42093.8   82348.1   41683.7
vertex track :        114   3  32    5514746  0.7288  0.7496   82559.3  118964.6     270.1   211     nan
   29 3     -2  0.7092  0.7732   85053.5   44232.5    6591.5  0.7354  0.7467   83187.3  123398.3  -36516.7
        nan       nan      -nan       nan       nan       nan       nan       nan       nan       nan
   30 3     -1  0.6818  0.7797   85513.9   42346.2    3712.2  0.7354  0.7467   81069.7  121248.3  -39396.0
        nan       nan      -nan       nan       nan       nan       nan       nan       nan       nan
   31 3      0  0.7293  0.7499   83731.4   40606.2    2869.4  0.7354  0.7467   80449.9  120618.9  -40238.8
        nan       nan      -nan       nan       nan       nan       nan       nan       nan       nan
vertex track :        120   3  32    5516347  1.2742  1.5185   80635.4  117307.6     266.9     0  6287.0
   29 3     -2  1.2585  1.4401   88201.9   51139.3    6684.0  1.2824  1.5211   84848.2  126790.8  -36411.5
      427.0      23.5   88465.2   51476.2   88167.5   51135.6   88149.8   51013.7   88500.5   51445.3
   30 3     -1  1.3358  1.4726   83893.6   45774.7    3365.3  1.2824  1.5211   80592.4  121742.8  -39730.2
      230.9      10.9   84040.6   45953.0   84010.9   45920.3   83957.9   45807.8   84056.8   45938.4
   31 3      0  1.3167  1.4568   82302.2   44159.7    2556.9  1.2824  1.5211   79555.8  120513.2  -40538.6
      188.4       7.4   82423.1   44304.4   82446.9   44330.8   82392.7   44226.4   82434.0   44294.5
vertex track :        129   3  32    5956818  1.9953  1.7361   83162.6  119010.8     270.1   211     nan
   29 3     -2  1.9720  1.7667   94053.1   50990.8    6581.6  2.0164  1.7380   91869.7  129692.0  -36529.2
        nan       nan      -nan       nan       nan       nan       nan       nan       nan       nan
   30 3     -1  1.9863  1.6840   90390.3   45735.7    3716.0  2.0164  1.7380   86091.4  124711.5  -39394.8
        nan       nan      -nan       nan       nan       nan       nan       nan       nan       nan
   31 3      0  1.9976  1.7369   87554.7   43159.6    2866.4  2.0164  1.7380   84378.4  123235.0  -40244.3
        nan       nan      -nan       nan       nan       nan       nan       nan       nan       nan
vertex track :        188   3  32    6618455  0.3325 -3.0008   82965.5  118969.2     270.1     0  1301.7
   29 3     -2  0.1326 -2.8699   84775.0   23068.2    6723.5  0.3461 -3.0034   81179.2   99299.7  -36386.5
      917.1     106.5   84923.7   22157.0   84866.9   23386.5   84836.5   24186.5   84711.0   22147.2
   30 3     -1  0.3705 -2.8554   82719.2   30636.5    3413.2  0.3461 -3.0034   80033.5  109241.9  -39696.8
      466.8      45.1   82824.1   30179.4   82781.7   30505.6   82824.8   31300.8   82734.6   30167.8
   31 3      0  0.3397 -3.1223   81973.5   32933.6    2591.1  0.3461 -3.0034   79749.0  111710.8  -40518.8
      354.8      18.2   82030.0   32582.9   82024.6   32632.6   82127.3   33491.3   81993.7   32579.0
