groupid:   8740, ntrk: 25
vertex track :          0   3  23   11437946  0.8208  0.0296  153678.4  184115.7     205.7    13   691.4
   24 6      1  0.8210  0.0152   39353.0   29515.5   -2870.2  0.8213  0.0129  154113.7  183907.6  -28198.2
       80.7      11.8   39433.4   29528.8   39444.5   29529.0   39483.4   29712.3   39433.9   29505.2
   25 6      2  0.8217  0.0138   37633.2   24425.5   -3719.3  0.8213  0.0129  153416.3  183896.7  -29047.2
       99.6      27.0   37732.3   24454.2   37705.8   24453.7   37744.9   24606.8   37733.2   24400.1
   26 6      3  0.8217  0.0216   33791.4   28464.9   -6585.3  0.8213  0.0129  151062.4  183859.9  -31913.3
      160.9      53.1   33950.9   28522.2   33801.7   28518.3   33842.8   28617.6   33953.7   28416.1
vertex track :         29   3  23   11437040 -2.2347  1.1848  152406.6  184634.9     208.5   211     nan
   24 6      1 -2.2511  1.3395   39320.5   20747.7   -3182.6 -2.2134  1.2203  162880.4  180351.6  -28512.2
        nan       nan      -nan       nan       nan       nan       nan       nan       nan       nan
   25 6      2 -2.2692  1.2526   37031.4   18686.7   -4006.8 -2.2134  1.2203  164704.7  179345.8  -29336.4
        nan       nan      -nan       nan       nan       nan       nan       nan       nan       nan
   26 6      3 -2.2778  1.1982   42806.9   21086.9   -6729.7 -2.2134  1.2203  170731.3  176023.2  -32059.3
        nan       nan      -nan       nan       nan       nan       nan       nan       nan       nan
vertex track :         31   3  23   11437076  1.2970  1.9602  153772.6  184670.9     205.8   211     nan
   24 6      1  1.3300  1.9438   37858.6   23948.0   -2866.8  1.3197  1.9310  152688.2  178570.6  -28192.8
        nan       nan      -nan       nan       nan       nan       nan       nan       nan       nan
   25 6      2  1.3309  1.9390   35727.6   17191.4   -3718.2  1.3197  1.9310  151564.5  176926.5  -29044.3
        nan       nan      -nan       nan       nan       nan       nan       nan       nan       nan
   26 6      3  1.3201  1.9450   30530.8   15936.8   -6583.0  1.3197  1.9310  147783.7  171394.8  -31909.0
        nan       nan      -nan       nan       nan       nan       nan       nan       nan       nan
vertex track :         32   3  23   11437563  0.1106  0.5372  152315.0  185162.3     208.5   211     nan
   24 6      1  0.1837  0.6400   32506.3   23514.0   -3196.8  0.1185  0.5336  154888.0  183204.3  -28524.7
        nan       nan      -nan       nan       nan       nan       nan       nan       nan       nan
   25 6      2  0.1158  0.5056   28231.9   21789.3   -4009.9  0.1185  0.5336  154791.6  182770.4  -29337.7
        nan       nan      -nan       nan       nan       nan       nan       nan       nan       nan
   26 6      3  0.1792  0.5227   27612.8   26167.9   -6750.0  0.1185  0.5336  154467.0  181308.3  -32077.8
        nan       nan      -nan       nan       nan       nan       nan       nan       nan       nan
vertex track :         36   3  23   11438414 -1.9073  0.7585  148074.4  185513.0     215.3     0 10001.0
   24 6      1 -1.8968  0.7821   42464.6   28518.6   -2868.2 -1.8957  0.7887  156895.6  183010.8  -28204.3
      241.2      10.0   42237.8   28601.2   42285.5   28581.6   42899.6   28646.7   42245.5   28619.8
   25 6      2 -1.8917  0.7812   42952.4   22633.7   -3716.8 -1.8957  0.7887  158504.4  182341.5  -29052.9
      291.9      13.3   42677.6   22732.8   42819.8   22674.0   43435.4   22745.4   42687.7   22757.4
   26 6      3 -1.8939  0.7829   46475.3   24540.4   -6587.6 -1.8957  0.7887  163946.5  180077.4  -31923.7
      474.2      23.4   46028.1   24699.9   46506.8   24502.0   47130.5   24591.7   46046.0   24743.2
vertex track :         41   3  23   11439177 -0.6245  1.3320  150097.8  187618.1     211.3   211     nan
   24 6      1 -0.4650  1.7948   32455.4   23756.0   -3200.2 -0.6020  1.3398  155164.3  182955.3  -28523.5
        nan       nan      -nan       nan       nan       nan       nan       nan       nan       nan
   25 6      2 -0.5218  1.2316   28668.2   21433.8   -4005.9 -0.6020  1.3398  155649.3  181875.8  -29329.2
        nan       nan      -nan       nan       nan       nan       nan       nan       nan       nan
   26 6      3 -0.6489  1.2657   29983.4   23588.2   -6732.7 -0.6020  1.3398  157290.7  178222.3  -32056.0
        nan       nan      -nan       nan       nan       nan       nan       nan       nan       nan
vertex track :         48   3  23   12131494  1.9055 -1.7583  157116.8  178817.8     200.1     0 10001.0
   24 6      1  1.8896 -1.8046   39345.5   29932.3   -2864.4  1.8888 -1.8112  154209.6  184115.8  -28203.4
      341.0      11.8   39600.3   29705.3   39503.9   29797.4   39302.6   30367.5   39584.0   29688.3
   25 6      2  1.8858 -1.8058   36777.8   26034.4   -3719.6  1.8888 -1.8112  152594.4  185664.7  -29058.6
      418.4      15.9   37091.0   25756.5   36882.6   25956.1   36676.4   26520.5   37069.0   25733.5
   26 6      3  1.8768 -1.7866   29915.8   34939.1   -6587.0  1.8888 -1.8112  147178.4  190858.0  -31926.0
      690.5      28.1   30435.3   34483.4   29829.2   35060.4   29608.2   35603.1   30396.6   34442.7
vertex track :         69   3  23   12287650 -0.4317  1.2484  150938.1  187057.6     211.4   211     nan
   24 6      1 -0.2862  1.2138   32744.5   23313.3   -3196.8 -0.4111  1.2532  155344.3  182677.7  -28521.7
        nan       nan      -nan       nan       nan       nan       nan       nan       nan       nan
   25 6      2 -0.4822  1.2137   28687.5   21350.5   -3998.0 -0.4111  1.2532  155673.6  181673.7  -29322.9
        nan       nan      -nan       nan       nan       nan       nan       nan       nan       nan
   26 6      3 -0.4441  1.3253   29765.9   23416.4   -6714.0 -0.4111  1.2532  156790.1  178270.0  -32038.8
        nan       nan      -nan       nan       nan       nan       nan       nan       nan       nan
vertex track :         73   3  23   12288550  0.8450  0.6455  153705.4  184186.1     205.7   211     nan
   24 6      1  0.8561  0.6262   39309.6   27597.5   -2868.6  0.8536  0.6299  154043.9  182081.0  -28196.3
        nan       nan      -nan       nan       nan       nan       nan       nan       nan       nan
   25 6      2  0.8512  0.6326   37554.0   21692.7   -3717.9  0.8536  0.6299  153319.0  181546.1  -29045.5
        nan       nan      -nan       nan       nan       nan       nan       nan       nan       nan
   26 6      3  0.8517  0.6268   33556.2   23884.1   -6589.0  0.8536  0.6299  150868.2  179737.7  -31916.7
        nan       nan      -nan       nan       nan       nan       nan       nan       nan       nan
vertex track :         74   3  23   12288576  0.9870  0.2418  153986.8  184326.3     205.7   211     nan
   24 6      1  1.1222  0.1827   31714.6   23587.7   -3202.3  0.9902  0.2232  153577.6  183393.3  -28529.2
        nan       nan      -nan       nan       nan       nan       nan       nan       nan       nan
   25 6      2  1.0192  0.1649   26492.5   22479.7   -3996.3  0.9902  0.2232  152791.3  183216.1  -29323.3
        nan       nan      -nan       nan       nan       nan       nan       nan       nan       nan
   26 6      3  0.9541  0.2330   23320.0   27620.9   -6729.8  0.9902  0.2232  150084.5  182606.0  -32056.7
        nan       nan      -nan       nan       nan       nan       nan       nan       nan       nan
vertex track :         75   3  23   12288938 -1.4322  0.6418  148337.0  185267.9     215.3   211     nan
   24 6      1 -1.4199  0.6540   41231.4   28651.8   -2867.4 -1.4227  0.6640  155695.1  183145.3  -28204.2
        nan       nan      -nan       nan       nan       nan       nan       nan       nan       nan
   25 6      2 -1.4357  0.6845   41250.7   22643.7   -3720.6 -1.4227  0.6640  156909.0  182578.8  -29057.4
        nan       nan      -nan       nan       nan       nan       nan       nan       nan       nan
   26 6      3 -1.4168  0.6556   43383.1   24763.5   -6584.9 -1.4227  0.6640  160984.2  180677.0  -31921.7
        nan       nan      -nan       nan       nan       nan       nan       nan       nan       nan
vertex track :         79   3  23   12327270  1.7851  1.7873  156540.7  189419.5     205.1   211     nan
   24 6      1  1.6927  2.1379   32010.7   24167.9   -3202.7  1.8025  1.7511  153449.7  183264.9  -28509.4
        nan       nan      -nan       nan       nan       nan       nan       nan       nan       nan
   25 6      2  1.7531  1.8112   26083.9   21809.3   -3987.0  1.8025  1.7511  152036.1  181891.6  -29293.6
        nan       nan      -nan       nan       nan       nan       nan       nan       nan       nan
   26 6      3  1.6537  1.8532   20782.6   22670.4   -6700.8  1.8025  1.7511  147144.3  177139.4  -32007.4
        nan       nan      -nan       nan       nan       nan       nan       nan       nan       nan
vertex track :        140   3  23   13177249  4.4078 -0.3112  166129.3  182662.2     190.8     0  1483.3
   24 6      1  4.2845 -0.5233   40385.5   29101.8   -2864.0  4.4015 -0.3873  155640.3  183467.1  -28174.5
      844.5      37.8   41228.4   29036.9   40451.6   29131.8   39756.9   29376.1   41219.2   28961.9
   25 6      2  4.3737 -0.3888   35841.1   23833.8   -3721.5  4.4015 -0.3873  151866.3  183799.1  -29031.9
     1108.7      86.2   36953.1   23821.6   35662.8   23936.3   34943.4   24055.7   36937.8   23649.8
   26 6      3  4.3860 -0.3663   22051.9   28688.8   -6579.9  4.4015 -0.3873  139285.2  184906.1  -31890.3
     1916.2     169.2   23975.4   28697.9   21077.5   28939.9   20342.6   28889.3   23947.3   28360.7
vertex track :        167   3  23   13210119  0.6647  0.9371  153087.0  186148.3     207.6   211     nan
   24 6      1  0.5342  0.8668   31834.1   23362.9   -3201.5  0.6776  0.9243  153770.7  182849.2  -28524.4
        nan       nan      -nan       nan       nan       nan       nan       nan       nan       nan
   25 6      2  0.5120  1.0422   26927.6   21860.2   -3977.3  0.6776  0.9243  153245.0  182132.1  -29300.2
        nan       nan      -nan       nan       nan       nan       nan       nan       nan       nan
   26 6      3  0.6315  0.8785   24524.5   25037.3   -6690.6  0.6776  0.9243  151406.4  179624.3  -32013.6
        nan       nan      -nan       nan       nan       nan       nan       nan       nan       nan
vertex track :        171   3  23   13210989  0.8985  0.8143  153574.3  185152.3     205.5   211     nan
   24 6      1  0.9129  0.7917   39032.6   28015.4   -2867.2  0.9092  0.7977  153758.7  182539.7  -28191.2
        nan       nan      -nan       nan       nan       nan       nan       nan       nan       nan
   25 6      2  0.9101  0.7505   37231.6   21726.0   -3716.5  0.9092  0.7977  152986.5  181862.2  -29040.6
        nan       nan      -nan       nan       nan       nan       nan       nan       nan       nan
   26 6      3  0.8996  0.8042   32964.8   23387.9   -6586.1  0.9092  0.7977  150377.3  179572.9  -31910.2
        nan       nan      -nan       nan       nan       nan       nan       nan       nan       nan
vertex track :        173   3  23   13211182 -0.4126  1.2753  153409.2  184414.8     205.7   211     nan
   24 6      1 -0.5250  1.5612   35039.5   20496.4   -3185.4 -0.3916  1.2797  157703.2  179912.4  -28512.5
        nan       nan      -nan       nan       nan       nan       nan       nan       nan       nan
   25 6      2 -0.4193  1.6426   31102.1   18753.2   -3951.0 -0.3916  1.2797  158003.0  178932.7  -29278.1
        nan       nan      -nan       nan       nan       nan       nan       nan       nan       nan
   26 6      3 -0.5642  1.2179   32157.1   21140.5   -6662.9 -0.3916  1.2797  159064.9  175462.2  -31990.0
        nan       nan      -nan       nan       nan       nan       nan       nan       nan       nan
vertex track :        183   3  23   13214386 -3.9694  0.2308  140213.6  184385.8     224.5     0  4059.3
   24 6      1 -3.8946  0.3689   41260.4   29104.9   -2868.7 -3.9596  0.2855  155397.3  183549.8  -28217.6
      699.7      19.5   40561.9   29151.4   41137.3   29096.9   42164.9   29268.7   40565.6   29190.3
   25 6      2 -3.9312  0.2527   43028.3   23090.5   -3716.3 -3.9596  0.2855  158753.5  183307.8  -29065.2
      876.2      33.5   42151.7   23113.3   43075.0   23053.9   44110.9   23278.0   42156.0   23180.1
   26 6      3 -3.8854  0.2835   51867.4   26188.8   -6585.9 -3.9596  0.2855  170115.8  182488.5  -31934.8
     1480.0      63.1   50386.8   26233.6   52523.0   26077.8   53554.2   26354.3   50396.0   26359.5
vertex track :        188   3  23   13240935 -0.1789  3.3516  151252.7  192704.1     211.2   211   203.0
   24 6      1  0.2666  3.4194   31981.7   22879.0   -3200.1 -0.1241  3.3293  154773.0  181262.8  -28504.5
      995.2     233.5   31826.3   23889.4   31727.5   22623.0   32347.4   22082.1   32291.9   23853.1
   25 6      2 -0.2123  3.2265   28080.4   19444.9   -3949.8 -0.1241  3.3293  154866.1  178766.8  -29254.2
     2001.8     537.9   27412.3   21407.0   27630.6   18089.7   28958.3   17696.0   28485.7   21477.7
   26 6      3  0.3099  2.7940   28496.4   15882.6   -6661.9 -0.1241  3.3293  155202.7  169737.6  -31966.2
     3700.3    1009.9   27900.5   19671.7   27149.7   12902.9   29302.5   12306.2   29908.1   19449.0
vertex track :        199   3  24   10758622 -1.4982  1.0817  156963.5  186137.8     399.5   211     nan
   21 6     -2 -1.5051  1.1176   32181.3   34643.9    6595.0 -1.4869  1.1116  146732.9  189909.1  -22142.8
        nan       nan      -nan       nan       nan       nan       nan       nan       nan       nan
   22 6     -1 -1.4844  0.9989   32129.2   31172.9    3719.7 -1.4869  1.1116  151008.3  186712.8  -25018.1
        nan       nan      -nan       nan       nan       nan       nan       nan       nan       nan
   23 6      0 -1.4813  1.0845   32921.3   29028.2    2869.9 -1.4869  1.1116  152271.9  185768.1  -25867.9
        nan       nan      -nan       nan       nan       nan       nan       nan       nan       nan
vertex track :        205   3  24   10759644  1.9229 -1.7896  154873.7  187134.7     403.7   211     nan
   21 6     -2  1.5734 -1.4000   51302.4   18091.9    6731.1  1.8941 -1.8292  165852.1  172483.2  -22013.2
        nan       nan      -nan       nan       nan       nan       nan       nan       nan       nan
   22 6     -1  1.7850 -1.6689   47520.9   26634.0    4007.3  1.8941 -1.8292  160693.0  177465.7  -24737.0
        nan       nan      -nan       nan       nan       nan       nan       nan       nan       nan
   23 6      0  2.0710 -1.5665   48860.5   27141.5    3194.1  1.8941 -1.8292  159152.8  178953.2  -25550.2
        nan       nan      -nan       nan       nan       nan       nan       nan       nan       nan
vertex track :        209   3  24   10759720  2.0164  1.5446  153337.5  184888.1     413.4   211     nan
   21 6     -2  2.0463  1.5065   52001.3   36035.0    6559.1  2.0322  1.5130  164783.1  191121.0  -22199.8
        nan       nan      -nan       nan       nan       nan       nan       nan       nan       nan
   22 6     -1  2.0523  1.5088   42797.6   31608.7    3717.8  2.0322  1.5130  159008.8  186821.9  -25041.1
        nan       nan      -nan       nan       nan       nan       nan       nan       nan       nan
   23 6      0  2.0552  1.4782   40540.0   29078.7    2871.0  2.0322  1.5130  157287.9  185540.7  -25888.0
        nan       nan      -nan       nan       nan       nan       nan       nan       nan       nan
vertex track :        211   3  24   10760002 -1.8200 -1.9917  154696.2  186832.5     405.4   211     nan
   21 6     -2 -1.9017 -2.0022   26431.0   16299.3    6720.8 -1.8656 -1.9858  141903.2  171215.1  -22025.8
        nan       nan      -nan       nan       nan       nan       nan       nan       nan       nan
   22 6     -1 -1.7141 -2.1108   33353.9   25674.7    4026.7 -1.8656 -1.9858  146929.3  176565.2  -24719.9
        nan       nan      -nan       nan       nan       nan       nan       nan       nan       nan
   23 6      0 -1.4900 -1.6523   37797.7   26066.6    3203.4 -1.8656 -1.9858  148465.2  178200.0  -25543.2
        nan       nan      -nan       nan       nan       nan       nan       nan       nan       nan
vertex track :        223   3  24   10790743 -2.0624 -1.5958  160768.4  190167.6     402.4   211     nan
   21 6     -2 -2.0892 -1.5602   31817.3   20638.1    6583.7 -2.1033 -1.5816  146818.5  177238.3  -22146.3
        nan       nan      -nan       nan       nan       nan       nan       nan       nan       nan
   22 6     -1 -2.0933 -1.5844   33660.3   24372.9    3706.2 -2.1033 -1.5816  152870.7  181789.4  -25023.8
        nan       nan      -nan       nan       nan       nan       nan       nan       nan       nan
   23 6      0 -2.1294 -1.5864   34798.6   24373.0    2869.9 -2.1033 -1.5816  154629.6  183112.0  -25860.1
        nan       nan      -nan       nan       nan       nan       nan       nan       nan       nan
vertex track :        243   3  24   11211951 -0.3711 -0.5315  157156.6  187976.2     400.8   211   139.5
   21 6     -2 -0.4167 -0.5442   38407.0   27362.0    6692.9 -0.3821 -0.5304  153763.0  181530.2  -22043.7
      370.1     297.3   38418.1   26887.3   38780.6   27360.8   38605.6   28046.1   37946.0   27248.9
   22 6     -1 -0.3658 -0.5175   41203.0   32221.9    4026.4 -0.3821 -0.5304  154782.0  182944.6  -24710.3
      192.1     150.3   41214.8   31978.3   41359.8   32183.3   41400.8   32675.0   40969.4   32151.9
   23 6      0 -0.3655 -0.5111   44754.8   31475.4    3190.1 -0.3821 -0.5304  155101.6  183388.2  -25546.6
       91.0      58.2   44749.2   31367.6   44778.3   31408.2   44970.0   31792.8   44654.5   31435.3
vertex track :        251   3  24   11212620 -0.8130 -0.7823  154948.2  186970.8     405.4   211     nan
   21 6     -2 -0.8263 -0.7645   34428.7   22859.8    6601.8 -0.8301 -0.7768  148795.9  179078.3  -22144.2
        nan       nan      -nan       nan       nan       nan       nan       nan       nan       nan
   22 6     -1 -0.8263 -0.7800   32816.3   24432.3    3723.2 -0.8301 -0.7768  151185.5  181314.3  -25022.8
        nan       nan      -nan       nan       nan       nan       nan       nan       nan       nan
   23 6      0 -0.8316 -0.7590   32971.5   23831.1    2880.2 -0.8301 -0.7768  151885.3  181969.1  -25865.8
        nan       nan      -nan       nan       nan       nan       nan       nan       nan       nan
