groupid:   8703, ntrk: 13
vertex track :          0   3  83   11206854  0.2703  0.0261  144259.0  185066.5     227.3    13  1592.4
   84 6      1  0.2706  0.0258   28073.0   30775.0   -2864.8  0.2745  0.0265  143145.7  185230.2 -139315.5
       28.5       3.9   28100.9   30781.5   28101.1   30781.5   28255.3   30978.4   28101.7   30773.8
   85 6      2  0.2697  0.0274   30196.5   30188.5   -3717.3  0.2745  0.0265  142911.7  185207.6 -140167.9
       34.7       8.5   30230.2   30200.4   30217.8   30199.2   30373.2   30386.6   30231.9   30183.5
   86 6      3  0.2714  0.0265   24811.3   26693.1   -6586.1  0.2745  0.0265  142124.1  185131.6 -143036.7
       55.9      16.6   24865.3   26715.0   24811.0   26709.7   24967.5   26881.2   24868.5   26682.1
vertex track :          4   3  83   10591182  1.7170 -1.8288  148068.8  179457.0     218.3     0 10001.0
   84 6      1  1.8459 -1.6656   20388.3   27434.3   -2956.5  1.7231 -1.8549  142373.2  185541.8 -139409.4
      332.9      11.9   20643.5   27220.1   20536.8   27316.3   20345.0   27856.7   20627.5   27202.4
   85 6      2  1.7196 -1.8110   15192.8   30634.1   -3770.9  1.7231 -1.8549  140970.0  187052.3 -140223.7
      402.5      15.8   15481.3   30353.1   15288.2   30556.5   15115.9   31123.3   15458.5   30331.4
   86 6      3  1.5382 -1.8630   13979.2   32633.1   -6729.2  1.7231 -1.8549  135872.6  192539.6 -143182.0
      667.5      28.0   14425.8   32136.2   13898.9   32774.4   13744.2   33338.1   14382.6   32100.5
vertex track :         15   3  83   10770832 -0.1904 -0.2754  143217.5  184384.1     227.0     0   828.7
   84 6      1 -0.1911 -0.2748   28404.2   30994.3   -2867.0 -0.1876 -0.2812  143530.7  185486.0 -139317.0
       34.7       7.0   28390.1   30961.8   28389.6   30961.1   28628.1   31236.5   28378.6   30969.7
   85 6      2 -0.1889 -0.2766   30893.0   30714.7   -3713.6 -0.1876 -0.2812  143689.5  185724.0 -140163.6
       43.8      16.4   30881.8   30669.3   30891.5   30683.5   31114.0   30969.8   30854.8   30687.8
   86 6      3 -0.1904 -0.2753   26859.3   28068.3   -6584.4 -0.1876 -0.2812  144228.0  186531.3 -143034.4
       72.0      32.2   26844.9   27990.7   26886.8   28051.3   27083.6   28355.5   26791.8   28027.4
vertex track :         19   3  83   10798662 -1.6933  1.8059  140280.3  188515.5     234.0   211     nan
   84 6      1 -1.7052  1.8643   22506.2   26236.1   -2961.5 -1.7199  1.7967  145429.9  183021.5 -139405.8
        nan       nan      -nan       nan       nan       nan       nan       nan       nan       nan
   85 6      2 -1.6066  1.6361   20011.9   26245.2   -3772.4 -1.7199  1.7967  146824.6  181564.6 -140216.6
        nan       nan      -nan       nan       nan       nan       nan       nan       nan       nan
   86 6      3 -1.4818  1.8693   28854.3   17816.1   -6743.5 -1.7199  1.7967  151934.8  176226.1 -143187.8
        nan       nan      -nan       nan       nan       nan       nan       nan       nan       nan
vertex track :         21   3  83   11042403  0.0409  3.5594  143969.4  194775.7     232.4     0   921.4
   84 6      1  0.0449  3.5526   28464.0   29966.5   -2864.7  0.0012  3.5660  143584.6  184062.8 -139301.4
      597.4      42.9   28428.6   30564.3   28423.0   30115.7   28709.5   29582.1   28514.5   30563.3
   85 6      2  0.0051  3.5601   30782.8   26640.5   -3714.5  0.0012  3.5660  143583.6  181032.4 -140151.2
      806.7     101.4   30682.6   27447.4   30681.3   26581.6   31093.1   26047.2   30885.4   27447.1
   86 6      3  0.0033  3.5610   26070.3   12721.2   -6585.7  0.0012  3.5660  143580.3  170793.6 -143022.4
     1405.6     199.5   25872.2   14127.0   25870.3   12063.6   26478.5   11529.0   26271.1   14126.7
vertex track :         98   3  83   11691078 -2.2416  3.4898  141369.9  188806.9     231.7     0  1889.9
   84 6      1 -1.8858  3.4820   25153.3   21656.2   -2958.2 -2.2808  3.4672  148307.1  178005.2 -139401.4
      780.1      30.7   24754.8   22327.5   25101.8   21686.9   25760.0   21198.4   24808.8   22356.8
   85 6      2 -2.0444  3.8290   23255.3   20329.8   -3760.2 -2.2808  3.4672  150136.2  175224.8 -140203.3
      983.4      64.6   22735.1   21166.9   23232.2   20236.0   23983.4   19706.6   22849.1   21227.7
   86 6      3 -2.3285  3.3248   33132.6    7387.6   -6740.0 -2.2808  3.4672  156932.7  164893.2 -143183.2
     1699.0     127.5   32053.6    8706.1   33513.9    6621.0   34419.4    6282.4   32262.4    8852.4
vertex track :        119   3  84   14287249 -1.1455  0.8973  147858.2  185927.8     415.4   211     nan
   81 6     -2 -1.1314  0.8983   16472.2   30876.1    6582.9 -1.1553  0.8922  136925.4  190175.6 -133051.3
        nan       nan      -nan       nan       nan       nan       nan       nan       nan       nan
   82 6     -1 -1.0797  0.9110   24084.0   32526.5    3713.1 -1.1553  0.8922  140240.6  187615.2 -135921.0
        nan       nan      -nan       nan       nan       nan       nan       nan       nan       nan
   83 6      0 -1.1546  0.9059   20927.5   31580.6    2868.0 -1.1553  0.8922  141217.0  186861.2 -136766.2
        nan       nan      -nan       nan       nan       nan       nan       nan       nan       nan
vertex track :        142   3  84   14947774  0.7869 -0.7261  146869.7  186476.6     419.3   211     nan
   81 6     -2  0.7075 -0.7560   33845.8   23992.0    7085.3  0.8132 -0.7300  148465.2  180353.8 -132547.3
        nan       nan      -nan       nan       nan       nan       nan       nan       nan       nan
   82 6     -1  0.8266 -0.6106   31857.8   29964.5    3810.5  0.8132 -0.7300  145802.3  182744.3 -135822.1
        nan       nan      -nan       nan       nan       nan       nan       nan       nan       nan
   83 6      0  0.7444 -0.7675   32908.3   30417.2    2991.7  0.8132 -0.7300  145136.5  183341.9 -136640.9
        nan       nan      -nan       nan       nan       nan       nan       nan       nan       nan
vertex track :        146   3  84   14948653 -0.3759  1.5060  147485.2  185322.5     413.4   211     nan
   81 6     -2 -0.3448  1.5013   21548.1   34628.1    6589.5 -0.3911  1.5153  141264.9  193418.0 -133040.3
        nan       nan      -nan       nan       nan       nan       nan       nan       nan       nan
   82 6     -1 -0.3419  1.5534   26600.9   34308.5    3715.6 -0.3911  1.5153  142388.9  189063.1 -135914.3
        nan       nan      -nan       nan       nan       nan       nan       nan       nan       nan
   83 6      0 -0.3683  1.5239   22799.5   32805.9    2871.4 -0.3911  1.5153  142719.1  187783.9 -136758.4
        nan       nan      -nan       nan       nan       nan       nan       nan       nan       nan
vertex track :        162   3  84   14986336 -1.7068 -1.8834  149016.7  188502.0     418.2     0  2207.0
   81 6     -2 -1.5140 -1.6538   19648.4   18200.6    7117.3 -1.6799 -1.8932  133937.8  174597.2 -132527.4
      672.6      55.8   19235.4   17666.8   19825.8   18311.7   20269.9   18942.8   19153.0   17742.2
   82 6     -1 -1.7002 -1.7096   24834.0   27679.3    3797.4 -1.6799 -1.8932  139514.9  180882.5 -135847.3
      362.3      25.1   24596.4   27404.8   24750.2   27559.5   25280.0   28162.2   24560.8   27440.2
   83 6      0 -1.7277 -1.9093   27854.9   29008.7    2968.1 -1.6799 -1.8932  140907.9  182452.3 -136676.5
      288.5      12.5   27670.6   28786.4   27694.9   28813.3   28247.5   29439.0   27652.1   28803.1
vertex track :        163   3  84   14986361  0.8996 -0.7477  145675.2  188176.9     422.6   211     nan
   81 6     -2  0.9013 -0.7449   28781.9   21509.1    6553.7  0.9284 -0.7516  147509.8  182319.3 -133075.8
        nan       nan      -nan       nan       nan       nan       nan       nan       nan       nan
   82 6     -1  0.8780 -0.6964   29689.5   28551.7    3704.4  0.9284 -0.7516  144864.5  184460.7 -135925.0
        nan       nan      -nan       nan       nan       nan       nan       nan       nan       nan
   83 6      0  0.9022 -0.7493   24803.1   28928.1    2870.4  0.9284 -0.7516  144090.2  185087.6 -136759.0
        nan       nan      -nan       nan       nan       nan       nan       nan       nan       nan
vertex track :        203   3  84   15421923  2.3526 -3.2656  146859.0  186587.6     419.3     0  1817.1
   81 6     -2  2.3650 -2.7576   44268.9    7274.5    7169.9  2.4526 -3.3206  159589.2  162916.0 -132462.7
     1561.3     122.1   45377.9    6168.9   43841.8    7960.1   43372.1    8587.4   45192.6    6009.9
   82 6     -1  2.6056 -3.3765   37633.5   20772.3    3806.4  2.4526 -3.3206  151339.9  174084.6 -135826.2
      801.3      53.6   38165.5   20170.6   37733.6   20730.3   37314.2   21580.6   38080.7   20105.2
   83 6      0  2.4144 -3.8243   37314.4   23228.8    2986.9  2.4526 -3.3206  149330.0  176805.8 -136645.6
      612.2      23.4   37661.0   22723.6   37514.4   22955.9   37180.3   23940.2   37621.5   22698.7
vertex track :        207   3  84   15422880 -1.5702 -1.8588  146979.7  186357.0     416.5   211     nan
   81 6     -2 -1.5867 -1.8938   12532.6   11699.3    6581.5 -1.5448 -1.8691  133633.6  173576.5 -133048.8
        nan       nan      -nan       nan       nan       nan       nan       nan       nan       nan
   82 6     -1 -1.5861 -1.8725   21715.7   22619.0    3716.6 -1.5448 -1.8691  138059.4  178931.5 -135913.8
        nan       nan      -nan       nan       nan       nan       nan       nan       nan       nan
   83 6      0 -1.5551 -1.8818   18778.3   23903.6    2869.9 -1.5448 -1.8691  139367.4  180514.1 -136760.5
        nan       nan      -nan       nan       nan       nan       nan       nan       nan       nan
