groupid:   8825, ntrk:  9
vertex track :          0   3 125    7718009  0.3303  0.1800   78776.6  108197.2     245.5    13   790.1
  126 3      1  0.3301  0.1807   75461.5   26869.4   -2867.3  0.3289  0.1771   73010.8  106986.4 -217795.9
       38.8       7.6   75491.9   26894.6   75493.2   26895.3   75641.5   27054.3   75499.2   26881.4
  127 3      2  0.3308  0.1796   76076.9   28758.1   -3717.0  0.3289  0.1771   72731.3  106835.9 -218645.6
       48.7      17.6   76111.3   28796.8   76095.1   28788.0   76252.8   28929.6   76128.1   28765.8
  128 3      3  0.3286  0.1834   72979.1   26124.2   -6588.5  0.3289  0.1771   71787.0  106327.2 -221517.2
       79.7      34.5   73031.9   26193.2   72961.7   26154.0   73136.6   26265.4   73065.5   26132.9
vertex track :         71   3 125    8374543 -1.8870  1.9262   72522.7  113225.4     255.1     0  9995.6
  126 3      1 -1.7684  1.8956   81838.3   34297.4   -2733.9 -1.8854  1.9155   73419.1  106821.2 -217669.9
      356.0      11.8   81586.8   34549.6   81701.2   34427.1   82298.1   34257.0   81604.2   34565.7
  127 3      2 -1.9332  2.0567   80907.1   28065.0   -3563.8 -1.8854  1.9155   74983.9  105231.4 -218499.8
      436.5      16.0   80596.5   28372.1   80788.4   28168.0   81425.7   27970.0   80619.8   28394.0
  128 3      3 -1.8847  1.8037   86840.3   27278.2   -6263.4 -1.8854  1.9155   80073.8  100060.3 -221199.4
      710.8      27.8   86307.5   27749.6   86938.8   27145.5   87581.2   27018.7   86346.0   27789.8
vertex track :        131   3 125    9050656 -4.0481  2.8141   66616.1  116044.0     261.3     0  5741.1
  126 3      1 -4.0395  2.8026   75262.7   27510.4   -2867.6 -4.0442  2.8010   74535.2  106592.4 -217810.5
     1034.7      22.6   74399.7   28081.7   75251.6   27490.6   76331.6   27152.0   74425.4   28118.8
  127 3      2 -4.0401  2.7807   79519.5   27201.9   -3717.4 -4.0442  2.8010   77972.0  104212.1 -218660.3
     1299.8      36.1   78428.4   27909.0   79721.3   27019.1   80816.6   26707.5   78469.3   27968.5
  128 3      3 -4.0827  2.7705   88394.9   17566.6   -6585.5 -4.0442  2.8010   89571.2   96178.5 -221528.4
     2201.4      66.8   86535.8   18747.5   89321.6   16857.0   90459.9   16598.5   86610.8   18858.0
vertex track :        142   3 126    5500597  1.2277  1.3123   73106.4  102542.8     167.7   211     nan
  123 3     -2  1.2444  1.2679   84151.5   36551.2    6587.9  1.2334  1.2951   79701.1  113701.3 -211000.8
        nan       nan      -nan       nan       nan       nan       nan       nan       nan       nan
  124 3     -1  1.2448  1.3180   79362.9   30658.0    3714.4  1.2334  1.2951   76156.9  109979.8 -213874.3
        nan       nan      -nan       nan       nan       nan       nan       nan       nan       nan
  125 3      0  1.2343  1.2991   79602.8   31440.8    2872.4  1.2334  1.2951   75118.2  108889.2 -214716.3
        nan       nan      -nan       nan       nan       nan       nan       nan       nan       nan
vertex track :        143   3 126    5500903  1.1832  1.3731   73525.2  102883.9     167.7   211     nan
  123 3     -2  1.2357  1.3981   80563.5   31801.9    6534.5  1.1892  1.3556   79773.3  114353.7 -211054.2
        nan       nan      -nan       nan       nan       nan       nan       nan       nan       nan
  124 3     -1  1.2119  1.1624   75453.6   28995.8    3589.1  1.1892  1.3556   76270.7  110361.0 -213999.6
        nan       nan      -nan       nan       nan       nan       nan       nan       nan       nan
  125 3      0  1.1225  1.3636   73732.8   24696.5    2754.5  1.1892  1.3556   75278.2  109229.7 -214834.2
        nan       nan      -nan       nan       nan       nan       nan       nan       nan       nan
vertex track :        144   3 126    5654700 -0.2143 -1.2957   74582.3  104689.0     168.6   211     nan
  123 3     -2 -0.2082 -1.3276   76124.2   21813.2    6575.6 -0.2201 -1.2931   71857.3   99227.7 -211011.9
        nan       nan      -nan       nan       nan       nan       nan       nan       nan       nan
  124 3     -1 -0.2452 -1.3005   75640.9   23475.4    3712.0 -0.2201 -1.2931   72487.5  102930.7 -213875.6
        nan       nan      -nan       nan       nan       nan       nan       nan       nan       nan
  125 3      0 -0.2206 -1.3011   77029.8   26454.6    2867.5 -0.2201 -1.2931   72673.4  104022.7 -214720.1
        nan       nan      -nan       nan       nan       nan       nan       nan       nan       nan
vertex track :        149   3 126    5655643 -1.1208 -0.6963   75373.5  104745.1     165.6   211     nan
  123 3     -2 -1.0378 -0.6510   67219.1   19986.1    6522.7 -1.1205 -0.6876   66934.0  103192.2 -211063.1
        nan       nan      -nan       nan       nan       nan       nan       nan       nan       nan
  124 3     -1 -1.1914 -0.6172   68667.1   23264.5    3571.2 -1.1205 -0.6876   70241.2  105221.7 -214014.5
        nan       nan      -nan       nan       nan       nan       nan       nan       nan       nan
  125 3      0 -1.1411 -0.6370   68928.0   20713.9    2733.9 -1.1205 -0.6876   71179.4  105797.5 -214851.9
        nan       nan      -nan       nan       nan       nan       nan       nan       nan       nan
vertex track :        150   3 126    5655780 -1.0304 -0.7536   77394.8  106217.9     165.4   211     nan
  123 3     -2 -1.0562 -0.7430   73624.2   26797.5    6586.5 -1.0296 -0.7446   69471.0  104235.9 -211000.0
        nan       nan      -nan       nan       nan       nan       nan       nan       nan       nan
  124 3     -1 -1.0415 -0.7598   75537.3   26942.1    3716.9 -1.0296 -0.7446   72425.7  106372.6 -213869.6
        nan       nan      -nan       nan       nan       nan       nan       nan       nan       nan
  125 3      0 -1.0580 -0.7515   77655.5   29436.6    2877.4 -1.0296 -0.7446   73290.1  106997.7 -214709.2
        nan       nan      -nan       nan       nan       nan       nan       nan       nan       nan
vertex track :        171   3 126    6179018  1.0276 -1.0053   74194.2  104699.6     167.5   211     nan
  123 3     -2  0.9681 -0.9906   80235.4   17979.9    6538.6  1.0254 -1.0128   79412.9  101073.2 -211047.2
        nan       nan      -nan       nan       nan       nan       nan       nan       nan       nan
  124 3     -1  1.0651 -1.0200   75437.7   22021.2    3592.4  1.0254 -1.0128   76391.9  104057.1 -213993.4
        nan       nan      -nan       nan       nan       nan       nan       nan       nan       nan
  125 3      0  0.9900 -0.9961   73864.6   19749.8    2757.4  1.0254 -1.0128   75535.7  104902.7 -214828.4
        nan       nan      -nan       nan       nan       nan       nan       nan       nan       nan
