groupid:   9228, ntrk: 10
vertex track :          0   3  37    6956059  0.0111  0.2763   90960.1  149795.9     306.5    13   469.1
   38 3      1  0.0113  0.2761   92225.9   70544.2   -2867.3  0.0100  0.2797   89315.1  147751.3  -53922.4
       31.6      11.9   92215.4   70576.2   92215.2   70571.0   92446.5   70722.3   92239.1   70575.3
   39 3      2  0.0068  0.2761   88058.4   68165.8   -3718.7  0.0100  0.2797   89306.6  147513.2  -54773.7
       45.7      28.8   88030.8   68212.1   88030.0   68178.8   88296.0   68329.6   88088.3   68210.7
   40 3      3  0.0094  0.2766   91317.5   68760.1   -6585.1  0.0100  0.2797   89278.1  146711.3  -57640.2
       79.9      56.2   91264.1   68841.9   91260.6   68740.3   91581.0   68888.7   91376.4   68838.0
vertex track :         14   3  37    6449925 -1.4318  0.1097   90204.0  149706.9     306.4   211   252.0
   38 3      1 -1.4455  0.1494   93669.1   71013.1   -2606.0 -1.4352  0.1017   92770.0  148248.0  -53661.5
      167.1      49.4   93497.8   70981.2   93526.7   70978.2   94048.9   71255.2   93507.9   71079.4
   39 3      2 -1.4538  0.0558   94818.9   71664.1   -3424.3 -1.4352  0.1017   93944.4  148164.8  -54479.8
      275.0     123.6   94539.4   71551.1   94783.6   71541.8   95306.9   71987.1   94548.9   71798.2
   40 3      3 -1.4503  0.1329   97450.0   73280.3   -6865.8 -1.4352  0.1017   98883.6  147815.0  -57921.3
      564.9     275.7   96862.2   73057.3   97682.9   72982.2   98246.3   73713.4   96912.5   73606.4
vertex track :         20   3  37    6955691  0.4478 -1.3291   91188.2  148955.1     304.5  2212   598.3
   38 3      1  0.4486 -1.3322   91305.0   73917.7   -2869.5  0.4501 -1.3443   88147.9  152055.4  -53922.7
      161.5      39.0   91393.4   73777.1   91384.6   73803.4   91427.0   74266.9   91319.6   73752.2
   39 3      2  0.4710 -1.3234   86704.1   72820.5   -3720.4  0.4501 -1.3443   87764.9  153199.3  -54773.6
      237.8      93.9   86872.3   72627.9   86811.8   72798.0   86746.4   73221.7   86695.4   72564.9
   40 3      3  0.4560 -1.3249   88501.5   78869.8   -6586.1  0.4501 -1.3443   86474.9  157051.7  -57639.3
      418.5     183.4   88811.1   78533.8   88634.4   79047.0   88402.3   79414.5   88464.2   78414.4
vertex track :         61   3  37    7564760 -3.6084 -0.3898   83048.9  148386.9     306.2     0 10001.0
   38 3      1 -3.5933 -0.3215   92829.1   71162.9   -2614.6 -3.6326 -0.3976   92022.6  148363.7  -53676.1
      568.7      14.8   92264.0   71097.5   92642.2   71131.3   93600.6   71437.9   92261.4   71126.9
   39 3      2 -3.4189 -0.6778   95792.4   72182.2   -3427.6 -3.6326 -0.3976   94975.6  148686.9  -54489.0
      706.5      20.3   95103.3   72024.9   95771.4   72157.3   96688.0   72548.9   95095.4   72064.8
   40 3      3 -3.5691 -0.1904  104646.7   75371.5   -6886.7 -3.6326 -0.3976  107541.0  150062.1  -57948.1
     1313.5      40.4  103337.2   75261.1  105211.0   75361.1  106162.6   75691.6  103332.9   75341.8
vertex track :         72   3  38    4913632 -1.2220  1.1548   94259.6  147222.0     297.7     0  1780.7
   35 3     -2 -1.2111  1.1668   88763.3   74520.6    6588.4 -1.2249  1.1818   84651.0  153152.5  -47063.4
      336.6      38.7   88494.1   74726.3   88724.5   74504.2   89241.3   74526.1   88547.7   74782.0
   36 3     -1 -1.1691  1.1997   90184.8   70315.2    3715.3 -1.2249  1.1818   88170.2  149757.1  -49936.5
      200.7      18.9   90031.2   70445.7   90065.8   70410.2   90547.2   70395.8   90058.2   70472.1
   37 3      0 -1.2145  1.1641   90847.9   70757.6    2866.7 -1.2249  1.1818   89209.7  148754.1  -50785.2
      163.6       9.4   90723.3   70864.0   90704.4   70882.1   91181.2   70862.3   90736.3   70877.5
vertex track :         73   3  38    4913948 -0.6603  0.4713   92362.1  149048.3     303.3   211     nan
   35 3     -2 -0.6014  0.4806   88088.0   72937.8    5823.5 -0.6624  0.4823   86813.3  150236.2  -47842.8
        nan       nan      -nan       nan       nan       nan       nan       nan       nan       nan
   36 3     -1 -0.5868  0.4919   91456.6   74576.8    3433.6 -0.6624  0.4823   88396.5  149083.5  -50232.7
        nan       nan      -nan       nan       nan       nan       nan       nan       nan       nan
   37 3      0 -0.6394  0.4828   92156.1   70716.4    2612.0 -0.6624  0.4823   88940.8  148687.2  -51054.3
        nan       nan      -nan       nan       nan       nan       nan       nan       nan       nan
vertex track :         84   3  38    5583228  4.0438  3.2426   83330.6  143628.6     299.8     0  6139.1
   35 3     -2  4.0248  3.3288  108078.9   82442.4    6582.2  4.0314  3.2028  106688.8  162283.6  -47109.5
     2220.6      62.3  109750.4   83905.6  107173.2   81774.2  106621.4   81192.5  109829.7   83809.7
   36 3     -1  3.8730  3.3400   97264.7   73786.3    3719.0  4.0314  3.2028   95145.9  153113.1  -49972.8
     1234.7      31.6   98179.1   74616.6   97122.4   73705.3   96564.2   73169.4   98220.4   74568.8
   37 3      0  4.0707  3.2196   93652.7   72579.1    2869.9  4.0314  3.2028   91723.1  150393.8  -50821.8
      947.5      19.0   94384.1   73181.8   93752.6   72682.4   93135.4   72189.6   94407.7   73152.0
vertex track :         98   3  38    5776992 -1.9852 -2.5975   95552.1  155297.8     312.9     0  4446.8
   35 3     -2 -2.2027 -2.7336   82510.2   58988.8    5811.9 -2.0128 -2.6304   82640.8  139435.2  -47864.7
      848.8      37.3   82006.7   58304.5   82609.2   59052.2   83221.6   59880.3   81948.7   58351.2
   36 3     -1 -2.0230 -2.4923   89618.1   69462.4    3440.8 -2.0128 -2.6304   87413.4  145672.2  -50235.8
      508.4      19.8   89313.1   69055.2   89529.1   69321.3   90131.1   70077.1   89282.4   69080.2
   37 3      0 -2.0696 -2.6023   91637.2   68174.3    2606.1 -2.0128 -2.6304   89093.5  147867.8  -51070.6
      394.7      11.4   91400.5   67858.3   91457.2   67929.6   92081.9   68697.7   91382.6   67872.5
vertex track :        115   3  38    6280114  1.3235 -0.3725   90097.8  149933.8     308.2     0  4327.6
   35 3     -2  1.3648 -0.3856   99181.5   68266.0    6571.6  1.3135 -0.3841   96436.5  146071.4  -47108.1
      247.2      19.0   99424.6   68217.0   99235.3   68270.5   99149.8   68524.5   99414.2   68180.5
   36 3     -1  1.3402 -0.4057   94714.4   67808.2    3718.8  1.3135 -0.3841   92689.5  147167.1  -49960.8
      151.3       9.9   94862.1   67773.9   94854.0   67776.3   94778.1   68052.2   94856.4   67754.9
   37 3      0  1.3218 -0.3799   93300.8   69477.4    2864.5  1.3135 -0.3841   91567.3  147495.3  -50815.2
      125.7       6.5   93423.5   69449.0   93459.4   69438.7   93389.5   69715.5   93419.9   69436.4
vertex track :        121   3  38    6280840  0.8116 -0.7855   91036.5  149480.2     303.6   211     nan
   35 3     -2  0.8780 -0.7861   96332.4   64933.8    5735.2  0.8007 -0.7934   93495.4  143705.1  -47936.1
        nan       nan      -nan       nan       nan       nan       nan       nan       nan       nan
   36 3     -1  0.7954 -0.7690   95491.0   70278.4    3413.4  0.8007 -0.7934   91636.3  145547.4  -50258.0
        nan       nan      -nan       nan       nan       nan       nan       nan       nan       nan
   37 3      0  0.9584 -0.7771   95133.0   67579.1    2586.2  0.8007 -0.7934   90974.0  146203.6  -51085.1
        nan       nan      -nan       nan       nan       nan       nan       nan       nan       nan
