groupid:   9252, ntrk:  7
vertex track :          0   3  65    6058839  0.0701  0.3967  100181.8  160761.0     171.6    13  1119.1
   66 3      1  0.0741  0.3963  101460.6   83434.2   -2867.8  0.0740  0.3902   99345.5  161718.4 -106057.6
       40.3       5.7  101462.4   83474.8  101463.2   83478.9  101668.9   83603.9  101473.7   83472.7
   67 3      2  0.0744  0.3959  102211.3   81678.7   -3718.4  0.0740  0.3902   99282.5  161386.5 -106908.1
       49.1      12.6  102207.9   81729.3  102205.4   81716.0  102424.7   81838.6  102232.8   81724.6
   68 3      3  0.0728  0.3962  103203.8   81504.2   -6583.2  0.0740  0.3902   99070.4  160268.5 -109773.0
       79.0      24.8  103193.7   81586.4  103180.4   81514.2  103424.0   81632.5  103242.4   81577.5
vertex track :         34   3  65    4823048 -0.1600  1.2342   99527.0  163109.0     173.8   211     nan
   66 3      1 -0.1390  1.2308  100031.4   81350.6   -3132.7 -0.1487  1.2186   99426.6  161206.4 -106318.9
        nan       nan      -nan       nan       nan       nan       nan       nan       nan       nan
   67 3      2 -0.1136  1.1992   98596.1   77006.1   -3948.1 -0.1487  1.2186   99547.9  160212.6 -107134.4
        nan       nan      -nan       nan       nan       nan       nan       nan       nan       nan
   68 3      3 -0.0645  1.2749   97133.2   74945.3   -6085.7 -0.1487  1.2186   99865.8  157607.8 -109272.0
        nan       nan      -nan       nan       nan       nan       nan       nan       nan       nan
vertex track :         65   3  65    5478003  1.2270  0.0083  104104.7  159760.3     164.9     0 10000.6
   66 3      1  1.2283 -0.0076  101762.4   83638.8   -2867.4  1.2287 -0.0015   99757.9  161893.1 -106056.0
      121.2       6.9  101883.6   83645.0  101899.2   83644.9  101852.4   83842.6  101883.5   83631.2
   67 3      2  1.2260 -0.0035  101581.4   82194.6   -3716.0  1.2287 -0.0015   98715.2  161894.4 -106904.7
      143.5       9.1  101725.0   82203.3  101695.4   82203.3  101649.1   82395.9  101725.0   82185.1
   68 3      3  1.2253  0.0042  100096.4   82836.8   -6587.0  1.2287 -0.0015   95187.6  161898.7 -109775.7
      226.7      16.0  100323.0   82853.6  100127.0   82852.9  100081.0   83030.1  100323.1   82821.6
vertex track :        165   3  66    4305864 -0.8165 -0.1447  103691.9  161804.2     174.2   211   163.6
   63 3     -2 -0.8136 -0.1518   98397.6   83402.9    6586.2 -0.8128 -0.1459   96609.7  162246.4  -99752.2
      382.0     273.7   98072.3   83063.7   98652.5   83172.0   98932.1   83951.8   97971.8   83601.8
   64 3     -1 -0.8175 -0.1485  100304.3   83470.5    3718.3 -0.8128 -0.1459   98940.8  162664.9 -102620.1
      192.6     132.0  100138.4   83306.2  100345.7   83343.8  100679.3   83844.6  100091.2   83565.9
   65 3      0 -0.8167 -0.1476  100706.6   82515.5    2867.9 -0.8128 -0.1459   99631.9  162789.0 -103470.5
       98.6      50.2  100618.4   82448.6  100641.1   82452.7  101003.9   82792.3  100600.6   82547.3
vertex track :        180   3  66    4545150 -1.4795 -0.1593  103728.0  161394.2     171.8   211   433.7
   63 3     -2 -1.4858 -0.1811   93064.2   82312.8    6864.3 -1.4724 -0.1606   92003.2  161700.7  -99472.7
      384.6     140.7   92699.4   82126.5   93151.0   82181.6   93637.5   82708.8   92665.4   82405.9
   64 3     -1 -1.3263 -0.2023   98086.7   83591.4    4012.0 -1.4724 -0.1606   96202.9  162158.8 -102325.0
      221.8      70.8   97878.1   83488.0   98038.0   83512.4   98503.9   83904.6   97856.7   83627.9
   65 3      0 -1.5459 -0.2225  100538.4   84242.1    3176.8 -1.4724 -0.1606   97432.7  162293.0 -103160.3
      161.5      29.1  100382.8   84190.3  100377.7   84189.6  100902.5   84503.6  100374.5   84247.8
vertex track :        213   3  66    4978997  4.0947  1.0937   92309.0  158748.8     184.8     0  3870.3
   63 5     -2  4.0240  1.0857  120779.6    6166.0    6588.3  4.1286  1.0934  116874.3  167145.9  -99740.0
     1567.6      66.0  122275.9    6638.1  120093.9    6049.4  119497.2    5905.0  122310.3    6510.6
   64 3     -1  4.1150  1.1344  108666.9   85415.8    3718.9  4.1286  1.0934  105027.7  164008.6 -102609.4
      888.4      33.2  109514.5   85683.9  108665.8   85449.9  108033.4   85358.8  109532.2   85619.8
   65 3      0  4.0865  1.1061  104959.0   83406.8    2868.0  4.1286  1.0934  101514.4  163078.2 -103460.3
      690.3      18.1  105620.6   83604.6  105146.1   83476.2  104511.5   83420.0  105630.1   83569.6
vertex track :        264   3  66    7014959  1.7052 -2.6507   97730.4  166702.0     286.5     0  2523.7
   63 3     -2  2.0958 -2.8933  107868.6   71113.9    6806.0  1.7202 -2.6543  107082.6  150728.7  -99620.2
      949.9      63.5  108477.3   70381.9  107802.9   71312.9  107472.0   72053.1  108374.4   70307.4
   64 3     -1  1.8879 -2.5211  103943.9   79508.1    4008.1  1.7202 -2.6543  102269.7  158154.9 -102418.1
      561.7      32.7  104306.7   79078.1  104029.8   79447.9  103792.9   80145.6  104254.4   79039.0
   65 3      0  1.6580 -2.6421  103637.1   82439.5    3179.2  1.7202 -2.6543  100843.9  160355.0 -103247.0
      448.1      16.9  103889.6   82068.9  103761.4   82273.2  103596.3   83017.4  103861.0   82051.0
