groupid:   9887, ntrk: 23
vertex track :          0   3 117   13613540 -0.0960 -0.4938  137502.0  181249.7     236.4    13   674.7
  118 6      1 -0.0988 -0.4940   18556.6   23803.4   -2866.8 -0.0927 -0.4938  133534.3  183598.2 -202674.2
       50.9       9.6   18556.0   23751.7   18555.2   23747.7   18767.1   24064.7   18537.2   23755.4
  119 6      2 -0.0974 -0.4922   16855.8   22238.9   -3718.3 -0.0927 -0.4938  133613.2  184018.7 -203525.7
       63.8      22.2   16865.2   22172.1   16869.5   22193.8   17056.3   22515.3   16821.6   22180.7
  120 6      3 -0.0940 -0.4941   18119.2   26206.6   -6587.5 -0.0927 -0.4938  133879.3  185435.5 -206394.8
      104.1      43.6   18142.5   26096.1   18161.7   26197.0   18305.8   26526.5   18056.9   26112.4
vertex track :         72   3 117   15808966 -1.9230 -3.6229  135415.0  177767.2     238.1     0   964.2
  118 6      1 -1.7797 -3.8199   20934.5   26864.3   -2321.5 -1.8990 -3.6090  136025.3  187802.6 -202122.0
      644.4      39.3   20698.0   26263.6   20868.5   26629.6   21379.2   27671.1   20626.8   26296.8
  119 6      2 -1.7028 -3.4900   22339.9   34942.8   -3176.4 -1.8990 -3.6090  137648.8  190888.0 -202976.9
      908.0     101.0   22032.5   34082.5   22471.3   34981.7   22855.6   36009.7   21851.0   34171.0
  120 6      3 -1.5895 -3.9245   29039.6   41087.5   -6619.2 -1.8990 -3.6090  144186.7  203313.1 -206419.7
     1841.7     234.9   28566.0   39292.3   29614.9   41882.2   29721.7   43088.8   28130.5   39468.6
vertex track :         78   3 117   15836423 -0.6507  2.1800  136730.5  186101.2     241.1     0   892.8
  118 6      1 -0.6415  2.1845   19056.7   22508.2   -2868.1 -0.6630  2.1925  134512.2  180115.2 -202686.4
      287.0      25.1   18951.8   22776.5   18978.8   22684.5   19370.9   22452.1   18999.9   22790.6
  119 6      2 -0.6425  2.1847   17805.2   18761.8   -3717.6 -0.6630  2.1925  135075.4  178252.7 -203535.9
      369.0      57.6   17645.8   19099.6   17719.1   18850.3   18173.9   18636.2   17756.3   19132.1
  120 6      3 -0.6567  2.1717   21059.0   13249.3   -6587.4 -0.6630  2.1925  136978.0  171960.6 -206405.7
      621.3     112.9   20771.1   13811.3   20992.9   13078.0   21556.2   12899.4   20987.2   13876.6
vertex track :         89   3 117   15863072  2.8145  3.2325  142323.0  187787.5     231.9   211   420.1
  118 6      1  2.6980  3.5005   14232.9   17176.5   -2277.4  2.8420  3.2841  130931.0  180399.7 -202097.7
      776.1      92.7   14633.2   17847.9   14252.2   17353.5   14045.2   16718.7   14780.1   17734.7
  119 6      2  3.2024  3.3921   11545.3   19315.6   -3107.1  2.8420  3.2841  128573.1  177674.9 -202927.4
     1385.0     248.6   12315.3   20493.4   11086.2   19191.5   10988.5   18351.2   12676.9   20152.1
  120 5      3  3.0384  3.3621  124359.0    5824.4   -6692.1  2.8420  3.2841  118384.6  165901.5 -206512.4
     3145.6     601.7  126021.7    8561.7  122441.5    4600.1  122909.3    3300.5  126914.5    7754.8
vertex track :         95   3 118   15075148 -1.5605  1.0148  141322.7  180583.5     419.6   211     nan
  115 6     -2 -1.5713  0.9745   10942.1   28275.5    6581.3 -1.5764  1.0106  126418.8  186671.6 -195725.3
        nan       nan      -nan       nan       nan       nan       nan       nan       nan       nan
  116 6     -1 -1.6190  1.0063   14322.4   24340.6    3714.1 -1.5764  1.0106  130938.5  183774.1 -198592.5
        nan       nan      -nan       nan       nan       nan       nan       nan       nan       nan
  117 6      0 -1.6046  1.0005   15779.6   21750.1    2865.5 -1.5764  1.0106  132276.3  182916.5 -199441.1
        nan       nan      -nan       nan       nan       nan       nan       nan       nan       nan
vertex track :         97   3 118   15077168 -1.8171  1.0225  141822.1  180604.8     418.8   211     nan
  115 6     -2 -1.6021  0.8932    8229.7   28647.3    6542.1 -1.8332  1.0157  125408.0  186689.4 -195765.0
        nan       nan      -nan       nan       nan       nan       nan       nan       nan       nan
  116 6     -1 -2.0075  0.9980   15192.2   24094.3    3193.2 -1.8332  1.0157  131547.4  183288.0 -199114.0
        nan       nan      -nan       nan       nan       nan       nan       nan       nan       nan
  117 6      0 -1.6514  1.0163   15680.9   24984.8    2367.8 -1.8332  1.0157  133060.5  182449.6 -199939.3
        nan       nan      -nan       nan       nan       nan       nan       nan       nan       nan
vertex track :        107   3 118   15128740 -1.2770 -0.2556  141620.1  182859.6     419.4   211   233.3
  115 6     -2 -1.2679 -0.2976   13064.5   22289.6    6586.5 -1.2726 -0.2613  128559.9  181119.5 -195730.5
      441.3     231.3   12687.7   21963.6   13280.7   22102.8   13649.9   22825.4   12582.0   22414.0
  116 6     -1 -1.3198 -0.2447   15531.6   22583.0    3717.9 -1.2726 -0.2613  132210.5  181869.1 -198599.1
      223.9     107.8   15331.2   22436.2   15494.3   22466.4   15940.8   22939.5   15291.9   22648.2
  117 6      0 -1.2758 -0.2814   16748.1   21024.0    2864.9 -1.2726 -0.2613  133296.1  182092.0 -199452.2
      131.3      39.3   16628.3   20957.3   16616.9   20954.8   17076.6   21300.3   16611.4   21034.0
vertex track :        108   3 118   15130299  1.8026 -1.7970  135910.3  185504.4     430.2   211     nan
  115 6     -2  1.4712 -1.6943   25937.0   14680.4    6454.2  1.8250 -1.7782  141639.5  174626.9 -195871.2
        nan       nan      -nan       nan       nan       nan       nan       nan       nan       nan
  116 6     -1  1.6005 -1.7546   22839.3   18359.1    3153.9  1.8250 -1.7782  135616.5  180495.4 -199171.4
        nan       nan      -nan       nan       nan       nan       nan       nan       nan       nan
  117 6      0  1.7850 -1.7485   20031.1   21836.2    2359.8  1.8250 -1.7782  134167.1  181907.6 -199965.6
        nan       nan      -nan       nan       nan       nan       nan       nan       nan       nan
vertex track :        117   3 118   15131891  0.5805 -0.6942  137754.3  183630.7     425.3   211     nan
  115 6     -2  0.5838 -0.6921   21329.1   20273.3    6581.5  0.5915 -0.6864  136158.4  179248.1 -195735.3
        nan       nan      -nan       nan       nan       nan       nan       nan       nan       nan
  116 6     -1  0.5769 -0.6712   17609.6   21941.0    3717.1  0.5915 -0.6864  134464.0  181214.1 -198599.7
        nan       nan      -nan       nan       nan       nan       nan       nan       nan       nan
  117 6      0  0.5775 -0.6906   17279.2   20744.0    2866.6  0.5915 -0.6864  133960.9  181797.9 -199450.2
        nan       nan      -nan       nan       nan       nan       nan       nan       nan       nan
vertex track :        120   3 118   15132580 -0.5798 -0.2266  139772.2  182726.7     422.4   211     nan
  115 6     -2 -0.6006 -0.1706   14192.9   22612.8    6530.0 -0.5765 -0.2271  131031.8  181195.6 -195784.9
        nan       nan      -nan       nan       nan       nan       nan       nan       nan       nan
  116 6     -1 -0.6594 -0.2035   17830.2   21604.7    3186.8 -0.5765 -0.2271  132959.3  181954.8 -199128.1
        nan       nan      -nan       nan       nan       nan       nan       nan       nan       nan
  117 6      0 -0.5863 -0.1870   17171.5   23544.5    2372.5 -0.5765 -0.2271  133428.7  182139.8 -199942.4
        nan       nan      -nan       nan       nan       nan       nan       nan       nan       nan
vertex track :        122   3 118   15133326 -0.7884  1.0286  139067.8  182550.0     424.3   211     nan
  115 6     -2 -0.7694  1.0078   13642.9   30423.3    6591.8 -0.8018  1.0328  128901.8  188769.3 -195722.5
        nan       nan      -nan       nan       nan       nan       nan       nan       nan       nan
  116 6     -1 -0.7966  1.0038   14508.4   26352.5    3714.3 -0.8018  1.0328  131209.0  185797.6 -198600.0
        nan       nan      -nan       nan       nan       nan       nan       nan       nan       nan
  117 6      0 -0.7736  1.0269   15357.0   23786.6    2874.3 -0.8018  1.0328  131882.6  184930.0 -199440.0
        nan       nan      -nan       nan       nan       nan       nan       nan       nan       nan
vertex track :        132   3 118   15134723  0.9814 -0.9953  137104.9  184283.2     428.6   211     nan
  115 6     -2  1.0264 -1.0786   21922.3   18691.7    6507.5  0.9963 -0.9845  137914.4  178138.2 -195813.8
        nan       nan      -nan       nan       nan       nan       nan       nan       nan       nan
  116 6     -1  0.8783 -1.3512   20976.9   20186.7    3188.1  0.9963 -0.9845  134607.3  181406.1 -199133.2
        nan       nan      -nan       nan       nan       nan       nan       nan       nan       nan
  117 6      0  0.8823 -0.9773   18972.3   22851.9    2366.4  0.9963 -0.9845  133788.5  182215.2 -199955.0
        nan       nan      -nan       nan       nan       nan       nan       nan       nan       nan
vertex track :        135   3 118   15134933 -0.7228 -0.3126  138949.5  183330.0     422.6   211     nan
  115 6     -2 -0.7212 -0.3181   14030.8   22399.6    6585.2 -0.7185 -0.3141  129292.8  181245.9 -195730.5
        nan       nan      -nan       nan       nan       nan       nan       nan       nan       nan
  116 6     -1 -0.7333 -0.3059   14598.5   22798.9    3719.1 -0.7185 -0.3141  131352.0  182146.1 -198596.6
        nan       nan      -nan       nan       nan       nan       nan       nan       nan       nan
  117 6      0 -0.7387 -0.3035   15400.2   21336.6    2868.3 -0.7185 -0.3141  131963.3  182413.3 -199447.4
        nan       nan      -nan       nan       nan       nan       nan       nan       nan       nan
vertex track :        141   3 118   15135001  0.4266 -0.3436  138463.9  183258.7     422.6   211     nan
  115 6     -2  0.4363 -0.4055   19616.9   22235.6    6533.9  0.4342 -0.3368  135886.8  181047.8 -195780.3
        nan       nan      -nan       nan       nan       nan       nan       nan       nan       nan
  116 6     -1  0.4976 -0.3639   20233.0   21616.2    3199.5  0.4342 -0.3368  134439.1  182170.7 -199114.7
        nan       nan      -nan       nan       nan       nan       nan       nan       nan       nan
  117 6      0  0.4485 -0.3487   18873.0   23732.6    2380.5  0.4342 -0.3368  134083.5  182446.6 -199933.7
        nan       nan      -nan       nan       nan       nan       nan       nan       nan       nan
vertex track :        152   3 118   15192756  0.5257 -1.6263  137121.6  186094.9     430.2   211     nan
  115 6     -2  0.5313 -1.6132   20374.7   16657.7    6584.8  0.5434 -1.6139  135201.3  176008.2 -195746.0
        nan       nan      -nan       nan       nan       nan       nan       nan       nan       nan
  116 6     -1  0.5206 -1.6072   16780.1   21353.3    3716.1  0.5434 -1.6139  133642.4  180638.1 -198614.8
        nan       nan      -nan       nan       nan       nan       nan       nan       nan       nan
  117 6      0  0.5290 -1.6528   16559.1   20968.6    2866.6  0.5434 -1.6139  133180.8  182008.9 -199464.3
        nan       nan      -nan       nan       nan       nan       nan       nan       nan       nan
vertex track :        164   3 118   16065049 -1.7411 -1.7328  141694.0  185605.1     424.5   211   102.8
  115 6     -2 -1.9537 -1.6946    8763.3   15353.4    6532.6 -1.7096 -1.7279  126013.0  174932.4 -195801.7
     4323.0    1615.9    6556.3   11300.2   12677.5   16609.4   11178.3   19615.0    4438.8   13741.6
  116 6     -1 -1.7455 -1.8368   15316.1   19036.6    3194.6 -1.7096 -1.7279  131719.7  180699.9 -199139.7
     1691.6     628.5   14606.3   17377.4   16570.4   19444.2   16234.0   20904.0   13695.2   18243.3
  117 6      0 -1.7708 -1.5515   15652.2   22293.6    2387.0 -1.7096 -1.7279  133100.4  182095.4 -199947.3
      598.3     208.3   15339.4   21742.6   15867.7   22205.4   16173.2   23053.0   15064.8   22056.0
vertex track :        171   3 118   16067208  1.0939 -0.7571  137709.2  183553.5     425.3   211     nan
  115 6     -2  1.1104 -0.7218   24610.5   19792.1    6586.4  1.1083 -0.7460  139300.5  178799.2 -195730.0
        nan       nan      -nan       nan       nan       nan       nan       nan       nan       nan
  116 6     -1  1.0664 -0.7704   19161.3   21608.3    3720.0  1.1083 -0.7460  136123.6  180937.7 -198596.4
        nan       nan      -nan       nan       nan       nan       nan       nan       nan       nan
  117 6      0  1.0635 -0.7603   18519.4   20505.8    2871.0  1.1083 -0.7460  135182.7  181571.1 -199445.4
        nan       nan      -nan       nan       nan       nan       nan       nan       nan       nan
vertex track :        175   3 118   16067547  1.1607  1.7161  137478.1  181250.5     423.4   211     nan
  115 6     -2  1.2168  1.4789   23497.1   33641.8    6555.6  1.1637  1.7539  139398.8  191838.1 -195748.2
        nan       nan      -nan       nan       nan       nan       nan       nan       nan       nan
  116 6     -1 -0.1035  1.4975   21867.1   27301.0    3210.4  1.1637  1.7539  135506.0  185971.2 -199093.4
        nan       nan      -nan       nan       nan       nan       nan       nan       nan       nan
  117 6      0  1.3332  1.7351   19805.5   27706.3    2397.4  1.1637  1.7539  134559.9  184545.3 -199906.4
        nan       nan      -nan       nan       nan       nan       nan       nan       nan       nan
vertex track :        181   3 118   16068127 -1.0052  0.7600  139958.2  181467.6     420.7   211     nan
  115 6     -2 -1.0066  0.7535   13060.3   27589.3    6586.6 -1.0158  0.7595  128488.7  186004.0 -195721.6
        nan       nan      -nan       nan       nan       nan       nan       nan       nan       nan
  116 6     -1 -0.9998  0.7666   14633.8   24363.1    3723.9 -1.0158  0.7595  131396.8  183829.6 -198584.3
        nan       nan      -nan       nan       nan       nan       nan       nan       nan       nan
  117 6      0 -1.0143  0.7516   15731.6   22002.5    2865.9 -1.0158  0.7595  132268.4  183178.0 -199442.3
        nan       nan      -nan       nan       nan       nan       nan       nan       nan       nan
vertex track :        183   3 118   16068326 -1.0807 -0.1532  140359.0  182744.3     421.7   211     nan
  115 6     -2 -1.1785 -0.0835   11655.2   22908.4    6595.7 -1.0783 -0.1575  128485.3  181632.7 -195720.1
        nan       nan      -nan       nan       nan       nan       nan       nan       nan       nan
  116 6     -1 -1.0175 -0.1648   16554.3   22032.0    3233.7 -1.0783 -0.1575  132110.3  182162.2 -199082.1
        nan       nan      -nan       nan       nan       nan       nan       nan       nan       nan
  117 6      0 -1.0428 -0.2046   16224.2   23925.1    2392.7 -1.0783 -0.1575  133017.1  182294.7 -199923.0
        nan       nan      -nan       nan       nan       nan       nan       nan       nan       nan
vertex track :        203   3 118   16069930  0.6566 -0.9889  138661.8  183330.7     425.4   211     nan
  115 6     -2  0.6550 -0.9579   22790.3   18088.8    6582.7  0.6700 -0.9799  137556.8  177146.1 -195735.1
        nan       nan      -nan       nan       nan       nan       nan       nan       nan       nan
  116 6     -1  0.6665 -0.9620   18731.4   20595.2    3718.2  0.6700 -0.9799  135637.6  179953.1 -198599.6
        nan       nan      -nan       nan       nan       nan       nan       nan       nan       nan
  117 6      0  0.6240 -0.9582   18404.8   19709.0    2866.0  0.6700 -0.9799  135066.7  180788.1 -199451.8
        nan       nan      -nan       nan       nan       nan       nan       nan       nan       nan
vertex track :        205   3 118   16070130  0.1815  0.3618  138301.4  182251.7     421.7   211     nan
  115 6     -2  0.1899  0.4366   17811.3   25856.0    6590.0  0.1816  0.3696  134200.0  184374.4 -195718.5
        nan       nan      -nan       nan       nan       nan       nan       nan       nan       nan
  116 6     -1  0.1883  0.3690   19054.9   23416.9    3236.0  0.1816  0.3696  133591.0  183134.6 -199072.5
        nan       nan      -nan       nan       nan       nan       nan       nan       nan       nan
  117 6      0  0.2062  0.4497   17784.0   24923.5    2407.8  0.1816  0.3696  133440.6  182828.4 -199900.7
        nan       nan      -nan       nan       nan       nan       nan       nan       nan       nan
vertex track :        250   3 118   16971525 -2.2661 -3.7147  143957.5  190454.2     430.1     0   923.4
  115 6     -2 -2.2637 -3.7288    8985.3    7206.6    6586.8 -2.1901 -3.6615  125198.3  167827.3 -195779.8
     1879.1     235.8    8211.8    5478.0    9686.7    7907.5    9966.6    9141.5    7808.6    5722.8
  116 6     -1 -2.2726 -3.7867   14633.6   18878.1    3721.8 -2.1901 -3.6615  131473.1  178317.8 -198644.9
      991.6     110.2   14217.8   17971.1   14761.1   18876.4   15257.0   19991.2   14028.8   18084.6
  117 6      0 -2.2804 -3.6872   16712.2   20283.3    2866.4 -2.1901 -3.6615  133346.4  181449.7 -199500.2
      686.6      41.6   16386.5   19677.5   16629.9   20071.0   17245.6   21095.4   16315.7   19721.3
