groupid:   9883, ntrk:  7
vertex track :          0   3 117   14472143 -0.1641 -0.5032  176380.7  170673.8     182.5    13  2696.8
  118 6      1 -0.1665 -0.5011   57552.7   13096.0   -2864.6 -0.1640 -0.5028  172659.4  173028.8 -202614.4
       51.6       4.6   57540.7   13045.6   57538.3   13038.3   57774.5   13355.9   57532.1   13048.4
  119 6      2 -0.1657 -0.5014   55922.2   11601.2   -3716.5 -0.1640 -0.5028  172799.1  173457.2 -203466.3
       61.2       7.4   55910.1   11540.8   55913.7   11551.7   56144.2   11871.2   55896.0   11545.4
  120 6      3 -0.1616 -0.5053   57485.2   15787.4   -6586.5 -0.1640 -0.5028  173269.9  174900.3 -206336.3
       96.4      13.9   57469.1   15691.4   57493.9   15769.0   57711.2   16093.0   57442.6   15699.8
vertex track :         61   3 117   15608582 -0.9951 -2.3961  176075.2  170013.0     180.6     0 10001.0
  118 6      1 -0.7186 -2.1225   58873.3   15521.0   -2399.5 -0.9915 -2.3944  174412.4  177011.2 -202146.4
      299.5       9.9   58786.7   15234.2   58827.8   15355.7   59169.2   16015.7   58767.9   15240.5
  119 6      2 -1.0349 -2.2223   59312.2   21944.6   -3237.6 -0.9915 -2.3944  175243.4  179018.0 -202984.5
      373.2      13.8   59167.2   21600.5   59264.9   21810.3   59666.1   22496.5   59142.1   21612.2
  120 6      3 -0.9977 -2.2561   63522.9   24727.8   -6679.7 -0.9915 -2.3944  178656.2  187259.7 -206426.6
      698.4      28.4   63266.4   24077.6   63621.8   24881.3   63988.4   25585.8   63214.5   24100.6
vertex track :         91   3 118   14948500  0.7530  0.6737  177814.1  172885.0     373.7   211     nan
  115 6     -2  0.7478  0.6823   62507.9   18607.6    6596.4  0.7581  0.6892  177385.0  177263.6 -195747.7
        nan       nan      -nan       nan       nan       nan       nan       nan       nan       nan
  116 6     -1  0.7262  0.6829   58302.6   15753.4    3719.6  0.7581  0.6892  175204.2  175280.8 -198624.5
        nan       nan      -nan       nan       nan       nan       nan       nan       nan       nan
  117 6      0  0.7453  0.6633   57778.5   13324.9    2870.6  0.7581  0.6892  174560.6  174695.6 -199473.5
        nan       nan      -nan       nan       nan       nan       nan       nan       nan       nan
vertex track :         96   3 118   14949703 -0.7533 -0.3175  178543.0  172373.3     370.8   211     nan
  115 6     -2 -0.7545 -0.3201   52226.1   11345.4    6375.6 -0.7425 -0.3210  168941.1  170541.8 -195967.8
        nan       nan      -nan       nan       nan       nan       nan       nan       nan       nan
  116 6     -1 -0.6917 -0.3044   55933.7   10806.3    3244.0 -0.7425 -0.3210  171266.4  171546.9 -199099.4
        nan       nan      -nan       nan       nan       nan       nan       nan       nan       nan
  117 6      0 -0.7891 -0.3204   55412.1   12869.4    2432.7 -0.7425 -0.3210  171868.9  171807.3 -199910.7
        nan       nan      -nan       nan       nan       nan       nan       nan       nan       nan
vertex track :        105   3 118   15777936  1.9299  1.8380  173292.8  167361.7     369.8   211     nan
  115 6     -2  1.9217  1.8170   65527.2   20614.8    6609.0  1.9526  1.8921  180365.2  179201.4 -195692.0
        nan       nan      -nan       nan       nan       nan       nan       nan       nan       nan
  116 6     -1  1.9367  1.8386   57649.9   14023.9    3717.7  1.9526  1.8921  174719.6  173730.9 -198583.3
        nan       nan      -nan       nan       nan       nan       nan       nan       nan       nan
  117 6      0  1.9903  1.8011   56132.3   10575.9    2872.3  1.9526  1.8921  173069.0  172131.5 -199428.7
        nan       nan      -nan       nan       nan       nan       nan       nan       nan       nan
vertex track :        112   3 118   15827192 -1.0322  0.5041  179252.2  170771.4     369.4   211     nan
  115 6     -2 -0.9144  0.4547   50979.1   15353.5    6413.0 -1.0262  0.4962  167917.1  173869.4 -195928.0
        nan       nan      -nan       nan       nan       nan       nan       nan       nan       nan
  116 6     -1 -1.0466  0.4937   55694.9   12142.9    3227.9 -1.0262  0.4962  171185.7  172289.0 -199113.1
        nan       nan      -nan       nan       nan       nan       nan       nan       nan       nan
  117 6      0 -0.9647  0.4742   55229.0   13588.6    2434.9 -1.0262  0.4962  171999.5  171895.6 -199906.2
        nan       nan      -nan       nan       nan       nan       nan       nan       nan       nan
vertex track :        130   3 118   16752940  0.5499  2.6280  177625.2  172718.2     375.6     0  1300.7
  115 6     -2  0.5211  2.5797   60918.9   31004.2    6584.2  0.5439  2.6695  175856.9  189379.3 -195760.4
      714.7      87.3   60974.9   31722.0   60801.3   30862.6   61073.5   30498.9   61146.0   31687.5
  116 6     -1  0.5791  2.6339   57402.7   22056.2    3722.0  0.5439  2.6695  174300.1  181738.7 -198622.6
      403.5      41.5   57448.9   22459.1   57397.2   22224.2   57567.2   21865.9   57529.9   22441.3
  117 6      0  0.5707  2.6590   57116.2   17907.9    2866.2  0.5439  2.6695  173834.7  179454.3 -199478.3
      310.5      17.3   57164.4   18215.1   57154.0   18166.4   57278.5   17813.4   57198.3   18207.8
