groupid:   9965, ntrk: 13
vertex track :          0   3  65    4329682  0.9084  0.2997  102550.7   92102.7     145.1    13   576.6
   66 3      1  0.9098  0.2916  100531.9   15089.8   -2869.2  0.9006  0.2873   98592.4   93370.5 -106062.9
       94.0      14.9  100616.8   15132.7  100628.9   15136.5  100657.8   15257.3  100625.9   15104.3
   67 3      2  0.9097  0.2913  100583.2   13414.7   -3718.2  0.9006  0.2873   97827.8   93126.5 -106911.9
      118.6      35.2  100685.4   13484.3  100650.7   13473.2  100692.0   13555.4  100706.9   13417.4
   68 3      3  0.9103  0.2971  100099.0   13476.5   -6586.5  0.9006  0.2873   95244.7   92302.4 -109780.2
      195.2      69.7  100262.9   13603.3  100083.0   13544.6  100146.0   13560.0  100306.1   13470.7
vertex track :         26   3  65    2107890  0.4351 -2.3646  100692.4   83512.3     196.9   211   519.6
   66 3      1  0.2457 -2.1953   99233.3   12073.9   -3184.8  0.4240 -2.3275   98013.0   93684.3 -106425.6
      350.4      49.4   99321.4   11731.2   99295.0   11966.6   99355.4   12624.4   99223.1   11720.2
   67 3      2  0.4598 -2.3570   97549.4   10825.0   -4009.8  0.4240 -2.3275   97663.2   95604.5 -107250.6
      491.7     114.4   97755.8   10364.3   97664.1   10834.5   97553.4   11493.3   97531.2   10320.5
   68 3      3  0.2695 -2.3176   94448.1   18920.1   -6067.4  0.4240 -2.3275   96790.8  100393.5 -109308.1
      748.0     190.3   94723.5   18199.1   94607.4   19198.3   94383.0   19848.7   94345.5   18155.1
vertex track :         51   3  65    4329694  1.3429  0.0670  102906.1   91860.1     145.1     0   824.9
   66 3      1  1.3417  0.0546   99513.1   15593.0   -2867.8  1.3304  0.0546   97648.6   93830.5 -106062.2
      136.7      14.7   99649.1   15613.3   99657.7   15613.7   99588.4   15782.8   99650.3   15583.9
   67 3      2  1.3435  0.0562   99215.3   14103.4   -3720.4  1.3304  0.0546   96514.3   93784.0 -106914.7
      169.5      33.5   99383.2   14143.9   99326.8   14141.6   99258.8   14272.9   99386.0   14077.0
   68 3      3  1.3418  0.0576   97828.0   14614.9   -6587.6  1.3304  0.0546   92699.7   93627.4 -109782.0
      276.8      66.2   98101.7   14692.9   97830.4   14681.2   97765.6   14747.0   98107.3   14560.7
vertex track :         52   3  65    4329977 -1.6518  0.0729   95530.4   91470.3     151.0     0 10001.0
   66 3      1 -1.6806  0.0884  100217.3   12854.2   -3186.5 -1.6373  0.0987   99795.8   93395.1 -106377.4
      190.3       9.3  100026.9   12854.9  100053.9   12853.5  100616.1   13063.7  100027.8   12873.6
   67 3      2 -1.6087 -0.0526  100146.3    9619.9   -4012.9 -1.6373  0.0987  101148.9   93313.5 -107203.8
      225.6      12.0   99921.2    9600.5  100034.4    9604.2  100579.8    9849.2   99920.4    9624.5
   68 3      3 -1.7121  0.0111  103073.1   11021.9   -6025.1 -1.6373  0.0987  104443.3   93114.8 -109216.0
      316.5      18.0  102756.5   11005.9  103030.0   11004.1  103598.1   11247.9  102756.7   11042.0
vertex track :         74   3  65    4976371  0.6269  0.1928  101745.1   91796.7     149.0   211   582.3
   66 3      1  0.6280  0.1870  100635.8   15114.0   -2868.3  0.6247  0.1806   98622.6   93401.6 -106064.7
       63.9      11.9  100693.7   15143.6  100703.1   15146.4  100788.6   15294.6  100700.5   15120.9
   67 3      2  0.6262  0.1893  100939.5   13492.0   -3719.0  0.6247  0.1806   98091.1   93247.9 -106915.5
       80.7      28.2  101008.6   13542.3  100985.6   13535.4  101081.0   13651.9  101024.9   13488.4
   68 3      3  0.6267  0.1912  101024.7   13731.9   -6584.5  0.6247  0.1806   96300.9   92730.3 -109780.9
      132.8      55.8  101135.4   13824.0  101013.0   13786.7  101124.6   13850.0  101168.0   13717.3
vertex track :        169   3  65    5855887 -0.1606  1.9912  100102.6   96226.1     150.8   211   502.1
   66 3      1  0.0365  1.8491  100502.1   12159.9   -3182.8 -0.1592  1.9678   99404.3   91780.4 -106381.2
      260.8      39.9  100467.4   12421.5  100464.7   12288.3  100746.9   12110.2  100547.2   12419.9
   67 3      2 -0.2223  1.9185   99049.7    7304.7   -4008.2 -0.1592  1.9678   99535.7   90156.2 -107206.6
      358.3      92.7   98916.4    7649.9   98952.2    7341.0   99392.8    7171.3   99100.5    7671.2
   68 1      3 -0.2116  1.9865   98321.5   80977.2   -6064.6 -0.1592  1.9678   99863.0   86109.5 -109263.0
      541.0     154.7   98110.4   81498.7   98180.6   80840.0   98742.4   80667.6   98418.0   81531.5
vertex track :        207   3  66    4337739 -0.7277 -0.9438  100891.6   92187.2     157.1     0  2372.7
   63 3     -2 -0.7232 -0.9387   95934.9    8287.0    6586.7 -0.7152 -0.9230   94244.7   87646.5  -99794.1
      211.0      23.4   95824.7    8105.6   95930.4    8242.8   96254.4    8677.6   95787.6    8134.2
   64 3     -1 -0.7212 -0.9465   98061.4   10581.3    3715.1 -0.7152 -0.9230   96298.6   90297.0 -102665.8
      130.8      12.0   97991.6   10470.0   97998.8   10479.4   98340.5   10901.7   97972.6   10484.5
   65 3      0 -0.7249 -0.9461   98362.9   10291.8    2867.9 -0.7152 -0.9230   96904.5   91078.9 -103512.9
      109.5       6.9   98301.8   10200.6   98282.8   10175.8   98633.3   10592.0   98290.8   10209.0
vertex track :        210   3  66    4337987 -0.0817 -0.7514  101505.6   92928.0     156.3   211     nan
   63 3     -2 -0.0916 -0.7674   99855.2    9800.5    6889.1 -0.0750 -0.7401   98944.7   89323.2  -99492.1
        nan       nan      -nan       nan       nan       nan       nan       nan       nan       nan
   64 3     -1 -0.0840 -0.7746  100880.3   12773.6    4057.5 -0.0750 -0.7401   99157.0   91418.9 -102323.7
        nan       nan      -nan       nan       nan       nan       nan       nan       nan       nan
   65 3      0 -0.1042 -0.7590  102100.6   14188.7    3224.7 -0.0750 -0.7401   99219.4   92035.3 -103156.5
        nan       nan      -nan       nan       nan       nan       nan       nan       nan       nan
vertex track :        227   3  66    4580049 -0.4622  0.5021  100500.5   91876.7     157.1     0  3258.8
   63 3     -2 -0.4547  0.5004   97425.3   17998.9    6584.8 -0.4610  0.4998   95493.2   96490.5  -99795.3
      115.8      13.6   97337.4   18075.5   97397.7   18009.1   97722.8   18132.8   97357.5   18093.7
   64 3     -1 -0.4620  0.5073   98720.5   16162.3    3717.7 -0.4610  0.4998   96814.9   95057.7 -102662.4
       72.6       7.1   98666.3   16211.2   98667.1   16210.4   98984.1   16323.9   98676.8   16220.8
   65 3      0 -0.4650  0.5007   98813.5   14634.3    2867.9 -0.4610  0.4998   97206.7   94632.9 -103512.2
       61.2       4.5   98768.5   14676.0   98754.2   14691.5   99068.0   14803.0   98775.2   14682.2
vertex track :        235   3  66    4596806 -1.5194 -1.0112  104443.3   94027.2     154.2     0  2164.7
   63 3     -2 -1.5316 -0.9868   93235.6    9188.5    6931.1 -1.4928 -0.9884   92240.8   88671.7  -99452.5
      403.9      39.4   92917.4    8936.6   93274.9    9166.9   93762.3    9649.4   92874.7    9002.9
   64 3     -1 -1.6723 -0.8428   98449.3   12951.3    4060.9 -1.4928 -0.9884   96525.4   91508.6 -102322.6
      248.7      20.6   98236.5   12820.9   98329.4   12867.8   98870.4   13290.8   98217.9   12857.8
   65 3      0 -1.5064 -1.0988  100975.1   14460.4    3224.9 -1.4928 -0.9884   97773.4   92334.9 -103158.6
      205.5      11.4  100815.8   14330.1  100831.5   14341.5  101342.9   14799.6  100802.4   14348.5
vertex track :        239   3  66    4597281  1.1785 -0.7608  100192.8   93844.4     156.1   211     nan
   63 3     -2  1.1714 -0.7562  108368.1   11225.8    6587.1  1.1802 -0.7626  105728.0   90318.7  -99792.1
        nan       nan      -nan       nan       nan       nan       nan       nan       nan       nan
   64 3     -1  1.1818 -0.7612  105082.3   12997.9    3718.9  1.1802 -0.7626  102343.0   92505.8 -102660.2
        nan       nan      -nan       nan       nan       nan       nan       nan       nan       nan
   65 3      0  1.1835 -0.7539  103810.8   12537.9    2868.6  1.1802 -0.7626  101339.4   93154.2 -103510.6
        nan       nan      -nan       nan       nan       nan       nan       nan       nan       nan
vertex track :        264   3  66    4732862 -0.2051  1.9744  101462.7   90724.4     155.3   211   360.2
   63 3     -2 -0.1527  2.0362   98893.8   25603.3    6877.8 -0.2148  1.9510   97976.6  105247.4  -99501.7
      696.6     241.7   98600.6   26279.9   98672.8   25318.2   99396.8   25138.8   99082.7   26316.1
   64 3     -1 -0.1245  1.9046  100233.7   20818.4    4063.1 -0.2148  1.9510   98581.1   99756.1 -102316.4
      388.3     123.2  100085.4   21197.8  100109.9   20822.9  100591.8   20650.9  100331.3   21213.9
   65 3      0 -0.2885  1.9662  101803.1   19795.4    3222.6 -0.2148  1.9510   98761.6   98116.4 -103156.9
      254.3      50.3  101716.3   20039.7  101729.6   19949.4  102099.5   19763.1  101815.9   20054.3
vertex track :        322   3  66    5024213 -1.9797  1.1085  101713.4   91391.8     155.5     0  2941.3
   63 3     -2 -2.0001  1.0655   88143.7   21699.8    6585.5 -1.9687  1.1094   87006.7   99921.8  -99794.7
      530.1      37.9   87658.0   21915.5   88173.7   21640.8   88837.3   21695.0   87693.6   21982.4
   64 3     -1 -1.9845  1.1086   93766.8   18095.5    3720.2 -1.9687  1.1094   92647.5   96743.2 -102660.0
      314.3      19.3   93483.0   18232.0   93615.1   18158.2   94258.6   18170.2   93501.9   18265.6
   65 3      0 -1.9792  1.1032   95142.9   16083.3    2868.6 -1.9687  1.1094   94324.2   95798.4 -103511.6
      253.8      10.9   94915.9   16197.4   94943.6   16181.9   95577.9   16180.4   94926.5   16216.4
