groupid:  10237, ntrk:  7
vertex track :          0   3  33    5284006  0.1291 -0.2219  114641.7  113973.6     139.0    13   756.0
   34 3      1  0.1273 -0.2226  117401.3   36874.5   -2869.4  0.1262 -0.2245  114905.0  113630.7  -46500.2
       27.3       6.9  117420.8   36854.2  117420.4   36854.9  117591.9   37104.6  117408.9   36847.4
   35 3      2  0.1294 -0.2217  117224.7   38841.6   -3718.4  0.1262 -0.2245  114797.9  113821.3  -47349.1
       35.9      16.7  117257.2   38819.0  117248.2   38834.5  117402.3   39074.0  117228.4   38802.2
   36 3      3  0.1271 -0.2229  113770.0   37276.3   -6588.9  0.1262 -0.2245  114435.7  114465.6  -50219.7
       60.9      33.3  113829.1   37239.8  113795.4   37298.9  113921.0   37522.5  113771.2   37206.9
vertex track :         17   3  33    5282736  2.2748 -2.2287  118124.6  110816.8     137.8     0  9635.5
   34 3      1  2.2587 -2.3771  110292.5   36209.1   -3159.7  2.2706 -2.2342  111273.4  117166.0  -46790.7
      507.2      14.9  110652.7   35851.7  110428.3   36087.9  110144.6   36774.1  110631.1   35831.2
   35 3      2  2.1940 -2.4455  107801.6   39394.7   -3969.1  2.2706 -2.2342  109435.7  118974.2  -47600.1
      616.0      19.9  108227.8   38949.5  107865.8   39353.0  107587.6   40047.5  108198.1   38922.9
   36 3      3  2.2972 -1.9198  104603.4   49669.1   -6898.7  2.2706 -2.2342  102783.5  125519.5  -50529.7
     1021.7      35.1  105409.8   49040.8  104324.3   49948.0  104009.2   50505.4  105364.9   48987.0
vertex track :         43   3  33    5502381  0.8707  0.6017  117136.5  116516.1     137.7  2212     nan
   34 3      1  0.8777  0.5938  117530.5   36782.3   -2872.7  0.8724  0.5949  115177.2  113699.9  -46490.1
        nan       nan      -nan       nan       nan       nan       nan       nan       nan       nan
   35 3      2  0.8704  0.6025  116734.1   38104.0   -3721.8  0.8724  0.5949  114436.4  113194.8  -47339.2
        nan       nan      -nan       nan       nan       nan       nan       nan       nan       nan
   36 3      3  0.8778  0.5986  111112.1   34157.9   -6586.2  0.8724  0.5949  111937.3  111490.8  -50203.6
        nan       nan      -nan       nan       nan       nan       nan       nan       nan       nan
vertex track :         53   3  33    5505585 -2.3900  2.3547  108502.5  120074.4     143.5   211     nan
   34 3      1 -2.3348  2.4556  113985.8   32395.8   -3182.6 -2.3552  2.3586  117029.4  111242.9  -46808.3
        nan       nan      -nan       nan       nan       nan       nan       nan       nan       nan
   35 3      2 -2.4172  2.3267  115590.5   31716.0   -4004.2 -2.3552  2.3586  118964.4  109305.0  -47629.9
        nan       nan      -nan       nan       nan       nan       nan       nan       nan       nan
   36 3      3 -2.3404  2.1926  125287.9   28719.8   -6910.7 -2.3552  2.3586  125809.6  102449.8  -50536.3
        nan       nan      -nan       nan       nan       nan       nan       nan       nan       nan
vertex track :         88   3  33    6167990  0.8730  0.8209  116712.7  116946.2     140.0  2212   370.9
   34 3      1  0.8795  0.8094  117101.0   36512.1   -2876.5  0.8755  0.8125  114739.9  113469.6  -46495.9
      165.4      74.9  117172.0   36679.2  117113.3   36625.2  117241.0   36555.8  117273.4   36569.0
   35 3      2  0.8738  0.8206  116289.1   37681.1   -3711.8  0.8755  0.8125  114008.6  112790.9  -47331.2
      321.2     185.9  116396.0   38036.5  116111.2   37769.0  116393.1   37536.5  116650.5   37765.5
   36 3      3  0.8787  0.8178  110661.3   33076.5   -6586.9  0.8755  0.8125  111491.4  110454.8  -50206.3
      618.8     371.1  110861.4   33769.7  110140.1   33098.3  110672.1   32594.2  111367.1   33226.5
vertex track :        277   3  34    6364743 -3.4687  1.6983  126006.9  111452.0     251.5   211   232.6
   31 3     -2 -3.5185  1.6772  105141.4   42782.0    6581.5 -3.4148  1.6593  102659.2  119494.3  -40389.6
     3957.8     938.1  101165.1   43638.3  107571.6   40584.4  109324.3   42137.4  101972.4   45331.9
   32 3     -1 -3.4568  1.7434  113267.0   39186.7    3718.4 -3.4148  1.6593  112436.2  114743.6  -43252.7
     1932.0     448.2  111340.2   39656.5  114064.2   38282.6  115400.4   38928.6  111743.8   40456.9
   33 3      0 -3.4611  1.7171  112656.7   36139.6    2869.4 -3.4148  1.6593  115335.4  113334.8  -44101.7
      882.7     168.3  111791.2   36381.1  112645.8   35957.1  113728.8   36109.8  111940.8   36682.6
vertex track :        285   3  34    6366567 -3.4042  2.8909  118915.6  113901.1     249.2     0  4675.3
   31 3     -2 -3.4667  2.9112   95671.0   53086.4    6319.7 -3.3394  2.8236   96890.6  128565.4  -40616.2
     1632.4      58.6   94383.2   54091.3   96155.3   52603.1   97165.3   52294.5   94458.6   54181.1
   32 3     -1 -3.4019  2.9131  107190.0   45128.6    3971.1 -3.3394  2.8236  104733.9  121933.7  -42964.9
     1021.1      33.4  106392.6   45767.4  107229.5   45050.8  108193.9   44702.7  106436.1   45818.1
   33 3      0 -3.5525  3.0892  111410.9   44751.2    3167.1 -3.3394  2.8236  107418.6  119663.7  -43768.8
      813.9      19.9  110783.6   45270.2  111266.0   44850.8  112244.5   44445.2  110809.7   45300.2
