groupid:  10074, ntrk: 13
vertex track :          0   3 103    5497163 -0.0073 -0.1888  188124.8  112239.6     331.6    13  1604.1
  104 4      1 -0.0062 -0.1891   66049.2   32362.6   -2868.3 -0.0079 -0.1879  186698.5  110117.4 -174792.3
       21.5       3.6   66052.2   32341.1   66052.3   32344.2   66256.3   32594.0   66044.9   32341.3
  105 4      2 -0.0053 -0.1885   67497.7   34970.4   -3716.7 -0.0079 -0.1879  186705.3  110276.8 -175640.6
       26.6       8.2   67505.2   34943.6   67505.6   34957.2   67700.2   35207.1   67488.8   34944.1
  106 4      3 -0.0047 -0.1893   67315.9   35161.0   -6584.0 -0.0079 -0.1879  186728.0  110815.6 -178508.0
       43.3      15.9   67330.8   35117.3   67332.0   35164.2   67511.1   35414.6   67298.9   35118.1
vertex track :         14   3 103    5720237  1.3069 -0.2990  191228.7  111984.6     329.7  2212   513.3
  104 4      1  1.3958 -0.3176   68958.1   37217.7   -2853.9  1.3119 -0.2947  185619.1  110206.3 -174772.2
      161.2      48.9   69126.1   37229.6   69105.0   37234.4   69001.5   37415.5   69104.4   37134.3
  105 4      2  1.2024 -0.3330   65957.7   36092.5   -3669.6  1.3119 -0.2947  184549.0  110446.6 -175587.9
      255.1     117.1   66234.8   36137.3   65995.6   36203.6   65891.8   36257.4   66172.3   35911.5
  106 4      3  1.2066 -0.3067   63293.5   39510.3   -6776.1  1.3119 -0.2947  180473.6  111362.0 -178694.3
      479.6     238.9   63817.2   39623.7   63141.0   39795.6   62981.1   39606.6   63699.5   39160.7
vertex track :         80   3 103    6376827 -1.0267  0.0635  186879.0  112554.8     332.7     0 10001.0
  104 4      1 -1.0304  0.0568   67729.7   31958.8   -2867.9 -1.0309  0.0636  188719.0  109624.6 -174794.5
      102.9       6.5   67626.5   31957.9   67615.7   31958.5   68041.7   32169.7   67627.3   31971.0
  105 4      2 -1.0296  0.0526   70002.8   34374.0   -3716.9 -1.0309  0.0636  189594.3  109570.6 -175643.5
      121.1       8.5   69881.4   34371.8   69907.2   34370.4   70333.2   34586.4   69882.3   34388.7
  106 4      3 -1.0293  0.0510   73035.1   33821.4   -6587.3 -1.0309  0.0636  192553.4  109388.0 -178513.9
      188.5      14.6   72846.0   33816.2   73006.5   33808.2   73433.1   34036.7   72847.5   33845.3
vertex track :        109   3 104    5937248  1.4360 -0.3566  184389.4  110938.8     209.7     0  1649.8
  101 4     -2  1.4356 -0.3560   75146.1   32268.9    6577.2  1.4481 -0.3663  194187.5  107847.2 -168083.2
      283.0      36.6   75429.6   32236.3   75181.8   32297.7   75074.1   32511.1   75412.0   32165.2
  102 4     -1  1.4336 -0.3559   70193.0   33965.3    3717.4  1.4481 -0.3663  190046.2  108894.8 -170943.0
      171.9      18.1   70364.2   33941.5   70331.6   33949.6   70233.2   34198.8   70355.4   33906.3
  103 4      0  1.4360 -0.3586   70422.1   33509.5    2866.5  1.4481 -0.3663  188814.0  109206.5 -171793.9
      141.3       9.0   70561.3   33484.0   70588.7   33477.2   70494.2   33744.6   70557.0   33466.5
vertex track :        131   3 104    6168997  1.2996 -1.1348  185555.3  111213.2     207.0  2212   794.3
  101 4     -2  1.1791 -1.0276   74219.8   21964.6    6645.0  1.3106 -1.1471  194575.5  103063.3 -168014.5
      436.4     131.9   74635.5   21777.3   74225.1   22135.0   74015.4   22360.9   74462.2   21578.5
  102 4     -1  1.1522 -1.1530   69833.6   29521.0    3701.4  1.3106 -1.1471  190717.6  106439.9 -170958.2
      242.6      62.5   70049.3   29393.6   69948.4   29494.6   69829.1   29857.2   69960.9   29305.2
  103 4      0  1.2441 -1.1621   67703.9   26664.2    2868.1  1.3106 -1.1471  189625.5  107395.7 -171791.5
      178.9      24.6   67851.5   26560.0   67851.2   26560.2   67767.6   26977.2   67817.9   26524.0
vertex track :        134   3 104    6181443  0.6336 -3.1903  184440.3  118896.7     215.6   211   413.8
  101 4     -2  0.6426 -3.2010   69843.9   21302.2    6582.4  0.6360 -3.2146  189083.5   97662.6 -168069.6
     1591.6     373.9   70523.7   19815.3   70032.1   22264.0   69374.7   22995.9   69790.6   19668.2
  102 4     -1  0.6399 -3.2046   67288.2   31416.3    3720.2  0.6360 -3.2146  187263.3  106863.1 -170931.7
      823.1     179.7   67625.6   30644.3   67437.6   31585.7   67161.4   32395.1   67273.2   30573.9
  103 4      0  0.6352 -3.1931   68178.5   33344.2    2866.2  0.6360 -3.2146  186720.1  109608.3 -171785.7
      494.0      68.3   68341.9   32873.0   68282.5   33171.5   68225.7   34022.2   68207.8   32846.3
vertex track :        141   3 104    6358996 -3.9902  3.8809  192450.7  104325.9     199.8   211     nan
  101 4     -2 -4.4982  3.8406   45917.2   48094.6    6649.8 -3.9906  3.8756  167316.4  128552.0 -168009.6
        nan       nan      -nan       nan       nan       nan       nan       nan       nan       nan
  102 4     -1 -3.7601  4.1786   57002.2   41170.2    3651.1 -3.9906  3.8756  179283.1  116930.2 -171008.3
        nan       nan      -nan       nan       nan       nan       nan       nan       nan       nan
  103 4      0 -3.8906  4.2288   59259.0   34253.5    2841.2 -3.9906  3.8756  182514.8  113791.6 -171818.1
        nan       nan      -nan       nan       nan       nan       nan       nan       nan       nan
vertex track :        147   3 104    6382102 -4.4165 -0.0272  195154.9  110765.6     196.1     0  4274.0
  101 4     -2 -4.3129 -0.0185   46802.9   34251.0    6582.6 -4.4343 -0.0169  167470.2  109868.5 -168070.3
     1683.2      64.8   45120.0   34179.0   47580.7   34189.5   48691.5   34533.0   45119.4   34308.6
  102 4     -1 -4.4268 -0.0266   59430.4   34934.9    3718.9 -4.4343 -0.0169  180169.2  109917.0 -170934.1
      952.2      32.8   58478.5   34896.5   59453.2   34902.3   60588.0   35183.4   58478.1   34962.0
  103 4      0 -4.4215 -0.0289   64472.8   34268.9    2868.2 -4.4343 -0.0169  183941.3  109931.4 -171784.8
      738.7      18.3   63734.2   34245.8   64283.1   34249.4   65417.0   34502.0   63734.0   34282.4
vertex track :        171   3 104    6609231 -3.9296 -1.3972  196552.6  113953.8     194.2     0  5860.5
  101 4     -2 -3.9077 -1.6621   50640.4   22840.9    6664.4 -3.9534 -1.3853  171621.4  104191.5 -167984.0
     1527.4      50.9   49254.8   22196.3   51245.2   23042.9   52232.1   23693.9   49214.9   22289.9
  102 4     -1 -4.3123 -1.3179   61372.5   31277.0    3686.1 -3.9534 -1.3853  183395.9  108317.3 -170962.4
      849.8      25.7   60567.4   31004.1   61287.2   31224.1   62383.4   31758.7   60552.3   31053.3
  103 4      0 -4.0353 -1.2160   63708.3   28771.5    2863.9 -3.9534 -1.3853  186646.0  109456.2 -171784.5
      667.7      16.1   63073.7   28563.4   63504.9   28693.4   64549.0   29188.4   63064.4   28594.3
vertex track :        174   3 104    6610050 -4.1940 -0.0070  194969.8  110138.5     196.3     0  2534.1
  101 4     -2 -4.1913 -0.0089   48163.3   33755.4    6590.2 -4.2111  0.0026  168678.0  109367.7 -168063.5
     1559.3      90.5   46604.2   33661.6   48842.6   33666.4   49928.2   34059.2   46603.8   33842.6
  102 4     -1 -4.1910 -0.0302   60036.0   34383.1    3717.0 -4.2111  0.0026  180777.5  109360.4 -170936.8
      878.6      44.5   59157.7   34332.3   60034.8   34338.6   61120.1   34643.9   59157.1   34421.3
  103 4      0 -4.2019 -0.0019   64913.6   33691.0    2867.0 -4.2111  0.0026  184356.9  109358.2 -171786.8
      676.9      21.2   64236.7   33669.5   64708.2   33669.7   65796.4   33922.5   64236.7   33711.8
vertex track :        180   3 104    6610470 -3.5591  0.3912  191337.4  109792.5     202.1     0 10001.0
  101 4     -2 -3.5534  0.4407   47745.9   30540.8    6671.2 -3.5724  0.3977  168839.7  111588.0 -167987.4
     1156.9      35.7   46593.5   30647.7   48143.4   30455.5   49104.9   30644.3   46602.3   30718.6
  102 4     -1 -3.6341  0.2623   57621.6   33768.6    3672.6 -3.5724  0.3977  179552.2  110395.5 -170986.1
      646.3      18.6   56975.6   33796.6   57501.8   33758.6   58474.0   33950.9   56978.3   33833.7
  103 4      0 -3.8915  0.9079   59310.4   29719.5    2853.8 -3.5724  0.3977  182477.2  110069.8 -171804.9
      512.6      13.2   58808.2   29823.1   58989.3   29780.8   60018.6   29826.8   58814.2   29848.8
vertex track :        186   3 104    6610871 -4.3046  0.5779  189183.4  110242.7     205.0     0  4549.3
  101 4     -2 -4.4525  0.5523   41604.8   37749.1    6595.1 -4.3187  0.5853  162187.5  113210.2 -168065.2
     1631.0      60.9   39978.7   37889.3   42280.9   37603.8   43436.4   37819.3   39993.7   38010.3
  102 4     -1 -4.3074  0.5771   53925.4   36610.4    3720.4 -4.3187  0.5853  174602.4  111527.6 -170939.9
      921.4      30.9   53008.0   36702.2   53930.0   36578.6   55048.5   36729.2   53016.2   36763.3
  103 4      0 -4.2908  0.5984   58902.4   35459.4    2868.4 -4.3187  0.5853  178282.0  111028.9 -171791.9
      715.3      17.6   58191.6   35540.7   58707.4   35468.8   59819.0   35588.6   58196.5   35575.6
vertex track :        194   3 104    6622495 -2.6988 -1.8441  191854.2  114647.8     201.8   211   497.8
  101 4     -2 -2.7081 -2.4012   53965.8   20789.7    6715.9 -2.7186 -1.8360  174767.0  101899.0 -167937.7
     1463.1     316.3   53080.9   19582.5   54701.7   21019.5   55058.0   22204.6   52661.3   20055.7
  102 4     -1 -3.0591 -1.7165   61244.9   30318.2    3689.9 -2.7186 -1.8360  182993.6  107454.8 -170963.7
      748.1     147.3   60664.5   29823.6   61327.0   30195.3   62032.1   31021.0   60520.3   30080.6
  103 4      0 -2.4835 -1.9451   62481.9   28274.5    2866.5 -2.7186 -1.8360  185231.9  108966.4 -171787.1
      482.3      57.0   62137.3   27932.2   62375.2   28118.6   63034.0   28824.8   62067.0   28022.0
