groupid:  10229, ntrk:  4
vertex track :          0   3  17    4411596 -0.0517 -0.1285  129049.4  115150.7     129.7    13   892.4
   18 4      1 -0.0517 -0.1287   10538.0   40439.4   -2869.6 -0.0537 -0.1327  129961.3  114439.7  -17688.0
       17.0       5.4   10536.7   40421.6   10538.5   40426.0   10749.2   40667.0   10526.6   40425.6
   19 4      2 -0.0511 -0.1289    9520.0   36739.9   -3719.7 -0.0537 -0.1327  130006.9  114552.5  -18538.1
       23.8      13.5    9523.8   36712.8    9530.6   36729.9    9726.2   36976.8    9498.7   36722.7
   20 4      3 -0.0518 -0.1286    9431.4   40548.0   -6587.0 -0.0537 -0.1327  130160.7  114932.9  -21405.4
       41.9      27.0    9440.7   40499.0    9461.2   40549.8    9632.0   40806.8    9390.7   40519.2
vertex track :         64   3  18    4182481  0.6378 -0.3185  129011.1  118069.8     252.2   211     nan
   15 4     -2  0.6425 -0.3218   13264.2   36730.1    4288.2  0.6367 -0.3287  131666.5  113199.2  -12976.2
        nan       nan      -nan       nan       nan       nan       nan       nan       nan       nan
   16 4     -1  0.6391 -0.3200    9311.8   36508.7    3718.8  0.6367 -0.3287  131304.0  113386.4  -13545.6
        nan       nan      -nan       nan       nan       nan       nan       nan       nan       nan
   17 4      0  0.6385 -0.3197    9511.5   37789.6    2866.9  0.6367 -0.3287  130761.6  113666.4  -14397.5
        nan       nan      -nan       nan       nan       nan       nan       nan       nan       nan
vertex track :         88   3  18    5088546  1.7469  1.5662  125389.2  114047.8     403.6   211     nan
   15 4     -2  1.6281  1.4124   14398.9   41290.7    4625.0  1.7667  1.5411  132874.0  117047.1  -12798.4
        nan       nan      -nan       nan       nan       nan       nan       nan       nan       nan
   16 4     -1  1.7235  1.4697   14167.2   41731.8    3167.6  1.7667  1.5411  130299.2  114801.0  -14255.8
        nan       nan      -nan       nan       nan       nan       nan       nan       nan       nan
   17 4      0  1.7045  1.5347   11251.0   43499.7    2332.7  1.7667  1.5411  128824.2  113514.4  -15090.7
        nan       nan      -nan       nan       nan       nan       nan       nan       nan       nan
vertex track :         89   3  18    5106367 -1.8461 -1.8854  130742.6  118791.4     405.5   211   317.3
   15 3     -2 -1.8622 -1.8627  122744.2   29697.5    4288.5 -1.8799 -1.8716  123541.4  107961.3  -13128.9
      762.2     224.3  122363.9   28999.9  123050.6   29686.8  123332.6   30603.2  122046.7   29317.0
   16 3     -1 -1.8509 -1.8775  123156.6   32647.6    3719.5 -1.8799 -1.8716  124611.1  109026.3  -13697.9
      609.6     171.2  122850.6   32093.3  123317.7   32567.2  123670.8   33409.9  122606.8   32333.6
   17 4      0 -1.8477 -1.8855    5480.0   34904.9    2870.3 -1.8799 -1.8716  126207.6  110615.7  -14547.2
      345.1      62.8    5283.3   34614.5    5378.4   34711.5    5884.9   35403.4    5193.6   34702.4
