groupid:   1063, ntrk:  5
vertex track :          0   3 115    5603279  0.1276  0.2447  111122.6  146340.6     288.6    13  1730.1
  116 3      1  0.1263  0.2454  109497.5   66196.4   -2870.5  0.1283  0.2497  107617.9  143286.9 -196865.8
       29.3       3.8  109507.5   66224.1  109507.2   66223.7  109697.6   66378.9  109514.2   66220.7
  117 3      2  0.1230  0.2466  106812.8   65064.5   -3720.1  0.1283  0.2497  107508.9  143074.8 -197715.5
       35.4       8.1  106821.4   65099.8  106815.6   65088.1  107014.3   65239.4  106835.8   65092.6
  118 3      3  0.1273  0.2447  109176.7   64568.9   -6586.1  0.1283  0.2497  107141.2  142359.3 -200581.4
       56.7      15.6  109189.1   64626.4  109163.5   64577.2  109374.5   64721.7  109216.7   64612.1
vertex track :         13   3 115    5601054  1.7570 -0.3243  114859.6  145110.5     286.4     0 10001.0
  116 3      1  1.6713 -0.3799  109344.9   70253.2   -3211.7  1.7569 -0.3309  105618.9  143976.9 -197200.9
      219.4      10.3  109561.1   70214.7  109484.3   70232.2  109340.4   70501.4  109556.5   70194.5
  117 3      2  1.8073 -0.3993  108444.5   69329.1   -4032.1  1.7569 -0.3309  104177.6  144248.4 -198021.2
      259.5      13.2  108700.8   69286.0  108573.5   69314.2  108400.1   69581.8  108695.1   69260.2
  118 3      3  1.7748 -0.3703  103082.0   70154.4   -6509.4  1.7569 -0.3309   99825.0  145068.2 -200498.6
      387.2      21.1  103465.3   70095.9  103080.0   70176.3  102910.5   70422.5  103456.7   70054.7
vertex track :         19   3 115    5602175 -0.8446 -0.0780  108903.6  145810.6     288.3   211   266.8
  116 3      1 -0.8438 -0.0808  110418.5   66704.2   -2865.6 -0.8476 -0.0755  108470.5  143781.3 -196861.0
       93.6      32.9  110328.4   66662.5  110337.7   66663.4  110717.8   66955.8  110322.2   66728.0
  117 3      2 -0.8428 -0.0933  108514.5   65846.1   -3715.8 -0.8476 -0.0755  109191.2  143845.5 -197711.3
      143.4      80.0  108380.8   65750.8  108488.9   65762.8  108857.4   66151.3  108363.2   65909.9
  118 3      3 -0.8446 -0.0784  113298.9   66147.5   -6585.4 -0.8476 -0.0755  111623.6  144062.2 -200580.9
      255.7     156.8  113058.7   65967.7  113390.6   65998.5  113748.2   66537.2  113029.8   66280.0
vertex track :         47   3 115    6257421 -2.2132 -1.9779  106782.6  142228.2     286.7   211     nan
  116 3      1 -2.3755 -1.8993  112782.8   72080.1   -3200.2 -2.2213 -1.9952  111403.8  146871.6 -197189.2
        nan       nan      -nan       nan       nan       nan       nan       nan       nan       nan
  117 3      2 -2.0132 -2.1290  115027.9   72482.4   -4009.5 -2.2213 -1.9952  113201.4  148486.1 -197998.5
        nan       nan      -nan       nan       nan       nan       nan       nan       nan       nan
  118 3      3 -2.3253 -1.8843  121271.1   78130.2   -6464.6 -2.2213 -1.9952  118655.0  153384.5 -200453.6
        nan       nan      -nan       nan       nan       nan       nan       nan       nan       nan
vertex track :        231   3 116    4260441 -0.7405  0.2663  112224.4  144124.3     151.8   211     nan
  113 3     -2 -0.7279  0.2770  108629.0   69235.9    6583.0 -0.7398  0.2754  105388.3  144968.6 -190490.8
        nan       nan      -nan       nan       nan       nan       nan       nan       nan       nan
  114 3     -1 -0.7398  0.2706  108700.4   66909.7    3719.2 -0.7398  0.2754  107507.1  144179.9 -193354.6
        nan       nan      -nan       nan       nan       nan       nan       nan       nan       nan
  115 3      0 -0.7385  0.2747  110057.5   67870.9    2867.4 -0.7398  0.2754  108137.3  143945.3 -194206.3
        nan       nan      -nan       nan       nan       nan       nan       nan       nan       nan
