groupid:  11667, ntrk: 11
vertex track :          0   3  97    4145026 -0.0618  0.0999  202157.8   80716.3     216.7    13  2061.8
   98 2      1 -0.0612  0.1003   83239.8   83206.1   -2870.2 -0.0695  0.1017  203087.0   78741.2 -163808.6
       15.2       2.6   83229.7   83217.7   83232.7   83212.8   83459.9   83404.5   83234.1   83220.4
   99 2      2 -0.0608  0.1006   85944.3   79308.9   -3720.7 -0.0695  0.1017  203146.1   78654.7 -164659.1
       19.3       6.0   85929.2   79322.3   85936.4   79310.4   86169.4   79505.6   85939.5   79328.6
  100 2      3 -0.0611  0.0997   82323.2   80249.0   -6587.8 -0.0695  0.1017  203345.3   78363.0 -167526.2
       32.3      11.9   82296.2   80270.4   82317.1   80236.2   82560.1   80437.8   82316.4   80282.8
vertex track :         39   3  97    4178274 -1.0608  0.9091  199456.5   82901.8     223.3   211     nan
   98 2      1 -1.1352  0.9737   82792.1   78251.1   -3023.3 -1.0705  0.9491  203666.6   78240.1 -163990.7
        nan       nan      -nan       nan       nan       nan       nan       nan       nan       nan
   99 2      2 -0.9479  0.7663   80514.6   75147.9   -3832.1 -1.0705  0.9491  204532.3   77472.5 -164799.4
        nan       nan      -nan       nan       nan       nan       nan       nan       nan       nan
  100 2      3 -1.0209  0.9621   85652.6   75277.2   -6370.0 -1.0705  0.9491  207249.1   75063.7 -167337.4
        nan       nan      -nan       nan       nan       nan       nan       nan       nan       nan
vertex track :         86   3  97    4906919 -0.0470 -3.8287  201962.9   76213.2     214.1   211   412.5
   98 4      1 -0.0818 -3.8318   83115.2   10846.0   -2868.2 -0.1387 -3.9248  203007.6   86564.0 -163811.4
      771.3     105.2   83203.8   10072.7   83219.6   10810.2   83236.4   11825.6   82993.6   10077.2
   99 4      2 -0.1321 -3.8303   86280.6   13169.5   -3719.1 -0.1387 -3.9248  203125.7   89903.6 -164662.3
     1304.1     258.6   86494.1   11857.2   86556.3   13659.5   86277.0   14687.9   85977.2   11875.1
  100 4      3 -0.0279 -3.8259   82793.1   23193.9   -6575.0 -0.1387 -3.9248  203521.9  101112.8 -167518.3
     2431.2     509.7   83285.1   20759.0   83314.7   24817.9   82511.2   25834.9   82265.7   20766.4
vertex track :         95   3  97    4931526  3.1502 -3.0176  204707.2   78362.3     212.8     0 10001.0
   98 2      1  3.3268 -3.2145   75904.0   84876.4   -2989.4  3.0304 -3.0444  195693.0   86367.9 -163903.1
      847.7      19.1   76526.9   84301.1   76006.3   84804.2   75494.4   85658.5   76500.3   84273.6
   99 4      2  2.9484 -3.0268   70628.8    8402.8   -3787.5  3.0304 -3.0444  193274.6   88797.6 -164701.1
     1041.8      26.1   71374.4    7674.8   70539.8    8531.7   70096.1    9337.8   71337.0    7638.4
  100 4      3  3.5828 -2.7440   63746.3   18996.1   -6127.0  3.0304 -3.0444  186184.8   95920.3 -167040.7
     1620.0      42.6   65058.4   18044.9   63238.4   19438.7   62647.8   20154.5   65006.5   17977.1
vertex track :         98   3  97    4931817  2.6666  0.5610  205644.4   81296.7     213.9   211     nan
   98 2      1  2.6723  0.5385   78545.6   82442.4   -2869.9  2.6285  0.5204  198299.5   77993.3 -163772.4
        nan       nan      -nan       nan       nan       nan       nan       nan       nan       nan
   99 2      2  2.6884  0.5306   79001.6   78066.6   -3717.7  2.6285  0.5204  196071.1   77552.0 -164620.3
        nan       nan      -nan       nan       nan       nan       nan       nan       nan       nan
  100 2      3  2.6653  0.5387   68851.9   78063.8   -6582.4  2.6285  0.5204  188541.4   76061.2 -167484.9
        nan       nan      -nan       nan       nan       nan       nan       nan       nan       nan
vertex track :        105   3  97    4932850 -0.8399  0.1236  199950.4   80779.5     220.8   211   218.9
   98 2      1 -0.9058  0.1949   82697.1   78344.8   -3026.7 -0.8613  0.1378  203441.9   78703.1 -163989.6
      102.4      43.7   82587.9   78323.6   82597.8   78321.5   83015.5   78576.3   82606.3   78409.1
   99 2      2 -0.8000  0.0815   80278.1   76083.5   -3844.5 -0.8613  0.1378  204146.2   78590.5 -164807.4
      169.1     104.5   80099.4   75996.7   80267.8   75979.5   80666.1   76380.5   80120.5   76204.7
  100 2      3 -0.8330  0.0607   84694.5   78333.3   -6382.2 -0.8613  0.1378  206331.9   78240.8 -167345.2
      291.9     192.3   84389.4   78162.7   84796.7   78133.1   85208.7   78714.0   84417.3   78546.3
vertex track :        118   3  97    7629193 -0.9771 -0.4826  200767.0   79837.0     167.8   211     nan
   98 2      1 -0.9812 -0.4770   84665.8   84094.9   -2872.0 -1.0159 -0.4842  204537.6   79649.9 -163775.5
        nan       nan      -nan       nan       nan       nan       nan       nan       nan       nan
   99 2      2 -0.9824 -0.4644   88129.9   80462.5   -3714.9 -1.0159 -0.4842  205394.0   80058.0 -164618.4
        nan       nan      -nan       nan       nan       nan       nan       nan       nan       nan
  100 2      3 -0.9764 -0.4731   86811.9   83029.6   -6589.9 -1.0159 -0.4842  208314.8   81450.0 -167493.4
        nan       nan      -nan       nan       nan       nan       nan       nan       nan       nan
vertex track :        135   3  97    8513127  1.1766 -0.4108  204904.0   79584.1     161.1   211     nan
   98 2      1  1.3302 -0.5223   81815.5   78725.6   -3021.8  1.1581 -0.4319  201935.4   79237.0 -163880.5
        nan       nan      -nan       nan       nan       nan       nan       nan       nan       nan
   99 2      2  1.2869 -0.1593   77828.3   77004.2   -3836.4  1.1581 -0.4319  200992.0   79588.8 -164695.1
        nan       nan      -nan       nan       nan       nan       nan       nan       nan       nan
  100 2      3  1.6414 -0.5350   76258.2   80600.2   -6299.5  1.1581 -0.4319  198139.6   80652.6 -167158.2
        nan       nan      -nan       nan       nan       nan       nan       nan       nan       nan
vertex track :        204   3  98    4425609 -3.6777  1.0889  212551.4   79623.2     319.5   211     nan
   95 4     -2 -3.6579  1.1188   69112.9    6797.4    6600.1 -3.7151  1.1536  189520.1   82816.8 -157459.3
        nan       nan      -nan       nan       nan       nan       nan       nan       nan       nan
   96 2     -1 -3.5987  1.1236   79085.0   82768.8    3716.6 -3.7151  1.1536  200232.4   79490.5 -160342.8
        nan       nan      -nan       nan       nan       nan       nan       nan       nan       nan
   97 2      0 -3.7948  1.0211   81108.3   80396.2    2863.5 -3.7151  1.1536  203401.7   78506.4 -161195.9
        nan       nan      -nan       nan       nan       nan       nan       nan       nan       nan
vertex track :        271   3  98    7042462 -0.7321  0.7747  204844.3   80517.4     269.6   211     nan
   95 4     -2 -0.9245  0.9333   80598.1    6828.0    6823.8 -0.7275  0.7977  200323.4   81789.7 -157197.6
        nan       nan      -nan       nan       nan       nan       nan       nan       nan       nan
   96 2     -1 -0.7030  0.8097   80876.5   82999.1    3885.7 -0.7275  0.7977  202460.8   79446.0 -160135.6
        nan       nan      -nan       nan       nan       nan       nan       nan       nan       nan
   97 4      0 -0.7264  0.7550   83072.4    6749.6    3030.8 -0.7275  0.7977  203082.8   78764.0 -160990.6
        nan       nan      -nan       nan       nan       nan       nan       nan       nan       nan
vertex track :        289   3  98    8109158 -2.3288 -2.1794  208714.9   89053.8     280.2   211   347.2
   95 2     -2 -2.3375 -2.1728   74088.3   73887.9    6581.4 -2.3735 -2.1526  194164.9   71589.2 -157448.3
     1726.0     437.8   73122.2   72392.1   75159.6   74286.0   75262.0   75591.4   72526.1   73033.4
   96 2     -1 -2.2348 -2.0760   80516.9   79558.3    3718.7 -2.3735 -2.1526  200959.6   77751.3 -160311.0
      872.1     208.4   80019.8   78812.1   80828.4   79563.2   81221.7   80512.5   79736.1   79117.5
   97 2      0 -2.4016 -2.1464   81348.3   79962.1    2863.8 -2.3735 -2.1526  202988.7   79591.5 -161165.9
      489.2      78.0   81035.5   79577.9   81260.7   79779.2   81868.6   80554.1   80931.5   79694.3
