groupid:  11688, ntrk:  7
vertex track :          0   3 105    5844705 -0.0312 -0.1441  206724.3  148041.0     368.3    13 10000.6
  106 4      1 -0.0310 -0.1439   86705.2   69499.2   -2867.6 -0.0317 -0.1453  206613.4  145044.5 -178507.1
       17.6       1.3   86702.8   69481.7   86703.7   69486.0   86917.5   69726.6   86700.1   69482.2
  107 4      2 -0.0286 -0.1444   85612.9   67930.1   -3717.4 -0.0317 -0.1453  206640.3  145168.0 -179356.9
       21.2       2.0   85610.8   67908.9   85613.0   67920.2   85825.0   68161.2   85606.8   67909.6
  108 4      3 -0.0310 -0.1444   88591.1   68737.8   -6585.0 -0.0317 -0.1453  206731.0  145584.7 -182224.5
       34.1       3.6   88587.5   68703.8   88595.3   68740.0   88804.7   68981.7   88580.4   68705.3
vertex track :         63   3 105    6913919 -1.6913  1.3303  205842.3  148776.7     370.1   211   363.6
  106 4      1 -1.6785  1.0428   91743.7   69474.1   -3072.4 -1.6853  1.3616  211431.6  140640.7 -178712.5
      318.0      64.1   91439.8   69587.5   91627.5   69470.9   92256.0   69571.8   91507.4   69696.4
  107 4      2 -1.6547  1.6368   91439.8   69034.6   -3903.4 -1.6853  1.3616  212832.0  139509.2 -179543.5
      486.0     149.0   90989.5   69270.4   91333.0   68930.6   92098.4   69010.4   91199.0   69482.3
  108 4      3 -1.4843  1.2686   95136.8   60117.9   -6705.7 -1.6853  1.3616  217554.6  135693.6 -182345.8
      848.1     280.7   94309.7   60455.6   95287.4   59619.9   96172.3   59991.5   94674.4   60882.3
vertex track :        122   3 106    7117444  0.6525  0.9995  206269.5  145915.2     195.9  2212   719.4
  103 4     -2  0.6817  0.9748   91878.3   75556.8    6587.6  0.6653  1.0059  210580.3  151016.8 -171961.5
      264.1     105.2   91943.5   75833.5   91783.9   75605.3   92023.9   75491.0   92115.9   75712.9
  104 4     -1  0.6051  1.0114   87934.4   70785.5    3720.5  0.6653  1.0059  208672.8  148132.8 -174828.7
      151.2      50.8   87968.4   70941.3   87940.2   70894.2   88110.9   70840.7   88055.6   70889.2
  105 4      0  0.6474  1.0005   88663.8   72522.8    2868.9  0.6653  1.0059  208106.2  147276.2 -175680.2
      112.7      19.9   88708.3   72628.2   88721.9   72649.1   88829.9   72628.4   88741.7   72606.6
vertex track :        184   3 106    7773950 -0.7372 -1.8806  206459.2  146078.7     194.9   211   422.1
  103 4     -2 -0.8091 -2.0655   81121.4   52819.4    6694.7 -0.7546 -1.9004  201615.3  132399.3 -171853.5
      629.1     199.1   81077.3   52161.0   81366.3   52898.8   81374.6   53685.7   80706.6   52306.2
  104 4     -1 -0.5180 -1.9455   84825.3   60844.4    3875.7 -0.7546 -1.9004  203742.6  137756.7 -174672.6
      349.0      98.7   84830.9   60481.7   84901.7   60747.8   85029.2   61415.2   84640.1   60532.5
  105 4      0 -0.6804 -1.8298   83488.3   60985.0    3072.5 -0.7546 -1.9004  204348.7  139283.1 -175475.8
      240.8      39.9   83441.8   60745.4   83466.7   60812.6   83744.2   61432.8   83367.0   60773.2
vertex track :        188   3 106    7774435  1.1557 -0.3134  202683.8  146870.4     200.0   211     nan
  103 4     -2  1.1243 -0.2924   91666.2   67735.6    6585.5  1.1622 -0.3237  210145.5  143506.2 -171961.7
        nan       nan      -nan       nan       nan       nan       nan       nan       nan       nan
  104 4     -1  1.1263 -0.3291   86319.3   66644.5    3718.4  1.1622 -0.3237  206813.5  144434.4 -174828.7
        nan       nan      -nan       nan       nan       nan       nan       nan       nan       nan
  105 4      0  1.1585 -0.3060   86625.8   69448.6    2868.2  1.1622 -0.3237  205825.4  144709.6 -175679.0
        nan       nan      -nan       nan       nan       nan       nan       nan       nan       nan
vertex track :        211   3 106    7823699 -5.4320 -4.9891  215616.6  154255.0     190.2   211     nan
  103 4     -2 -5.0033 -4.9525   59154.4   40466.0    6703.8 -5.5263 -5.0140  179843.0  120330.2 -171847.3
        nan       nan      -nan       nan       nan       nan       nan       nan       nan       nan
  104 4     -1 -5.8630 -5.6374   76523.3   57688.8    3887.6 -5.5263 -5.0140  195406.4  134450.8 -174663.5
        nan       nan      -nan       nan       nan       nan       nan       nan       nan       nan
  105 4      0 -5.2338 -5.1405   79283.5   60325.3    3079.1 -5.5263 -5.0140  199874.6  138504.8 -175472.0
        nan       nan      -nan       nan       nan       nan       nan       nan       nan       nan
vertex track :        223   3 106   11114029 -3.5696 -4.4688  216089.1  157363.2     133.6     0  7399.5
  103 4     -2 -3.5033 -4.4385   73302.2   50352.7    6588.3 -3.6587 -4.5088  192739.5  127041.0 -171905.8
     2741.7      65.6   71655.1   48160.0   74316.7   51532.1   75155.9   52751.0   71552.2   48241.2
  104 4     -1 -3.5946 -4.5351   81369.4   61004.6    3715.8 -3.6587 -4.5088  203248.9  139992.3 -174778.3
     1546.5      34.2   80435.6   59771.4   81602.0   61242.9   82509.6   62443.3   80382.0   59813.9
  105 4      0 -3.5435 -4.5301   85559.6   67200.8    2867.2 -3.6587 -4.5088  206354.0  143818.8 -175627.0
     1197.8      21.7   84838.7   66244.0   85570.5   67179.5   86486.9   68363.0   84804.5   66270.7
