groupid:  11220, ntrk: 24
vertex track :          0   3 127     407050  0.1245 -0.2453  126137.6   80904.8     177.6    13  1084.9
  128 2      1  0.1195 -0.2479    7895.2   82050.3   -2867.1  0.1198 -0.2516  124496.9   80015.1 -219243.1
       28.7       5.1    7912.3   82026.7    7912.5   82026.3    8088.3   82283.7    7903.1   82022.2
  129 2      2  0.1222 -0.2464    5627.4   80888.4   -3717.0  0.1198 -0.2516  124395.1   80228.9 -220093.0
       35.8      12.0    5654.0   80861.7    5647.9   80874.1    5810.9   81124.9    5632.6   80851.0
  130 2      3  0.1213 -0.2452    6418.8   83177.1   -6588.2  0.1198 -0.2516  124051.2   80951.3 -222964.2
       58.8      23.7    6466.0   83134.9    6439.4   83188.8    6581.6   83429.0    6423.6   83113.9
vertex track :          1   3 127     407048 -0.0771  0.1724  126125.4   80930.1     177.6   211   605.7
  128 2      1 -0.0773  0.1642    5848.5   76969.1   -2507.0 -0.0762  0.1739  125054.4   78808.0 -218882.9
       20.1       7.2    5833.4   76984.3    5834.4   76982.3    6073.4   77164.1    5846.4   76990.4
  129 2      2 -0.0756  0.1738    7056.4   78361.4   -3330.9 -0.0762  0.1739  125117.2   78664.7 -219706.8
       29.4      18.6    7027.7   78381.0    7035.3   78363.5    7295.1   78552.0    7061.7   78395.8
  130 2      3 -0.0680  0.1752    5653.5   76777.5   -6849.2 -0.0762  0.1739  125385.4   78053.0 -223225.1
       60.0      43.3    5591.5   76817.8    5620.6   76742.7    5925.4   76947.4    5672.1   76849.1
vertex track :         38   3 127     516725  0.4513  0.9040  126608.6   82557.1     172.6   211     nan
  128 2      1  0.4699  0.8949    7538.4   80779.7   -2867.5  0.4671  0.8997  123943.6   78171.5 -219235.1
        nan       nan      -nan       nan       nan       nan       nan       nan       nan       nan
  129 2      2  0.4568  0.9013    4989.9   78713.7   -3718.3  0.4671  0.8997  123546.2   77406.1 -220085.8
        nan       nan      -nan       nan       nan       nan       nan       nan       nan       nan
  130 2      3  0.4642  0.8987    4576.1   76965.8   -6588.1  0.4671  0.8997  122205.7   74823.9 -222955.7
        nan       nan      -nan       nan       nan       nan       nan       nan       nan       nan
vertex track :         50   3 127     518814 -1.1417  0.7343  123196.1   83395.4     174.6   211     nan
  128 2      1 -1.1350  0.8669    5947.7   77734.9   -2504.0 -1.1391  0.7626  124993.3   79778.4 -218877.2
        nan       nan      -nan       nan       nan       nan       nan       nan       nan       nan
  129 2      2 -1.1711  0.8266    8052.2   78705.8   -3328.6 -1.1391  0.7626  125932.6   79149.6 -219701.8
        nan       nan      -nan       nan       nan       nan       nan       nan       nan       nan
  130 2      3 -1.2260  0.7532    9774.7   75544.4   -6851.9 -1.1391  0.7626  129946.2   76462.8 -223225.1
        nan       nan      -nan       nan       nan       nan       nan       nan       nan       nan
vertex track :        115   3 127    1325719 -0.3836  0.2269  126106.9   80933.0     177.6     0  1170.4
  128 2      1 -0.3771  0.2340    9138.6   80772.9   -2869.0 -0.3839  0.2351  126000.8   78561.8 -219245.0
       44.4       5.9    9097.8   80791.3    9094.0   80793.7    9389.0   80964.7    9104.0   80801.3
  129 2      2 -0.3818  0.2301    7272.8   79328.1   -3718.0 -0.3839  0.2351  126326.8   78362.3 -220093.9
       53.7      12.6    7220.3   79345.0    7232.1   79337.9    7534.9   79521.4    7233.3   79366.6
  130 2      3 -0.3790  0.2311    9827.5   79851.7   -6586.5 -0.3839  0.2351  127428.1   77688.0 -222962.4
       86.1      24.6    9741.2   79875.5    9808.6   79834.4   10123.5   80038.2    9766.8   79917.6
vertex track :        131   3 127    1348394 -1.1092  0.6547  123785.4   82406.6     172.5     0 10001.0
  128 2      1 -1.1756  0.6607    6480.9   76974.4   -2500.0 -1.1079  0.6816  125479.4   78989.9 -218871.9
      119.0       6.3    6374.0   77027.2    6334.6   77049.3    6796.5   77132.2    6380.2   77038.1
  129 2      2 -1.1396  0.7348    8526.6   77915.4   -3328.3 -1.1079  0.6816  126397.1   78425.3 -219700.2
      141.6       8.5    8403.0   77985.0    8401.7   77985.8    8859.0   78056.5    8412.2   77999.2
  130 2      3 -1.2342  0.6413   10167.9   75044.3   -6842.4 -1.1079  0.6816  130290.3   76030.1 -223214.3
      250.0      17.2    9938.2   75144.3   10122.6   75048.4   10606.4   75154.9    9954.0   75174.8
vertex track :        136   3 127    2339674  0.0917 -0.6899  126135.9   80875.8     177.6     0   845.4
  128 2      1  0.0782 -0.6927    8030.9   82985.0   -2867.7  0.0793 -0.7003  124617.9   81352.2 -219243.7
       67.4       9.1    8047.5   82919.0    8048.8   82907.5    8224.3   83260.2    8029.4   82916.9
  129 2      2  0.0855 -0.6901    5742.4   82333.6   -3717.2  0.0793 -0.7003  124550.5   81947.1 -220093.2
       82.1      20.3    5772.6   82254.6    5770.4   82272.6    5922.2   82621.8    5732.3   82249.6
  130 4      3  0.0804 -0.6889    7342.9    8073.0   -6586.7  0.0793 -0.7003  124323.0   83956.5 -222962.7
      131.6      39.9    7397.8    7946.9    7384.2    8063.7    7498.1    8408.4    7318.5    7937.6
vertex track :        230   3 127    4799516  1.0896 -0.8534  128739.7   79215.9     138.9     0  3872.3
  128 2      1  1.0849 -0.8947    5144.8   78069.9   -2497.3  1.0809 -0.8844  124603.4   79824.1 -218833.5
      129.0       6.9    5248.7   77993.1    5277.5   77969.4    5252.0   78355.9    5240.0   77982.5
  129 2      2  1.0371 -0.8718    5290.9   80462.0   -3329.3  1.0809 -0.8844  123704.1   80559.9 -219665.5
      154.5      10.5    5415.9   80370.7    5397.2   80386.4    5376.9   80762.6    5402.4   80354.6
  130 1      3  0.9849 -0.9158  121135.2   82031.5   -6841.2  1.0809 -0.8844  119908.0   83665.8 -223177.4
      275.3      22.4  121352.0   81860.5  121155.7   82043.1  121129.4   82411.7  121321.6   81827.7
vertex track :        263   3 127    5495020  1.3721 -1.3160  128474.1   78667.5     136.1   211   136.8
  128 2      1  1.3451 -1.3400    7159.5   82326.5   -2871.1  1.3579 -1.3571  123092.7   81025.8 -219205.8
      412.1     164.4    7567.5   82152.1    7266.0   82452.4    6962.8   82709.5    7335.4   81919.1
  129 1      2  1.3585 -1.3305  123942.2   82947.9   -3717.9  1.3579 -1.3571  121942.8   82175.1 -220052.6
      920.2     411.4  124887.5   82598.1  123857.9   83606.3  123208.3   83506.5  124311.7   82010.2
  130 3      3  1.3513 -1.3547  121128.2   10228.6   -6586.2  1.3579 -1.3571  118047.8   86067.7 -222920.8
     1811.2     820.6  122988.3    9525.7  120713.9   11806.0  119479.4   11140.1  121826.3    8366.7
vertex track :        282   3 127    5634560 -1.7742  0.3223  122863.3   81884.0     140.7   211     nan
  128 2      1 -1.9479  0.4075    7529.9   77483.4   -2500.9 -1.7892  0.3556  126306.2   79360.4 -218843.4
        nan       nan      -nan       nan       nan       nan       nan       nan       nan       nan
  129 2      2 -1.8334  0.1784   10210.8   78715.1   -3327.2 -1.7892  0.3556  127784.6   79066.6 -219669.7
        nan       nan      -nan       nan       nan       nan       nan       nan       nan       nan
  130 2      3 -1.7278  0.3861   13749.0   77052.6   -6853.1 -1.7892  0.3556  134093.0   77812.9 -223195.6
        nan       nan      -nan       nan       nan       nan       nan       nan       nan       nan
vertex track :        384   3 128     541772  0.3478  0.9870  127652.8   79971.7     249.2  2212     nan
  125 4     -2  0.3362  0.9931    8062.3    9050.0    6582.0  0.3441  0.9963  126425.8   83962.1 -212387.7
        nan       nan      -nan       nan       nan       nan       nan       nan       nan       nan
  126 2     -1  0.3200  0.9785    6068.6   82724.3    3715.7  0.3441  0.9963  125439.5   81106.5 -215253.9
        nan       nan      -nan       nan       nan       nan       nan       nan       nan       nan
  127 2      0  0.3337  0.9990    5716.1   81529.1    2867.8  0.3441  0.9963  125147.7   80261.7 -216101.9
        nan       nan      -nan       nan       nan       nan       nan       nan       nan       nan
vertex track :        399   3 128     574085  1.3708 -0.1408  127426.3   82099.8     253.7   211     nan
  125 2     -2  1.3927 -0.1840   15036.7   81699.4    6202.2  1.3777 -0.1404  132203.4   78963.4 -212770.7
        nan       nan      -nan       nan       nan       nan       nan       nan       nan       nan
  126 2     -1  1.4676 -0.0928   13353.6   81914.4    3348.4  1.3777 -0.1404  128271.7   79364.2 -215624.5
        nan       nan      -nan       nan       nan       nan       nan       nan       nan       nan
  127 4      0  1.3930 -0.1774   10951.4    6407.0    2554.6  1.3777 -0.1404  127178.1   79475.7 -216418.3
        nan       nan      -nan       nan       nan       nan       nan       nan       nan       nan
vertex track :        400   3 128     574086 -1.4107  0.7629  127978.1   82195.4     253.7   211     nan
  125 3     -2 -1.4157  0.7597  117770.9    9366.3    6572.2 -1.4267  0.7674  115548.3   84745.2 -212400.1
        nan       nan      -nan       nan       nan       nan       nan       nan       nan       nan
  126 1     -1 -1.3891  0.7684  121094.9   84923.1    3705.2 -1.4267  0.7674  119638.6   82545.0 -215267.0
        nan       nan      -nan       nan       nan       nan       nan       nan       nan       nan
  127 1      0 -1.4322  0.6969  122254.6   83374.4    2872.8 -1.4267  0.7674  120826.3   81906.1 -216099.5
        nan       nan      -nan       nan       nan       nan       nan       nan       nan       nan
vertex track :        418   3 128     576320  2.0242 -1.9354  125099.7   84682.8     256.7   211   128.2
  125 2     -2  1.9622 -1.9409   17074.1   72491.9    6213.0  2.0309 -1.9204  133750.2   70958.4 -212764.8
     3934.7    1302.5   20787.5   70651.0   15604.7   75777.3   13572.7   74540.9   18955.6   68798.9
  126 2     -1  2.1102 -1.9386   13428.2   77764.9    3352.4  2.0309 -1.9204  127940.5   76452.1 -215625.4
     1793.7     588.9   15147.6   76985.1   12948.9   79005.0   11921.0   78752.8   14350.7   76117.7
  127 2      0  2.0022 -2.0486   10600.2   82383.7    2561.6  2.0309 -1.9204  126334.6   77970.7 -216416.2
      703.0     212.2   11243.4   82029.3   10681.1   82604.6   10169.1   82946.1   10939.8   81732.6
vertex track :        442   3 128    1909376 -2.1327  1.0390  129821.4   81166.1     252.2     0  3025.6
  125 3     -2 -2.1383  1.0245  115048.8   10071.8    6598.3 -2.1571  1.0458  112735.0   85497.6 -212371.1
      563.4      38.5  114524.1   10280.5  115091.2   10008.8  115781.4   10074.1  114557.4   10349.9
  126 1     -1 -2.1600  1.0108  120493.1   84816.7    3727.0 -2.1571  1.0458  118928.6   82494.8 -215242.4
      330.0      19.3  120186.0   84939.1  120330.1   84871.6  121008.0   84905.4  120202.4   84974.1
  127 1      0 -2.1405  0.9539  122294.6   82965.5    2867.2 -2.1571  1.0458  120783.2   81595.6 -216102.2
      264.2      10.8  122048.9   83063.2  122082.1   83048.4  122748.2   83078.8  122057.7   83082.9
vertex track :        469   3 128    2569483 -2.0557  0.3435  132479.4   80922.1     405.4     0  2927.9
  125 1     -2 -1.9649  0.2063  118875.3   84107.5    6198.0 -2.0767  0.3435  117071.5   80608.2 -212921.8
      421.8      31.0  118452.5   84120.8  118879.0   84076.0  119506.1   84304.5  118459.0   84182.4
  126 2     -1 -2.0781  0.4176    5601.7   82442.0    3350.6 -2.0767  0.3435  122984.8   79630.2 -215769.2
      239.6      14.5    5364.0   82475.0    5397.3   82468.3    6047.3   82619.4    5369.7   82503.4
  127 4      0 -2.0036  0.2911    6185.0    6780.1    2531.1 -2.0767  0.3435  124686.7   79348.8 -216588.7
      192.7       7.8    5993.1    6800.0    5953.8    6805.7    6584.8    6970.4    5995.4    6815.5
vertex track :        522   3 128    3125890 -2.1185 -1.5286  132381.5   84750.1     409.3   211     nan
  125 1     -2 -2.1054 -1.5500  118581.7   75604.5    6582.5 -2.1308 -1.5426  115829.8   72955.5 -212539.1
        nan       nan      -nan       nan       nan       nan       nan       nan       nan       nan
  126 1     -1 -2.0603 -1.6183  123171.7   79748.1    3710.7 -2.1308 -1.5426  121948.9   77385.4 -215410.9
        nan       nan      -nan       nan       nan       nan       nan       nan       nan       nan
  127 1      0 -2.0438 -1.6531  124959.5   80096.7    2868.4 -2.1308 -1.5426  123743.8   78684.8 -216253.2
        nan       nan      -nan       nan       nan       nan       nan       nan       nan       nan
vertex track :        530   3 128    3128292  0.6441  0.8819  128003.9   82224.0     412.1   211     nan
  125 4     -2  0.6096  0.9454   11327.5   11594.3    6215.3  0.6421  0.8885  128315.4   85081.0 -212915.4
        nan       nan      -nan       nan       nan       nan       nan       nan       nan       nan
  126 4     -1  0.7315  0.9488   11950.7    7677.1    3401.7  0.6421  0.8885  126508.6   82581.2 -215729.0
        nan       nan      -nan       nan       nan       nan       nan       nan       nan       nan
  127 4      0  0.7462  0.8918    9500.5    9702.3    2551.2  0.6421  0.8885  125962.5   81825.5 -216579.5
        nan       nan      -nan       nan       nan       nan       nan       nan       nan       nan
vertex track :        531   3 128    3128295  1.9314 -1.9015  128079.4   82030.1     412.1   211   299.8
  125 2     -2  1.9476 -1.9378   18262.1   70360.0    6598.4  1.9511 -1.9137  136736.1   67891.0 -212532.4
     1355.7     406.3   19509.7   69691.8   17996.6   71197.2   17226.4   71236.2   18936.5   69115.7
  126 2     -1  1.9539 -1.8209   11940.7   75096.5    3716.7  1.9511 -1.9137  131113.6   73405.6 -215414.0
      669.7     189.1   12559.6   74778.2   11990.0   75309.0   11533.8   75622.9   12301.8   74501.6
  127 2      0  1.9437 -1.9490   10307.6   76164.5    2872.6  1.9511 -1.9137  129466.7   75020.9 -216258.1
      367.7      69.3   10616.4   75953.2   10505.3   76064.5   10210.9   76584.0   10518.2   75855.3
vertex track :        604   3 128    5658438 -3.6874 -0.0820  130772.1   82034.8     209.6   211     nan
  125 1     -2 -3.5028 -0.2314  106531.9   82348.3    6251.2 -3.7286 -0.0892  104850.2   79199.6 -212674.0
        nan       nan      -nan       nan       nan       nan       nan       nan       nan       nan
  126 1     -1 -3.9386 -0.0890  118387.4   82777.1    3369.3 -3.7286 -0.0892  115595.8   79456.5 -215555.9
        nan       nan      -nan       nan       nan       nan       nan       nan       nan       nan
  127 3      0 -3.7672 -0.0478  120153.2    6549.0    2559.5 -3.7286 -0.0892  118615.2   79528.7 -216365.7
        nan       nan      -nan       nan       nan       nan       nan       nan       nan       nan
vertex track :        607   3 128    5813050 -0.9149 -2.8755  129952.1   87086.7     216.0     0 10001.0
  125 1     -2 -0.8878 -2.8766  123624.8   69544.8    6588.0 -0.9087 -2.8921  120736.3   66395.4 -212343.9
      846.5      29.8  123403.7   68727.2  123716.5   69740.8  124055.0   70569.6  123346.7   68744.8
  126 1     -1 -0.8146 -2.9756  124783.3   77543.0    3714.6 -0.9087 -2.8921  123347.4   74705.3 -215217.2
      488.7      16.0  124669.7   77067.5  124756.7   77385.3  125106.1   78225.6  124638.9   77075.9
  127 2      0 -0.8622 -2.8688    4957.0   78606.5    2861.7 -0.9087 -2.8921  124122.5   77172.0 -216070.1
      387.8      11.4    4856.2   78231.8    4898.4   78372.2    5266.9   79188.3    4834.5   78238.3
vertex track :        616   3 128    6364212 -1.7091  2.2655  131751.8   76947.4     337.3   211     nan
  125 3     -2 -1.5045  2.2264  119689.8   14942.1    6216.1 -1.7338  2.2825  118195.9   88027.5 -212839.1
        nan       nan      -nan       nan       nan       nan       nan       nan       nan       nan
  126 4     -1 -1.8242  2.2974    7086.2    7490.9    3402.6 -1.7338  2.2825  123074.0   81605.7 -215652.6
        nan       nan      -nan       nan       nan       nan       nan       nan       nan       nan
  127 4      0 -1.7117  2.3115    6395.0    8566.8    2552.6 -1.7338  2.2825  124547.7   79665.7 -216502.5
        nan       nan      -nan       nan       nan       nan       nan       nan       nan       nan
vertex track :        624   3 128    6390308 -1.9051 -2.1089  128979.7   83048.2     349.7   211   197.4
  125 1     -2 -1.8880 -2.1351  116379.5   70086.6    6601.4 -1.9153 -2.1377  113593.7   67393.8 -212465.3
     2364.9     745.2  115371.2   67821.3  118107.9   70916.2  117596.0   72559.7  114254.7   68808.6
  126 1     -1 -1.8664 -2.1609  120551.7   76066.9    3718.2 -1.9153 -2.1377  119115.7   73556.9 -215348.5
     1136.6     349.8  120073.5   74978.1  121167.4   76244.7  121238.0   77363.6  119544.0   75435.4
  127 1      0 -1.8222 -2.1215  122230.2   76674.7    2869.2 -1.9153 -2.1377  120741.8   75371.8 -216197.5
      514.9     129.0  121992.5   76200.0  122280.8   76535.7  122676.0   77357.2  121796.9   76368.1
vertex track :        641   3 128    6390932  2.2241 -1.4204  124515.7   84151.2     358.7   211     nan
  125 2     -2  2.0258 -1.3057   17890.5   75472.2    6174.8  2.2264 -1.4209  134018.0   73595.7 -212906.3
        nan       nan      -nan       nan       nan       nan       nan       nan       nan       nan
  126 2     -1  2.2829 -1.2164   13562.6   79370.0    3389.4  2.2264 -1.4209  127816.7   77553.6 -215691.7
        nan       nan      -nan       nan       nan       nan       nan       nan       nan       nan
  127 2      0  2.2684 -1.5337   10615.3   83639.3    2543.1  2.2264 -1.4209  125932.5   78756.2 -216538.0
        nan       nan      -nan       nan       nan       nan       nan       nan       nan       nan
