groupid:  11247, ntrk: 13
vertex track :          0   3  93     755193  0.0006 -0.2896   60676.4   73418.4     273.8    13   978.2
   94 1      1  0.0010 -0.2896   56704.4   73628.0   -2868.5  0.0022 -0.2990   58130.5   73346.2 -156889.9
       30.7       5.9   56710.4   73597.3   56710.4   73598.0   56908.4   73868.5   56698.6   73597.3
   95 1      2 -0.0018 -0.2894   59412.2   75501.1   -3718.0  0.0022 -0.2990   58128.6   73600.2 -157739.4
       38.5      13.7   59425.7   75462.6   59425.8   75478.8   59608.8   75749.4   59398.3   75462.7
   96 1      3 -0.0002 -0.2893   59873.8   76629.7   -6583.2  0.0022 -0.2990   58122.4   74457.0 -160604.6
       62.9      26.8   59900.5   76566.7   59900.6   76631.8   60057.0   76902.3   59846.9   76566.8
vertex track :          6   3  93     755192 -0.3809  0.0404   60603.6   73481.3     273.8     0  1998.2
   94 1      1 -0.3555  0.0441   65519.6   74113.9   -2528.9 -0.3785  0.0391   59125.3   72361.2 -156549.8
       36.4       3.6   65483.1   74114.7   65480.6   74115.1   65765.7   74323.0   65483.9   74122.0
   95 1      2 -0.3686  0.0468   63870.7   71788.3   -3346.6 -0.3785  0.0391   59434.7   72329.2 -157367.4
       43.4       7.1   63826.7   71786.8   63835.4   71785.7   64124.2   71999.9   63828.5   71800.8
   96 1      3 -0.3848  0.0430   64072.0   71770.1   -6468.2 -0.3785  0.0391   60616.2   72207.0 -160489.0
       72.7      14.7   63998.1   71763.6   64061.7   71756.5   64355.4   71986.7   64001.4   71792.8
vertex track :         14   3  93     757019 -2.2328  0.6398   55665.3   75713.5     280.9     0 10001.0
   94 1      1 -2.2320  0.6323   57331.4   73570.1   -2868.3 -2.2134  0.6479   60072.4   72723.9 -156863.9
      293.4      11.2   57046.1   73639.3   57141.9   73612.2   57824.5   73711.6   57052.2   73660.9
   95 1      2 -2.2328  0.6617   61870.0   74682.7   -3718.8 -2.2134  0.6479   61954.9   72172.8 -157714.4
      356.4      14.9   61524.0   74769.7   61738.6   74706.1   62423.7   74806.3   61532.5   74798.2
   96 1      3 -2.2375  0.6440   69291.5   72908.6   -6584.9 -2.2134  0.6479   68298.8   70315.7 -160580.6
      580.3      26.0   68726.6   73044.1   69372.0   72858.4   70064.1   72983.8   68741.0   73094.2
vertex track :         37   3  93    1493405  0.0566 -0.5581   60687.4   73367.4     273.8     0  1088.6
   94 1      1  0.0779 -0.5526   64354.3   75716.2   -2522.8  0.0556 -0.5742   57992.3   73960.3 -156544.4
       51.9       6.2   64367.6   75665.7   64369.5   75652.4   64551.0   75976.1   64355.4   75663.9
   95 1      2  0.0933 -0.5790   62303.4   73931.1   -3342.6  0.0556 -0.5742   57946.7   74431.1 -157364.2
       62.4      13.5   62326.6   73871.6   62326.3   73873.2   62490.2   74200.0   62300.0   73867.3
   96 1      3  0.0647 -0.5681   61212.1   75600.9   -6486.3  0.0556 -0.5742   57771.9   76236.4 -160507.9
      105.0      28.6   61252.4   75499.8   61242.2   75589.2   61381.9   75911.5   61195.6   75493.4
vertex track :         50   3  93    1495274 -0.6771  1.6093   60549.2   73777.5     272.8   211   248.0
   94 1      1 -0.6850  1.6132   58311.5   69162.1   -2869.2 -0.6542  1.6279   60068.5   67658.6 -156887.8
      239.9      69.0   58154.2   69356.0   58197.9   69253.1   58678.0   69179.8   58281.2   69409.9
   95 1      2 -0.6694  1.6111   61540.1   69492.7   -3718.8 -0.6542  1.6279   60624.3   66275.5 -157737.4
      412.5     168.6   61226.1   69809.0   61402.1   69385.4   62063.4   69388.1   61537.5   69938.4
   96 1      3 -0.6712  1.6118   64115.4   64714.5   -6590.1 -0.6542  1.6279   62502.6   61601.3 -160608.7
      765.1     331.2   63515.5   65293.5   63962.8   64219.4   64924.5   64347.1   64126.9   65548.1
vertex track :         72   3  93    2125387 -5.6429 -5.9395   53151.0   65270.8     269.5   211     nan
   94 1      1 -5.1139 -6.0069   73190.2   83036.6   -2548.6 -5.5437 -5.7941   66088.9   80485.2 -156539.8
        nan       nan      -nan       nan       nan       nan       nan       nan       nan       nan
   95 3      2 -5.3624 -5.9548   76010.8    8268.8   -3376.4 -5.5437 -5.7941   70677.9   85281.6 -157367.6
        nan       nan      -nan       nan       nan       nan       nan       nan       nan       nan
   96 3      3 -5.5788 -5.9430   91171.0   24043.9   -6536.5 -5.5437 -5.7941   88196.1  103591.3 -160527.7
        nan       nan      -nan       nan       nan       nan       nan       nan       nan       nan
vertex track :        123   3  94     601455 -1.9496 -1.9133   59164.5   75894.0     227.2   211    99.9
   91 1     -2 -1.9559 -1.9075   50667.3   63195.4    6584.8 -1.9797 -1.9363   48064.6   63144.9 -149935.6
     6001.2    2048.8   47801.4   57538.6   55983.3   65518.1   53741.2   69060.3   44940.5   60472.1
   92 1     -1 -1.9594 -1.9172   53849.7   69006.0    3716.3 -1.9797 -1.9363   53743.5   68699.2 -152804.2
     2882.7     980.9   52475.3   66288.8   56184.7   69918.4   55432.2   71931.3   51103.3   67691.0
   93 1      0 -1.9552 -1.9089   58202.4   71573.4    2868.2 -1.9797 -1.9363   55422.4   70341.3 -153652.3
     1124.1     369.5   57656.3   70523.7   58854.3   71693.4   58956.7   72831.2   57140.0   71052.5
vertex track :        125   3  94     601516  1.0718  0.0582   55791.2   73312.8     230.4   211     nan
   91 1     -2  1.0659 -0.0209   58041.6   73061.1    7043.7  1.0977  0.0492   64686.3   73175.0 -149468.1
        nan       nan      -nan       nan       nan       nan       nan       nan       nan       nan
   92 1     -1  1.0313  0.0241   58509.9   73960.2    3338.5  1.0977  0.0492   60618.9   72992.8 -153173.3
        nan       nan      -nan       nan       nan       nan       nan       nan       nan       nan
   93 1      0  1.0973  0.0569   55073.8   72858.8    2525.4  1.0977  0.0492   59726.4   72952.8 -153986.4
        nan       nan      -nan       nan       nan       nan       nan       nan       nan       nan
vertex track :        131   3  94     602160 -0.7906 -1.1849   58534.0   75729.7     227.5   211     nan
   91 1     -2 -0.7986 -1.1803   58058.9   67989.8    6597.9 -0.8085 -1.2089   54861.4   67589.9 -149919.2
        nan       nan      -nan       nan       nan       nan       nan       nan       nan       nan
   92 1     -1 -0.7877 -1.1836   57098.1   71276.5    3716.8 -0.8085 -1.2089   57190.7   71072.8 -152800.3
        nan       nan      -nan       nan       nan       nan       nan       nan       nan       nan
   93 1      0 -0.7936 -1.1816   60512.9   73238.5    2867.7 -0.8085 -1.2089   57877.1   72099.2 -153649.4
        nan       nan      -nan       nan       nan       nan       nan       nan       nan       nan
vertex track :        134   3  94     602553 -1.3482  0.5140   59989.7   71636.5     221.6  2212     nan
   91 1     -2 -1.3751  0.5527   46360.7   74380.5    6911.1 -1.3319  0.5219   52512.5   74596.4 -149628.0
        nan       nan      -nan       nan       nan       nan       nan       nan       nan       nan
   92 1     -1 -1.3374  0.4948   53776.4   74115.5    3337.7 -1.3319  0.5219   57272.2   72731.4 -153201.5
        nan       nan      -nan       nan       nan       nan       nan       nan       nan       nan
   93 1      0 -1.3558  0.4784   52337.5   72519.9    2523.4 -1.3319  0.5219   58356.8   72306.4 -154015.8
        nan       nan      -nan       nan       nan       nan       nan       nan       nan       nan
vertex track :        151   3  94    1247313 -2.0878 -0.1515   60709.7   73403.8     221.5     0  6321.7
   91 1     -2 -2.0849 -0.1505   51277.5   72873.8    6578.9 -2.0754 -0.1450   48981.1   71982.7 -149957.3
      459.2      24.3   50821.2   72816.5   51299.4   72851.0   51941.6   73140.9   50817.7   72864.9
   92 1     -1 -2.0892 -0.1522   54935.9   72400.2    3718.9 -2.0754 -0.1450   54916.7   72397.4 -152817.3
      273.4      12.9   54664.1   72367.5   54770.7   72375.2   55415.5   72642.8   54662.2   72393.2
   93 1      0 -2.0940 -0.1394   59416.0   73515.6    2867.3 -2.0754 -0.1450   56684.2   72520.9 -153669.0
      222.3       8.9   59194.8   73492.0   59198.8   73492.2   59845.2   73749.1   59193.6   73509.7
vertex track :        216   3  94    2010542 -1.0708 -1.2380   58434.7   75107.4     227.4   211     nan
   91 1     -2 -1.0882 -1.2137   46554.7   66348.6    6949.6 -1.0903 -1.2593   52573.4   66191.1 -149569.4
        nan       nan      -nan       nan       nan       nan       nan       nan       nan       nan
   92 1     -1 -1.0974 -1.2108   53301.4   71016.7    3343.7 -1.0903 -1.2593   56504.8   70732.1 -153175.4
        nan       nan      -nan       nan       nan       nan       nan       nan       nan       nan
   93 1      0 -1.0920 -1.2012   51564.8   71005.6    2524.5 -1.0903 -1.2593   57397.9   71763.6 -153994.5
        nan       nan      -nan       nan       nan       nan       nan       nan       nan       nan
vertex track :        229   3  94    4743299 -0.7978 -1.4775   58496.1   76385.5     166.6   211     nan
   91 1     -2 -0.8047 -1.4734   57984.4   66605.6    6576.5 -0.8210 -1.5093   54720.5   66285.9 -149876.6
        nan       nan      -nan       nan       nan       nan       nan       nan       nan       nan
   92 1     -1 -0.7944 -1.4771   57037.9   70954.0    3717.0 -0.8210 -1.5093   57068.0   70601.7 -152736.1
        nan       nan      -nan       nan       nan       nan       nan       nan       nan       nan
   93 1      0 -0.8022 -1.4701   60460.3   73137.2    2868.8 -0.8210 -1.5093   57764.4   71881.9 -153584.3
        nan       nan      -nan       nan       nan       nan       nan       nan       nan       nan
