groupid:  12242, ntrk: 26
vertex track :          0   3 125     561372  0.0209  0.0247   96622.5   52039.2     204.5    13   817.9
  126 1      1  0.0209  0.0247   95150.3   51792.8   -2864.7  0.0206  0.0241   93533.3   49122.0 -215727.8
       12.2       5.9   95153.7   51806.0   95142.3   51792.5   95357.0   51989.7   95162.7   51798.3
  127 1      2  0.0206  0.0249   95501.8   50510.1   -3717.5  0.0206  0.0241   93515.8   49101.4 -216580.7
       20.0      14.8   95503.1   50535.0   95481.9   50509.3   95710.5   50695.2   95525.9   50516.2
  128 1      3  0.0211  0.0245   96936.0   51789.0   -6587.8  0.0206  0.0241   93456.8   49032.2 -219451.0
       37.4      29.3   96938.2   51836.5   96893.8   51784.9   97143.9   51951.5   96982.7   51798.2
vertex track :          5   3 125     498395  2.3816 -2.0291  101906.5   47762.3     196.2   211     nan
  126 1      1  2.4425 -1.9778   96479.6   53670.8   -2812.5  2.3814 -2.0530   91717.2   51045.4 -215667.2
        nan       nan      -nan       nan       nan       nan       nan       nan       nan       nan
  127 1      2  2.5309 -2.0626   93483.4   57965.6   -3638.5  2.3814 -2.0530   89750.1   52741.3 -216493.3
        nan       nan      -nan       nan       nan       nan       nan       nan       nan       nan
  128 1      3  2.2198 -1.8604   86268.9   60167.7   -6196.4  2.3814 -2.0530   83658.8   57992.7 -219051.2
        nan       nan      -nan       nan       nan       nan       nan       nan       nan       nan
vertex track :         10   3 125     499998  0.8989 -0.5887   98554.8   50688.3     200.8   211     nan
  126 1      1  0.8995 -0.5874   94609.9   52170.3   -2864.7  0.8991 -0.5972   92773.9   49658.3 -215724.1
        nan       nan      -nan       nan       nan       nan       nan       nan       nan       nan
  127 1      2  0.9056 -0.5827   94239.6   51369.0   -3717.6  0.8991 -0.5972   92007.1   50167.6 -216576.9
        nan       nan      -nan       nan       nan       nan       nan       nan       nan       nan
  128 1      3  0.8938 -0.5930   93461.3   54263.8   -6585.2  0.8991 -0.5972   89428.7   51880.0 -219444.5
        nan       nan      -nan       nan       nan       nan       nan       nan       nan       nan
vertex track :         15   3 125     502536 -2.1993 -2.1363   95283.0   50787.3     203.8   211     nan
  126 1      1 -2.2567 -2.2224  102965.0   56988.6   -2801.2 -2.2221 -2.1403   98924.2   54377.2 -215665.1
        nan       nan      -nan       nan       nan       nan       nan       nan       nan       nan
  127 1      2 -2.1378 -2.1235  103953.9   61433.7   -3610.3 -2.2221 -2.1403  100722.2   56108.9 -216474.2
        nan       nan      -nan       nan       nan       nan       nan       nan       nan       nan
  128 1      3 -2.3651 -2.0913  109854.5   63952.8   -6124.3 -2.2221 -2.1403  106308.5   61489.6 -218988.1
        nan       nan      -nan       nan       nan       nan       nan       nan       nan       nan
vertex track :         25   3 125     560866 -0.7337  1.2167   95561.9   53934.4     208.4  2212     nan
  126 1      1 -0.7344  1.2153   96218.9   50325.7   -2866.8 -0.7316  1.2259   94789.8   47336.6 -215733.4
        nan       nan      -nan       nan       nan       nan       nan       nan       nan       nan
  127 1      2 -0.7434  1.2058   97256.6   48048.2   -3716.6 -0.7316  1.2259   95411.5   46294.7 -216583.2
        nan       nan      -nan       nan       nan       nan       nan       nan       nan       nan
  128 1      3 -0.7209  1.2134  100493.6   46267.3   -6582.6 -0.7316  1.2259   97508.2   42781.3 -219449.1
        nan       nan      -nan       nan       nan       nan       nan       nan       nan       nan
vertex track :         35   3 125     562236  2.1452  1.8948  100126.3   55041.2     206.5     0 10001.0
  126 1      1  2.0557  1.8551   95433.3   49719.3   -2827.8  2.1561  1.8878   90583.7   46465.5 -215689.6
      396.9      12.6   95719.6   49994.5   95561.9   49852.3   95359.1   49655.9   95736.4   49975.9
  127 1      2  2.0121  1.9829   92570.3   50693.7   -3652.7  2.1561  1.8878   88805.1   44908.3 -216514.5
      486.7      16.9   92905.0   51047.4   92634.2   50780.5   92447.5   50552.0   92928.8   51023.3
  128 1      3  2.0622  1.9759   86056.8   41597.6   -6238.2  2.1561  1.8878   83230.6   40027.5 -219100.0
      779.9      28.9   86599.9   42158.0   85906.8   41493.8   85725.7   41249.2   86639.9   42116.3
vertex track :         38   3 125     562596  1.2296 -1.7894   97039.4   51411.1     205.5   211     nan
  126 1      1  1.2296 -1.7865   92163.7   56273.6   -2869.6  1.2267 -1.8065   90240.1   54117.6 -215734.0
        nan       nan      -nan       nan       nan       nan       nan       nan       nan       nan
  127 1      2  1.2523 -1.7750   91501.2   56383.4   -3720.9  1.2267 -1.8065   89195.9   55655.4 -216585.2
        nan       nan      -nan       nan       nan       nan       nan       nan       nan       nan
  128 1      3  1.2181 -1.7928   89988.1   62410.7   -6584.0  1.2267 -1.8065   85683.8   60827.5 -219448.4
        nan       nan      -nan       nan       nan       nan       nan       nan       nan       nan
vertex track :         84   3 125    1434891  2.4133 -2.3356   96787.2   51877.3     204.5   211     nan
  126 1      1  2.4061 -2.2771   91361.0   58720.2   -2809.0  2.4123 -2.3616   86491.6   56149.0 -215672.2
        nan       nan      -nan       nan       nan       nan       nan       nan       nan       nan
  127 1      2  2.3487 -2.2778   88211.1   63192.1   -3628.2  2.4123 -2.3616   84515.5   58083.6 -216491.3
        nan       nan      -nan       nan       nan       nan       nan       nan       nan       nan
  128 1      3  2.6277 -2.1914   80865.8   66205.9   -6207.5  2.4123 -2.3616   78293.5   64174.7 -219070.6
        nan       nan      -nan       nan       nan       nan       nan       nan       nan       nan
vertex track :        135   3 125    2442936 -1.2571 -1.4898   93097.0   48189.5     198.6     0 10001.0
  126 1      1 -1.2575 -1.4897   95226.2   52212.7   -2864.2 -1.2758 -1.4884   93948.6   49905.6 -215725.4
      223.5       9.6   95089.3   52035.7   95113.6   52064.4   95571.7   52598.2   95074.6   52048.1
  127 1      2 -1.2367 -1.4973   96673.6   52124.4   -3720.4 -1.2758 -1.4884   95040.9   51179.8 -216581.5
      270.4      12.8   96511.3   51907.8   96596.0   52010.4   97044.8   52549.6   96491.6   51924.1
  128 1      3 -1.2655 -1.4851  101343.1   57194.5   -6588.4 -1.2758 -1.4884   98699.9   55448.6 -219449.6
      438.2      22.5  101075.9   56846.4  101378.6   57201.7  101818.9   57751.2  101041.7   56875.5
vertex track :        153   3 125    2471354 -1.1814  0.6538   94483.8   53152.2     208.3   211     nan
  126 1      1 -1.1534  0.6079   99317.3   51407.7   -2816.8 -1.1838  0.6632   95035.6   48320.3 -215684.3
        nan       nan      -nan       nan       nan       nan       nan       nan       nan       nan
  127 1      2 -1.1700  0.6159   99259.6   53432.3   -3632.9 -1.1838  0.6632   96001.6   47779.1 -216500.3
        nan       nan      -nan       nan       nan       nan       nan       nan       nan       nan
  128 1      3 -1.1880  0.7056  102246.2   47969.4   -6185.1 -1.1838  0.6632   99023.0   46086.5 -219052.6
        nan       nan      -nan       nan       nan       nan       nan       nan       nan       nan
vertex track :        177   3 126     243097 -0.3012  2.0351   95698.3   47665.2     188.1  2212   413.7
  123 1     -2 -0.3162  2.0352   92354.9   61259.6    6582.1 -0.2941  2.0359   92188.1   58008.2 -209093.3
     1251.3     511.1   91657.9   62417.7   91975.6   60372.1   93261.7   60313.6   92667.9   62574.6
  124 1     -1 -0.2831  2.0390   92872.1   53331.2    3718.2 -0.2941  2.0359   93030.3   52177.7 -211957.2
      623.6     246.4   92542.3   53915.0   92654.4   53107.8   93411.6   52959.4   93030.3   53982.7
  125 1      0 -0.3061  2.0290   96262.7   53568.2    2865.6 -0.2941  2.0359   93281.0   50441.8 -212809.8
      305.6      93.6   96124.5   53856.3   96151.4   53678.1   96610.5   53492.0   96309.7   53884.3
vertex track :        184   3 126     243589 -2.2278  1.1011   97748.9   50568.1     189.4   211     nan
  123 1     -2 -2.2503  1.1692   84281.3   58228.7    6675.2 -2.2354  1.1166   81640.9   55140.5 -208991.4
        nan       nan      -nan       nan       nan       nan       nan       nan       nan       nan
  124 1     -1 -2.2862  1.1381   91727.2   55687.9    3637.5 -2.2354  1.1166   88431.3   51748.6 -212029.0
        nan       nan      -nan       nan       nan       nan       nan       nan       nan       nan
  125 1      0 -2.2091  1.0383   89903.6   53624.4    2826.4 -2.2354  1.1166   90244.6   50842.9 -212840.2
        nan       nan      -nan       nan       nan       nan       nan       nan       nan       nan
vertex track :        192   3 126     244666  1.8214  1.1733   92848.6   50319.0     189.1   211     nan
  123 1     -2  1.8067  1.1945  103720.3   58221.7    6569.1  1.8216  1.1613  102840.7   55081.6 -209105.4
        nan       nan      -nan       nan       nan       nan       nan       nan       nan       nan
  124 1     -1  1.8298  1.1588   97710.2   52777.5    3715.8  1.8216  1.1613   97643.2   51768.2 -211958.6
        nan       nan      -nan       nan       nan       nan       nan       nan       nan       nan
  125 1      0  1.8159  1.1749   99369.7   53787.1    2866.7  1.8216  1.1613   96096.4   50782.2 -212807.8
        nan       nan      -nan       nan       nan       nan       nan       nan       nan       nan
vertex track :        197   3 126     245036  1.0162  0.9299   92474.4   49385.5     186.2   211     nan
  123 1     -2  0.9851  0.8082  100173.8   55912.6    6753.1  1.0187  0.9238   97528.7   52802.6 -208921.3
        nan       nan      -nan       nan       nan       nan       nan       nan       nan       nan
  124 1     -1  0.9219  0.9371   98502.6   53834.4    3635.0  1.0187  0.9238   94352.3   49922.1 -212039.4
        nan       nan      -nan       nan       nan       nan       nan       nan       nan       nan
  125 1      0  1.0961  0.9458   93993.3   51959.1    2827.0  1.0187  0.9238   93529.2   49175.7 -212847.4
        nan       nan      -nan       nan       nan       nan       nan       nan       nan       nan
vertex track :        199   3 126     245144  0.0335  0.7261   95232.6   50907.0     188.3   211     nan
  123 1     -2  0.0301  0.7252   94161.9   55797.4    6592.4  0.0351  0.7261   93839.1   52901.5 -209076.2
        nan       nan      -nan       nan       nan       nan       nan       nan       nan       nan
  124 1     -1  0.0516  0.7487   93580.0   51803.8    3716.6  0.0351  0.7261   93738.3   50813.5 -211952.0
        nan       nan      -nan       nan       nan       nan       nan       nan       nan       nan
  125 1      0  0.0309  0.7244   96740.4   53125.1    2864.7  0.0351  0.7261   93708.4   50195.0 -212803.9
        nan       nan      -nan       nan       nan       nan       nan       nan       nan       nan
vertex track :        210   3 126     274161 -0.6658 -0.4276   96271.2   52506.1     191.8   211     nan
  123 1     -2 -0.6397 -0.3483   93005.1   50145.0    6726.0 -0.6732 -0.4298   90265.3   47045.7 -208940.6
        nan       nan      -nan       nan       nan       nan       nan       nan       nan       nan
  124 1     -1 -0.6864 -0.3692   96141.7   51934.8    3652.1 -0.6732 -0.4298   92334.6   48366.8 -212014.4
        nan       nan      -nan       nan       nan       nan       nan       nan       nan       nan
  125 1      0 -0.7044 -0.4462   92929.3   51197.2    2826.1 -0.6732 -0.4298   92890.6   48721.8 -212840.5
        nan       nan      -nan       nan       nan       nan       nan       nan       nan       nan
vertex track :        213   3 126     274461 -0.8950 -2.0481   96310.4   54286.7     191.9   211     nan
  123 1     -2 -0.8721 -2.0383   89040.5   40444.1    6587.4 -0.9145 -2.0698   88861.9   38406.4 -209074.9
        nan       nan      -nan       nan       nan       nan       nan       nan       nan       nan
  124 1     -1 -0.8590 -1.9943   91198.7   45052.6    3715.8 -0.9145 -2.0698   91488.0   44349.9 -211946.5
        nan       nan      -nan       nan       nan       nan       nan       nan       nan       nan
  125 1      0 -0.8918 -2.0633   95187.4   48657.4    2871.6 -0.9145 -2.0698   92260.2   46097.4 -212790.8
        nan       nan      -nan       nan       nan       nan       nan       nan       nan       nan
vertex track :        215   3 126     274987 -1.2961 -0.4549   96479.8   52234.0     191.0   211     nan
  123 1     -2 -1.3246 -0.4735   89101.1   49722.9    6705.1 -1.3088 -0.4545   86346.8   46618.7 -208961.1
        nan       nan      -nan       nan       nan       nan       nan       nan       nan       nan
  124 1     -1 -1.3290 -0.5412   93963.8   51576.9    3653.7 -1.3088 -0.4545   90340.4   48005.7 -212012.5
        nan       nan      -nan       nan       nan       nan       nan       nan       nan       nan
  125 1      0 -1.2855 -0.4747   91311.2   50811.3    2827.9 -1.3088 -0.4545   91421.2   48381.0 -212838.3
        nan       nan      -nan       nan       nan       nan       nan       nan       nan       nan
vertex track :        216   3 126     275186 -1.9742 -0.3134  100038.4   52620.4     189.1   211     nan
  123 1     -2 -1.9746 -0.3185   85566.9   50463.2    6576.8 -1.9925 -0.3087   85719.0   47978.0 -209080.9
        nan       nan      -nan       nan       nan       nan       nan       nan       nan       nan
  124 1     -1 -1.9828 -0.2871   91009.7   49774.4    3720.6 -1.9925 -0.3087   91409.9   48859.8 -211937.1
        nan       nan      -nan       nan       nan       nan       nan       nan       nan       nan
  125 1      0 -1.9672 -0.3118   95879.7   51911.8    2869.1 -1.9925 -0.3087   93106.5   49122.6 -212788.6
        nan       nan      -nan       nan       nan       nan       nan       nan       nan       nan
vertex track :        219   3 126     275551  1.5491 -1.1985   91085.1   54996.8     192.7   211     nan
  123 1     -2  1.4116 -1.2664  102413.5   47580.7    6750.4  1.5492 -1.2155   99627.5   44412.8 -208919.2
        nan       nan      -nan       nan       nan       nan       nan       nan       nan       nan
  124 1     -1  1.5593 -1.1472   99174.2   51520.4    3633.6  1.5492 -1.2155   94798.7   48201.4 -212036.1
        nan       nan      -nan       nan       nan       nan       nan       nan       nan       nan
  125 1      0  1.3894 -1.3519   94098.8   51438.0    2826.9  1.5492 -1.2155   93549.1   49181.8 -212842.7
        nan       nan      -nan       nan       nan       nan       nan       nan       nan       nan
vertex track :        220   3 126     275816  1.8919 -1.8106   94254.7   52611.4     188.7   211     nan
  123 1     -2  1.8938 -1.8111  105838.8   40359.3    6588.9  1.8927 -1.8344  104753.8   38229.4 -209077.5
        nan       nan      -nan       nan       nan       nan       nan       nan       nan       nan
  124 1     -1  1.8879 -1.8403   99307.8   44230.9    3718.3  1.8927 -1.8344   99320.5   43495.3 -211948.1
        nan       nan      -nan       nan       nan       nan       nan       nan       nan       nan
  125 1      0  1.8994 -1.8104  101020.8   47668.7    2868.4  1.8927 -1.8344   97711.9   45054.4 -212798.0
        nan       nan      -nan       nan       nan       nan       nan       nan       nan       nan
vertex track :        222   3 126     276784  1.2170 -1.8969   94942.5   52169.9     188.9   211     nan
  123 1     -2  1.3176 -2.1476  104039.5   40008.2    6779.4  1.2154 -1.9204  101338.6   36866.4 -208887.2
        nan       nan      -nan       nan       nan       nan       nan       nan       nan       nan
  124 1     -1  1.2061 -1.8887  101709.9   46037.4    3662.4  1.2154 -1.9204   97550.2   42852.3 -212004.2
        nan       nan      -nan       nan       nan       nan       nan       nan       nan       nan
  125 1      0  1.2090 -1.9038   96979.3   46641.1    2831.3  1.2154 -1.9204   96540.2   44448.2 -212835.3
        nan       nan      -nan       nan       nan       nan       nan       nan       nan       nan
vertex track :        246   3 126     667276 -0.7665 -0.4450   95944.2   52297.9     192.0   211     nan
  123 1     -2 -0.7660 -0.4476   89515.2   49243.6    6593.2 -0.7748 -0.4469   89375.3   46785.6 -209074.6
        nan       nan      -nan       nan       nan       nan       nan       nan       nan       nan
  124 1     -1 -0.7540 -0.4232   91254.8   48964.6    3725.2 -0.7748 -0.4469   91597.4   48067.4 -211942.7
        nan       nan      -nan       nan       nan       nan       nan       nan       nan       nan
  125 1      0 -0.7708 -0.4413   95191.2   51219.8    2868.2 -0.7748 -0.4469   92261.4   48450.4 -212799.6
        nan       nan      -nan       nan       nan       nan       nan       nan       nan       nan
vertex track :        262   3 126     669027  1.9033  0.8326   94812.3   51656.2     186.7   211     nan
  123 1     -2  2.0430  0.8750  108464.6   57551.0    6705.0  1.9032  0.8209  105601.4   54358.0 -208960.9
        nan       nan      -nan       nan       nan       nan       nan       nan       nan       nan
  124 1     -1  1.8993  0.8094  104316.0   55675.3    3666.8  1.9032  0.8209   99819.2   51863.9 -211999.0
        nan       nan      -nan       nan       nan       nan       nan       nan       nan       nan
  125 1      0  1.8673  0.8880   98825.0   53919.3    2802.1  1.9032  0.8209   98173.3   51154.0 -212863.8
        nan       nan      -nan       nan       nan       nan       nan       nan       nan       nan
vertex track :        285   3 126    1131711  1.5668  0.5478   90977.8   50322.1     189.0   211     nan
  123 1     -2  1.5681  0.5631  100265.1   53999.2    6610.7  1.5678  0.5384   99408.7   51142.5 -209066.6
        nan       nan      -nan       nan       nan       nan       nan       nan       nan       nan
  124 1     -1  1.5728  0.5351   94818.2   50619.2    3712.1  1.5678  0.5384   94864.2   49582.0 -211965.2
        nan       nan      -nan       nan       nan       nan       nan       nan       nan       nan
  125 1      0  1.5609  0.5448   96808.3   52042.7    2863.8  1.5678  0.5384   93534.2   49125.3 -212813.5
        nan       nan      -nan       nan       nan       nan       nan       nan       nan       nan
vertex track :        309   3 126    1754770 -2.5302  4.0949  101846.3   39932.1     180.1   211     nan
  123 1     -2 -3.2911  5.5237   86274.6   67474.3    6673.3 -2.4999  4.0939   83975.8   63768.8 -209003.1
        nan       nan      -nan       nan       nan       nan       nan       nan       nan       nan
  124 1     -1 -2.6015  4.1910   94849.8   56053.4    3643.2 -2.4999  4.0939   91550.7   51363.7 -212033.3
        nan       nan      -nan       nan       nan       nan       nan       nan       nan       nan
  125 1      0 -2.4031  3.9731   93206.1   51594.9    2827.4 -2.4999  4.0939   93590.1   48023.9 -212849.1
        nan       nan      -nan       nan       nan       nan       nan       nan       nan       nan
