groupid:   1277, ntrk: 21
vertex track :          0   3 125    4306371 -0.0027 -0.0486  193475.6   56890.2     298.7    13  3879.6
  126 2      1 -0.0026 -0.0486   71568.5   56222.0   -2867.1 -0.0058 -0.0506  191103.8   53724.4 -215655.1
       11.3       1.4   71569.3   56210.6   71569.9   56222.9   71777.8   56443.2   71566.6   56210.8
  127 2      2 -0.0022 -0.0486   71724.6   56487.2   -3717.4 -0.0058 -0.0506  191108.7   53767.5 -216505.4
       14.4       3.2   71727.2   56472.6   71728.0   56491.2   71932.0   56711.6   71720.7   56472.9
  128 2      3 -0.0030 -0.0483   73967.2   56140.0   -6584.5 -0.0058 -0.0506  191125.2   53912.6 -219372.5
       24.5       6.3   73972.0   56115.2   73974.4   56153.9   74172.5   56374.8   73959.4   56115.9
vertex track :          7   3 125    3354410  1.8862 -1.8729  198155.9   52584.3     287.1     0 10000.0
  126 2      1  1.8597 -2.0014   73505.1   57618.3   -2846.0  1.8784 -1.8902  189877.6   55136.1 -215617.8
      361.2      12.3   73760.0   57362.0   73658.8   57471.0   73462.1   58082.6   73742.0   57345.3
  127 2      2  2.1536 -2.0157   70914.1   61869.7   -3656.4  1.8784 -1.8902  188355.4   56667.8 -216428.2
      438.3      16.3   71245.2   61582.1   71057.5   61757.8   70795.2   62365.2   71222.9   61558.3
  128 2      3  1.8927 -1.9708   65437.6   64176.2   -6248.6  1.8784 -1.8902  183486.2   61567.6 -219020.3
      695.2      27.6   65939.0   63693.8   65373.3   64282.9   65148.0   64866.6   65899.3   63655.7
vertex track :         11   3 125    3356365  2.1040 -2.1697  195016.6   55335.1     295.2   211     nan
  126 2      1  2.1057 -2.1619   67149.0   60647.0   -2866.4  2.0951 -2.1889  186000.9   58914.1 -215649.6
        nan       nan      -nan       nan       nan       nan       nan       nan       nan       nan
  127 2      2  2.1301 -2.1409   65527.4   62565.2   -3717.1  2.0951 -2.1889  184218.7   60776.1 -216500.3
        nan       nan      -nan       nan       nan       nan       nan       nan       nan       nan
  128 2      3  2.0879 -2.2009   62482.1   67862.8   -6584.5  2.0951 -2.1889  178211.0   67052.7 -219367.8
        nan       nan      -nan       nan       nan       nan       nan       nan       nan       nan
vertex track :         31   3 125    3405362 -2.3821  2.2857  189574.3   60849.4     309.7   211     nan
  126 2      1 -2.2661  2.1286   77301.3   53915.0   -2863.2 -2.4018  2.3439  194809.8   50125.8 -215665.8
        nan       nan      -nan       nan       nan       nan       nan       nan       nan       nan
  127 2      2 -2.5056  2.4457   78104.4   54807.0   -3684.6 -2.4018  2.3439  196782.5   48200.7 -216487.1
        nan       nan      -nan       nan       nan       nan       nan       nan       nan       nan
  128 2      3 -2.4781  2.5518   85294.5   45118.2   -6408.5 -2.4018  2.3439  203324.9   41816.0 -219211.1
        nan       nan      -nan       nan       nan       nan       nan       nan       nan       nan
vertex track :        118   3 125    4717144  0.2986  3.7390  194632.4   66633.9     313.6   211   470.3
  126 2      1  0.2938  3.7278   71869.1   55176.3   -2867.6  0.3223  3.7856  191284.6   51337.3 -215664.6
      737.7      92.5   71834.8   55919.0   71780.6   55231.0   72113.7   54647.3   72019.3   55904.5
  127 2      2  0.2622  3.7421   71829.6   52290.8   -3718.5  0.3223  3.7856  191010.3   48116.0 -216515.5
     1179.3     223.7   71688.8   53482.9   71579.0   51915.9   72180.6   51312.5   72135.2   53451.6
  128 2      3  0.3186  3.7393   73073.8   41799.5   -6585.8  0.3223  3.7856  190086.3   37261.7 -219382.8
     2154.5     436.9   72821.3   43983.3   72522.4   40475.1   73536.5   39829.4   73692.0   43909.2
vertex track :        122   3 125    4887353 -4.2425 -4.4966  183781.4   46183.1     287.2     0  2116.3
  126 2      1 -4.7530 -4.6603   76798.1   58692.2   -2847.9 -4.3563 -4.5653  194936.7   57171.2 -215662.6
     1590.1      46.7   75695.5   57545.6   76968.1   58793.4   78106.0   60044.2   75630.0   57612.4
  127 2      2 -4.7975 -4.3094   79127.1   65270.3   -3642.1 -4.3563 -4.5653  198396.6   60797.2 -216456.8
     2039.3     101.0   77677.5   63832.3   79704.2   65652.9   80781.9   66913.9   77542.4   63982.7
  128 2      3 -4.1945 -4.5670   91653.3   75223.0   -6399.5 -4.3563 -4.5653  210408.7   73385.6 -219214.3
     3478.1     193.8   89443.3   72530.2   93267.9   76694.4   94069.1   78121.2   89157.8   72792.5
vertex track :        125   3 125    5081226  4.1781 -1.9729  201510.8   52855.9     284.5     0 10001.0
  126 2      1  4.1777 -1.9784   67753.4   57629.3   -2869.6  4.1521 -1.9912  186039.9   55748.1 -215629.1
      926.5      19.9   68599.2   57250.7   67801.9   57628.3   67121.8   58215.9   68582.2   57214.8
  127 2      2  4.2138 -1.9216   64548.5   59305.8   -3721.4  4.1521 -1.9912  182503.4   57444.1 -216480.8
     1157.7      27.7   65613.3   58850.7   64391.5   59407.9   63697.8   59969.0   65590.3   58800.2
  128 2      3  4.1833 -2.0165   56018.9   64195.2   -6583.6  4.1521 -1.9912  170619.3   63143.4 -219343.0
     1948.0      49.2   57795.0   63393.7   55164.0   64661.9   54457.0   65204.7   57752.2   63305.0
vertex track :        143   3 125    5107120  2.5876 -0.1689  198865.6   56400.4     292.9     0  1360.1
  126 2      1  2.4880 -0.2995   72274.8   56527.4   -2842.7  2.5792 -0.1848  188412.2   53621.4 -215611.0
      350.8      21.3   72625.7   56506.6   72451.5   56527.6   72136.5   56757.9   72620.6   56464.3
  127 2      2  2.3419 -0.0811   68878.2   59487.4   -3637.9  2.5792 -0.1848  186361.2   53768.3 -216406.2
      435.9      45.5   69315.5   59517.7   68935.9   59530.9   68653.3   59666.9   69312.3   59426.8
  128 2      3  2.7445 -0.2313   61783.9   56760.7   -6274.2  2.5792 -0.1848  179561.6   54255.6 -219042.6
      706.2      85.3   62494.8   56786.4   61663.7   56856.5   61285.8   56944.8   62480.5   56616.4
vertex track :        171   3 126    2529251 -1.9870  1.6397  196100.7   53435.7     213.5   211     nan
  123 2     -2 -1.9878  1.6345   60358.9   64351.8    6586.0 -1.9815  1.6483  182481.2   60793.8 -208967.2
        nan       nan      -nan       nan       nan       nan       nan       nan       nan       nan
  124 2     -1 -1.9778  1.6010   66768.9   58969.4    3722.6 -1.9815  1.6483  188155.1   56074.2 -211830.5
        nan       nan      -nan       nan       nan       nan       nan       nan       nan       nan
  125 2      0 -2.0107  1.6126   70748.5   58524.8    2864.1 -1.9815  1.6483  189856.2   54659.1 -212689.0
        nan       nan      -nan       nan       nan       nan       nan       nan       nan       nan
vertex track :        172   3 126    2529549 -1.7433  1.0697  196862.9   53712.1     214.6   211     nan
  123 2     -2 -1.7287  0.9614   65087.1   61037.4    6553.0 -1.7438  1.0784  184823.4   57399.0 -208999.5
        nan       nan      -nan       nan       nan       nan       nan       nan       nan       nan
  124 2     -1 -1.7637  1.2657   72377.5   60707.5    3710.6 -1.7438  1.0784  189780.0   54333.7 -211841.9
        nan       nan      -nan       nan       nan       nan       nan       nan       nan       nan
  125 2      0 -1.9002  1.1248   69335.0   56812.7    2840.6 -1.7438  1.0784  191297.0   53395.6 -212711.9
        nan       nan      -nan       nan       nan       nan       nan       nan       nan       nan
vertex track :        176   3 126    2530524 -2.1911  1.3668  194492.1   55308.3     217.8   211     nan
  123 2     -2 -2.1770  1.3488   57393.8   64450.8    6580.6 -2.1900  1.3778  179567.7   60946.8 -208971.9
        nan       nan      -nan       nan       nan       nan       nan       nan       nan       nan
  124 2     -1 -2.1031  1.3807   64396.0   59848.6    3720.5 -2.1900  1.3778  185831.3   57006.2 -211832.0
        nan       nan      -nan       nan       nan       nan       nan       nan       nan       nan
  125 2      0 -2.2177  1.3462   68566.1   59584.4    2866.5 -2.1900  1.3778  187701.6   55829.6 -212686.0
        nan       nan      -nan       nan       nan       nan       nan       nan       nan       nan
vertex track :        177   3 126    2530530 -1.7449  0.8027  195100.9   55314.6     217.8     0  1157.0
  123 2     -2 -1.6784  0.6599   63301.6   60785.2    6536.9 -1.7486  0.8115  183064.9   57311.1 -209014.9
      423.5      65.5   62883.5   60879.2   63319.3   60707.8   63928.1   60901.9   62931.5   61001.2
  124 2     -1 -1.9521  0.8695   70732.3   61256.4    3727.8 -1.7486  0.8115  187976.8   55031.5 -211824.0
      251.3      32.2   70489.6   61329.2   70538.9   61307.3   71183.1   61394.4   70515.9   61388.1
  125 2      0 -1.7855  0.8536   67535.9   57681.3    2829.9 -1.7486  0.8115  189546.9   54302.8 -212722.0
      197.7      13.7   67351.6   57754.2   67333.4   57762.8   67928.4   57819.2   67363.4   57779.0
vertex track :        197   3 126    2671827 -1.6718 -1.0116  196868.1   59615.3     220.3   211     nan
  123 2     -2 -1.6774 -1.0179   63010.6   53083.0    6603.7 -1.6963 -1.0163  185086.9   50007.1 -208933.4
        nan       nan      -nan       nan       nan       nan       nan       nan       nan       nan
  124 2     -1 -1.6904 -0.9948   68608.4   55407.7    3716.2 -1.6963 -1.0163  189984.9   52941.7 -211820.9
        nan       nan      -nan       nan       nan       nan       nan       nan       nan       nan
  125 2      0 -1.6531 -1.0296   72407.2   57195.7    2874.9 -1.6963 -1.0163  191412.0   53796.7 -212662.2
        nan       nan      -nan       nan       nan       nan       nan       nan       nan       nan
vertex track :        217   3 126    2675400  2.0852 -1.4793  190095.8   58178.6     225.1   211     nan
  123 2     -2  2.0563 -1.5668   83548.6   48779.5    6633.5  2.0931 -1.5057  202513.0   45438.1 -208920.5
        nan       nan      -nan       nan       nan       nan       nan       nan       nan       nan
  124 2     -1  1.9560 -1.3529   80149.9   55873.3    3711.3  2.0931 -1.5057  196396.6   49838.2 -211842.7
        nan       nan      -nan       nan       nan       nan       nan       nan       nan       nan
  125 2      0  2.1123 -1.7559   73593.1   53972.6    2864.1  2.0931 -1.5057  194623.3   51113.8 -212689.9
        nan       nan      -nan       nan       nan       nan       nan       nan       nan       nan
vertex track :        232   3 126    3328060 -1.7856  1.8526  196327.6   52278.9     212.6   211   362.4
  123 2     -2 -1.7901  1.8570   61863.5   64607.9    6586.1 -1.7769  1.8584  184005.0   60971.3 -208970.1
     1078.1     314.8   60888.6   65165.6   62009.2   64003.2   63046.5   64262.0   61341.9   65602.5
  124 2     -1 -1.7302  1.8203   67580.2   58710.7    3723.6 -1.7769  1.8584  189091.4   55651.5 -211832.6
      561.1     151.4   67083.9   59013.1   67493.7   58581.9   68284.7   58620.1   67303.3   59221.7
  125 2      0 -1.8132  1.8089   71549.6   57980.8    2864.8 -1.7769  1.8584  190617.4   54055.6 -212691.4
      339.7      57.5   71268.5   58180.1   71368.7   58080.1   72038.9   57993.4   71349.7   58261.4
vertex track :        243   3 126    3329438 -2.2069  1.8089  194613.6   54634.5     215.8   211   132.2
  123 2     -2 -2.3981  1.8244   59635.2   66781.8    6578.1 -2.2000  1.8181  179623.9   63069.7 -208974.7
     4223.8    1374.0   55441.7   68245.7   61661.2   63514.0   64036.3   65529.7   57105.6   70432.8
  124 2     -1 -2.7036  2.0044   68527.5   64267.5    3727.6 -2.2000  1.8181  185894.8   57887.3 -211825.2
     2050.3     662.0   66486.3   64956.8   69212.6   62935.6   70776.1   63790.2   67274.8   66020.4
  125 2      0 -2.0464  1.6785   65781.1   59877.2    2823.2 -2.2000  1.8181  187884.5   56243.0 -212729.6
      814.7     243.5   64996.8   60205.6   65826.8   59524.8   66773.3   59760.4   65305.6   60582.1
vertex track :        247   3 126    3329736 -1.8313  1.8653  192847.8   56059.7     221.8   211     nan
  123 2     -2 -1.7791  1.8105   58119.6   68447.3    6587.8 -1.8226  1.8715  180251.3   64857.7 -208967.6
        nan       nan      -nan       nan       nan       nan       nan       nan       nan       nan
  124 2     -1 -2.0035  1.9537   64020.3   62423.2    3708.4 -1.8226  1.8715  185499.2   59469.0 -211847.0
        nan       nan      -nan       nan       nan       nan       nan       nan       nan       nan
  125 2      0 -1.8360  1.8507   67927.9   61729.2    2868.0 -1.8226  1.8715  187030.9   57896.2 -212687.5
        nan       nan      -nan       nan       nan       nan       nan       nan       nan       nan
vertex track :        279   3 126    3354823  1.1552 -1.0263  189453.3   59061.4     227.4   211     nan
  123 2     -2  1.2710 -1.0597   76455.8   52471.2    6610.1  1.1571 -1.0434  195844.4   49318.1 -208943.7
        nan       nan      -nan       nan       nan       nan       nan       nan       nan       nan
  124 2     -1  1.2187 -0.9969   75863.0   58400.4    3724.4  1.1571 -1.0434  192505.2   52329.1 -211829.5
        nan       nan      -nan       nan       nan       nan       nan       nan       nan       nan
  125 2      0  1.1383 -1.0313   70256.7   56134.2    2850.3  1.1571 -1.0434  191493.8   53241.1 -212703.6
        nan       nan      -nan       nan       nan       nan       nan       nan       nan       nan
vertex track :        281   3 126    3355087  1.7880 -1.5433  188926.1   59419.2     230.2   211     nan
  123 2     -2  1.7818 -1.5420   77963.2   49422.0    6586.4  1.7940 -1.5694  199334.2   46364.7 -208969.5
        nan       nan      -nan       nan       nan       nan       nan       nan       nan       nan
  124 2     -1  1.8016 -1.5740   73551.1   53218.8    3714.5  1.7940 -1.5694  194181.9   50871.9 -211841.4
        nan       nan      -nan       nan       nan       nan       nan       nan       nan       nan
  125 2      0  1.8023 -1.5146   74348.0   55496.9    2867.0  1.7940 -1.5694  192661.4   52202.0 -212688.9
        nan       nan      -nan       nan       nan       nan       nan       nan       nan       nan
vertex track :        327   3 126    4210806 -0.3388  4.2504  193567.8   44799.1     206.2   211     nan
  123 2     -2 -0.3262  4.2720   70986.1   73027.9    6494.7 -0.3130  4.2061  190545.9   68077.0 -209084.7
        nan       nan      -nan       nan       nan       nan       nan       nan       nan       nan
  124 2     -1 -1.0772  4.1814   74229.5   63508.1    3729.4 -0.3130  4.2061  191411.3   56446.0 -211849.9
        nan       nan      -nan       nan       nan       nan       nan       nan       nan       nan
  125 2      0 -0.5334  4.4461   70097.7   57011.3    2843.6 -0.3130  4.2061  191688.5   52720.2 -212735.7
        nan       nan      -nan       nan       nan       nan       nan       nan       nan       nan
vertex track :        333   3 126    4232936  2.3370  1.8875  185442.5   51301.3     223.8   211     nan
  123 2     -2  2.3138  1.9974   77986.5   63830.3    6576.4  2.3413  1.8677  199255.7   60064.7 -209003.9
        nan       nan      -nan       nan       nan       nan       nan       nan       nan       nan
  124 2     -1  2.3408  1.9085   71995.7   57899.5    3712.4  2.3413  1.8677  192550.1   54715.6 -211867.9
        nan       nan      -nan       nan       nan       nan       nan       nan       nan       nan
  125 2      0  2.3038  1.9144   72405.8   57142.0    2870.1  2.3413  1.8677  190578.0   53142.4 -212710.2
        nan       nan      -nan       nan       nan       nan       nan       nan       nan       nan
