groupid:    177, ntrk:  6
vertex track :          0   3  73   10790668 -0.2500 -0.3011  177457.5  180888.3     178.7    13  5085.5
   74 6      1 -0.2465 -0.3042   57582.6   23123.8   -2867.5 -0.2496 -0.3088  177233.6  180899.6 -119279.8
       39.0       3.2   57560.5   23091.5   57557.9   23088.2   57814.4   23365.8   57555.5   23095.6
   75 6      2 -0.2478 -0.3031   59267.1   23436.1   -3718.4 -0.2496 -0.3088  177446.0  181162.3 -120130.7
       46.3       4.7   59241.5   23397.3   59248.0   23405.3   59502.5   23684.6   59234.2   23403.3
   76 6      3 -0.2507 -0.3000   57457.4   21356.1   -6590.0 -0.2496 -0.3088  178162.9  182049.1 -123002.3
       73.2       8.5   57417.0   21294.5   57458.2   21343.8   57707.5   21627.4   57403.9   21305.4
vertex track :         32   3  73   11227136 -2.3194  0.3785  175225.4  181618.6     180.8     0 10001.0
   74 6      1 -2.2044  0.2944   60049.1   19386.0   -2621.8 -2.3225  0.3781  180742.6  179637.4 -119032.7
      273.5      10.0   59776.6   19412.2   59855.9   19401.6   60529.3   19570.0   59779.3   19432.1
   75 6      2 -2.1611  0.5185   61303.5   18328.1   -3439.4 -2.3225  0.3781  182641.4  179328.3 -119850.3
      334.1      13.6   60975.4   18392.8   61171.4   18345.8   61839.4   18473.9   60981.8   18419.3
   76 6      3 -2.2495  0.5004   70332.7   17930.5   -6229.3 -2.3225  0.3781  189120.9  178273.6 -122640.2
      554.7      24.5   69785.9   18027.1   70396.4   17891.3   71087.2   18044.5   69796.6   18074.9
vertex track :         36   3  73   11237409  2.4840  2.3623  182212.1  185522.0     174.8   211   489.2
   74 6      1  2.4514  2.3936   55199.4   20764.3   -2867.3  2.4222  2.2820  173840.2  177638.6 -119239.9
      593.9      73.7   55572.8   21232.0   55237.8   20904.8   55038.5   20509.1   55675.8   21126.5
   75 6      2  2.4638  2.3713   54644.0   18914.1   -3718.0  2.4222  2.2820  171779.5  175697.1 -120090.7
      925.5     181.4   55185.0   19686.6   54368.8   18901.0   54315.4   18354.0   55436.6   19425.2
   76 6      3  2.4987  2.3590   45083.1    9332.5   -6584.8  2.4222  2.2820  164835.8  169155.4 -122957.4
     1697.7     359.7   46070.7   10759.5   44126.4    8924.0   44308.0    8117.9   46564.5   10236.4
vertex track :         79   3  74   12083748 -1.5062  0.0297  179732.5  183436.3     384.4   211     nan
   71 6     -2 -1.5078  0.0307   47209.3   24125.3    6586.2 -1.5044  0.0413  169707.2  180511.1 -112663.7
        nan       nan      -nan       nan       nan       nan       nan       nan       nan       nan
   72 6     -1 -1.5505  0.0565   55541.0   25069.0    3716.1 -1.5044  0.0413  174025.1  180392.7 -115533.9
        nan       nan      -nan       nan       nan       nan       nan       nan       nan       nan
   73 6      0 -1.5389  0.0247   57362.5   23420.4    2867.5 -1.5044  0.0413  175301.6  180357.6 -116382.4
        nan       nan      -nan       nan       nan       nan       nan       nan       nan       nan
vertex track :         83   3  74   12084518  0.7578 -1.8717  176700.0  185631.0     388.7   211     nan
   71 6     -2  0.7499 -1.5282   63592.8   19786.4    6652.7  0.7621 -1.9195  180783.5  170471.9 -112584.4
        nan       nan      -nan       nan       nan       nan       nan       nan       nan       nan
   72 6     -1  0.9806 -1.7346   62385.3   18310.1    3510.0  0.7621 -1.9195  178388.3  176504.1 -115727.1
        nan       nan      -nan       nan       nan       nan       nan       nan       nan       nan
   73 6      0  0.7027 -1.8077   61684.7   22785.2    2616.4  0.7621 -1.9195  177707.2  178219.5 -116620.7
        nan       nan      -nan       nan       nan       nan       nan       nan       nan       nan
vertex track :        162   3  74   13896637  0.0121 -3.6720  177470.6  192564.4     396.9     0  1775.0
   71 4     -2  0.0356 -3.6701   54383.0   86382.9    6581.0 -0.0027 -3.7577  176793.9  166129.9 -112612.2
     1211.3      99.3   54494.1   85172.6   54478.1   86824.4   54482.0   87799.5   54295.4   85170.7
   72 6     -1  0.0034 -3.7098   58504.2   21266.0    3720.9 -0.0027 -3.7577  176801.8  176877.2 -115472.3
      670.4      47.2   58552.0   20595.6   58551.5   21157.3   58666.4   22142.6   58457.6   20595.5
   73 6      0 -0.0128 -3.6686   59078.0   22856.8    2867.1 -0.0027 -3.7577  176804.1  180085.3 -116326.0
      508.0      20.2   59096.4   22348.8   59097.3   22594.3   59269.5   23571.2   59056.0   22349.0
