groupid:   1856, ntrk:  3
vertex track :          0   3  91    5732783 -0.2738 -0.2494  128073.7  115508.5     256.7    13  5376.8
   92 4      1 -0.2713 -0.2519    4774.3   36377.6   -2870.9 -0.2783 -0.2535  125894.5  114797.5 -152262.5
       37.7       3.1    4748.9   36349.7    4747.1   36348.0    5009.6   36615.3    4744.6   36354.2
   93 4      2 -0.2731 -0.2493    8149.0   39136.4   -3719.2 -0.2783 -0.2535  126130.6  115012.5 -153110.8
       44.7       4.5    8119.1   39103.0    8127.7   39110.9    8388.7   39379.6    8113.0   39109.7
   94 3      3 -0.2713 -0.2519  125574.1   38558.4   -6585.2 -0.2783 -0.2535  126928.2  115739.0 -155976.8
       70.3       8.1  125528.0   38504.6  125574.2   38547.4  125829.8   38822.0  125517.0   38516.5
vertex track :         22   3  91    5704863 -0.0692 -0.9682  128438.4  113185.1     254.0   211     nan
   92 4      1 -0.0819 -0.9505   11890.5   37846.2   -3625.4 -0.0757 -0.9748  125673.6  115464.9 -153022.4
        nan       nan      -nan       nan       nan       nan       nan       nan       nan       nan
   93 4      2 -0.0937 -0.9205    9635.9   39285.8   -4456.2 -0.0757 -0.9748  125736.6  116274.8 -153853.2
        nan       nan      -nan       nan       nan       nan       nan       nan       nan       nan
   94 4      3 -0.0470 -1.0386   14476.6   41684.7   -7265.5 -0.0757 -0.9748  125949.2  119013.2 -156662.5
        nan       nan      -nan       nan       nan       nan       nan       nan       nan       nan
vertex track :        257   3  92    5950165  0.5445  1.3630  125047.0  115279.5     146.7   211     nan
   89 4     -2  0.5473  1.3624   10532.3   47463.3    6577.4  0.5494  1.3445  129457.5  123278.5 -146340.2
        nan       nan      -nan       nan       nan       nan       nan       nan       nan       nan
   90 4     -1  0.5964  1.3511    8698.6   42796.1    3717.2  0.5494  1.3445  127886.2  119433.0 -149200.3
        nan       nan      -nan       nan       nan       nan       nan       nan       nan       nan
   91 4      0  0.5419  1.3636   10239.5   42518.0    2864.8  0.5494  1.3445  127417.9  118287.0 -150052.7
        nan       nan      -nan       nan       nan       nan       nan       nan       nan       nan
