groupid:   2100, ntrk:  7
vertex track :          0   3  47   10599918 -0.3357  0.4002   95755.4  202344.6     320.7    13   768.1
   48 5      1 -0.3353  0.3998   95765.9   44873.1   -2867.7 -0.3288  0.3950   97031.8  198796.8  -73126.3
       53.2       9.0   95724.7   44908.1   95722.8   44910.5   96016.7   45048.5   95738.6   44919.7
   49 5      2 -0.3351  0.3992   98390.5   45040.6   -3714.6 -0.3288  0.3950   97310.3  198462.2  -73973.3
       65.6      20.3   98332.8   45077.8   98346.8   45061.1   98658.0   45213.8   98363.9   45103.9
   50 5      3 -0.3359  0.3991   97727.5   38401.3   -6590.6 -0.3288  0.3950   98255.8  197326.3  -76849.3
      105.7      39.4   97629.2   38456.8   97694.8   38378.9   98035.4   38556.3   97689.6   38507.6
vertex track :        101   3  47   11693625  0.5951 -3.4794   97306.9  195837.9     311.3     0   865.2
   48 5      1  0.5392 -3.6320   96031.2   51793.3   -2721.7  0.5877 -3.5411   95709.7  204316.1  -73010.9
      580.4      43.8   96159.7   51225.6   96102.5   51611.1   96113.2   52567.3   96073.1   51212.8
   49 5      2  0.8409 -3.2244   96238.5   52099.0   -3551.1  0.5877 -3.5411   95222.2  207253.0  -73840.3
      789.0     104.2   96538.4   51361.8   96316.8   52211.7   96149.5   53043.0   96336.9   51309.3
   50 5      3  0.7223 -3.5077   91621.4   60261.1   -5711.3  0.5877 -3.5411   93952.5  214902.5  -76000.5
     1241.0     181.9   92049.9   59082.3   91701.0   60776.6   91403.7   61646.3   91693.5   59008.9
vertex track :        181   3  48   12371971 -0.9756 -1.5097   96043.8  200884.9     132.6     0  3468.2
   45 5     -2 -0.9724 -1.5200   88933.6   30345.9    6586.0 -0.9994 -1.5205   90675.7  189904.9  -66253.8
      374.3      27.2   88754.9   30016.0   88954.1   30327.3   89321.4   30884.3   88709.0   30045.3
   46 5     -1 -1.0186 -1.5139   92013.9   39301.4    3723.4 -0.9994 -1.5205   93536.6  194257.5  -69116.4
      226.5      14.2   91899.2   39105.6   91938.1   39163.4   92337.5   39705.7   91875.7   39121.4
   47 5      0 -0.9900 -1.5071   94357.6   42200.8    2869.1 -0.9994 -1.5205   94390.5  195556.6  -69970.8
      185.7       8.8   94263.0   42040.7   94259.0   42034.7   94661.2   42569.3   94248.3   42050.4
vertex track :        193   3  48   12602052 -3.9039 -0.2601   95992.7  200205.5     132.3     0  3944.4
   45 5     -2 -4.6899 -0.2442   72367.1   37827.3    6861.9 -3.8836 -0.2094   70933.7  197634.4  -65985.6
     1421.4      62.2   70950.8   37691.3   72805.0   37787.8   73988.7   38173.1   70944.4   37815.5
   46 5     -1 -3.6805 -0.5792   82039.9   45504.9    3676.5 -3.8836 -0.2094   83304.7  198301.6  -69171.0
      772.8      29.8   81281.1   45355.3   82035.1   45473.9   83005.0   45864.0   81271.8   45414.2
   47 5      0 -4.3695  0.0435   84655.8   42561.6    2836.1 -3.8836 -0.2094   86568.7  198477.6  -70011.4
      605.6      16.7   84050.0   42550.9   84343.6   42548.0   85467.1   42782.4   84050.4   42584.4
vertex track :        209   3  48   12627665  0.7000 -3.6474   94580.2  204753.2     134.3   211   649.5
   45 5     -2  0.6654 -3.6453   99094.7   19002.9    6587.3  0.7016 -3.8105  100223.7  178990.9  -66206.8
     1638.7     283.4   99667.7   17441.7   99219.0   19900.3   98732.3   20770.4   99110.1   17340.0
   46 5     -1  0.6891 -3.6501   96724.5   35154.0    3714.6  0.7016 -3.8105   98208.2  189937.3  -69079.5
      880.3     137.5   97022.9   34314.5   96841.0   35277.9   96636.8   36199.8   96752.7   34263.5
   47 5      0  0.6840 -3.6511   97612.5   39920.5    2863.8  0.7016 -3.8105   97611.4  193179.1  -69930.3
      592.8      53.8   97774.5   39347.8   97699.8   39746.3   97661.1   40699.6   97668.8   39328.0
vertex track :        221   3  48   12807716 -0.8849 -1.4983   97171.7  204466.2     132.2   211   117.7
   45 5     -2 -0.7747 -1.4380   93528.3   33816.1    6924.4 -0.9073 -1.5104   92114.6  192996.3  -65874.5
     1942.8     950.2   93443.4   31655.0   95123.6   34773.7   93822.4   36185.6   91770.2   32556.4
   46 5     -1 -0.8798 -1.6447   94582.3   44956.2    3651.8 -0.9073 -1.5104   95083.8  197939.1  -69147.1
      879.6     425.4   94542.5   43980.0   95187.5   45185.7   94831.2   46140.8   93792.3   44381.3
   47 5      0 -0.6305 -1.7223   94383.6   43535.5    2806.9 -0.9073 -1.5104   95850.4  199215.2  -69992.0
      367.8     161.3   94408.6   43134.7   94529.0   43463.7   94567.9   44144.6   94105.7   43245.6
vertex track :        224   3  48   12808850  0.3823 -2.3784   94833.3  203637.5     133.1   211   214.2
   45 5     -2  0.3607 -2.3846   97159.0   26985.6    6585.1  0.3746 -2.4486   98357.1  186670.3  -66221.3
     1558.7     555.0   97940.9   25527.5   97550.4   28108.9   96587.5   28651.3   96843.4   25361.4
   46 5     -1  0.3113 -2.3536   95829.7   38801.2    3724.1  0.3746 -2.4486   97285.3  193675.8  -69082.3
      782.7     269.7   96199.7   38060.5   96059.8   39118.3   95670.0   39749.4   95664.9   37989.8
   47 5      0  0.3177 -2.3942   97001.9   42436.8    2872.3  0.3746 -2.4486   96966.2  195761.5  -69934.1
      387.3     103.4   97155.3   42066.5   97120.2   42331.5   97058.8   43014.7   96950.4   42039.4
