groupid:    241, ntrk:  5
vertex track :          0   3  59   10276797 -0.0160  0.2766  118885.4  167342.0     114.8    13  1126.0
   60 5      1 -0.0132  0.2763  120797.5    9072.0   -2867.4 -0.0181  0.2754  119143.2  166197.4  -94446.1
       28.5       4.9  120791.3    9100.2  120791.3    9101.3  121013.7    9254.1  120801.0    9100.6
   61 5      2 -0.0152  0.2770  118181.4   11570.3   -3718.7 -0.0181  0.2754  119158.7  165962.9  -95297.4
       35.4      11.4  118168.1   11605.0  118168.8   11592.5  118404.7   11745.8  118190.8   11606.3
   62 5      3 -0.0158  0.2763  120114.3    8001.5   -6583.3 -0.0181  0.2754  119210.5  165174.1  -98162.0
       58.2      22.6  120088.5    8058.3  120091.8    8000.2  120350.2    8155.0  120133.6    8060.9
vertex track :         61   3  59   10276769 -0.2696  0.0193  118668.7  167103.6     114.7  2212   300.2
   60 3      1 -0.2728  0.0222  120642.7   84653.3   -3244.4 -0.2717  0.0238  119785.5  166705.2  -94823.3
       77.7      69.4  120559.5   84590.5  120657.2   84582.5  120935.5   84926.1  120570.8   84728.7
   61 5      2 -0.2906 -0.0010  119902.0   10534.0   -4051.5 -0.2717  0.0238  120004.8  166686.0  -95630.3
      172.7     163.3  119729.8   10370.2  120014.2   10371.1  120283.8   10907.9  119728.8   10696.7
   62 3      3 -0.2369  0.0188  119240.8   85698.4   -7138.9 -0.2717  0.0238  120843.8  166612.6  -98717.7
      342.3     326.0  118873.8   85400.6  119506.5   85350.4  119817.6   86206.3  118925.4   86050.5
vertex track :        139   3  60   10040425  0.7245  0.5522  118629.3  168246.1     281.9   211     nan
   57 6     -2  0.7245  0.5542    3393.2   15042.9    6585.5  0.7190  0.5338  121683.2  168796.5  -88403.9
        nan       nan      -nan       nan       nan       nan       nan       nan       nan       nan
   58 5     -1  0.7250  0.5557  120988.8   10226.4    3720.3  0.7190  0.5338  119623.1  167267.0  -91269.2
        nan       nan      -nan       nan       nan       nan       nan       nan       nan       nan
   59 5      0  0.7393  0.5666  119833.5    7018.3    2866.9  0.7190  0.5338  119009.6  166811.5  -92122.5
        nan       nan      -nan       nan       nan       nan       nan       nan       nan       nan
vertex track :        147   3  60   10763676  0.0331 -0.8772  120638.8  169268.7     285.0   211     nan
   57 5     -2  0.0128 -0.8597  119253.8   10263.0    7063.2  0.0442 -0.8862  119460.9  160418.1  -87922.3
        nan       nan      -nan       nan       nan       nan       nan       nan       nan       nan
   58 5     -1 -0.0515 -0.9168  120257.9    5963.0    4098.6  0.0442 -0.8862  119329.8  163045.2  -90886.9
        nan       nan      -nan       nan       nan       nan       nan       nan       nan       nan
   59 5      0  0.0858 -0.8041  121899.7    9830.2    3221.5  0.0442 -0.8862  119291.0  163822.5  -91764.0
        nan       nan      -nan       nan       nan       nan       nan       nan       nan       nan
vertex track :        206   3  60   11818051 -1.2774 -3.5458  124580.1  180403.4     297.5   211   348.0
   57 3     -2 -1.2874 -3.5504  116194.3   75406.5    6589.5 -1.2670 -3.6024  115012.7  154820.0  -88343.6
     2478.4     552.4  115868.8   72888.3  117288.1   76802.6  116728.5   78131.2  114830.2   73264.9
   58 5     -1 -1.3272 -3.5803  118746.1    5554.4    3722.9 -1.2670 -3.6024  118644.7  165146.7  -91210.2
     1235.9     262.3  118562.5    4304.3  119143.0    5870.2  119138.4    7010.8  118070.6    4486.7
   59 5      0 -1.3848 -3.4536  119324.2    5968.6    2871.4 -1.2670 -3.6024  119723.6  168214.1  -92061.7
      663.4      98.0  119168.3    5316.4  119371.3    5822.6  119688.7    6827.4  118986.3    5389.3
