groupid:   2549, ntrk:  7
vertex track :          0   3  31    7690728 -0.0764 -0.3487   85040.3  191142.6     301.3    13  1147.3
   32 5      1 -0.0805 -0.3473   85853.8   36422.9   -2867.6 -0.0771 -0.3553   83150.4  189928.8  -43017.6
       37.1       5.6   85850.9   36385.5   85850.8   36384.9   86066.6   36670.0   85840.0   36388.1
   33 5      2 -0.0764 -0.3485   81860.5   35081.9   -3718.6 -0.0771 -0.3553   83216.0  190231.2  -43868.6
       45.3      12.4   81862.9   35035.0   81866.3   35050.2   82068.0   35338.4   81838.7   35040.3
   34 5      3 -0.0775 -0.3483   85218.4   37593.3   -6588.5 -0.0771 -0.3553   83437.2  191250.9  -46738.6
       72.6      24.0   85226.1   37517.2   85241.3   37585.8   85420.6   37879.1   85179.1   37527.7
vertex track :          9   3  31    7026422 -2.0439  0.3573   84091.2  191416.9     299.5     0 10001.0
   32 5      1 -2.0964  0.4261   91536.0   34382.3   -2622.1 -2.0303  0.3618   87888.5  188026.5  -42766.3
      235.4       9.6   91303.4   34419.8   91324.5   34415.5   91976.5   34555.2   91307.2   34438.6
   33 5      2 -2.0297  0.3202   94867.1   36339.2   -3446.3 -2.0303  0.3618   89562.0  187728.2  -43590.6
      284.9      12.8   94583.6   36371.0   94720.3   36349.4   95358.5   36517.8   94587.6   36396.2
   34 5      3 -2.0833  0.3622   98962.0   33602.6   -6422.4 -2.0303  0.3618   95604.1  186651.4  -46566.6
      476.6      23.3   98488.4   33661.2   98990.0   33574.0   99643.4   33754.3   98496.4   33707.2
vertex track :         17   3  31    7059444 -1.8931  2.1405   80462.9  197421.6     307.8   211   195.1
   32 5      1 -1.8686  2.1575   86064.7   36120.2   -2866.1 -1.8434  2.0952   84209.2  188440.9  -42964.6
      678.2     178.8   85485.6   36515.8   85981.2   35943.6   86852.0   35936.7   85755.8   36749.9
   33 5      2 -1.8921  2.1412   83573.6   32732.1   -3715.8 -1.8434  2.0952   85775.6  186660.6  -43814.3
     1413.3     436.5   82310.7   33502.1   83785.0   31833.7   85044.7   32174.3   82964.9   34080.2
   34 5      3 -1.8897  2.1506   92216.2   27960.7   -6585.5 -1.8434  2.0952   91065.8  180647.9  -46684.1
     2714.3     854.2   89782.9   29435.8   92969.3   25809.5   94857.7   26697.8   91066.3   30563.6
vertex track :         28   3  31    7689680  1.5610  1.2630   86321.9  192404.5     302.3     0 10001.0
   32 5      1  1.4417  1.2935   83316.3   32708.8   -2631.1  1.5631  1.2286   79612.9  186444.9  -42774.8
      225.6       9.4   83478.0   32866.5   83444.8   32836.7   83366.1   32762.4   83490.5   32852.5
   33 5      2  1.6392  1.1521   83724.4   33909.5   -3475.0  1.5631  1.2286   78293.8  185408.2  -43618.7
      273.7      12.6   83941.1   34077.2   83837.5   34004.3   83719.4   33953.0   83955.6   34056.6
   34 5      3  1.7296  1.0973   77427.9   28323.8   -6368.1  1.5631  1.2286   73771.5  181853.6  -46511.8
      450.5      22.6   77796.2   28584.2   77398.6   28331.9   77271.3   28274.5   77820.4   28546.1
vertex track :         37   3  31    7690726 -0.0352  0.2803   85042.6  191172.1     301.3  2212   438.9
   32 5      1 -0.0320  0.2808   85720.3   34787.6   -2871.6 -0.0316  0.2709   83009.0  187973.0  -43021.5
       43.8      31.0   85684.5   34827.6   85687.7   34799.5   85966.0   34957.9   85746.1   34834.6
   33 5      2 -0.0342  0.2798   81715.9   32925.7   -3716.1 -0.0316  0.2709   83035.7  187744.3  -43865.9
       86.0      75.5   81630.5   33001.9   81644.2   32889.9   82011.2   33059.8   81780.4   33020.2
   34 5      3 -0.0343  0.2811   84942.3   33609.2   -6586.0 -0.0316  0.2709   83126.4  186966.9  -46735.9
      163.3     147.8   84775.8   33753.5   84808.2   33488.2   85318.9   33675.3   85069.3   33789.3
vertex track :        108   3  32    7059477 -2.1342 -2.1161   90330.4  195843.7     307.5   211     nan
   29 5     -2 -2.0790 -2.1324   74992.5   25186.9    6584.5 -2.1604 -2.1362   74219.2  180290.8  -36215.6
        nan       nan      -nan       nan       nan       nan       nan       nan       nan       nan
   30 5     -1 -2.1124 -2.1402   80097.3   30679.1    3719.3 -2.1604 -2.1362   80409.2  186411.5  -39080.8
        nan       nan      -nan       nan       nan       nan       nan       nan       nan       nan
   31 5      0 -2.1271 -2.1251   84658.4   33197.1    2868.0 -2.1604 -2.1362   82248.3  188229.9  -39932.0
        nan       nan      -nan       nan       nan       nan       nan       nan       nan       nan
vertex track :        150   3  32    7527839  2.8131 -2.9810   77610.1  198951.8     314.2     0  9890.5
   29 5     -2  2.8799 -2.4716   94918.8   24462.3    6623.2  2.8575 -3.0028   93056.6  177842.3  -36195.4
     1439.2      39.9   96036.9   23555.3   94457.4   24910.9   94013.5   25576.9   95984.9   23494.7
   30 5     -1  2.8878 -3.0705   86560.7   34382.9    3444.5  2.8575 -3.0028   83973.4  187387.3  -39374.1
      745.0      19.1   87085.1   33853.4   86670.7   34294.0   86249.2   35119.5   87057.2   33827.1
   31 5      0  3.2794 -2.7593   84702.4   33740.9    2640.3  2.8575 -3.0028   81675.5  189802.1  -40178.3
      577.1      13.1   85152.4   33379.3   84958.0   33542.9   84465.7   34309.6   85135.6   33359.3
