groupid:   2597, ntrk: 16
vertex track :          0   3 125     821513  0.2035 -0.1611   78911.6   71733.7     246.3    13  1241.2
  126 1      1  0.2035 -0.1612   76929.8   72028.8   -2866.7  0.2048 -0.1647   75260.6   69698.0 -215764.0
       27.7       4.7   76954.4   72015.3   76953.8   72015.8   77115.5   72252.2   76948.6   72008.0
  127 1      2  0.2056 -0.1582   76879.4   70668.5   -3714.8  0.2048 -0.1647   75086.9   69837.7 -216612.0
       34.2      10.7   76913.0   70656.0   76901.9   70664.6   77056.0   70890.8   76900.0   70639.2
  128 1      3  0.2019 -0.1628   78297.7   72832.2   -6582.3  0.2048 -0.1647   74499.8   70310.1 -219479.5
       55.8      20.8   78354.1   72813.4   78309.7   72849.2   78451.4   73060.8   78328.0   72781.0
vertex track :         10   3 125     769860  2.1388 -1.9501   83467.1   67350.1     233.4     0 10000.0
  126 1      1  2.2407 -1.9687   78722.9   73100.8   -2811.6  2.1465 -1.9902   73923.7   70775.5 -215700.0
      405.4      12.7   79035.8   72842.8   78897.3   72964.5   78622.2   73566.9   79019.1   72823.7
  127 1      2  1.9412 -2.1758   76072.5   77200.7   -3643.5  2.1465 -1.9902   72138.1   72431.0 -216531.9
      498.0      17.2   76416.8   76840.5   76161.4   77126.8   75940.1   77768.7   76391.2   76817.7
  128 1      3  2.2496 -2.0498   69528.6   79123.2   -6275.8  2.1465 -1.9902   66487.7   77669.8 -219164.2
      802.9      29.4   70141.8   78604.2   69427.3   79255.3   69127.5   79850.2   70102.2   78560.7
vertex track :         50   3 125    1572290  2.1405 -2.0992   84445.5   66065.2     232.4     0 10001.0
  126 1      1  2.1379 -2.1000   77015.1   71811.7   -2869.0  2.1474 -2.1416   74777.4   70050.6 -215757.3
      436.3      13.3   77335.6   71515.4   77162.1   71685.9   76906.6   72315.8   77317.0   71496.5
  127 1      2  2.1662 -2.0627   75348.6   72035.4   -3718.4  2.1474 -2.1416   72953.4   71869.6 -216606.6
      537.7      18.0   75750.4   71677.6   75426.5   71986.1   75158.9   72601.1   75725.6   71651.6
  128 1      3  2.1204 -2.1191   71759.1   79359.7   -6580.7  2.1474 -2.1416   66806.8   77999.6 -219469.0
      892.4      31.8   72412.8   78751.3   71595.7   79568.0   71317.6   80175.9   72367.9   78706.3
vertex track :        121   3 125    2561045  2.5209 -0.4395   86064.3   70830.9     240.2     0 10001.0
  126 1      1  2.5691 -0.5103   80283.9   72217.0   -2808.8  2.5418 -0.4594   75349.9   69628.2 -215704.6
      332.7      11.6   80612.5   72163.6   80499.4   72186.0   80167.9   72479.9   80608.0   72140.7
  127 1      2  2.4274 -0.4739   77189.4   74997.0   -3643.9  2.5418 -0.4594   73227.4   70011.9 -216539.7
      406.3      15.6   77591.2   74934.5   77303.3   74990.7   77000.0   75269.1   77585.2   74903.9
  128 1      3  2.3489 -0.4706   69672.4   72817.6   -6270.3  2.5418 -0.4594   66551.6   71218.6 -219166.1
      649.2      26.6   70314.2   72716.2   69534.4   72872.4   69243.0   73128.6   70303.7   72664.0
vertex track :        152   3 125    2594018 -3.7535  0.4095   68544.2   73421.2     252.0     0  1732.9
  126 1      1 -3.7470  0.4161   77685.8   72110.4   -2869.0 -3.7493  0.4285   77162.6   69632.8 -215763.0
      650.3      28.2   77036.4   72154.2   77542.1   72098.0   78541.5   72277.1   77042.6   72210.2
  127 1      2 -3.7471  0.3712   80920.9   70305.4   -3719.7 -3.7493  0.4285   80352.3   69268.3 -216613.7
      830.7      61.0   80088.2   70326.6   80954.7   70240.7   81959.9   70494.5   80100.2   70447.9
  128 1      3 -3.7478  0.4378   92266.2   70841.5   -6587.2 -3.7493  0.4285   91103.6   68039.4 -219481.2
     1411.1     118.4   90850.8   70887.6   92867.0   70652.0   93887.8   71005.8   90878.3   71122.9
vertex track :        153   3 125    2594168 -4.3961  0.5382   66373.8   74185.7     255.9     0  1183.4
  126 1      1 -4.4203  0.4561   80439.4   72754.3   -2807.8 -4.3855  0.5601   76715.2   70037.6 -215701.0
      858.1      45.8   79581.1   72796.7   80360.0   72716.4   81503.3   72922.2   79590.5   72887.9
  127 1      2 -4.1676 -0.2890   83071.9   74740.1   -3626.2 -4.3855  0.5601   80304.6   69579.1 -216519.5
     1141.7     106.4   81940.3   74554.9   83343.0   74652.2   84409.3   75134.9   81925.5   74767.3
  128 1      3 -4.4011  0.4010   95259.8   69804.5   -6142.3 -4.3855  0.5601   91338.7   68169.9 -219035.5
     1895.3     197.8   93354.4   69779.4   96205.1   69519.7   97370.8   70039.9   93390.3   70173.4
vertex track :        183   3 126     337643  1.9882  2.4120   72394.8   65539.6     219.2   211     nan
  123 1     -2  1.9813  2.4150   84220.8   81532.6    6586.3  2.0101  2.4145   83511.5   78507.1 -209112.5
        nan       nan      -nan       nan       nan       nan       nan       nan       nan       nan
  124 1     -1  1.9806  2.4520   78040.2   72660.8    3709.9  2.0101  2.4145   77729.7   71561.9 -211989.0
        nan       nan      -nan       nan       nan       nan       nan       nan       nan       nan
  125 1      0  1.9819  2.4123   79371.3   72471.9    2865.0  2.0101  2.4145   76031.4   69521.9 -212833.9
        nan       nan      -nan       nan       nan       nan       nan       nan       nan       nan
vertex track :        218   3 126     394688 -0.2330 -1.4119   77732.6   74319.8     217.4   211   183.7
  123 1     -2 -0.2099 -1.4142   77352.0   65425.5    6660.6 -0.2444 -1.4278   74569.1   62769.5 -209025.3
      695.1     367.9   77613.9   64684.0   77773.9   65762.0   77299.9   66375.6   76886.1   64792.0
  124 1     -1 -0.2047 -1.3595   79048.1   70147.3    3660.9 -0.2444 -1.4278   75302.4   67052.6 -212025.1
      338.3     170.9   79166.7   69787.4   79224.4   70170.9   79139.2   70715.9   78828.7   69838.3
  125 1      0 -0.2506 -1.4331   75654.1   70105.7    2806.1 -0.2444 -1.4278   75511.4   68272.9 -212879.8
      173.0      63.7   75687.1   69924.3   75694.1   69964.2   75830.9   70495.7   75561.6   69946.2
vertex track :        220   3 126     394896  2.2333 -2.2258   76797.4   72160.2     215.5   211   174.7
  123 1     -2  2.2591 -2.2858   90471.6   57227.1    6596.5  2.2360 -2.2657   89456.9   55336.3 -209090.0
     3572.1    1044.4   93725.4   55420.5   89177.9   60021.9   87430.1   59241.3   92239.7   53952.2
  124 1     -1  2.3378 -2.2528   83265.0   62375.4    3714.0  2.2360 -2.2657   83011.5   61867.1 -211972.5
     1732.5     499.4   84859.0   61532.8   82855.0   63464.0   81883.4   63425.7   84166.0   60813.7
  125 1      0  2.2318 -2.2242   84444.5   66103.4    2868.1  2.2360 -2.2657   81120.0   63783.6 -212818.5
      749.4     188.7   85108.5   65708.0   84515.5   66298.9   83992.7   66706.5   84842.1   65440.7
vertex track :        227   3 126     395936  0.9877 -1.8248   75213.7   75774.3     220.5   211     nan
  123 1     -2  1.0777 -1.9060   82924.1   64201.5    6697.0  0.9839 -1.8530   79987.8   61455.3 -208992.7
        nan       nan      -nan       nan       nan       nan       nan       nan       nan       nan
  124 1     -1  0.9710 -1.9166   81087.7   70044.0    3640.1  0.9839 -1.8530   76980.1   67119.6 -212049.5
        nan       nan      -nan       nan       nan       nan       nan       nan       nan       nan
  125 1      0  0.9136 -1.8446   76625.6   70380.3    2806.6  0.9839 -1.8530   76160.0   68664.1 -212883.0
        nan       nan      -nan       nan       nan       nan       nan       nan       nan       nan
vertex track :        237   3 126     746434  0.4339  1.3748   76398.6   68704.3     214.7   211     nan
  123 1     -2  0.4266  1.3713   77931.5   77865.2    6615.1  0.4441  1.3834   77608.7   75158.5 -209073.7
        nan       nan      -nan       nan       nan       nan       nan       nan       nan       nan
  124 1     -1  0.4501  1.4154   76405.5   72098.7    3711.3  0.4441  1.3834   76319.0   71141.3 -211977.5
        nan       nan      -nan       nan       nan       nan       nan       nan       nan       nan
  125 1      0  0.4358  1.3774   79016.8   72729.4    2872.3  0.4441  1.3834   75946.3   69980.5 -212816.6
        nan       nan      -nan       nan       nan       nan       nan       nan       nan       nan
vertex track :        258   3 126     773041  1.7486 -1.7272   76284.7   72721.6     218.3   211     nan
  123 1     -2  1.7886 -1.8522   89000.8   61755.6    6719.9  1.7506 -1.7584   86057.4   58931.9 -208969.2
        nan       nan      -nan       nan       nan       nan       nan       nan       nan       nan
  124 1     -1  1.9152 -1.8441   85070.6   67268.9    3618.1  1.7506 -1.7584   80627.4   64386.1 -212071.1
        nan       nan      -nan       nan       nan       nan       nan       nan       nan       nan
  125 1      0  1.7169 -1.7038   79915.6   67699.5    2803.0  1.7506 -1.7584   79200.5   65819.2 -212886.2
        nan       nan      -nan       nan       nan       nan       nan       nan       nan       nan
vertex track :        295   3 126    1232134  3.0352 -2.6067   73030.6   75348.3     222.6     0  5087.5
  123 1     -2  3.0771 -2.6937   92133.7   57808.0    6587.5  3.0408 -2.6553   90768.2   56139.6 -209106.3
     1396.1      51.3   93218.0   56927.0   91763.3   58200.5   91262.6   58896.2   93150.4   56849.8
  124 1     -1  3.1578 -2.6467   82369.5   64246.9    3705.2  3.0408 -2.6553   82003.7   63793.0 -211988.5
      788.7      26.1   82990.7   63760.3   82444.9   64217.8   81961.4   64940.9   82957.2   63720.2
  125 1      0  3.0472 -2.5992   82921.2   68234.8    2862.9  3.0408 -2.6553   79442.4   66029.6 -212830.8
      616.1      15.7   83400.1   67846.9   83102.5   68100.7   82655.3   68830.1   83379.7   67823.0
vertex track :        313   3 126    1949071  0.5831  0.7468   76656.1   71288.5     217.8   211     nan
  123 1     -2  0.5489  0.7596   81666.0   76657.5    6669.2  0.5906  0.7490   78851.7   73745.8 -209020.4
        nan       nan      -nan       nan       nan       nan       nan       nan       nan       nan
  124 1     -1  0.6432  0.6604   80996.6   75110.4    3626.6  0.5906  0.7490   77054.6   71466.8 -212062.9
        nan       nan      -nan       nan       nan       nan       nan       nan       nan       nan
  125 1      0  0.5644  0.8003   76876.3   73288.4    2805.7  0.5906  0.7490   76569.7   70851.9 -212883.9
        nan       nan      -nan       nan       nan       nan       nan       nan       nan       nan
vertex track :        331   3 126    1993361 -1.0020 -1.5543   77279.4   72463.8     215.4   211     nan
  123 1     -2 -0.9991 -1.5523   69184.0   61844.7    6569.0 -1.0218 -1.5677   69184.4   60136.1 -209116.8
        nan       nan      -nan       nan       nan       nan       nan       nan       nan       nan
  124 1     -1 -1.0210 -1.5570   71924.2   65255.1    3722.6 -1.0218 -1.5677   72092.8   64598.5 -211963.2
        nan       nan      -nan       nan       nan       nan       nan       nan       nan       nan
  125 1      0 -1.0008 -1.5522   75862.8   68244.9    2870.7 -1.0218 -1.5677   72963.2   65934.0 -212815.1
        nan       nan      -nan       nan       nan       nan       nan       nan       nan       nan
vertex track :        335   3 126    1994385  1.6935  1.3001   76405.9   71515.8     216.5   211     nan
  123 1     -2  1.7010  1.2013   88730.6   80357.9    6647.6  1.7094  1.2983   85783.6   77494.3 -209040.7
        nan       nan      -nan       nan       nan       nan       nan       nan       nan       nan
  124 1     -1  1.7502  1.4337   84990.0   77313.2    3625.5  1.7094  1.2983   80617.7   73570.7 -212062.8
        nan       nan      -nan       nan       nan       nan       nan       nan       nan       nan
  125 1      0  1.6798  1.2507   79916.1   75194.4    2787.3  1.7094  1.2983   79184.9   72482.5 -212901.0
        nan       nan      -nan       nan       nan       nan       nan       nan       nan       nan
