groupid:   2731, ntrk: 17
vertex track :          0   3 125    6339399 -0.0390 -0.1056   45000.3  105992.7     267.4    13  1938.6
  126 3      1 -0.0387 -0.1058   43809.9   27507.1   -2871.0 -0.0362 -0.1077   42043.5  104198.1 -215676.3
       15.1       2.7   43807.3   27491.9   43809.5   27498.2   44022.5   27732.2   43802.1   27493.8
  127 3      2 -0.0382 -0.1061   43211.5   25845.2   -3717.7 -0.0362 -0.1077   42074.2  104289.3 -216522.9
       19.3       6.5   43211.1   25824.8   43216.1   25838.9   43421.9   26075.4   43198.9   25829.2
  128 3      3 -0.0406 -0.1053   45922.4   28023.9   -6584.0 -0.0362 -0.1077   42178.0  104597.9 -219389.2
       32.4      12.7   45922.5   27989.2   45937.3   28027.4   46132.1   28268.6   45898.9   27998.3
vertex track :          7   3 125    5637753 -1.2680 -2.2165   41729.3  100372.1     261.4   211     nan
  126 3      1 -1.3655 -2.2249   46901.2   28137.9   -2927.6 -1.2882 -2.2305   42715.6  105354.9 -215726.5
        nan       nan      -nan       nan       nan       nan       nan       nan       nan       nan
  127 3      2 -1.2598 -2.3307   46689.8   32655.2   -3765.6 -1.2882 -2.2305   43795.1  107223.9 -216564.5
        nan       nan      -nan       nan       nan       nan       nan       nan       nan       nan
  128 3      3 -1.2581 -2.2402   49758.0   34877.0   -6464.3 -1.2882 -2.2305   47271.7  113243.5 -219263.2
        nan       nan      -nan       nan       nan       nan       nan       nan       nan       nan
vertex track :         12   3 125    5640484 -1.8376 -2.2103   40551.2  101140.5     264.5     0 10001.0
  126 3      1 -1.8341 -2.2130   44631.5   28831.2   -2867.2 -1.8603 -2.2188   43251.1  105967.2 -215664.3
      410.2      13.0   44379.7   28507.1   44518.1   28674.0   45091.4   29363.1   44359.7   28523.7
  127 3      2 -1.8244 -2.2169   45538.7   28915.9   -3719.7 -1.8603 -2.2188   44837.0  107858.7 -216516.7
      504.2      17.5   45231.8   28515.5   45489.5   28828.6   46053.7   29524.2   45204.7   28537.8
  128 3      3 -1.8624 -2.1825   53146.0   36582.3   -6579.4 -1.8603 -2.2188   50156.9  114204.0 -219376.5
      832.2      30.8   52629.2   35929.3   53318.5   36737.0   53870.8   37443.1   52582.3   35969.3
vertex track :         53   3 125    6303759  1.8789 -1.9842   47727.5  103315.2     259.8   211     nan
  126 3      1  1.8265 -1.9728   43925.9   30465.8   -2939.1  1.9055 -2.0284   38566.2  107642.6 -215752.0
        nan       nan      -nan       nan       nan       nan       nan       nan       nan       nan
  127 3      2  1.7797 -2.1047   41048.8   34864.8   -3796.7  1.9055 -2.0284   36931.9  109382.2 -216609.6
        nan       nan      -nan       nan       nan       nan       nan       nan       nan       nan
  128 3      3  1.9113 -2.0699   35287.7   36444.9   -6598.0  1.9055 -2.0284   31594.1  115064.1 -219410.9
        nan       nan      -nan       nan       nan       nan       nan       nan       nan       nan
vertex track :         60   3 125    6306905 -2.0674 -2.0172   40722.1  101720.8     263.7   211     nan
  126 3      1 -2.0587 -2.0252   45469.8   28842.7   -2868.3 -2.0885 -2.0214   44141.4  105932.2 -215663.4
        nan       nan      -nan       nan       nan       nan       nan       nan       nan       nan
  127 3      2 -2.0560 -2.0265   46602.1   28758.6   -3717.5 -2.0885 -2.0214   45915.1  107648.9 -216512.7
        nan       nan      -nan       nan       nan       nan       nan       nan       nan       nan
  128 3      3 -2.0938 -1.9874   54736.7   35835.1   -6588.5 -2.0885 -2.0214   51911.0  113452.3 -219383.6
        nan       nan      -nan       nan       nan       nan       nan       nan       nan       nan
vertex track :         72   3 125    6371127  1.8353  1.8920   50174.5  111638.2     271.3     0 10001.0
  126 3      1  1.6514  1.9936   46448.8   27608.7   -2927.7  1.8651  1.8909   41201.8  103443.9 -215743.8
      362.4      12.5   46670.4   27895.8   46554.7   27756.2   46438.8   27533.7   46689.6   27879.9
  127 3      2  1.7586  1.7919   43631.5   28787.1   -3777.7  1.8651  1.8909   39616.6  101836.8 -216593.7
      442.3      16.6   43929.4   29114.4   43679.2   28859.4   43545.4   28671.6   43953.2   29091.1
  128 3      3  1.8709  1.9050   37827.9   19264.3   -6525.1  1.8651  1.8909   34492.3   96641.8 -219341.2
      711.2      28.5   38305.9   19791.7   37702.1   19176.9   37561.7   18948.8   38346.6   19751.8
vertex track :        139   3 125    7053551 -3.8414  1.1569   43067.5  106619.8     270.2     0 10001.0
  126 3      1 -3.8503  1.1469   52867.9   24508.6   -2869.4 -3.7962  1.1670   51905.8  100839.1 -215669.2
      719.0      17.4   52173.9   24697.2   52743.5   24527.6   53768.1   24531.2   52183.8   24730.5
  127 3      2 -3.8456  1.1318   55518.8   21795.4   -3713.5 -3.7962  1.1670   55110.2   99854.0 -216513.3
      893.5      23.9   54654.8   22024.7   55561.6   21757.8   56588.8   21777.2   54668.4   22070.6
  128 3      3 -3.8241  1.2077   67748.2   20357.7   -6581.8 -3.7962  1.1670   65998.7   96506.7 -219381.5
     1500.1      42.5   66305.0   20769.0   68362.8   20119.1   69397.6   20157.6   66330.6   20850.0
vertex track :        162   3 125    7264466 -3.7544  1.5729   33536.7  111060.4     287.0   211     nan
  126 3      1 -3.9521  1.6800   45828.8   27947.0   -2930.4 -3.7113  1.5796   42356.9  103945.3 -215705.3
        nan       nan      -nan       nan       nan       nan       nan       nan       nan       nan
  127 3      2 -3.5996  1.5899   47749.0   29265.0   -3768.2 -3.7113  1.5796   45466.6  102621.8 -216543.2
        nan       nan      -nan       nan       nan       nan       nan       nan       nan       nan
  128 3      3 -3.7158  1.7154   58093.3   20512.1   -6338.7 -3.7113  1.5796   55006.4   98561.6 -219113.6
        nan       nan      -nan       nan       nan       nan       nan       nan       nan       nan
vertex track :        164   3 126    4815202 -1.8499  1.7415   47525.3  102229.9     207.3   211     nan
  123 3     -2 -1.8272  1.7895   33483.6   35260.3    6585.9 -1.8536  1.7588   34041.2  111423.1 -209091.4
        nan       nan      -nan       nan       nan       nan       nan       nan       nan       nan
  124 3     -1 -1.8873  1.6895   37955.6   29439.2    3704.9 -1.8536  1.7588   39381.5  106356.2 -211972.4
        nan       nan      -nan       nan       nan       nan       nan       nan       nan       nan
  125 3      0 -1.8440  1.7467   42863.8   29900.0    2873.1 -1.8536  1.7588   40923.3  104893.3 -212804.2
        nan       nan      -nan       nan       nan       nan       nan       nan       nan       nan
vertex track :        177   3 126    4846112  1.6720 -2.1006   42772.3  107213.7     217.9   211     nan
  123 3     -2  1.5864 -1.8899   54948.0   15391.3    6727.6  1.6732 -2.1201   51996.2   91435.3 -208959.7
        nan       nan      -nan       nan       nan       nan       nan       nan       nan       nan
  124 3     -1  1.7343 -2.1070   50028.3   22669.5    3768.4  1.6732 -2.1201   47045.0   97709.2 -211918.9
        nan       nan      -nan       nan       nan       nan       nan       nan       nan       nan
  125 3      0  1.6646 -2.2770   45447.6   23435.8    2901.8  1.6732 -2.1201   45595.0   99546.6 -212785.5
        nan       nan      -nan       nan       nan       nan       nan       nan       nan       nan
vertex track :        213   3 126    5476382 -0.1619 -0.7476   43909.0  107162.4     213.9   211     nan
  123 3     -2 -0.1596 -0.7493   41337.1   23389.7    6584.4 -0.1669 -0.7502   41185.1  100399.1 -209098.5
        nan       nan      -nan       nan       nan       nan       nan       nan       nan       nan
  124 3     -1 -0.1605 -0.7554   40752.7   25053.7    3725.2 -0.1669 -0.7502   41662.3  102544.0 -211957.7
        nan       nan      -nan       nan       nan       nan       nan       nan       nan       nan
  125 3      0 -0.1661 -0.7457   44193.5   27540.3    2867.1 -0.1669 -0.7502   41805.5  103187.8 -212815.8
        nan       nan      -nan       nan       nan       nan       nan       nan       nan       nan
vertex track :        222   3 126    5504336  2.5144 -2.2605   37692.2  110824.1     227.3   211     nan
  123 3     -2  2.4747 -2.3315   55373.4   17884.3    6749.4  2.5227 -2.2915   52461.6   93949.5 -208946.8
        nan       nan      -nan       nan       nan       nan       nan       nan       nan       nan
  124 3     -1  2.5363 -2.1424   47955.1   25656.2    3761.1  2.5227 -2.2915   44923.0  100797.2 -211935.1
        nan       nan      -nan       nan       nan       nan       nan       nan       nan       nan
  125 3      0  2.7425 -2.2472   42808.8   26655.6    2912.1  2.5227 -2.2915   42781.4  102742.5 -212784.0
        nan       nan      -nan       nan       nan       nan       nan       nan       nan       nan
vertex track :        243   3 126    5928413 -1.9891 -1.3567   46096.5  107695.1     211.8     0  5755.4
  123 3     -2 -1.9816 -1.3534   31257.0   19797.4    6556.7 -2.0114 -1.3517   31690.6   97123.2 -209123.2
      573.1      28.2   30799.7   19450.9   31330.0   19813.1   31922.3   20352.5   30767.8   19497.5
  124 3     -1 -1.9976 -1.4301   36059.0   23284.0    3718.3 -2.0114 -1.3517   37399.7  100959.8 -211961.6
      338.6      14.9   35792.3   23074.7   35923.5   23168.6   36533.6   23701.8   35774.9   23099.0
  125 3      0 -1.9887 -1.3501   41022.9   26291.6    2872.2 -2.0114 -1.3517   39101.5  102103.4 -212807.7
      273.3      10.0   40802.4   26129.8   40837.0   26153.2   41451.4   26662.0   40791.2   26146.4
vertex track :        279   3 126    6157230  4.4654  3.9140   38745.9  101937.6     220.9   211     nan
  123 3     -2  4.0335  3.9063   69346.3   49583.1    6630.3  4.5398  3.9380   66124.0  125203.0 -209062.3
        nan       nan      -nan       nan       nan       nan       nan       nan       nan       nan
  124 3     -1  4.3383  4.0801   56320.7   39675.3    3690.1  4.5398  3.9380   52775.9  113624.5 -212002.5
        nan       nan      -nan       nan       nan       nan       nan       nan       nan       nan
  125 3      0  4.1906  4.0646   49611.4   35499.3    2908.9  4.5398  3.9380   49229.4  110548.2 -212783.7
        nan       nan      -nan       nan       nan       nan       nan       nan       nan       nan
vertex track :        284   3 126    6169219  1.1465 -0.1211   40972.7  106230.9     219.6   211     nan
  123 3     -2  1.1475 -0.1207   47232.8   26669.9    6595.6  1.1527 -0.1290   46638.1  103438.9 -209094.3
        nan       nan      -nan       nan       nan       nan       nan       nan       nan       nan
  124 3     -1  1.1572 -0.1169   42679.6   26508.8    3709.3  1.1527 -0.1290   43311.1  103811.2 -211980.6
        nan       nan      -nan       nan       nan       nan       nan       nan       nan       nan
  125 3      0  1.1464 -0.1279   45077.2   28432.3    2872.7  1.1527 -0.1290   42346.7  103919.1 -212817.2
        nan       nan      -nan       nan       nan       nan       nan       nan       nan       nan
vertex track :        285   3 126    6169442  1.2628 -2.7263   42172.0  109359.0     218.9   211     nan
  123 3     -2  1.4277 -2.8192   51653.1   13448.2    6729.2  1.2606 -2.7548   48717.1   89459.7 -208958.3
        nan       nan      -nan       nan       nan       nan       nan       nan       nan       nan
  124 3     -1  1.3108 -2.7269   47941.5   22429.3    3765.0  1.2606 -2.7548   44980.5   97625.5 -211922.5
        nan       nan      -nan       nan       nan       nan       nan       nan       nan       nan
  125 3      0  1.3133 -2.6998   43655.2   23913.6    2904.6  1.2606 -2.7548   43895.9   99995.7 -212782.9
        nan       nan      -nan       nan       nan       nan       nan       nan       nan       nan
vertex track :        288   3 126    6171315  3.7646 -0.1431   34321.0  105901.6     230.8   211   502.2
  123 3     -2  3.7794 -0.1396   58125.5   26202.5    6585.9  3.8044 -0.1570   56766.8  102964.7 -209113.5
     1907.0     372.4   60044.9   26504.3   57027.2   26615.8   56419.8   26110.6   60017.4   25760.0
  124 3     -1  3.6956 -0.1908   45919.8   26144.4    3730.1  3.8044 -0.1570   45902.2  103413.0 -211969.3
      993.3     179.1   46921.0   26272.1   45713.1   26334.5   45132.2   26226.6   46902.5   25914.3
  125 3      0  3.7642 -0.1676   46042.6   28034.7    2869.0  3.8044 -0.1570   42626.2  103548.2 -212830.4
      613.3      68.0   46658.3   28075.4   46223.3   28094.7   45640.6   28203.8   46652.3   27939.4
