groupid:   2734, ntrk: 11
vertex track :          0   3  57    9971130 -0.0155 -0.1649  101118.7  207020.6     136.5    13   341.6
   58 5      1 -0.0148 -0.1648   99064.7   49166.5   -2867.4 -0.0143 -0.1654   98304.7  206420.0  -90641.2
       23.5      14.7   99077.3   49141.7   99078.4   49154.0   99262.1   49401.0   99047.9   49144.4
   59 5      2 -0.0157 -0.1654   98753.0   46685.3   -3718.2 -0.0143 -0.1654   98316.9  206560.7  -91491.9
       43.4      37.0   98785.7   46638.6   98790.6   46690.3   98930.3   46941.8   98712.1   46645.6
   60 5      3 -0.0157 -0.1648  100138.8   50247.2   -6587.2 -0.0143 -0.1654   98358.0  207035.1  -94361.0
       82.8      73.8  100204.5   50157.8  100216.8   50288.0  100283.2   50546.4  100057.6   50171.7
vertex track :         34   3  57   10649785 -2.2214  2.0726   95684.8  213082.0     144.7   211     nan
   58 5      1 -2.2494  2.1137  102702.9   45466.8   -2935.2 -2.1933  2.1251   99642.3  205536.5  -90715.3
        nan       nan      -nan       nan       nan       nan       nan       nan       nan       nan
   59 5      2 -2.2564  2.1608  106088.7   46738.5   -3753.5 -2.1933  2.1251  101437.2  203797.4  -91533.7
        nan       nan      -nan       nan       nan       nan       nan       nan       nan       nan
   60 5      3 -2.2652  2.0205  111194.2   38057.8   -6840.9 -2.1933  2.1251  108208.8  197236.5  -94621.1
        nan       nan      -nan       nan       nan       nan       nan       nan       nan       nan
vertex track :         70   3  57   11083895 -0.3534  2.2121  100406.7  211413.9     141.0   211   234.0
   58 5      1 -0.3634  2.2120   99335.6   46565.9   -2867.1 -0.3303  2.2609   98567.6  203558.0  -90644.5
      354.2      94.9   99184.5   46900.1   99223.1   46665.5   99696.4   46444.0   99371.9   46930.9
   59 5      2 -0.3498  2.2160   99309.4   42126.4   -3719.2 -0.3303  2.2609   98849.1  201631.5  -91496.6
      666.5     237.2   98971.2   42747.8   99105.6   41896.4   99857.3   41717.2   99439.8   42821.7
   60 5      3 -0.3512  2.2061  101717.6   38380.5   -6585.3 -0.3303  2.2609   99795.8  195151.6  -94362.7
     1275.8     472.5  101050.4   39566.2  101377.8   37509.6  102594.5   37407.1  101983.7   39714.7
vertex track :         98   3  58   10204893  1.3200  0.0018   95704.4  209337.2     325.4     0  1094.4
   55 5     -2  1.3210 -0.0093  104450.4   53368.9    6585.7  1.3157 -0.0177  103418.9  206051.9  -84324.1
      243.9      45.8  104694.7   53413.0  104484.2   53414.4  104417.5   53534.7  104694.0   53321.3
   56 5     -1  1.2919 -0.0395  102097.9   53562.7    3713.8  1.3157 -0.0177   99640.3  206102.8  -87196.0
      146.6      22.0  102245.2   53580.2  102223.3   53580.8  102162.0   53755.2  102243.8   53536.2
   57 5      0  1.3420 -0.0106  100953.6   52074.0    2868.4  1.3157 -0.0177   98528.0  206117.7  -88041.4
      119.8       9.7  101073.5   52082.7  101115.6   52082.4  101045.0   52275.3  101073.4   52063.4
vertex track :         99   3  58   10204922 -1.2403 -0.8650   98815.9  209589.0     323.6   211     nan
   55 5     -2 -1.3780 -0.7711   90700.6   48283.5    5877.9 -1.2400 -0.8420   91394.9  201692.2  -85031.2
        nan       nan      -nan       nan       nan       nan       nan       nan       nan       nan
   56 5     -1 -1.1357 -0.8850   93742.6   49667.7    3799.5 -1.2400 -0.8420   93972.1  203442.3  -87109.6
        nan       nan      -nan       nan       nan       nan       nan       nan       nan       nan
   57 5      0 -1.2785 -0.8574   93985.5   53183.3    2934.8 -1.2400 -0.8420   95044.3  204170.4  -87974.3
        nan       nan      -nan       nan       nan       nan       nan       nan       nan       nan
vertex track :        109   3  58   10206767  1.9324  1.0187   94847.4  207438.4     323.6   211   161.9
   55 5     -2  1.9433  1.0034  107242.3   57339.5    6569.5  1.9299  0.9820  106372.0  210425.1  -84340.2
     1736.6     694.9  108466.6   58753.6  105788.6   57370.9  106230.1   56136.3  109104.2   57518.8
   56 5     -1  1.9313  1.0112  103568.6   55541.1    3727.7  1.9299  0.9820  100887.8  207634.5  -87181.9
      842.6     330.4  104161.8   56224.6  103074.5   55655.3  103187.3   55068.6  104468.3   55639.3
   57 5      0  1.9551  1.0002  101902.2   53108.6    2868.3  1.9299  0.9820   99229.2  206790.5  -88041.4
      371.5     121.9  102177.5   53386.3  101926.5   53257.9  101838.9   53041.9  102288.5   53169.3
vertex track :        114   3  58   10391270 -0.4861 -1.3855  100278.4  213361.0     327.4   211     nan
   55 5     -2 -0.3953 -1.2632   97118.6   48604.2    5822.4 -0.5092 -1.3988   97009.1  202498.2  -85099.5
        nan       nan      -nan       nan       nan       nan       nan       nan       nan       nan
   56 5     -1 -0.4499 -1.3937   98009.5   51448.1    3806.0 -0.5092 -1.3988   98035.8  205318.8  -87115.9
        nan       nan      -nan       nan       nan       nan       nan       nan       nan       nan
   57 5      0 -0.5991 -1.3323   97511.8   55415.4    2935.6 -0.5092 -1.3988   98479.0  206536.3  -87986.3
        nan       nan      -nan       nan       nan       nan       nan       nan       nan       nan
vertex track :        117   3  58   10393388  1.4506 -2.1811   94744.7  215609.3     332.1   211     nan
   55 5     -2  1.4813 -2.1389  104223.6   46796.9    6582.0  1.3939 -2.2319  103053.4  198608.8  -84348.6
        nan       nan      -nan       nan       nan       nan       nan       nan       nan       nan
   56 5     -1  1.3808 -2.2443  101621.6   51445.1    3720.3  1.3939 -2.2319   99064.6  204995.9  -87210.3
        nan       nan      -nan       nan       nan       nan       nan       nan       nan       nan
   57 5      0  1.4281 -2.1590  100352.6   51895.3    2867.5  1.3939 -2.2319   97876.0  206899.2  -88063.1
        nan       nan      -nan       nan       nan       nan       nan       nan       nan       nan
vertex track :        128   3  58   10879958  2.1426 -0.5481   96431.3  210009.4     328.6   211     nan
   55 5     -2  2.0691 -0.4213  110494.2   51017.9    5867.0  2.1343 -0.5755  107730.5  203632.0  -85045.5
        nan       nan      -nan       nan       nan       nan       nan       nan       nan       nan
   56 5     -1  2.2613 -0.5103  103841.9   51185.9    3786.5  2.1343 -0.5755  103290.0  204829.3  -87126.1
        nan       nan      -nan       nan       nan       nan       nan       nan       nan       nan
   57 5      0  2.1954 -0.6692  101242.8   54525.3    2932.1  2.1343 -0.5755  101466.3  205321.0  -87980.5
        nan       nan      -nan       nan       nan       nan       nan       nan       nan       nan
vertex track :        153   3  58   11291156 -2.0560 -3.5314  101504.0  214570.4     331.2     0 10001.0
   55 5     -2 -2.0793 -3.4200   90382.4   37995.3    6587.5 -2.0955 -3.5354   87941.3  189283.0  -84342.0
     1419.7      39.3   89678.5   36761.8   90716.8   38469.7   91294.2   39435.3   89611.2   36802.6
   56 5     -1 -2.0325 -3.4680   94887.2   45331.4    3718.2 -2.0955 -3.5354   93954.1  199427.3  -87211.3
      795.4      20.6   94502.9   44634.7   94880.4   45278.9   95479.6   46234.6   94467.2   44655.6
   57 5      0 -2.0770 -3.4977   96755.5   46902.3    2871.2 -2.0955 -3.5354   95729.0  202421.7  -88058.3
      617.6      14.2   96452.4   46363.9   96646.9   46691.5   97266.5   47647.1   96427.9   46378.5
vertex track :        155   3  58   11292183  1.2598 -2.4813   95026.2  215719.3     334.1     0  3318.7
   55 5     -2  1.1378 -2.4151  103427.0   44155.7    5796.2  1.1979 -2.5317  101167.5  198837.8  -85136.8
      640.9      36.7  103733.4   43591.6  103426.1   44244.0  103331.8   44927.4  103667.0   43560.3
   56 5     -1  1.2651 -2.4339   99165.6   49717.2    3826.4  1.1979 -2.5317   98808.0  203824.6  -87106.5
      428.7      21.9   99382.7   49346.9   99252.9   49596.5   99159.7   50295.0   99343.9   49326.8
   57 5      0  1.2626 -2.4232   97356.3   54734.0    2933.3  1.1979 -2.5317   97738.0  206085.9  -87999.7
      336.4      12.0   97522.4   54441.2   97476.6   54529.0   97401.4   55234.3   97501.0   54430.1
