groupid:   2940, ntrk: 22
vertex track :          0   3 125    1630091 -0.0651 -0.2075   49425.2   68522.5     263.9    13  1437.0
  126 1      1 -0.0652 -0.2081   48205.6   68973.0   -2867.1 -0.0651 -0.2098   46378.5   66792.2 -215741.8
       23.8       4.0   48202.3   68949.1   48202.8   68950.8   48418.8   69206.6   48194.7   68951.5
  127 1      2 -0.0625 -0.2080   48414.8   67296.7   -3718.4 -0.0651 -0.2098   46433.9   66970.8 -216593.1
       29.5       9.1   48415.0   67265.9   48418.8   67278.7   48624.5   67537.4   48397.6   67271.1
  128 1      3 -0.0665 -0.2061   50477.0   70239.8   -6585.0 -0.0651 -0.2098   46620.4   67572.3 -219459.7
       48.1      17.8   50479.1   70188.6   50494.7   70236.9   50684.8   70500.9   50445.3   70199.5
vertex track :         25   3 125     781971  2.1730  1.9106   51921.4   70942.3     267.9     0 10001.0
  126 1      1  2.1965  1.9540   47121.4   65539.3   -2867.3  2.2051  1.9158   41788.3   62552.7 -215748.3
      415.0      13.1   47422.8   65825.0   47263.9   65683.6   47032.2   65465.7   47440.2   65805.4
  127 1      2  2.1154  2.0183   44241.7   66474.1   -3696.3  2.2051  1.9158   39960.2   60964.5 -216577.4
      507.6      17.5   44596.8   66837.2   44306.5   66560.2   44098.6   66323.0   44621.0   66811.8
  128 1      3  2.2112  1.8524   37702.5   57446.1   -6498.6  2.2051  1.9158   33781.0   55595.8 -219379.6
      832.7      30.6   38321.1   58004.3   37508.8   57323.8   37296.0   57099.7   38360.5   57957.3
vertex track :         31   3 125     783699 -2.2430  2.1320   47349.3   70698.2     271.0   211   182.4
  126 1      1 -2.2408  2.1426   52351.7   64454.1   -2868.5 -2.2298  2.1550   51099.7   61580.3 -215744.9
      840.5     215.9   51595.0   64878.9   52339.4   64167.2   53316.1   64241.5   51893.4   65191.0
  127 1      2 -2.2687  2.1062   54467.5   60901.0   -3717.8 -2.2298  2.1550   52993.4   59750.1 -216594.2
     1814.6     529.9   52777.1   61747.2   54960.4   59720.3   56365.6   60266.8   53498.1   62523.9
  128 1      3 -2.2140  2.1728   62040.3   57470.0   -6582.0 -2.2298  2.1550   59380.0   53577.7 -219458.4
     3510.6    1039.9   58806.4   59186.8   63352.5   54725.1   65482.0   55965.4   60263.2   60671.2
vertex track :         57   3 125     834934 -1.7732  0.9954   44497.6   72196.0     273.7   211     nan
  126 1      1 -1.7319  1.0463   51020.6   69377.9   -2863.2 -1.7697  1.0127   46789.7   66701.8 -215736.0
        nan       nan      -nan       nan       nan       nan       nan       nan       nan       nan
  127 1      2 -1.8772  0.9598   51524.7   71085.2   -3688.2 -1.7697  1.0127   48249.7   65866.4 -216561.0
        nan       nan      -nan       nan       nan       nan       nan       nan       nan       nan
  128 1      3 -1.7588  0.9604   56348.1   64641.1   -6352.9 -1.7697  1.0127   52965.3   63167.9 -219225.8
        nan       nan      -nan       nan       nan       nan       nan       nan       nan       nan
vertex track :        114   3 125    1672743  2.0417  1.6338   55158.1   73529.6     266.6   211     nan
  126 1      1  2.0469  1.6427   47901.7   68705.1   -2867.7  2.0710  1.6368   45483.6   66016.7 -215750.9
        nan       nan      -nan       nan       nan       nan       nan       nan       nan       nan
  127 1      2  2.0122  1.6662   46436.6   65445.1   -3717.5  2.0710  1.6368   43723.6   64625.8 -216600.7
        nan       nan      -nan       nan       nan       nan       nan       nan       nan       nan
  128 1      3  2.0694  1.6091   42582.1   63455.2   -6588.1  2.0710  1.6368   37778.7   59927.3 -219471.3
        nan       nan      -nan       nan       nan       nan       nan       nan       nan       nan
vertex track :        122   3 125    1674975 -1.2205  1.3090   46993.6   71693.9     271.6   211   162.8
  126 1      1 -1.2235  1.2753   51904.1   67976.3   -2862.4 -1.2146  1.3249   47553.7   65201.4 -215737.9
      325.4     124.5   51589.0   68124.9   51782.5   67923.2   52427.9   68039.0   51768.7   68297.3
  127 1      2 -1.3176  1.2967   51968.8   69389.2   -3689.3 -1.2146  1.3249   48558.1   64105.8 -216564.8
      668.2     303.9   51279.4   69641.3   51955.2   68976.2   52866.9   69348.5   51705.8   70074.5
  128 1      3 -1.2051  1.3476   55070.4   62076.4   -6364.7 -1.2146  1.3249   51807.5   60561.2 -219240.2
     1246.0     579.2   53808.1   62619.1   55216.1   61044.5   56541.5   61745.0   54671.6   63391.3
vertex track :        138   3 125    2031224  2.1366 -0.9826   53538.0   67086.6     257.0   211   280.1
  126 1      1  2.1346 -0.9865   46010.6   69761.7   -2867.9  2.1556 -1.0126   43568.7   67820.4 -215744.0
      367.3      85.2   46379.7   69684.9   46161.2   69785.9   45853.6   70047.5   46308.3   69530.3
  127 1      2  2.1536 -0.9538   44440.2   68636.8   -3717.4  2.1556 -1.0126   41737.7   68680.5 -216593.4
      643.2     208.7   45112.8   68567.2   44388.9   68887.8   43979.8   68915.5   44943.8   68185.6
  128 1      3  2.1203 -0.9948   40423.5   73924.9   -6583.5  2.1556 -1.0126   35559.5   71582.8 -219459.6
     1201.3     410.2   41685.3   73786.0   39955.5   74597.6   39373.8   74272.7   41336.7   73043.2
vertex track :        178   3 125    2570501 -4.1715 -0.2726   41191.1   68587.3     272.7     0  2745.7
  126 1      1 -4.0889 -0.2332   54619.7   69451.4   -2858.5 -4.1557 -0.2567   50900.8   67060.0 -215726.6
      773.9      24.4   53848.4   69383.0   54535.1   69422.1   55596.9   69729.5   53845.6   69431.6
  127 1      2 -4.0135 -0.3299   57066.0   72207.5   -3685.4 -4.1557 -0.2567   54337.3   67272.3 -216553.5
      971.2      47.2   56102.0   72080.9   57195.0   72170.7   58236.1   72543.8   56094.2   72175.1
  128 1      3 -4.1368 -0.3052   68792.0   69456.4   -6269.5 -4.1557 -0.2567   65076.1   67935.7 -219137.6
     1579.0      86.5   67223.6   69254.0   69504.3   69422.2   70566.2   69868.5   67210.8   69426.4
vertex track :        207   3 126     343012  0.0338  1.6401   48145.1   64971.7     249.9   211     nan
  123 1     -2 -0.0038  1.6151   46958.8   75749.3    6583.5  0.0444  1.6538   46577.0   73184.7 -209143.7
        nan       nan      -nan       nan       nan       nan       nan       nan       nan       nan
  124 1     -1  0.0832  1.6659   46635.2   69591.9    3710.2  0.0444  1.6538   46449.6   68432.7 -212017.0
        nan       nan      -nan       nan       nan       nan       nan       nan       nan       nan
  125 1      0  0.0333  1.6288   49634.4   69810.3    2870.0  0.0444  1.6538   46412.3   67043.2 -212857.2
        nan       nan      -nan       nan       nan       nan       nan       nan       nan       nan
vertex track :        224   3 126     401441  1.7587 -2.2911   44451.9   73190.3     260.9   211   101.4
  123 1     -2  1.6659 -2.2012   57307.7   58496.6    6778.0  1.7615 -2.3274   54106.8   55855.0 -208955.3
     6828.0    2218.7   63197.5   54391.1   55306.1   64817.7   51629.6   62809.8   59659.2   51713.1
  124 1     -1  1.8978 -2.3767   53229.0   65682.6    3652.1  1.7615 -2.3274   48600.4   63130.2 -212081.2
     3088.4    1000.2   55937.7   63893.2   52482.0   68221.0   50732.2   67679.6   54374.5   62645.1
  125 1      0  1.8926 -2.2988   48092.9   66515.4    2866.5  1.7615 -2.3274   47216.5   64958.6 -212866.8
     1220.9     382.1   49163.9   65815.7   48009.3   67218.1   47233.8   67422.7   48573.9   65329.9
vertex track :        231   3 126     727813 -0.7627  1.8726   49255.8   65736.9     248.7   211     nan
  123 1     -2 -0.7681  1.8724   42703.1   78151.9    6598.4 -0.7548  1.8916   42624.8   75485.3 -209128.9
        nan       nan      -nan       nan       nan       nan       nan       nan       nan       nan
  124 1     -1 -0.7173  1.9300   44833.8   71292.7    3719.4 -0.7548  1.8916   44797.8   70039.6 -212007.9
        nan       nan      -nan       nan       nan       nan       nan       nan       nan       nan
  125 1      0 -0.7711  1.8774   48455.3   71246.0    2869.5 -0.7548  1.8916   45439.4   68431.9 -212857.8
        nan       nan      -nan       nan       nan       nan       nan       nan       nan       nan
vertex track :        238   3 126     753158 -1.6635  1.7644   48951.0   68007.9     250.3   211     nan
  123 1     -2 -1.6508  1.7642   39061.7   79901.7    6739.7 -1.6587  1.7864   36359.3   77359.4 -208988.7
        nan       nan      -nan       nan       nan       nan       nan       nan       nan       nan
  124 1     -1 -1.7199  1.7219   45031.3   75565.3    3691.1 -1.6587  1.7864   41416.2   71913.4 -212037.4
        nan       nan      -nan       nan       nan       nan       nan       nan       nan       nan
  125 1      0 -1.7048  1.6870   42785.7   72966.3    2874.7 -1.6587  1.7864   42770.4   70455.1 -212853.7
        nan       nan      -nan       nan       nan       nan       nan       nan       nan       nan
vertex track :        246   3 126     778389 -1.6095 -1.5300   52116.6   72292.0     246.2   211     nan
  123 1     -2 -1.5878 -1.5508   39930.5   61756.3    6590.3 -1.6232 -1.5298   40034.2   60362.1 -209137.8
        nan       nan      -nan       nan       nan       nan       nan       nan       nan       nan
  124 1     -1 -1.4850 -1.4981   44545.6   65356.3    3715.7 -1.6232 -1.5298   44700.2   64759.7 -212012.4
        nan       nan      -nan       nan       nan       nan       nan       nan       nan       nan
  125 1      0 -1.6018 -1.5410   48899.0   68059.7    2867.8 -1.6232 -1.5298   46076.4   66056.7 -212860.3
        nan       nan      -nan       nan       nan       nan       nan       nan       nan       nan
vertex track :        251   3 126    1180642  3.9210  3.6856   36754.2   57985.8     262.3   211   262.9
  123 1     -2  4.0347  3.9077   63689.5   82747.6    6731.8  3.9526  3.6712   60371.6   79491.6 -208996.4
     7730.8    1341.1   68309.7   89089.3   58050.6   79153.2   59283.4   76619.8   70175.7   87162.6
  124 1     -1  4.2018  3.4468   53634.5   72633.6    3668.8  3.9526  3.6712   48264.8   68246.8 -212059.4
     3599.5     612.8   56028.8   75390.3   51345.3   71548.3   51454.5   70090.3   56806.1   74442.7
  125 1      0  3.8636  3.9051   46555.7   68448.4    2864.7  3.9526  3.6712   45086.8   65295.1 -212863.5
     1632.4     232.9   47538.3   69772.7   46053.4   68271.8   45787.1   67338.0   47869.5   69445.0
vertex track :        253   3 126    1197789 -0.6250  1.2886   49659.1   64996.0     247.9   211     nan
  123 1     -2 -0.6317  1.2903   44061.6   73440.0    6590.9 -0.6197  1.3026   43888.2   70986.9 -209136.2
        nan       nan      -nan       nan       nan       nan       nan       nan       nan       nan
  124 1     -1 -0.6365  1.2754   45715.0   68371.3    3715.4 -0.6197  1.3026   45670.2   67241.4 -212011.6
        nan       nan      -nan       nan       nan       nan       nan       nan       nan       nan
  125 1      0 -0.6227  1.2769   49261.7   68840.5    2868.1 -0.6197  1.3026   46195.2   66137.8 -212858.9
        nan       nan      -nan       nan       nan       nan       nan       nan       nan       nan
vertex track :        256   3 126    1198984  4.3662  4.0591   42182.6   63107.9     259.5   211   216.0
  123 3     -2  4.5466  3.7243   71789.0   11731.9    6672.7  4.4390  4.0871   68756.2   87079.9 -209056.8
    12359.7    1986.8   80091.4   21101.0   61923.3    6218.8   63701.2    2576.4   82609.4   18027.0
  124 1     -1  4.4037  3.8667   60735.8   79139.0    3691.1  4.4390  4.0871   55521.2   74894.1 -212038.3
     5811.1     924.6   64492.4   83668.0   56683.8   76811.6   57193.6   74823.9   65712.5   82278.4
  125 1      0  4.6026  4.2367   53286.2   74581.8    2857.3  4.4390  4.0871   51819.9   71486.3 -212872.1
     2433.1     347.6   54840.9   76485.4   52227.2   74079.5   51946.1   72892.5   55311.7   75973.9
vertex track :        257   3 126    1199690  3.3299  2.4416   39478.1   62051.3     264.6     0 10001.0
  123 1     -2  3.3328  2.4477   60443.7   78263.6    6593.0  3.3779  2.4508   58938.6   75330.2 -209138.2
     1462.9      40.2   61598.9   79162.0   59940.6   77944.1   59501.7   77577.7   61646.6   79097.1
  124 1     -1  3.3409  2.3822   50076.0   69700.2    3719.7  3.3779  2.4508   49232.9   68288.3 -212011.5
      824.9      21.3   50735.3   70196.5   50093.5   69738.9   49630.0   69416.3   50760.0   70161.8
  125 1      0  3.3800  2.4108   50403.4   69185.6    2867.1  3.3779  2.4508   46352.9   66198.8 -212864.1
      641.8      14.7   50917.3   69570.2   50582.1   69331.1   50102.8   69013.3   50934.4   69546.3
vertex track :        267   3 126    1217401  1.8536 -0.6592   46545.7   69338.1     256.4   211     nan
  123 1     -2  1.7177 -0.6964   59799.3   65492.2    6690.9  1.8665 -0.6784   56721.2   62758.8 -209040.6
        nan       nan      -nan       nan       nan       nan       nan       nan       nan       nan
  124 1     -1  1.7373 -0.7235   55798.7   67835.7    3667.9  1.8665 -0.6784   51079.0   64809.6 -212063.6
        nan       nan      -nan       nan       nan       nan       nan       nan       nan       nan
  125 1      0  1.8545 -0.6928   50448.0   67400.0    2852.7  1.8665 -0.6784   49557.3   65362.7 -212878.8
        nan       nan      -nan       nan       nan       nan       nan       nan       nan       nan
vertex track :        286   3 126    1923564  4.0349  3.6439   40108.6   61720.2     259.6   211   108.4
  123 3     -2  4.0217  3.6571   65795.0    7484.8    6587.4  4.1001  3.6668   64138.6   82685.1 -209139.7
    26462.1    4766.9   82165.8   28814.6   43854.6   -6023.5   49638.1  -13631.4   88579.9   21761.1
  124 1     -1  4.0538  3.6142   53306.0   73723.2    3720.1  4.1001  3.6668   52382.2   72171.1 -212007.0
    12644.4    2274.2   61230.5   83835.2   43205.8   67765.2   45595.5   63824.7   64257.4   80440.1
  125 1      0  3.9985  3.6825   53042.4   72305.8    2871.1  4.1001  3.6668   48901.4   69058.2 -212856.0
     4828.8     852.9   56016.6   76204.5   49752.3   70435.4   50282.3   68620.9   57172.2   74949.6
vertex track :        291   3 126    1956327 -1.9823  0.0539   53099.4   68257.8     243.3   211     nan
  123 1     -2 -1.9523  0.0484   41004.9   69018.8    6701.8 -1.9875  0.0669   38461.5   66424.3 -209024.8
        nan       nan      -nan       nan       nan       nan       nan       nan       nan       nan
  124 1     -1 -2.0269  0.0535   48008.6   69439.1    3669.4 -1.9875  0.0669   44488.3   66221.4 -212057.2
        nan       nan      -nan       nan       nan       nan       nan       nan       nan       nan
  125 1      0 -1.9931  0.0034   45983.8   68286.1    2864.7 -1.9875  0.0669   46087.7   66167.5 -212861.9
        nan       nan      -nan       nan       nan       nan       nan       nan       nan       nan
vertex track :        302   3 126    1958249 -2.0890 -2.0155   50234.7   70840.4     251.5   211   138.3
  123 1     -2 -2.0703 -2.0274   34931.7   57048.6    6583.2 -2.1060 -2.0142   35096.0   55861.6 -209147.9
     4080.8    1304.6   32929.0   53261.2   38325.4   58546.0   37142.4   61043.9   31103.4   55125.4
  124 1     -1 -2.1100 -1.9944   40809.5   62213.7    3711.6 -2.1060 -2.0142   41143.6   61645.8 -212019.5
     1961.4     621.7   39811.1   60414.6   42218.8   62690.4   42015.7   64220.9   38957.0   61318.3
  125 1      0 -2.0724 -2.0132   45652.7   65221.1    2868.0 -2.1060 -2.0142   42920.2   63345.0 -212863.1
      802.1     233.5   45240.1   64494.7   45955.5   65189.7   46273.2   66155.4   44914.7   64829.7
vertex track :        329   3 126    2002508  0.0287 -1.6919   47951.7   72816.5     255.0   211     nan
  123 1     -2 -0.0277 -1.5944   49337.6   62195.7    6761.9  0.0207 -1.7068   46279.6   59517.5 -208969.8
        nan       nan      -nan       nan       nan       nan       nan       nan       nan       nan
  124 1     -1  0.1589 -1.7072   50409.7   67424.2    3653.9  0.0207 -1.7068   46215.4   64822.1 -212077.8
        nan       nan      -nan       nan       nan       nan       nan       nan       nan       nan
  125 1      0  0.0495 -1.6892   46608.6   67843.9    2865.3  0.0207 -1.7068   46199.1   66167.9 -212866.4
        nan       nan      -nan       nan       nan       nan       nan       nan       nan       nan
