groupid:   2992, ntrk: 14
vertex track :          0   3 125    1570162  0.1377  0.2378   93604.7   62141.4     219.8    13   780.7
  126 1      1  0.1380  0.2377   91803.9   61299.8   -2868.3  0.1397  0.2404   90188.5   58641.9 -215744.5
       29.3       7.0   91812.6   61328.7   91812.1   61327.8   92005.3   61481.1   91824.7   61321.6
  127 1      2  0.1354  0.2389   91943.1   59795.5   -3716.7  0.1397  0.2404   90069.9   58437.9 -216592.9
       38.0      16.7   91947.3   59836.8   91938.3   59820.8   92149.1   59964.4   91976.4   59820.3
  128 1      3  0.1401  0.2375   93280.0   60595.5   -6593.0  0.1397  0.2404   89667.9   57746.5 -219469.3
       63.7      33.0   93284.0   60667.1   93248.7   60607.3   93486.2   60734.2   93340.8   60633.6
vertex track :         32   3 125     711892 -0.7139  0.6373   92419.9   62699.6     220.7     0  9996.3
  126 1      1 -0.7159  0.5880   95950.9   61006.5   -2798.6 -0.7120  0.6503   91585.3   57992.8 -215676.5
       92.2       5.9   95875.9   61060.5   95868.0   61067.0   96235.1   61163.2   95883.4   61069.6
  127 1      2 -0.7124  0.6011   95525.1   63027.5   -3622.3 -0.7120  0.6503   92171.8   57457.2 -216500.2
      108.3       7.7   95437.4   63091.4   95453.3   63078.0   95822.1   63174.1   95447.3   63103.1
  128 1      3 -0.7399  0.6312   97211.0   57517.3   -6165.0 -0.7120  0.6503   93982.2   55803.6 -219042.8
      163.0      12.8   97078.6   57613.4   97171.3   57534.3   97552.6   57632.0   97095.3   57632.9
vertex track :         83   3 125    1567067  1.6170  1.4726   97559.0   65845.9     224.7   211   209.1
  126 1      1  1.6195  1.4667   91614.1   61548.8   -2869.3  1.6345  1.4825   89563.5   58528.0 -215749.5
      374.3     110.6   91817.3   61882.0   91602.6   61687.5   91622.6   61427.1   91965.8   61718.1
  127 1      2  1.6002  1.4875   90552.8   58987.7   -3718.4  1.6345  1.4825   88175.6   57269.2 -216598.6
      729.8     272.9   90901.5   59684.4   90168.5   59003.1   90415.6   58502.4   91273.1   59284.7
  128 1      3  1.6310  1.4559   88035.0   56709.8   -6581.9  1.6345  1.4825   83495.3   53024.1 -219462.1
     1394.7     538.3   88717.0   58040.1   86978.6   56488.3   87564.6   55590.9   89433.9   57237.0
vertex track :         87   3 125    1568912  0.7196  1.1412   94458.4   63468.4     219.8   211     nan
  126 1      1  0.7503  1.0822   93922.5   60245.0   -2803.1  0.7315  1.1523   89277.1   57240.3 -215679.3
        nan       nan      -nan       nan       nan       nan       nan       nan       nan       nan
  127 1      2  0.7365  1.1827   92300.7   61894.3   -3625.1  0.7315  1.1523   88675.8   56293.1 -216501.3
        nan       nan      -nan       nan       nan       nan       nan       nan       nan       nan
  128 1      3  0.7417  1.1964   89883.7   54910.4   -6188.5  0.7315  1.1523   86800.8   53339.2 -219064.7
        nan       nan      -nan       nan       nan       nan       nan       nan       nan       nan
vertex track :        192   3 126     306028  0.0143  1.2384   92142.6   58882.2     194.7   211     nan
  123 1     -2  0.0063  1.2344   90900.4   67101.6    6584.1  0.0180  1.2387   90661.0   64198.8 -209076.6
        nan       nan      -nan       nan       nan       nan       nan       nan       nan       nan
  124 1     -1  0.0287  1.2376   90503.3   61600.4    3718.7  0.0180  1.2387   90609.5   60649.3 -211942.0
        nan       nan      -nan       nan       nan       nan       nan       nan       nan       nan
  125 1      0  0.0113  1.2289   93582.4   62517.7    2868.3  0.0180  1.2387   90594.2   59596.0 -212792.3
        nan       nan      -nan       nan       nan       nan       nan       nan       nan       nan
vertex track :        199   3 126     330258 -2.1224 -0.5615   97450.2   63324.8     193.5   211     nan
  123 1     -2 -2.3122 -0.6313   84603.6   60025.3    6648.5 -2.1457 -0.5615   82057.0   57126.2 -208995.1
        nan       nan      -nan       nan       nan       nan       nan       nan       nan       nan
  124 1     -1 -2.1163 -0.6180   91749.4   62287.0    3642.5 -2.1457 -0.5615   88506.9   58814.0 -212001.1
        nan       nan      -nan       nan       nan       nan       nan       nan       nan       nan
  125 1      0 -2.0152 -0.6445   89907.0   61611.5    2801.4 -2.1457 -0.5615   90311.7   59286.3 -212842.2
        nan       nan      -nan       nan       nan       nan       nan       nan       nan       nan
vertex track :        202   3 126     330871 -2.1497 -0.8156   95558.9   62990.6     194.2   211     nan
  123 1     -2 -2.1033 -0.8416   79711.2   57397.3    6586.3 -2.1762 -0.8200   80095.6   55180.6 -209061.6
        nan       nan      -nan       nan       nan       nan       nan       nan       nan       nan
  124 1     -1 -2.1546 -0.7668   85990.1   58345.5    3719.4 -2.1762 -0.8200   86334.7   57531.4 -211928.5
        nan       nan      -nan       nan       nan       nan       nan       nan       nan       nan
  125 1      0 -2.1422 -0.8243   90933.3   60868.3    2870.1 -2.1762 -0.8200   88182.8   58227.7 -212777.8
        nan       nan      -nan       nan       nan       nan       nan       nan       nan       nan
vertex track :        204   3 126     331410 -0.2362 -0.9925   92555.8   63711.6     196.4   211     nan
  123 1     -2 -0.2631 -1.0355   92119.4   57540.6    6720.3 -0.2468 -1.0067   89386.8   54598.9 -208933.3
        nan       nan      -nan       nan       nan       nan       nan       nan       nan       nan
  124 1     -1 -0.1635 -1.0109   93872.9   61040.2    3647.1 -0.2468 -1.0067   90145.2   57692.7 -212006.5
        nan       nan      -nan       nan       nan       nan       nan       nan       nan       nan
  125 1      0 -0.2459 -0.9575   90401.2   60780.9    2803.8 -0.2468 -1.0067   90353.3   58541.6 -212849.8
        nan       nan      -nan       nan       nan       nan       nan       nan       nan       nan
vertex track :        209   3 126     331746 -0.1664 -1.3365   92394.3   64236.0     197.2   211     nan
  123 1     -2 -0.1608 -1.3399   89985.3   55240.9    6584.4 -0.1793 -1.3564   89693.6   53034.3 -209069.4
        nan       nan      -nan       nan       nan       nan       nan       nan       nan       nan
  124 1     -1 -0.1799 -1.3379   90067.5   57653.0    3720.0 -0.1793 -1.3564   90207.1   56919.6 -211933.9
        nan       nan      -nan       nan       nan       nan       nan       nan       nan       nan
  125 1      0 -0.1652 -1.3403   93332.9   60684.3    2864.9 -0.1793 -1.3564   90360.4   58079.5 -212788.9
        nan       nan      -nan       nan       nan       nan       nan       nan       nan       nan
vertex track :        233   3 126     717607 -1.5272 -1.4060   94040.3   63500.2     194.3   211     nan
  123 1     -2 -1.4253 -1.3553   85163.2   54730.0    6718.3 -1.5528 -1.4233   82355.2   51659.5 -208931.2
        nan       nan      -nan       nan       nan       nan       nan       nan       nan       nan
  124 1     -1 -1.5253 -1.3914   90637.5   59246.5    3629.0 -1.5528 -1.4233   87152.2   56056.5 -212020.5
        nan       nan      -nan       nan       nan       nan       nan       nan       nan       nan
  125 1      0 -1.4650 -1.4575   88248.4   59304.9    2815.8 -1.5528 -1.4233   88415.0   57214.1 -212833.8
        nan       nan      -nan       nan       nan       nan       nan       nan       nan       nan
vertex track :        255   3 126    1191418 -1.9955  0.1662   94111.7   61322.3     194.1   211     nan
  123 1     -2 -1.9951  0.1583   79405.7   62347.6    6585.3 -2.0093  0.1771   79698.5   59872.9 -209067.5
        nan       nan      -nan       nan       nan       nan       nan       nan       nan       nan
  124 1     -1 -1.9894  0.1900   85095.3   60298.5    3719.1 -2.0093  0.1771   85457.6   59365.4 -211933.7
        nan       nan      -nan       nan       nan       nan       nan       nan       nan       nan
  125 1      0 -1.9945  0.1606   89930.1   61956.1    2867.5 -2.0093  0.1771   87168.8   59214.6 -212785.3
        nan       nan      -nan       nan       nan       nan       nan       nan       nan       nan
vertex track :        272   3 126    1865309  0.9383  0.9132   91274.8   60878.4     198.4     0  1240.0
  123 1     -2  1.0324  0.9510   98691.1   67166.4    6636.3  0.9446  0.9150   95770.3   64196.9 -209025.9
      245.0      42.0   98842.9   67363.3   98699.3   67231.0   98750.4   67180.5   98899.8   67301.6
  124 1     -1  1.0169  0.9900   97017.9   65159.2    3641.1  0.9446  0.9150   92941.1   61456.3 -212021.1
      145.9      19.9   97108.6   65275.2   97113.1   65279.6   97138.3   65254.1   97136.4   65246.7
  125 1      0  1.0048  0.8801   92465.9   63366.5    2793.2  0.9446  0.9150   92140.2   60680.5 -212869.0
      119.9       9.1   92550.0   63452.3   92580.7   63479.2   92592.7   63491.5   92562.1   63438.6
vertex track :        274   3 126    1865535  2.0941  2.4044   90871.1   60229.8     196.4   211   272.1
  123 1     -2  2.0834  2.4169  103356.8   76137.8    6565.5  2.1040  2.4035  102679.8   72960.4 -209096.3
     2180.0     590.8  104332.7   78174.8  101923.5   75379.9  102593.1   74313.3  105227.7   77403.2
  124 1     -1  2.1392  2.3103   96792.0   67209.6    3721.5  2.1040  2.4035   96695.8   66124.7 -211940.4
     1094.3     285.5   97326.0   68206.6   96288.3   67085.8   96470.2   66425.0   97745.0   67818.6
  125 1      0  2.0918  2.3960   98114.2   67099.1    2868.0  2.1040  2.4035   94900.0   64073.3 -212793.9
      558.0     108.3   98399.7   67590.6   98105.0   67253.1   98040.9   66819.9   98562.8   67448.2
vertex track :        301   3 126    1907255  1.0000  0.1297   89215.2   61627.0     195.1   211     nan
  123 1     -2  0.9908  0.2229   96849.7   63065.2    6655.1  1.0016  0.1244   94097.5   59877.7 -209005.8
        nan       nan      -nan       nan       nan       nan       nan       nan       nan       nan
  124 1     -1  1.1108  0.0100   95236.8   62919.5    3624.6  1.0016  0.1244   91062.2   59500.7 -212036.3
        nan       nan      -nan       nan       nan       nan       nan       nan       nan       nan
  125 1      0  0.9521  0.1243   90628.0   61884.0    2795.9  1.0016  0.1244   90232.1   59397.5 -212865.1
        nan       nan      -nan       nan       nan       nan       nan       nan       nan       nan
