groupid:   3034, ntrk:  5
vertex track :          0   3  53    7566114 -0.1158 -0.0708  172990.0  149266.5     398.4    13  2759.5
   54 4      1 -0.1163 -0.0700   54192.4   68604.0   -2870.1 -0.1172 -0.0748  174009.3  145664.6  -84219.0
       17.1       2.2   54178.9   68593.3   54183.7   68596.2   54415.7   68824.7   54176.6   68597.1
   55 4      2 -0.1169 -0.0692   54823.3   71360.2   -3717.7 -0.1172 -0.0748  174108.6  145728.0  -85066.6
       21.0       4.9   54807.8   71345.3   54819.3   71352.1   55048.8   71585.0   54802.8   71353.7
   56 4      3 -0.1168 -0.0688   55299.3   71547.5   -6584.7 -0.1172 -0.0748  174444.6  145942.4  -87933.6
       34.1       9.4   55274.7   71522.1   55308.8   71542.3   55533.7   71782.8   55265.2   71538.2
vertex track :         13   3  53    7565476 -0.9267 -0.6922  170488.6  147454.4     400.1     0 10001.0
   54 4      1 -0.8003 -0.5009   51345.4   74553.1   -3003.4 -0.9430 -0.6997  174296.4  145984.6  -84360.3
      121.8       7.5   51246.1   74482.2   51284.5   74506.2   51653.9   74833.6   51238.2   74494.8
   55 4      2 -1.0210 -0.7157   52477.1   73187.8   -3820.5 -0.9430 -0.6997  175066.9  146556.3  -85177.4
      142.2       9.5   52366.0   73098.3   52384.6   73111.3   52797.0   73486.5   52355.1   73113.9
   56 4      3 -0.9161 -0.6792   54339.6   73381.2   -6095.1 -0.9430 -0.6997  177211.9  148147.8  -87452.0
      203.3      14.8   54185.1   73248.3   54319.4   73347.8   54703.2   73723.5   54167.5   73272.0
vertex track :         23   3  53    7567081 -1.7512  0.2041  168272.2  149765.3     404.0     0  3558.0
   54 4      1 -1.7485  0.2156   54364.8   68274.1   -2867.9 -1.7573  0.2119  174634.3  145257.3  -84219.2
      205.2      10.4   54159.9   68288.9   54200.0   68283.9   54778.0   68469.5   54162.5   68309.5
   55 4      2 -1.7488  0.2335   56292.6   70755.9   -3716.6 -1.7573  0.2119  176125.5  145077.4  -85067.8
      246.1      15.9   56046.6   70772.7   56167.2   70756.6   56746.9   70949.3   56050.8   70804.3
   56 4      3 -1.7519  0.2401   60579.6   70250.8   -6583.4 -1.7573  0.2119  181163.3  144469.9  -87934.6
      391.9      28.8   60187.5   70275.5   60596.1   70219.5   61180.0   70436.3   60195.3   70332.5
vertex track :         63   3  53    8542721 -1.9847  1.9049  167651.5  155434.9     412.7   211     nan
   54 4      1 -2.2529  1.7336   51485.9   74983.7   -3000.5 -1.9582  1.9167  175012.8  145140.2  -84338.2
        nan       nan      -nan       nan       nan       nan       nan       nan       nan       nan
   55 4      2 -1.8170  1.7761   53852.1   71611.4   -3807.5 -1.9582  1.9167  176592.9  143593.5  -85145.2
        nan       nan      -nan       nan       nan       nan       nan       nan       nan       nan
   56 4      3 -1.5511  2.0044   58611.6   64435.6   -6134.5 -1.9582  1.9167  181149.6  139133.3  -87472.2
        nan       nan      -nan       nan       nan       nan       nan       nan       nan       nan
vertex track :        109   3  53    9089070 -2.9028 -0.9200  165783.2  147062.8     403.5   211   424.3
   54 4      1 -2.8957 -0.8967   55316.2   68927.8   -2867.6 -2.9402 -0.9196  175964.6  146242.3  -84228.1
      531.6      80.0   54832.0   68694.1   55239.6   68820.3   56007.5   69370.5   54784.7   68846.9
   55 4      2 -2.9165 -0.8716   58146.2   72249.4   -3719.8 -2.9402 -0.9196  178470.1  147025.9  -85080.3
      837.0     191.2   57399.1   71826.6   58390.4   72122.9   59100.5   72881.4   57289.6   72193.0
   56 4      3 -2.9171 -0.8849   65267.6   74362.9   -6587.7 -2.9402 -0.9196  186902.3  149663.3  -87948.2
     1508.6     369.7   63931.2   73571.2   66206.0   74261.2   66811.0   75363.7   63716.6   74278.7
