groupid:   3090, ntrk: 11
vertex track :          0   3  73    3131973 -0.1586  0.2744  162531.5   50176.8     240.5    13  1601.3
   74 2      1 -0.1657  0.2708   44005.4   51225.0   -2866.7 -0.1599  0.2774  161960.4   47745.3 -119645.8
       32.7       4.2   43984.8   51250.7   43984.1   51251.8   44235.8   51409.6   43991.8   51255.1
   75 2      2 -0.1638  0.2712   45310.5   51130.6   -3715.0 -0.1599  0.2774  162096.1   47509.9 -120494.2
       39.5       8.8   45282.6   51159.9   45289.1   51149.2   45548.3   51311.6   45297.6   51168.9
   76 2      3 -0.1631  0.2724   42158.2   48778.0   -6588.5 -0.1599  0.2774  162555.7   46712.7 -123367.6
       63.3      17.0   42111.1   48823.6   42141.8   48772.2   42415.1   48942.8   42140.3   48841.1
vertex track :          6   3  73    3131223  0.8202  0.1950  165157.2   49967.0     235.8   211     nan
   74 2      1  0.8200  0.1841   41351.5   48562.8   -2768.0  0.8259  0.1947  161625.2   47803.7 -119543.3
        nan       nan      -nan       nan       nan       nan       nan       nan       nan       nan
   75 2      2  0.7909  0.2601   38916.1   48200.4   -3594.9  0.8259  0.1947  160942.2   47642.7 -120370.2
        nan       nan      -nan       nan       nan       nan       nan       nan       nan       nan
   76 2      3  0.8322  0.2283   38763.0   49313.0   -6157.1  0.8259  0.1947  158826.1   47143.7 -122932.4
        nan       nan      -nan       nan       nan       nan       nan       nan       nan       nan
vertex track :          8   3  73    3131970 -0.2248  0.0317  162500.1   50060.3     240.5  2212   640.7
   74 2      1 -0.2252  0.0256   44122.0   51791.6   -2867.6 -0.2258  0.0345  162134.0   48383.7 -119646.5
       28.6      14.9   44091.9   51780.0   44101.5   51778.9   44361.9   52013.2   44095.3   51809.6
   75 2      2 -0.2252  0.0275   45465.4   51912.2   -3717.1 -0.2258  0.0345  162325.9   48354.4 -120496.0
       47.4      36.6   45413.9   51881.6   45460.7   51875.9   45726.7   52152.9   45422.8   51954.3
   76 2      3 -0.2254  0.0295   42508.7   50161.7   -6586.7 -0.2258  0.0345  162973.8   48255.4 -123365.6
       87.2      72.2   42412.9   50101.4   42538.4   50085.0   42814.2   50432.0   42431.6   50244.6
vertex track :         21   3  73    4450514  0.3104 -0.3155  162758.3   49892.3     241.8     0  1917.9
   74 2      1  0.3497 -0.3458   40474.6   49987.7   -2766.2  0.3135 -0.3149  160749.6   49268.8 -119546.1
       43.5       4.4   40508.7   49960.3   40520.2   49948.8   40650.9   50224.8   40502.5   49954.0
   75 2      2  0.2864 -0.3186   38518.5   50040.1   -3591.3  0.3135 -0.3149  160490.9   49528.6 -120371.3
       51.8       8.3   38559.3   50007.1   38550.2   50017.2   38688.1   50282.7   38547.0   49996.1
   76 2      3  0.2961 -0.2915   39775.7   52665.9   -6146.3  0.3135 -0.3149  159690.0   50333.1 -122926.2
       79.0      15.1   39842.6   52621.3   39792.2   52670.9   39919.1   52920.2   39821.3   52599.7
vertex track :         24   3  73    4450707  0.2573  0.1746  162732.4   50127.4     240.5   211   515.0
   74 2      1  0.2525  0.1812   43011.3   51442.5   -2865.3  0.2590  0.1761  160861.4   48010.4 -119644.4
       33.8      10.9   43032.4   51471.1   43030.5   51469.7   43200.4   51624.2   43045.1   51453.4
   75 2      2  0.2538  0.1795   43946.2   51470.3   -3719.5  0.2590  0.1761  160640.1   47860.0 -120498.6
       46.9      26.5   43969.2   51519.0   43946.0   51502.6   44133.5   51631.9   43999.8   51475.8
   76 2      3  0.2539  0.1794   39793.2   49301.5   -6583.1  0.2590  0.1761  159898.5   47355.8 -123362.2
       80.8      52.0   39829.1   49390.6   39750.5   49335.0   39967.5   49422.5   39889.1   49305.6
vertex track :         94   3  74    2484525 -2.2671  2.4293  164000.9   51544.5     320.5   211   328.4
   71 2     -2 -2.2940  2.4107   25428.5   65020.8    6559.6 -2.2722  2.4713  147759.5   63295.8 -113065.7
     1955.5     488.8   23726.4   66100.5   25940.8   63773.5   27338.4   64153.5   24434.6   66774.3
   72 2     -1 -2.2493  2.4330   35062.9   59221.6    3715.2 -2.2722  2.4713  154222.5   56266.4 -115910.1
      978.1     232.0   34228.5   59782.3   35084.2   58856.8   36105.0   58873.3   34569.3   60097.3
   73 2      0 -2.2608  2.4226   38262.4   56183.2    2867.0 -2.2722  2.4713  156149.8   54170.2 -116758.3
      529.9      86.4   37837.8   56511.7   38086.1   56245.6   38894.8   56067.2   37964.0   56629.5
vertex track :        110   3  74    2688852 -2.4082 -1.9182  168376.4   55896.1     319.6     0  3837.2
   71 2     -2 -2.5186 -1.8502   34854.8   45690.8    6795.2 -2.4561 -1.8980  150471.1   39884.4 -112821.5
      896.2      45.3   34159.4   45123.7   35074.9   45796.3   35757.7   46466.0   34105.7   45196.7
   72 2     -1 -2.3927 -1.8397   41475.9   45812.8    3606.9 -2.4561 -1.8980  158301.8   45935.7 -116009.8
      481.1      21.1   41107.4   45502.8   41367.6   45702.9   42052.0   46330.9   41081.7   45536.3
   73 2      0 -2.3680 -2.1611   44575.7   50897.6    2769.5 -2.4561 -1.8980  160358.4   47525.0 -116847.2
      377.6      11.9   44304.8   50634.2   44365.4   50689.5   45054.2   51368.8   44288.7   50651.9
vertex track :        118   3  74    2690259  0.8631 -0.9617  162341.2   53406.5     325.3   211     nan
   71 2     -2  0.8602 -0.9469   45244.7   43917.7    6571.6  0.8594 -0.9726  165647.0   43688.6 -113061.0
        nan       nan      -nan       nan       nan       nan       nan       nan       nan       nan
   72 2     -1  0.8585 -0.9645   44630.9   48853.8    3717.8  0.8594 -0.9726  163194.7   46464.1 -115914.8
        nan       nan      -nan       nan       nan       nan       nan       nan       nan       nan
   73 2      0  0.8797 -0.9432   45267.2   48671.3    2868.6  0.8594 -0.9726  162464.9   47289.9 -116764.0
        nan       nan      -nan       nan       nan       nan       nan       nan       nan       nan
vertex track :        141   3  74    3344807  2.0412  2.0651  160752.4   48932.6     319.7   211   124.3
   71 2     -2  2.0130  1.6166   56557.6   65353.3    6816.6  2.0680  2.0402  172081.3   58559.1 -112809.5
     4947.8    1589.9   59419.9   69691.1   52127.1   63834.4   53907.4   61227.2   61411.0   67211.8
   72 2     -1  2.1480  2.0360   50371.2   53724.0    3578.1  2.0680  2.0402  165384.0   51951.7 -116048.0
     2156.4     688.1   51462.9   55706.9   48783.8   53167.6   49491.7   51953.2   52409.6   54708.0
   73 2      0  2.1125  2.1983   49750.9   55454.1    2752.7  2.0680  2.0402  163677.0   50267.6 -116873.5
      843.6     251.3   50154.2   56236.6   49428.8   55481.6   49559.7   54883.9   50516.7   55888.3
vertex track :        168   3  74    3391201  1.8515  0.1184  159067.5   51921.7     324.3   211     nan
   71 2     -2  1.8079  0.1547   48703.6   49832.4    6595.8  1.8607  0.0948  168641.9   48913.7 -113038.1
        nan       nan      -nan       nan       nan       nan       nan       nan       nan       nan
   72 2     -1  1.8537  0.1126   44985.8   51264.0    3737.6  1.8607  0.0948  163323.6   48642.8 -115896.3
        nan       nan      -nan       nan       nan       nan       nan       nan       nan       nan
   73 2      0  1.8643  0.1348   44712.0   50191.1    2868.9  1.8607  0.0948  161707.3   48560.4 -116764.9
        nan       nan      -nan       nan       nan       nan       nan       nan       nan       nan
vertex track :        221   3  74    4051153 -0.7091 -1.6490  164467.0   53326.2     323.4     0  2178.4
   71 2     -2 -0.6852 -1.6204   42435.8   45093.9    6858.3 -0.7273 -1.6413  157666.0   38929.5 -112770.3
      381.3      37.0   42321.4   44728.4   42474.5   45090.4   42759.5   45667.9   42253.2   44757.2
   72 2     -1 -0.6826 -1.5773   43917.1   44143.6    3599.3 -0.7273 -1.6413  160036.2   44278.5 -116029.3
      212.0      16.7   43848.2   43942.4   43873.3   44000.2   44195.3   44553.2   43817.5   43955.7
   73 2      0 -0.6875 -1.6191   45511.1   49150.6    2771.0 -0.7273 -1.6413  160638.6   45638.1 -116857.6
      172.8       8.7   45451.6   48988.1   45442.3   48966.3   45780.0   49521.5   45435.6   48994.9
