groupid:   3180, ntrk: 24
vertex track :          0   3 125    1671704 -0.0286 -0.2669   51185.2   73758.2     269.6    13  9887.7
  126 1      1 -0.0286 -0.2672   49859.2   74375.2   -2868.9 -0.0287 -0.2700   48068.1   72254.0 -215748.0
       28.3       2.2   49858.4   74346.8   49858.4   74346.9   50069.9   74613.3   49853.9   74347.3
  127 1      2 -0.0252 -0.2678   49972.9   72769.5   -3718.8 -0.0287 -0.2700   48092.5   72483.5 -216597.9
       33.7       3.1   49972.8   72735.7   49973.8   72746.5   50183.0   73013.1   49966.7   72736.3
  128 1      3 -0.0304 -0.2670   52058.8   75842.4   -6587.2 -0.0287 -0.2700   48174.7   73258.1 -219466.3
       53.3       5.4   52058.1   75788.8   52063.8   75838.7   52269.4   76105.7   52047.4   75790.0
vertex track :          7   3 125     783630 -2.4197 -2.1791   46256.0   69430.9     269.8   211     nan
  126 1      1 -2.3573 -2.0470   54648.0   75805.5   -2855.5 -2.4408 -2.1773   50619.2   73879.6 -215729.8
        nan       nan      -nan       nan       nan       nan       nan       nan       nan       nan
  127 1      2 -2.4014 -2.2589   55622.1   80030.3   -3686.1 -2.4408 -2.1773   52646.6   75688.0 -216560.4
        nan       nan      -nan       nan       nan       nan       nan       nan       nan       nan
  128 1      3 -2.4932 -2.1440   62268.3   82793.5   -6317.2 -2.4408 -2.1773   59068.7   81416.7 -219191.5
        nan       nan      -nan       nan       nan       nan       nan       nan       nan       nan
vertex track :         10   3 125     784137 -0.9244 -1.3668   48787.3   70687.2     266.9     0 10001.0
  126 1      1 -0.9239 -1.3652   50022.3   74449.6   -2868.1 -0.9365 -1.3728   48482.1   72628.4 -215742.9
      181.4       8.7   49927.8   74294.4   49937.2   74308.2   50325.8   74813.4   49913.3   74304.3
  127 1      2 -0.9040 -1.3757   50892.6   73755.7   -3718.0 -0.9365 -1.3728   49278.1   73795.2 -216592.8
      217.2      11.5   50783.0   73567.9   50831.6   73642.0   51211.4   74152.2   50763.8   73580.5
  128 1      3 -0.9391 -1.3631   55393.9   79710.8   -6582.4 -0.9365 -1.3728   51960.6   77727.6 -219457.2
      346.7      20.0   55213.6   79413.9   55409.8   79698.7   55783.2   80216.3   55180.7   79436.6
vertex track :         51   3 125     880203  0.8682  1.7620   53562.8   78613.6     272.4   211   209.6
  126 1      1  0.8061  1.8270   52598.0   73698.7   -2856.4  0.8889  1.7757   47620.4   70735.3 -215738.6
      314.1      97.8   52635.3   74025.6   52551.0   73834.5   52771.6   73583.7   52814.3   73946.6
  127 1      2  0.9511  1.7686   50693.0   74582.6   -3693.6  0.8889  1.7757   46876.2   69248.6 -216575.8
      594.7     239.4   50763.9   75219.7   50400.2   74543.5   50833.1   74157.2   51185.5   74993.0
  128 1      3  0.7747  1.7404   47940.0   66031.2   -6412.4  0.8889  1.7757   44459.6   64420.9 -219294.6
     1101.6     459.3   47968.3   67224.4   47235.1   65577.1   48122.4   65049.8   48807.5   66850.8
vertex track :         96   3 125    1673253 -0.6588  0.6133   49375.8   76214.5     276.3   211     nan
  126 1      1 -0.6550  0.6165   49850.8   74315.9   -2868.2 -0.6564  0.6219   48236.4   71943.2 -215748.8
        nan       nan      -nan       nan       nan       nan       nan       nan       nan       nan
  127 1      2 -0.6666  0.6046   50551.7   71957.9   -3717.6 -0.6564  0.6219   48794.0   71414.9 -216598.2
        nan       nan      -nan       nan       nan       nan       nan       nan       nan       nan
  128 1      3 -0.6532  0.6207   54232.5   72658.4   -6590.4 -0.6564  0.6219   50679.8   69628.4 -219471.0
        nan       nan      -nan       nan       nan       nan       nan       nan       nan       nan
vertex track :        140   3 125    2046281 -3.4198 -0.1435   43924.1   73615.8     276.6     0   884.0
  126 1      1 -3.3251 -0.0827   55165.5   74195.8   -2855.2 -3.4118 -0.1311   51354.8   71723.1 -215728.0
      565.4      42.9   54601.3   74138.9   55033.6   74149.6   55936.4   74462.7   54599.2   74224.6
  127 1      2 -3.5320 -0.0464   56970.0   76675.4   -3683.6 -3.4118 -0.1311   54181.0   71831.6 -216556.4
      759.4     100.4   56212.0   76565.0   56989.0   76575.2   57934.5   76995.7   56209.3   76765.8
  128 1      3 -3.6391 -0.1477   66601.0   73594.0   -6282.6 -3.4118 -0.1311   63048.3   72172.2 -219155.4
     1267.6     188.1   65342.0   73354.7   67111.0   73426.5   68066.3   74043.2   65326.8   73730.5
vertex track :        173   3 125    2598882 -3.5158 -0.9474   42416.0   71638.3     275.4   211   349.9
  126 1      1 -3.5199 -0.9378   51043.4   74196.3   -2867.7 -3.5150 -0.9347   50188.0   72263.7 -215738.0
      757.9     120.5   50342.0   73884.8   51067.6   74078.1   51951.2   74717.0   50280.0   74117.6
  127 1      2 -3.5122 -0.9918   54124.5   73167.7   -3718.2 -3.5150 -0.9347   53177.4   73058.6 -216588.4
     1341.5     294.4   52913.5   72519.8   54758.0   73040.6   55542.0   74024.5   52753.5   73086.4
  128 1      3 -3.5214 -0.8903   65212.9   77803.2   -6586.5 -3.5150 -0.9347   63259.7   75739.6 -219456.8
     2515.9     577.7   62915.4   76626.5   67054.1   77672.9   67716.9   79189.1   62632.2   77746.6
vertex track :        187   3 125    2649484 -3.5608  2.5071   45720.8   77738.1     283.1     0 10001.0
  126 1      1 -3.6688  2.6853   57384.5   70652.8   -2854.4 -3.5244  2.5093   53561.0   67586.7 -215733.4
      829.7      18.7   56703.9   71127.8   57272.5   70711.5   58271.4   70390.5   56726.0   71158.0
  127 1      2 -3.6761  2.5463   59318.4   71028.5   -3681.9 -3.5244  2.5093   56477.1   65510.5 -216560.8
     1030.0      25.8   58457.0   71593.7   59378.4   70955.5   60386.1   70675.8   58486.4   71636.2
  128 1      3 -3.5653  2.3676   69457.4   60273.8   -6273.9 -3.5244  2.5093   65612.6   59006.2 -219152.9
     1668.9      44.1   68042.7   61160.4   70074.6   59811.1   71078.5   59599.7   68091.5   61233.8
vertex track :        191   3 125    5378877  0.9176  1.0598   53929.5   77159.6     213.3   211     nan
  126 1      1  0.9121  1.0553   49895.5   73987.8   -2866.0  0.9345  1.0665   47883.9   71536.6 -215690.7
        nan       nan      -nan       nan       nan       nan       nan       nan       nan       nan
  127 1      2  0.9000  1.0721   49336.1   71210.9   -3717.7  0.9345  1.0665   47087.9   70628.2 -216542.5
        nan       nan      -nan       nan       nan       nan       nan       nan       nan       nan
  128 1      3  0.9229  1.0461   48725.8   70761.4   -6585.0  0.9345  1.0665   44408.5   67570.4 -219409.8
        nan       nan      -nan       nan       nan       nan       nan       nan       nan       nan
vertex track :        197   3 125    5379724 -0.1226  0.9910   51030.4   75878.1     215.5   211     nan
  126 1      1 -0.1199  1.0025   52896.7   73163.8   -2856.5 -0.1154  0.9992   48190.0   70477.5 -215679.5
        nan       nan      -nan       nan       nan       nan       nan       nan       nan       nan
  127 1      2 -0.0969  1.0707   51861.1   74741.3   -3697.1 -0.1154  0.9992   48287.0   69637.6 -216520.1
        nan       nan      -nan       nan       nan       nan       nan       nan       nan       nan
  128 1      3 -0.1522  1.0631   52010.3   68407.8   -6365.4 -0.1154  0.9992   48595.0   66971.5 -219188.4
        nan       nan      -nan       nan       nan       nan       nan       nan       nan       nan
vertex track :        200   3 125    5379863 -2.1279  2.0132   47684.9   77332.9     220.4     0 10001.0
  126 1      1 -2.1304  2.0091   52359.4   71429.9   -2867.5 -2.1160  2.0356   51011.5   68754.1 -215688.4
      418.3      13.0   52046.1   71707.4   52207.4   71555.3   52880.5   71364.3   52064.0   71726.3
  127 1      2 -2.1311  2.0164   54388.4   67910.1   -3718.4 -2.1160  2.0356   52812.0   67022.0 -216539.3
      515.4      17.6   54001.9   68251.5   54303.2   67966.5   54982.8   67780.6   54026.1   68277.1
  128 1      3 -2.1058  2.0488   61689.4   64868.4   -6584.0 -2.1160  2.0356   58875.4   61188.9 -219404.8
      855.5      31.1   61054.5   65442.7   61838.6   64679.7   62532.2   64506.1   61097.9   65487.3
vertex track :        224   3 126     371082 -1.2313  2.2557   52212.4   69517.0     246.4   211     nan
  123 1     -2 -1.2386  2.2539   42492.8   84470.5    6580.2 -1.2228  2.2792   42667.8   81704.0 -209148.4
        nan       nan      -nan       nan       nan       nan       nan       nan       nan       nan
  124 1     -1 -1.1555  2.3892   46081.8   76523.5    3718.7 -1.2228  2.2792   46166.8   75181.9 -212009.9
        nan       nan      -nan       nan       nan       nan       nan       nan       nan       nan
  125 1      0 -1.2314  2.2519   50093.9   76106.6    2868.0 -1.2228  2.2792   47207.0   73242.9 -212860.6
        nan       nan      -nan       nan       nan       nan       nan       nan       nan       nan
vertex track :        236   3 126     400940  2.1535 -1.9049   48121.8   75606.5     257.2   211     nan
  123 1     -2  1.8576 -1.7335   63315.7   63390.2    6723.9  2.1627 -1.9405   60317.7   60887.5 -209010.1
        nan       nan      -nan       nan       nan       nan       nan       nan       nan       nan
  124 1     -1  1.9757 -1.9851   58323.1   69519.3    3674.7  2.1627 -1.9405   53723.0   66804.4 -212059.3
        nan       nan      -nan       nan       nan       nan       nan       nan       nan       nan
  125 1      0  2.1450 -1.9701   52933.2   69995.9    2845.6  2.1627 -1.9405   51929.9   68413.2 -212888.4
        nan       nan      -nan       nan       nan       nan       nan       nan       nan       nan
vertex track :        261   3 126     778905  0.3720 -0.1449   49531.3   74281.3     252.9   211     nan
  123 1     -2  0.3725 -0.1429   50665.7   73108.3    6587.9  0.3748 -0.1486   50116.8   71148.7 -209143.7
        nan       nan      -nan       nan       nan       nan       nan       nan       nan       nan
  124 1     -1  0.3701 -0.1440   49308.9   72355.1    3717.5  0.3748 -0.1486   49040.9   71575.3 -212014.0
        nan       nan      -nan       nan       nan       nan       nan       nan       nan       nan
  125 1      0  0.3718 -0.1425   51996.3   74022.4    2867.7  0.3748 -0.1486   48722.3   71701.6 -212863.8
        nan       nan      -nan       nan       nan       nan       nan       nan       nan       nan
vertex track :        267   3 126     893557 -1.5222 -1.8680   53934.4   78748.4     248.0   211     nan
  123 1     -2 -1.3782 -1.8562   45026.6   66932.5    6701.9 -1.5493 -1.8842   42200.3   64410.9 -209025.8
        nan       nan      -nan       nan       nan       nan       nan       nan       nan       nan
  124 1     -1 -1.4342 -1.7517   50448.5   72753.3    3669.7 -1.5493 -1.8842   46898.1   70124.3 -212058.0
        nan       nan      -nan       nan       nan       nan       nan       nan       nan       nan
  125 1      0 -1.5939 -1.9155   48098.0   73335.3    2858.0 -1.5493 -1.8842   48155.6   71653.6 -212869.7
        nan       nan      -nan       nan       nan       nan       nan       nan       nan       nan
vertex track :        292   3 126    1236126 -0.5355  0.4761   50427.9   73587.3     252.0   211     nan
  123 1     -2 -0.5489  0.4899   45415.6   76575.9    6581.7 -0.5344  0.4832   45257.6   74443.1 -209150.1
        nan       nan      -nan       nan       nan       nan       nan       nan       nan       nan
  124 1     -1 -0.5590  0.4902   46849.3   73997.5    3718.9 -0.5344  0.4832   46787.5   73059.8 -212012.9
        nan       nan      -nan       nan       nan       nan       nan       nan       nan       nan
  125 1      0 -0.5358  0.4753   50299.8   75098.9    2868.3 -0.5344  0.4832   47242.1   72648.7 -212863.5
        nan       nan      -nan       nan       nan       nan       nan       nan       nan       nan
vertex track :        305   3 126    1884003  3.2109  5.2001   40401.6   58963.2     257.9   211   141.9
  123 3     -2  4.1364  6.2407   62678.9   15132.4    6701.2  3.2346  5.1752   59315.4   90046.1 -209025.2
    23522.4    3765.7   72535.5   36819.5   47413.2   -1083.2   53036.4   -6338.5   78813.2   32658.5
  124 1     -1  2.9718  5.2810   54566.9   79254.8    3712.8  3.2346  5.1752   49649.2   74580.6 -212013.5
    11004.5    1756.2   58433.2   89706.3   48263.7   71634.8   50913.6   69018.5   61494.2   87983.8
  125 1      0  3.2044  5.6711   48143.3   73859.2    2857.0  3.2346  5.1752   46881.1   70151.8 -212869.3
     4258.7     655.6   49667.5   77889.4   46150.4   71664.9   46832.3   70044.6   50809.2   77244.4
vertex track :        315   3 126    1955920 -0.5942  2.2262   51312.5   67793.5     247.2   211     nan
  123 1     -2 -0.6079  2.2209   45896.1   82526.7    6575.6 -0.5836  2.2472   45804.5   79756.4 -209152.8
        nan       nan      -nan       nan       nan       nan       nan       nan       nan       nan
  124 1     -1 -0.5745  2.2593   47521.2   74662.1    3717.8 -0.5836  2.2472   47472.3   73334.5 -212010.5
        nan       nan      -nan       nan       nan       nan       nan       nan       nan       nan
  125 1      0 -0.5686  2.2367   51016.4   74312.4    2868.8 -0.5836  2.2472   47967.9   71426.6 -212859.5
        nan       nan      -nan       nan       nan       nan       nan       nan       nan       nan
vertex track :        342   3 126    2002695  1.1562  0.5470   47954.2   73087.5     256.1   211     nan
  123 1     -2  1.0452  0.4709   56667.2   77159.1    6737.6  1.1690  0.5450   53726.0   74428.6 -208995.2
        nan       nan      -nan       nan       nan       nan       nan       nan       nan       nan
  124 1     -1  1.1975  0.5362   54594.7   75991.1    3677.4  1.1690  0.5450   50148.6   72760.9 -212055.4
        nan       nan      -nan       nan       nan       nan       nan       nan       nan       nan
  125 1      0  1.2073  0.5354   49867.3   74595.8    2859.8  1.1690  0.5450   49192.8   72315.3 -212873.0
        nan       nan      -nan       nan       nan       nan       nan       nan       nan       nan
vertex track :        383   3 126    4703588 -1.7199 -2.0451   51198.3   75754.5     184.8   211     nan
  123 1     -2 -1.7041 -2.0296   38317.0   61774.2    6589.6 -1.7366 -2.0474   38304.8   60452.3 -209075.9
        nan       nan      -nan       nan       nan       nan       nan       nan       nan       nan
  124 1     -1 -1.6844 -2.0335   43213.4   66968.5    3717.3 -1.7366 -2.0474   43292.8   66333.0 -211948.2
        nan       nan      -nan       nan       nan       nan       nan       nan       nan       nan
  125 1      0 -1.7146 -2.0402   47651.5   70027.7    2870.8 -1.7366 -2.0474   44762.9   68066.2 -212794.7
        nan       nan      -nan       nan       nan       nan       nan       nan       nan       nan
vertex track :        386   3 126    4704303  2.0166 -1.9571   48041.0   75886.6     190.8   211    97.9
  123 1     -2  2.0937 -2.2480   62323.0   63420.8    6754.4  2.0240 -1.9920   59537.2   60643.8 -208913.0
     6863.7    2286.8   68674.4   59956.7   59758.3   69529.9   56183.8   67092.6   65327.4   56839.5
  124 1     -1  2.0038 -1.8886   57712.6   69528.1    3694.1  2.0240 -1.9920   53343.0   66740.1 -211973.3
     3191.1    1060.0   60761.9   68110.8   56538.3   72091.6   54875.4   71153.5   59307.8   66568.1
  125 1      0  2.0057 -2.0170   52458.4   70135.3    2846.1  2.0240 -1.9920   51626.5   68429.4 -212821.4
     1243.2     400.4   53618.9   69536.1   52286.9   70875.6   51509.9   70942.5   53051.1   68971.5
vertex track :        396   3 126    5185175 -1.6351 -1.6245   51631.8   75928.0     184.8   211     nan
  123 1     -2 -1.6195 -1.6272   39322.2   64765.6    6588.9 -1.6493 -1.6247   39302.0   63332.9 -209077.1
        nan       nan      -nan       nan       nan       nan       nan       nan       nan       nan
  124 1     -1 -1.6929 -1.6134   43978.7   68708.8    3718.2 -1.6493 -1.6247   44036.7   67996.9 -211947.8
        nan       nan      -nan       nan       nan       nan       nan       nan       nan       nan
  125 1      0 -1.6341 -1.6331   48327.4   71413.6    2867.6 -1.6493 -1.6247   45439.6   69378.8 -212798.4
        nan       nan      -nan       nan       nan       nan       nan       nan       nan       nan
vertex track :        403   3 126    5185800  1.0118 -0.7666   46699.3   75869.0     193.8   211   160.7
  123 1     -2  1.1741 -0.8027   54338.9   71264.8    6758.2  1.0161 -0.7808   51572.3   68584.4 -208910.7
      692.0     404.0   55138.1   71207.7   54242.1   71820.2   53750.8   71531.1   54682.1   70540.7
  124 1     -1  0.9833 -0.6864   52831.8   73882.6    3668.6  1.0161 -0.7808   48433.1   70996.7 -212000.2
      329.8     185.5   53208.5   73845.9   52874.0   74079.4   52666.2   74128.6   52996.1   73541.7
  125 1      0  0.9922 -0.7410   48138.1   73660.6    2857.3  1.0161 -0.7808   47608.8   71630.1 -212811.5
      163.4      71.0   48311.4   73619.7   48258.0   73659.6   48175.7   73910.7   48226.5   73506.0
vertex track :        407   3 126    5876303  4.1363 -4.2028   41515.8   82002.2     205.3   211   244.3
  123 1     -2  4.1657 -4.1030   68342.2   53276.7    6591.1  4.1591 -4.2591   66273.7   52712.2 -209084.8
    10324.4    1659.3   76862.1   47214.0   63025.8   60842.1   60036.4   59545.3   74533.4   44849.7
  124 1     -1  4.1374 -4.2294   55027.4   65187.9    3720.1  4.1591 -4.2591   54332.9   64940.0 -211955.8
     5025.9     796.9   59111.6   62152.4   52951.3   68449.8   51157.3   68429.2   57972.3   61037.9
  125 1      0  4.1284 -4.1824   54688.2   70198.0    2869.6  4.1591 -4.2591   50795.5   68562.4 -212806.3
     2183.5     301.6   56436.8   68855.8   54235.9   71085.5   53153.8   71745.9   56007.5   68432.1
