groupid:   3753, ntrk: 13
vertex track :          0   3 125     261273 -0.2791 -0.1487   96520.3   46091.6     199.1    13  1647.1
  126 1      1 -0.2793 -0.1479   95895.8   46337.8   -2868.7 -0.2813 -0.1485   94331.8   43674.6 -215729.9
       32.3       4.0   95869.2   46319.1   95867.6   46318.3   96132.3   46566.3   95865.4   46326.2
  127 1      2 -0.2775 -0.1508   96562.9   45213.8   -3718.0 -0.2813 -0.1485   94570.8   43800.7 -216579.2
       39.1       8.5   96532.6   45187.7   96543.0   45193.3   96802.9   45449.7   96524.5   45202.6
  128 1      3 -0.2807 -0.1461   98644.0   46895.2   -6585.2 -0.2813 -0.1485   95377.5   44226.3 -219446.4
       62.6      16.5   98596.0   46851.7   98648.2   46878.8   98901.6   47148.6   98580.8   46880.9
vertex track :         38   3 125     502363 -1.5227  1.5743   93217.6   50657.2     201.8   211     nan
  126 1      1 -1.4900  1.5062   99093.4   46132.9   -2829.6 -1.5220  1.5898   94786.7   43006.7 -215692.5
        nan       nan      -nan       nan       nan       nan       nan       nan       nan       nan
  127 1      2 -1.5068  1.6518   99365.8   47335.0   -3661.3 -1.5220  1.5898   96052.6   41684.4 -216524.2
        nan       nan      -nan       nan       nan       nan       nan       nan       nan       nan
  128 1      3 -1.5685  1.5493  103263.4   39345.2   -6195.1 -1.5220  1.5898   99909.0   37656.2 -219058.0
        nan       nan      -nan       nan       nan       nan       nan       nan       nan       nan
vertex track :         53   3 125    1132183  2.1881 -2.0031  102720.1   41347.8     188.1     0 10001.0
  126 1      1  2.1883 -2.0058   95111.0   46847.0   -2868.9  2.1875 -2.0259   92984.7   44610.4 -215718.7
      423.6      13.0   95432.0   46570.4   95267.1   46721.6   95002.1   47331.6   95414.5   46551.2
  127 1      2  2.2167 -1.9756   93721.1   47205.7   -3715.6  2.1875 -2.0259   91132.7   46325.7 -216565.4
      522.5      17.6   94122.9   46871.3   93808.3   47151.6   93531.5   47748.2   94099.4   46845.0
  128 1      3  2.1617 -2.0142   89617.6   53734.5   -6584.9  2.1875 -2.0259   84856.1   52138.7 -219434.7
      870.9      31.3   90276.1   53163.8   89455.7   53928.2   89171.2   54513.3   90233.4   53117.9
vertex track :        138   3 125    2225956  1.9576 -1.0103   97613.6   45659.8     195.2     0  4411.1
  126 1      1  1.9258 -1.0069   93410.8   48747.5   -2833.9  1.9594 -1.0264   88629.0   45888.4 -215691.0
      263.3      11.0   93649.2   48635.3   93587.0   48667.9   93384.3   49068.7   93638.9   48615.8
  127 1      2  2.0193 -1.0569   90763.3   52110.5   -3654.3  1.9594 -1.0264   87021.6   46730.4 -216511.3
      318.8      16.6   91053.5   51977.4   90912.5   52051.1   90685.1   52452.5   91038.0   51947.9
  128 1      3  1.9119 -0.9485   84785.8   51358.0   -6215.6  1.9594 -1.0264   82003.0   49359.3 -219072.6
      501.5      29.2   85248.0   51161.3   84751.1   51407.8   84535.5   51763.7   85222.0   51108.9
vertex track :        176   3 125    2643732 -3.9772 -3.9203   87328.9   36495.9     185.2   211     nan
  126 1      1 -3.9790 -3.9067   97159.2   47407.1   -2869.7 -4.0410 -3.9203   96513.6   45628.1 -215726.1
        nan       nan      -nan       nan       nan       nan       nan       nan       nan       nan
  127 1      2 -3.9116 -3.9776  100808.8   49364.4   -3717.6 -4.0410 -3.9203   99940.3   48952.4 -216574.1
        nan       nan      -nan       nan       nan       nan       nan       nan       nan       nan
  128 1      3 -4.0199 -3.8756  112245.7   60277.9   -6587.1 -4.0410 -3.9203  111535.8   60201.5 -219443.6
        nan       nan      -nan       nan       nan       nan       nan       nan       nan       nan
vertex track :        193   3 126      24800  1.0501  0.5867   94347.6   45506.6     183.5   211     nan
  123 1     -2  0.9885  0.5837  100154.3   49471.4    6587.1  1.0519  0.5804   99439.2   46544.3 -209091.0
        nan       nan      -nan       nan       nan       nan       nan       nan       nan       nan
  124 1     -1  1.0509  0.5863   96402.5   45869.3    3733.2  1.0519  0.5804   96437.2   44887.9 -211944.9
        nan       nan      -nan       nan       nan       nan       nan       nan       nan       nan
  125 1      0  1.0485  0.5881   98736.1   47345.3    2868.0  1.0519  0.5804   95527.1   44385.8 -212810.1
        nan       nan      -nan       nan       nan       nan       nan       nan       nan       nan
vertex track :        205   3 126     244724  1.0544 -1.4629   93172.0   49048.2     186.1   211     nan
  123 1     -2  1.1461 -1.6125  101209.1   39773.5    6770.0  1.0527 -1.4810   98468.9   36643.0 -208904.0
        nan       nan      -nan       nan       nan       nan       nan       nan       nan       nan
  124 1     -1  1.0654 -1.5225   99312.3   44550.7    3665.1  1.0527 -1.4810   95200.3   41241.3 -212008.9
        nan       nan      -nan       nan       nan       nan       nan       nan       nan       nan
  125 1      0  1.0753 -1.5228   94737.1   44736.0    2836.1  1.0527 -1.4810   94327.7   42469.1 -212837.9
        nan       nan      -nan       nan       nan       nan       nan       nan       nan       nan
vertex track :        241   3 126     490038 -1.0127 -1.9959   96679.1   48176.0     188.1   211     nan
  123 1     -2 -1.0413 -1.9655   88500.1   34540.0    6600.2 -1.0333 -2.0164   88429.8   32569.6 -209072.4
        nan       nan      -nan       nan       nan       nan       nan       nan       nan       nan
  124 1     -1 -1.0049 -1.9948   91058.4   39119.0    3705.9 -1.0333 -2.0164   91420.4   38405.8 -211966.7
        nan       nan      -nan       nan       nan       nan       nan       nan       nan       nan
  125 1      0 -1.0124 -1.9933   95222.8   42685.1    2861.5 -1.0333 -2.0164   92292.9   40108.6 -212811.2
        nan       nan      -nan       nan       nan       nan       nan       nan       nan       nan
vertex track :        245   3 126     490698  1.4819 -1.5887   93047.7   48681.1     185.3   211     nan
  123 1     -2  1.5335 -1.5752  103921.6   38551.1    6766.3  1.4817 -1.6092  101162.3   35435.3 -208908.1
        nan       nan      -nan       nan       nan       nan       nan       nan       nan       nan
  124 1     -1  1.3365 -1.7179  100757.7   43711.7    3684.1  1.4817 -1.6092   96595.6   40395.1 -211990.3
        nan       nan      -nan       nan       nan       nan       nan       nan       nan       nan
  125 1      0  1.5082 -1.6444   95839.8   43986.7    2830.8  1.4817 -1.6092   95331.3   41768.1 -212843.5
        nan       nan      -nan       nan       nan       nan       nan       nan       nan       nan
vertex track :        259   3 126     876848 -1.4874  2.2298   99473.8   39325.0     177.8   211     nan
  123 1     -2 -1.5600  2.1940   88152.7   54290.3    6589.4 -1.4810  2.2398   88328.1   50948.8 -209089.8
        nan       nan      -nan       nan       nan       nan       nan       nan       nan       nan
  124 1     -1 -1.4681  2.2706   92199.4   45724.0    3719.1 -1.4810  2.2398   92578.9   44519.9 -211960.1
        nan       nan      -nan       nan       nan       nan       nan       nan       nan       nan
  125 1      0 -1.4957  2.2145   96671.4   45826.1    2866.6 -1.4810  2.2398   93841.4   42610.5 -212812.6
        nan       nan      -nan       nan       nan       nan       nan       nan       nan       nan
vertex track :        324   3 126    1785190 -1.0552 -0.7654   96128.7   46484.3     187.2   211     nan
  123 1     -2 -1.0867 -0.7635   90189.8   41748.1    6763.7 -1.0679 -0.7691   87472.7   38743.3 -208913.0
        nan       nan      -nan       nan       nan       nan       nan       nan       nan       nan
  124 1     -1 -1.0030 -0.7716   94475.4   44621.3    3671.0 -1.0679 -0.7691   90775.2   41121.9 -212005.6
        nan       nan      -nan       nan       nan       nan       nan       nan       nan       nan
  125 1      0 -1.0430 -0.8053   91639.4   44159.3    2840.7 -1.0679 -0.7691   91661.9   41760.6 -212836.0
        nan       nan      -nan       nan       nan       nan       nan       nan       nan       nan
vertex track :        328   3 126    1785209 -3.7884  3.9997   95762.8   46393.9     187.2   211     nan
  123 1     -2 -3.8233  3.9488   68834.0   73226.5    6592.4 -3.7742  4.0225   69953.7   69477.3 -209085.1
        nan       nan      -nan       nan       nan       nan       nan       nan       nan       nan
  124 1     -1 -3.7635  4.0119   80281.1   59293.0    3711.4 -3.7742  4.0225   80826.7   57888.8 -211966.0
        nan       nan      -nan       nan       nan       nan       nan       nan       nan       nan
  125 1      0 -3.7936  3.9783   86513.0   57820.8    2867.0 -3.7742  4.0225   84013.9   54491.9 -212810.5
        nan       nan      -nan       nan       nan       nan       nan       nan       nan       nan
vertex track :        335   3 126    1786097 -1.4990 -1.4322   98152.9   48729.7     187.2     0 10001.0
  123 1     -2 -1.4342 -1.2947   89372.2   39728.9    6726.9 -1.5213 -1.4429   86588.2   36612.2 -208941.2
      464.0      22.7   89042.9   39401.1   89430.6   39751.1   89909.9   40265.3   89012.6   39434.8
  124 1     -1 -1.4888 -1.4021   94882.6   44374.0    3672.1 -1.5213 -1.4429   91235.4   41020.0 -211996.0
      268.7      11.9   94695.1   44181.2   94773.7   44255.2   95278.6   44775.5   94678.8   44198.5
  125 1      0 -1.5315 -1.4475   92393.0   44500.5    2839.3 -1.5213 -1.4429   92502.4   42221.7 -212828.8
      219.7       8.7   92239.3   44343.2   92237.1   44341.2   92755.2   44866.3   92227.4   44355.9
