groupid:   3879, ntrk:  6
vertex track :          0   3  35    7356507  0.0552  0.0097  206328.0  138022.3     353.9    13  2339.7
   36 4      1  0.0554  0.0090   84101.5   56065.8   -2868.6  0.0585  0.0049  205468.9  133430.7  -50931.8
       12.0       2.2   84112.9   56069.9   84100.9   56068.0   84300.1   56271.7   84113.6   56065.5
   37 4      2  0.0553  0.0092   86071.7   57469.9   -3719.3  0.0585  0.0049  205419.1  133426.5  -51782.5
       15.6       5.4   86086.2   57477.8   86067.1   57474.6   86267.3   57672.0   86088.0   57467.1
   38 4      3  0.0550  0.0096   82894.2   57349.3   -6591.1  0.0585  0.0049  205251.2  133412.4  -54654.3
       26.6      10.5   82918.7   57364.2   82877.7   57357.1   83079.9   57544.4   82922.3   57343.5
vertex track :          5   3  35    7356506  0.0880 -0.0514  206417.6  137876.2     353.9  2212   447.8
   36 4      1  0.0821 -0.0422   90285.4   62844.8   -2711.1  0.0905 -0.0573  205467.6  133473.2  -50775.2
       30.5      27.0   90324.8   62854.8   90287.8   62873.9   90456.0   63044.6   90300.2   62806.8
   37 4      2  0.0889 -0.0499   86031.5   62564.2   -3539.0  0.0905 -0.0573  205392.7  133520.6  -51603.0
       69.1      66.6   86124.4   62588.5   86022.5   62645.6   86148.7   62749.8   86059.2   62472.3
   38 4      3  0.0698 -0.0407   89766.3   62392.9   -6545.3  0.0905 -0.0573  205120.6  133692.8  -54609.3
      139.2     135.5   89954.8   62439.8   89728.9   62571.4   89787.9   62555.9   89818.3   62205.7
vertex track :         30   3  35    8195935  3.0440 -2.5555  214698.1  131445.7     336.5     0 10001.0
   36 4      1  3.0253 -2.6010   84331.5   56464.0   -2872.7  3.0695 -2.6342  204124.6  135198.5  -50958.5
      721.3      17.6   84889.9   56007.1   84431.4   56401.4   83986.1   57128.3   84867.0   55980.4
   37 4      2  3.0256 -2.5829   83750.8   59911.7   -3723.1  3.0695 -2.6342  201514.5  137438.5  -51808.8
      894.3      24.2   84446.7   59349.4   83721.6   59968.3   83267.9   60681.4   84415.3   59312.6
   38 4      3  3.0334 -2.5574   71296.6   67871.8   -6591.2  3.0695 -2.6342  192710.9  144993.8  -54677.0
     1490.8      42.5   72463.8   66943.5   70821.3   68328.2   70342.4   69007.7   72408.9   66878.4
vertex track :         90   3  36    6421629 -4.6952  4.1223  214794.8  124525.6     176.9     0  1425.3
   33 4     -2 -4.7408  4.2350   62887.2   75662.7    6579.2 -4.7202  4.1661  186277.0  150823.7  -44013.0
     3625.2     273.2   60001.6   77874.1   64413.1   73933.2   65978.0   73665.6   60365.6   78281.6
   34 4     -1 -4.7347  4.1115   81405.6   62745.9    3716.6 -4.7202  4.1661  199788.8  138898.1  -46875.5
     1976.0     132.5   79826.8   63941.4   81816.4   62213.7   83189.8   61764.5   80000.6   64141.6
   35 4      0 -4.7197  4.0829   84769.6   61468.0    2868.1 -4.7202  4.1661  203794.1  135363.0  -47724.0
     1422.9      53.6   83658.4   62358.4   84819.6   61353.9   86086.1   60791.6   83728.6   62439.4
vertex track :        103   3  36    6635583 -2.8405 -0.8646  209328.4  135474.3     188.0     0  2016.9
   33 4     -2 -2.8094 -0.8730   69926.7   49282.4    7061.9 -2.8741 -0.8528  191320.5  129275.9  -43545.4
      910.2      75.3   69079.8   48940.5   70228.2   49297.3   70980.7   49833.5   69035.1   49084.2
   34 4     -1 -2.7367 -0.8170   76587.7   50198.8    3549.2 -2.8741 -0.8528  201416.4  132271.5  -47058.1
      468.2      32.4   76148.4   50033.9   76470.9   50130.2   77234.4   50572.9   76129.8   50095.9
   35 4      0 -2.8479 -0.7487   78050.5   51813.8    2723.2 -2.8741 -0.8528  203790.4  132975.9  -47884.1
      367.1      15.1   77699.3   51705.8   77811.4   51735.3   78608.9   52131.0   77691.6   51735.1
vertex track :        109   3  36    6636127 -1.3825 -0.9506  204296.6  134060.8     193.0  2212   540.8
   33 4     -2 -1.4081 -0.9330   75543.5   49402.9    6574.6 -1.4018 -0.9504  197061.2  127688.1  -44043.9
      579.6     243.5   75194.9   48879.8   75865.5   49324.1   76100.8   50135.1   74925.9   49285.8
   34 4     -1 -1.3814 -0.9565   82836.6   54138.9    3720.9 -1.4018 -0.9504  201061.4  130400.3  -46897.6
      305.5     117.6   82652.4   53868.3   82864.7   54015.2   83229.5   54618.5   82518.5   54061.6
   35 4      0 -1.3726 -0.9600   83299.1   57179.5    2869.5 -1.4018 -0.9504  202254.9  131209.5  -47749.0
      188.1      45.0   83170.8   57034.9   83190.8   57048.9   83636.1   57533.2   83119.2   57108.6
