groupid:   4059, ntrk: 29
vertex track :          0   3 125    1334944  0.0447  0.1654  102502.2   45403.2     193.0    13 10000.6
  126 1      1  0.0446  0.1654  100963.8   44750.4   -2871.6  0.0450  0.1654   99332.2   41987.2 -215724.1
       19.0       1.4  100967.3   44769.2  100966.8   44767.2  101170.3   44941.9  100970.1   44768.4
  127 1      2  0.0429  0.1658  101383.9   43428.0   -3719.4  0.0450  0.1654   99294.0   41847.0 -216572.0
       22.9       2.1  101387.6   43450.7  101385.1   43441.3  101590.3   43615.5  101391.7   43449.6
  128 1      3  0.0465  0.1650  102599.7   44230.4   -6582.1  0.0450  0.1654   99165.1   41373.4 -219434.7
       36.8       3.9  102606.0   44266.9  102595.8   44230.6  102803.5   44404.0  102613.4   44264.8
vertex track :         22   3 125     260524 -2.2538 -2.3243   99241.1   41540.6     187.9     0 10001.0
  126 1      1 -2.3022 -2.3293  107153.9   48344.8   -2817.4 -2.2781 -2.3297  103027.1   45631.9 -215668.7
      481.7      13.8  106825.1   47992.5  107018.8   48188.6  107690.4   48904.7  106805.5   48011.9
  127 1      2 -2.3325 -2.2365  108028.1   52814.3   -3635.8 -2.2781 -2.3297  104891.5   47538.6 -216487.1
      593.9      18.7  107612.4   52389.7  107980.0   52742.2  108651.6   53446.6  107586.5   52416.7
  128 1      3 -2.2514 -2.4055  114089.1   56044.5   -6130.0 -2.2781 -2.3297  110573.5   53349.3 -218981.3
      947.8      31.6  113464.6   55330.9  114287.0   56209.7  114921.4   56965.6  113418.4   55374.1
vertex track :         34   3 125     495513  2.0516  2.1707  107023.7   49716.0     198.1     0  8949.1
  126 1      1  2.0549  2.1668   99790.9   43376.6   -2869.1  2.0633  2.1648   97698.4   40163.9 -215722.0
      429.6      13.2  100076.9   43697.4   99917.2   43528.9   99716.9   43267.9  100096.1   43679.2
  127 1      2  2.0178  2.1899   98584.1   40329.1   -3718.5  2.0633  2.1648   95945.7   38325.1 -216571.5
      530.3      18.1   98930.1   40731.3   98635.2   40411.3   98450.2   40139.0   98956.8   40706.7
  128 1      3  2.0745  2.1391   94541.8   36127.8   -6586.7  2.0633  2.1648   90027.7   32116.1 -219439.6
      883.2      32.3   95133.5   36784.4   94339.4   35965.5   94162.2   35683.5   95179.9   36739.4
vertex track :         67   3 125     643465 -2.4690 -2.3525   95606.2   38957.1     185.3   211     nan
  126 1      1 -2.4631 -2.2345  104089.5   45852.4   -2827.2 -2.5046 -2.3486  100059.2   43134.6 -215679.0
        nan       nan      -nan       nan       nan       nan       nan       nan       nan       nan
  127 1      2 -2.4691 -2.3879  105252.9   50339.7   -3639.4 -2.5046 -2.3486  102093.4   45042.2 -216491.2
        nan       nan      -nan       nan       nan       nan       nan       nan       nan       nan
  128 1      3 -2.5921 -2.2190  111828.2   53680.5   -6146.8 -2.5046 -2.3486  108373.3   50930.9 -218998.6
        nan       nan      -nan       nan       nan       nan       nan       nan       nan       nan
vertex track :         92   3 125    1337158 -2.0872 -2.1909   99739.5   42140.2     189.3   211     nan
  126 1      1 -2.0824 -2.1852  104209.2   48134.9   -2866.1 -2.1096 -2.1959  103129.0   45939.4 -215718.2
        nan       nan      -nan       nan       nan       nan       nan       nan       nan       nan
  127 1      2 -2.0640 -2.2083  106339.8   48780.8   -3719.9 -2.1096 -2.1959  104930.2   47814.2 -216571.9
        nan       nan      -nan       nan       nan       nan       nan       nan       nan       nan
  128 1      3 -2.1175 -2.1591  113027.7   55322.6   -6587.8 -2.1096 -2.1959  110980.4   54111.9 -219439.9
        nan       nan      -nan       nan       nan       nan       nan       nan       nan       nan
vertex track :         94   3 125    1337810 -1.8312 -1.5793   98583.0   41847.2     188.5   211     nan
  126 1      1 -1.9144 -1.6239  105224.8   46500.1   -2824.6 -1.8485 -1.5805  101090.9   43704.1 -215676.5
        nan       nan      -nan       nan       nan       nan       nan       nan       nan       nan
  127 1      2 -1.7226 -1.6001  105796.7   50388.5   -3637.0 -1.8485 -1.5805  102592.8   44988.2 -216489.0
        nan       nan      -nan       nan       nan       nan       nan       nan       nan       nan
  128 1      3 -1.8622 -1.6687  110659.4   51510.3   -6155.1 -1.8485 -1.5805  107247.4   48967.8 -219007.0
        nan       nan      -nan       nan       nan       nan       nan       nan       nan       nan
vertex track :        101   3 125    1379404  1.9280  2.3081  103754.6   46827.0     195.2   211     nan
  126 1      1  1.9389  2.3071   96854.7   40083.7   -2867.7  1.9401  2.3032   94791.0   36863.7 -215721.0
        nan       nan      -nan       nan       nan       nan       nan       nan       nan       nan
  127 1      2  1.8852  2.3401   95855.4   36883.4   -3716.7  1.9401  2.3032   93143.8   34908.2 -216570.1
        nan       nan      -nan       nan       nan       nan       nan       nan       nan       nan
  128 1      3  1.9448  2.3048   91974.7   32353.3   -6586.5  1.9401  2.3032   87576.2   28298.6 -219439.8
        nan       nan      -nan       nan       nan       nan       nan       nan       nan       nan
vertex track :        137   3 125    1776179  1.7455 -1.5308  103823.6   44072.4     188.1   211     nan
  126 1      1  1.7233 -1.5355  100268.7   48555.8   -2821.9  1.7451 -1.5487   95538.3   45811.0 -215669.6
        nan       nan      -nan       nan       nan       nan       nan       nan       nan       nan
  127 1      2  1.7895 -1.5199   97664.0   52531.0   -3639.4  1.7451 -1.5487   94111.8   47077.0 -216487.1
        nan       nan      -nan       nan       nan       nan       nan       nan       nan       nan
  128 1      3  1.6789 -1.6870   92371.5   53296.5   -6192.4  1.7451 -1.5487   89656.7   51030.8 -219040.1
        nan       nan      -nan       nan       nan       nan       nan       nan       nan       nan
vertex track :        155   3 125    1983183 -0.4523 -3.5229  101658.7   38251.6     183.4   211   455.4
  126 1      1 -0.4480 -3.5299  101521.7   48007.0   -2866.7 -0.4704 -3.5465  100028.1   46128.8 -215714.2
      645.2      83.8  101523.6   47356.4  101592.0   47895.3  101729.4   48864.1  101357.3   47377.5
  127 1      2 -0.4114 -3.5217  102334.1   49644.9   -3714.7 -0.4704 -3.5465  100427.0   49136.3 -216562.2
     1036.6     206.3  102418.7   48591.4  102572.9   49911.1  102459.0   50905.0  102008.9   48639.3
  128 1      3 -0.4811 -3.5170  104943.9   59689.7   -6583.3 -0.4704 -3.5465  101776.3   59309.9 -219430.8
     1918.0     409.1  105089.2   57734.0  105508.1   60796.0  105008.0   61851.9  104278.6   57844.8
vertex track :        212   3 126      20872 -1.7860  0.6585  104639.4   43707.8     181.7   211     nan
  123 1     -2 -1.8144  0.6805   91334.5   48141.2    6594.5 -1.7900  0.6693   91548.6   45259.3 -209070.7
        nan       nan      -nan       nan       nan       nan       nan       nan       nan       nan
  124 1     -1 -1.7811  0.6725   96296.7   44311.6    3727.1 -1.7900  0.6693   96681.1   43340.1 -211938.1
        nan       nan      -nan       nan       nan       nan       nan       nan       nan       nan
  125 1      0 -1.7792  0.6561  100996.7   45751.3    2867.3 -1.7900  0.6693   98220.1   42764.7 -212797.9
        nan       nan      -nan       nan       nan       nan       nan       nan       nan       nan
vertex track :        224   3 126      21576 -1.3093  1.6122  102776.3   42824.8     182.6   211    99.1
  123 1     -2 -1.3115  1.6371   95197.8   53877.5    6729.7 -1.3069  1.6219   92597.5   50708.1 -208940.7
     3493.9    1502.4   91840.9   55665.0   95934.4   50555.2   98763.5   52301.7   94185.9   57543.6
  124 1     -1 -1.3358  1.6760  100170.8   49827.2    3634.7 -1.3069  1.6219   96642.2   45688.5 -212035.7
     1605.8     687.0   98632.6   50654.8  100353.9   48495.2  101917.6   49211.3   99707.2   51511.2
  125 1      0 -1.3333  1.6427   97576.9   47352.1    2829.9 -1.3069  1.6219   97694.0   44383.2 -212840.5
      643.8     262.6   96967.2   47686.5   97498.7   47031.6   98395.2   47229.3   97375.0   48017.5
vertex track :        232   3 126      22167 -1.2952  0.9517  103377.5   43338.6     181.5   211     nan
  123 1     -2 -1.2990  0.9462   93396.5   49721.5    6591.2 -1.2946  0.9602   93461.7   46757.3 -209076.0
        nan       nan      -nan       nan       nan       nan       nan       nan       nan       nan
  124 1     -1 -1.2876  0.9596   96835.5   45016.1    3720.1 -1.2946  0.9602   97178.5   44000.6 -211947.1
        nan       nan      -nan       nan       nan       nan       nan       nan       nan       nan
  125 1      0 -1.2900  0.9478  101128.6   46211.3    2866.0 -1.2946  0.9602   98284.3   43180.5 -212801.2
        nan       nan      -nan       nan       nan       nan       nan       nan       nan       nan
vertex track :        252   3 126     241863 -0.8176 -0.7887  102635.0   46617.0     186.2   211     nan
  123 1     -2 -0.8308 -0.7403   98370.5   41849.2    6736.7 -0.8284 -0.7936   95601.6   38703.9 -208928.5
        nan       nan      -nan       nan       nan       nan       nan       nan       nan       nan
  124 1     -1 -0.8126 -0.7996  101886.2   44676.9    3662.2 -0.8284 -0.7936   98148.5   41143.8 -212003.0
        nan       nan      -nan       nan       nan       nan       nan       nan       nan       nan
  125 1      0 -0.8452 -0.8376   98859.4   44326.2    2835.0 -0.8284 -0.7936   98833.7   41800.2 -212830.2
        nan       nan      -nan       nan       nan       nan       nan       nan       nan       nan
vertex track :        256   3 126     242186 -1.3861 -1.7853  104188.4   49151.9     186.2   211     nan
  123 1     -2 -1.3649 -1.8287   93518.5   36997.7    6583.2 -1.4097 -1.8017   93580.1   34917.1 -209073.5
        nan       nan      -nan       nan       nan       nan       nan       nan       nan       nan
  124 1     -1 -1.3977 -1.7293   97205.1   40821.0    3720.3 -1.4097 -1.8017   97616.0   40075.2 -211936.4
        nan       nan      -nan       nan       nan       nan       nan       nan       nan       nan
  125 1      0 -1.3797 -1.7823  101670.8   44271.4    2869.3 -1.4097 -1.8017   98815.7   41608.5 -212787.4
        nan       nan      -nan       nan       nan       nan       nan       nan       nan       nan
vertex track :        261   3 126     242765  1.5651 -1.7362   98045.7   48466.6     186.4   211     nan
  123 1     -2  1.6361 -1.7875  109347.5   37459.3    6761.7  1.5650 -1.7585  106718.9   34221.7 -208906.4
        nan       nan      -nan       nan       nan       nan       nan       nan       nan       nan
  124 1     -1  1.5395 -1.7371  106134.8   42866.8    3657.1  1.5650 -1.7585  101860.1   39681.2 -212011.0
        nan       nan      -nan       nan       nan       nan       nan       nan       nan       nan
  125 1      0  1.5493 -2.0025  101098.2   43350.1    2837.5  1.5650 -1.7585  100577.4   41122.5 -212830.6
        nan       nan      -nan       nan       nan       nan       nan       nan       nan       nan
vertex track :        274   3 126     271316 -2.1411 -2.1100  107378.1   51361.7     189.0   211     nan
  123 1     -2 -2.1449 -2.1214   91620.7   37081.4    6578.9 -2.1756 -2.1289   91907.7   35044.1 -209070.3
        nan       nan      -nan       nan       nan       nan       nan       nan       nan       nan
  124 1     -1 -2.2071 -2.0112   97635.5   41850.1    3721.4 -2.1756 -2.1289   98124.6   41127.7 -211927.9
        nan       nan      -nan       nan       nan       nan       nan       nan       nan       nan
  125 1      0 -2.1487 -2.0977  102730.9   45564.9    2870.0 -2.1756 -2.1289   99976.8   42940.2 -212779.2
        nan       nan      -nan       nan       nan       nan       nan       nan       nan       nan
vertex track :        281   3 126     459031 -1.6843  0.1121  106065.2   44944.4     186.5   211     nan
  123 1     -2 -1.7318  0.1946   96082.1   46157.5    6713.5 -1.6927  0.1195   93414.8   42982.8 -208951.7
        nan       nan      -nan       nan       nan       nan       nan       nan       nan       nan
  124 1     -1 -1.5206  0.1951  102026.0   46280.0    3662.5 -1.6927  0.1195   98579.4   42618.1 -212002.7
        nan       nan      -nan       nan       nan       nan       nan       nan       nan       nan
  125 1      0 -1.6998  0.0511   99799.9   45190.9    2833.8 -1.6927  0.1195   99982.1   42519.1 -212831.4
        nan       nan      -nan       nan       nan       nan       nan       nan       nan       nan
vertex track :        293   3 126     460403 -0.9374 -0.8273  101364.4   45168.7     185.4   211     nan
  123 1     -2 -0.9067 -0.7646   93796.4   39585.7    6584.5 -0.9495 -0.8322   93670.5   37127.4 -209085.4
        nan       nan      -nan       nan       nan       nan       nan       nan       nan       nan
  124 1     -1 -0.9450 -0.8409   96020.7   40404.4    3713.3 -0.9495 -0.8322   96396.6   39516.8 -211956.5
        nan       nan      -nan       nan       nan       nan       nan       nan       nan       nan
  125 1      0 -0.9369 -0.8330  100122.8   43004.7    2868.9 -0.9495 -0.8322   97198.3   40219.5 -212800.9
        nan       nan      -nan       nan       nan       nan       nan       nan       nan       nan
vertex track :        298   3 126     461021 -1.2970  1.2358  102999.7   43111.2     181.7     0  2432.5
  123 1     -2 -1.2929  1.2599   95506.9   51685.0    6719.5 -1.2972  1.2452   92898.2   48517.1 -208949.0
      379.2      34.2   95211.5   51925.3   95483.2   51660.5   96011.0   51656.1   95259.1   51974.2
  124 1     -1 -1.2961  1.3796  100539.1   48710.8    3629.7 -1.2972  1.2452   96906.4   44669.7 -212038.8
      219.3      16.4  100376.9   48859.4  100405.1   48829.4  100909.9   48773.5  100400.8   48881.9
  125 1      0 -1.3116  1.2638   97843.7   46551.7    2831.1 -1.2972  1.2452   97942.3   43675.3 -212837.4
      181.2       9.2   97706.9   46670.8   97692.3   46684.8   98189.2   46643.8   97719.6   46684.0
vertex track :        315   3 126     488474 -1.4463 -0.9907  103083.8   46400.1     186.2   211     nan
  123 1     -2 -1.4389 -1.0474   92140.1   39716.2    6582.6 -1.4645 -0.9956   92109.8   37313.5 -209082.4
        nan       nan      -nan       nan       nan       nan       nan       nan       nan       nan
  124 1     -1 -1.4552 -1.0041   95867.1   41052.3    3710.6 -1.4645 -0.9956   96316.1   40173.0 -211954.4
        nan       nan      -nan       nan       nan       nan       nan       nan       nan       nan
  125 1      0 -1.4464 -1.0000  100401.8   43780.0    2867.3 -1.4645 -0.9956   97551.1   41012.6 -212797.7
        nan       nan      -nan       nan       nan       nan       nan       nan       nan       nan
vertex track :        319   3 126     488626 -1.9425 -1.8691  104364.7   48157.7     187.2   211     nan
  123 1     -2 -1.8184 -1.8206   92762.5   36332.3    6754.9 -1.9745 -1.8857   89803.4   33057.7 -208904.9
        nan       nan      -nan       nan       nan       nan       nan       nan       nan       nan
  124 1     -1 -1.8947 -1.7174   99500.4   42159.3    3642.3 -1.9745 -1.8857   95949.1   38927.1 -212017.5
        nan       nan      -nan       nan       nan       nan       nan       nan       nan       nan
  125 1      0 -1.9582 -1.9847   97342.3   42670.4    2834.1 -1.9745 -1.8857   97544.8   40451.1 -212825.7
        nan       nan      -nan       nan       nan       nan       nan       nan       nan       nan
vertex track :        322   3 126     489529  1.4957 -1.2737   97764.0   47859.4     185.2   211     nan
  123 1     -2  1.5030 -1.2664  106647.8   39256.3    6591.5  1.4957 -1.2912  105724.8   36904.0 -209077.3
        nan       nan      -nan       nan       nan       nan       nan       nan       nan       nan
  124 1     -1  1.4881 -1.2685  101327.1   41432.8    3719.6  1.4957 -1.2912  101429.3   40612.1 -211949.2
        nan       nan      -nan       nan       nan       nan       nan       nan       nan       nan
  125 1      0  1.4937 -1.3019  103411.1   44431.6    2865.1  1.4957 -1.2912  100151.4   41715.4 -212803.7
        nan       nan      -nan       nan       nan       nan       nan       nan       nan       nan
vertex track :        324   3 126     489733  1.5731 -1.0249   97995.1   47014.6     186.2   211     nan
  123 1     -2  1.6276 -1.0807  109476.9   40768.4    6784.7  1.5733 -1.0405  106752.9   37459.3 -208886.8
        nan       nan      -nan       nan       nan       nan       nan       nan       nan       nan
  124 1     -1  1.5445 -1.0480  106076.5   43971.6    3659.4  1.5733 -1.0405  101835.8   40711.3 -212012.1
        nan       nan      -nan       nan       nan       nan       nan       nan       nan       nan
  125 1      0  1.5660 -1.0517  101068.0   43996.6    2834.5  1.5733 -1.0405  100538.0   41569.6 -212837.0
        nan       nan      -nan       nan       nan       nan       nan       nan       nan       nan
vertex track :        334   3 126     872502 -1.6546  1.8249  105892.3   39995.1     181.1   211     nan
  123 1     -2 -1.6666  1.8186   93465.6   52232.0    6586.8 -1.6474  1.8354   93714.5   48984.1 -209086.4
        nan       nan      -nan       nan       nan       nan       nan       nan       nan       nan
  124 1     -1 -1.6476  1.8558   97971.9   44931.0    3703.8 -1.6474  1.8354   98464.0   43692.8 -211969.4
        nan       nan      -nan       nan       nan       nan       nan       nan       nan       nan
  125 1      0 -1.6467  1.8235  102620.3   45343.6    2866.5 -1.6474  1.8354   99843.5   42155.9 -212806.8
        nan       nan      -nan       nan       nan       nan       nan       nan       nan       nan
vertex track :        354   3 126    1130461 -0.7261 -1.4058  102049.2   46894.4     186.3   211     nan
  123 1     -2 -0.6713 -1.3186   98449.4   38114.3    6758.5 -0.7398 -1.4183   95578.7   34863.1 -208907.1
        nan       nan      -nan       nan       nan       nan       nan       nan       nan       nan
  124 1     -1 -0.5797 -1.3946  101733.0   42520.9    3695.5 -0.7398 -1.4183   97844.8   39207.2 -211970.0
        nan       nan      -nan       nan       nan       nan       nan       nan       nan       nan
  125 1      0 -0.7745 -1.4746   98512.0   42785.6    2835.9 -0.7398 -1.4183   98480.7   40426.3 -212829.6
        nan       nan      -nan       nan       nan       nan       nan       nan       nan       nan
vertex track :        355   3 126    1130574 -1.8099 -1.9150  105055.3   49302.1     188.5     0  1170.5
  123 1     -2 -1.8574 -1.8996   91636.7   36379.4    6582.1 -1.8404 -1.9326   91702.2   34232.7 -209075.1
      720.7      97.3   91202.4   35796.0   91820.1   36427.8   92279.2   37170.8   91063.3   35932.0
  124 1     -1 -1.8118 -1.9325   96406.3   40545.1    3734.6 -1.8404 -1.9326   96942.8   39735.9 -211922.6
      414.7      47.6   96157.4   40210.0   96344.2   40409.2   96863.5   41088.1   96088.0   40275.1
  125 1      0 -1.8083 -1.9078  101344.0   44066.4    2869.3 -1.8404 -1.9326   98535.3   41408.2 -212787.9
      319.2      20.0  101138.9   43821.0  101198.3   43883.7  101757.2   44519.9  101109.9   43848.5
vertex track :        365   3 126    1296919  0.3638  4.2707   99839.1   35614.8     173.1   211     nan
  123 1     -2  0.6450  4.5510  103332.5   64185.4    6657.9  0.3789  4.2393  100631.1   60347.9 -209025.0
        nan       nan      -nan       nan       nan       nan       nan       nan       nan       nan
  124 1     -1  0.2703  5.0197  103560.6   52314.9    3651.0  0.3789  4.2393   99491.9   47600.3 -212032.0
        nan       nan      -nan       nan       nan       nan       nan       nan       nan       nan
  125 1      0  0.3215  4.2229   99418.4   47719.6    2827.8  0.3789  4.2393   99180.1   44110.7 -212855.1
        nan       nan      -nan       nan       nan       nan       nan       nan       nan       nan
vertex track :        396   3 126    1719728  4.2633  3.9859   91790.3   36106.1     175.1   211     nan
  123 1     -2  4.2736  4.0625  118760.0   62554.4    6584.5  4.2524  3.9182  117337.3   58515.5 -209109.2
        nan       nan      -nan       nan       nan       nan       nan       nan       nan       nan
  124 1     -1  4.3217  3.9585  105498.1   48917.8    3721.7  4.2524  3.9182  105163.5   47298.4 -211972.0
        nan       nan      -nan       nan       nan       nan       nan       nan       nan       nan
  125 1      0  4.2276  4.0090  105225.2   47541.9    2867.7  4.2524  3.9182  101532.2   43952.5 -212826.0
        nan       nan      -nan       nan       nan       nan       nan       nan       nan       nan
vertex track :        419   3 126    1785326  1.4069 -1.4082   97944.9   48234.6     186.3   211     nan
  123 1     -2  1.4910 -1.2596  108325.1   39412.3    6785.0  1.4066 -1.4266  105607.8   36137.9 -208883.7
        nan       nan      -nan       nan       nan       nan       nan       nan       nan       nan
  124 1     -1  1.5092 -1.1874  105475.5   43805.4    3657.3  1.4066 -1.4266  101208.5   40600.0 -212011.4
        nan       nan      -nan       nan       nan       nan       nan       nan       nan       nan
  125 1      0  1.4021 -1.4060  100543.7   44119.3    2834.4  1.4066 -1.4266  100051.0   41774.0 -212834.3
        nan       nan      -nan       nan       nan       nan       nan       nan       nan       nan
