groupid:     44, ntrk:  7
vertex track :          0   3 111    6213424  0.4795 -0.1213   68453.9  123018.5     186.7    13   866.4
  112 3      1  0.4791 -0.1243   69096.6   46851.4   -2869.3  0.4858 -0.1246   65540.8  122517.4 -190048.7
       49.3       7.6   69146.3   46846.4   69151.4   46845.0   69257.5   47066.2   69142.4   46831.6
  113 3      2  0.4780 -0.1269   68983.2   47349.0   -3717.5  0.4858 -0.1246   65128.8  122623.1 -190896.9
       60.5      17.2   69046.1   47350.0   69029.5   47354.4   69130.8   47557.8   69037.3   47316.9
  114 3      3  0.4795 -0.1171   66083.2   45469.8   -6586.9  0.4858 -0.1246   63734.9  122980.6 -193766.3
       97.7      33.7   66186.2   45479.4   66097.0   45501.2   66190.7   45670.2   66170.2   45413.9
vertex track :         41   3 111    5797918 -1.8698  1.8756   65110.6  125847.2     191.5   211     nan
  112 3      1 -1.9252  1.8464   69581.1   40953.2   -2327.0 -1.8583  1.8723   68344.9  120275.5 -189495.6
        nan       nan      -nan       nan       nan       nan       nan       nan       nan       nan
  113 3      2 -1.9167  1.9513   70168.2   38694.2   -3142.4 -1.8583  1.8723   69860.0  118749.0 -190311.0
        nan       nan      -nan       nan       nan       nan       nan       nan       nan       nan
  114 3      3 -1.8786  2.0291   77173.3   34979.4   -5830.7 -1.8583  1.8723   74855.8  113715.5 -192999.4
        nan       nan      -nan       nan       nan       nan       nan       nan       nan       nan
vertex track :         61   3 111    6214060 -4.0985 -0.1817   61001.4  122687.0     196.3     0  2914.7
  112 3      1 -4.1041 -0.1559   72264.4   46647.0   -2866.9 -4.0623 -0.1645   71977.3  122338.4 -190032.1
      733.9      22.6   71531.9   46596.6   72136.8   46619.5   73202.9   46907.3   71530.2   46641.7
  113 3      2 -4.0962 -0.1287   75934.5   47103.1   -3717.7 -4.0623 -0.1645   75433.3  122478.3 -190882.8
      927.3      43.5   75009.1   47030.5   76002.5   47061.7   77065.9   47385.5   75006.4   47117.4
  114 3      3 -4.1007 -0.2120   85338.0   45534.9   -6584.4 -4.0623 -0.1645   87078.9  122949.8 -193749.6
     1575.7      83.6   83768.6   45370.1   86054.8   45488.2   87113.2   45909.6   83760.0   45537.1
vertex track :         95   3 112    5314893 -2.1966  1.8625   68884.4  124607.7     280.1   211   173.1
  109 3     -2 -2.1439  1.9417   53708.8   57953.9    6584.2 -2.1733  1.8925   53205.8  133594.2 -183030.6
     2906.9     919.7   50936.8   59223.5   54795.8   55728.6   56688.6   56896.2   52171.5   60586.9
  110 3     -1 -2.2045  1.9904   61388.2   53120.4    3716.1 -2.1733  1.8925   59439.1  128166.1 -185898.8
     1404.1     437.1   60053.1   53736.9   61674.5   52273.0   62931.1   52715.8   60639.0   54385.7
  111 3      0 -2.1673  1.9008   63378.5   49397.2    2867.6 -2.1733  1.8925   61283.1  126560.3 -186747.2
      609.3     163.1   62812.9   49676.3   63273.9   49272.0   64152.0   49329.9   63028.0   49921.5
vertex track :        107   3 112    5984617  2.1922  1.5581   66442.6  123970.1     282.2   211     nan
  109 3     -2  1.9852  1.7405   83799.0   59041.4    6715.0  2.2201  1.5235   78726.5  130865.6 -182901.8
        nan       nan      -nan       nan       nan       nan       nan       nan       nan       nan
  110 3     -1  2.2168  1.5559   76372.3   50568.0    3166.8  2.2201  1.5235   70849.4  125459.8 -186450.0
        nan       nan      -nan       nan       nan       nan       nan       nan       nan       nan
  111 3      0  2.2361  1.5059   75009.4   51896.1    2334.7  2.2201  1.5235   69001.9  124192.0 -187282.1
        nan       nan      -nan       nan       nan       nan       nan       nan       nan       nan
vertex track :        113   3 112    6017498 -0.5842  0.4996   68590.9  124937.2     277.8   211     nan
  109 3     -2 -0.5784  0.5070   64013.7   49061.9    6573.0 -0.5800  0.5102   62964.8  125210.4 -183038.9
        nan       nan      -nan       nan       nan       nan       nan       nan       nan       nan
  110 3     -1 -0.5795  0.5238   66260.6   49081.0    3717.6 -0.5800  0.5102   64620.8  123753.6 -185894.3
        nan       nan      -nan       nan       nan       nan       nan       nan       nan       nan
  111 3      0 -0.5758  0.5069   66804.5   46481.4    2866.8 -0.5800  0.5102   65114.2  123319.6 -186745.1
        nan       nan      -nan       nan       nan       nan       nan       nan       nan       nan
vertex track :        124   3 112    6200414 -3.1445  0.1134   67841.7  125369.0     282.7     0  4159.8
  109 3     -2 -2.9848 -0.0088   49976.7   51283.5    6634.2 -3.1552  0.1666   45828.4  123502.7 -182982.2
      912.2      43.3   49064.7   51237.5   50262.3   51241.0   51095.8   51539.5   49064.4   51324.1
  110 3     -1 -3.1374  0.0920   57878.6   46388.7    3176.7 -3.1552  0.1666   56737.6  122926.8 -186439.7
      447.6      18.1   57430.7   46383.7   57666.6   46376.8   58533.4   46603.7   57431.8   46419.9
  111 3      0 -3.1702  0.0739   61090.6   49287.9    2351.6 -3.1552  0.1666   59340.8  122789.3 -187264.7
      345.1      10.0   60745.4   49286.0   60769.6   49285.4   61642.6   49500.0   60745.8   49306.0
