groupid:   4764, ntrk: 11
vertex track :          0   3  51    7093225 -0.0387  0.0069  155670.4  120344.5     389.2    13   524.2
   52 4      1 -0.0389  0.0061   31727.2   41018.7   -2869.2 -0.0404  0.0021  153780.5  118646.9  -80010.8
       15.2      10.2   31710.6   41011.0   31732.5   41007.6   31953.8   41236.4   31713.7   41031.1
   53 4      2 -0.0387  0.0068   34175.3   42935.4   -3719.8 -0.0404  0.0021  153814.9  118645.2  -80861.4
       28.5      24.7   34143.0   42916.1   34190.9   42907.6   34417.6   43164.8   34151.5   42964.7
   54 4      3 -0.0389  0.0067   34328.4   41442.3   -6585.9 -0.0404  0.0021  153930.8  118639.2  -83727.5
       53.5      47.8   34267.5   41404.2   34364.8   41387.5   34599.2   41690.3   34283.7   41498.5
vertex track :         10   3  51    7092041  0.9060  1.1600  157437.4  122493.1     389.8     0 10001.0
   52 4      1  0.9336  1.1244   38469.9   45350.2   -3461.3  0.8974  1.1394  151955.7  116399.9  -80593.3
      180.5       9.9   38577.6   45495.4   38543.0   45453.8   38573.2   45416.1   38592.9   45482.7
   53 4      2  0.9778  1.1886   35335.6   39488.8   -4280.2  0.8974  1.1394  151220.8  115466.9  -81412.2
      210.4      12.4   35459.7   39659.2   35397.7   39583.8   35422.5   39529.6   35478.9   39643.4
   54 4      3  0.9032  1.1833   30213.6   40726.3   -7329.9  0.8974  1.1394  148484.2  111992.2  -84461.8
      327.8      20.8   30396.0   40999.6   30187.8   40726.8   30242.1   40664.3   30429.0   40974.3
vertex track :         51   3  51    7732382 -1.3522 -1.9489  153490.0  117111.8     387.2   211     nan
   52 4      1 -1.3098 -1.9718   34033.7   44536.7   -2862.9 -1.3680 -1.9837  155915.1  121853.2  -80019.9
        nan       nan      -nan       nan       nan       nan       nan       nan       nan       nan
   53 4      2 -1.3466 -1.9483   37596.9   48077.7   -3720.0 -1.3680 -1.9837  157087.6  123553.5  -80877.0
        nan       nan      -nan       nan       nan       nan       nan       nan       nan       nan
   54 4      3 -1.3378 -1.9697   41722.4   52602.4   -6586.6 -1.3680 -1.9837  161009.3  129240.2  -83743.7
        nan       nan      -nan       nan       nan       nan       nan       nan       nan       nan
vertex track :        180   3  52    6892196 -1.0556 -1.1322  152618.6  120080.9     263.1   211     nan
   49 4     -2 -1.0453 -1.1067   30188.0   36750.3    6589.5 -1.0681 -1.1166  148343.2  113062.6  -73876.3
        nan       nan      -nan       nan       nan       nan       nan       nan       nan       nan
   50 4     -1 -1.0231 -1.1784   31158.3   37104.5    3718.0 -1.0681 -1.1166  151410.1  116268.9  -76747.7
        nan       nan      -nan       nan       nan       nan       nan       nan       nan       nan
   51 4      0 -1.0719 -1.1263   31868.9   39647.8    2866.7 -1.0681 -1.1166  152319.3  117219.4  -77599.0
        nan       nan      -nan       nan       nan       nan       nan       nan       nan       nan
vertex track :        190   3  52    6895104  0.8428 -1.0421  150281.0  119826.2     267.1   211     nan
   49 4     -2  0.9605 -1.1000   33748.5   30271.2    6231.1  0.8502 -1.0501  157819.0  113636.5  -74236.2
        nan       nan      -nan       nan       nan       nan       nan       nan       nan       nan
   50 4     -1  0.7661 -1.0573   28944.5   35574.4    4389.7  0.8502 -1.0501  156253.4  115570.1  -76077.6
        nan       nan      -nan       nan       nan       nan       nan       nan       nan       nan
   51 4      0  0.9020 -1.0460   27922.2   34875.1    3421.8  0.8502 -1.0501  155430.5  116586.4  -77045.4
        nan       nan      -nan       nan       nan       nan       nan       nan       nan       nan
vertex track :        206   3  52    7737643 -1.0566  0.9565  153392.4  116662.9     261.4   211     nan
   49 4     -2 -1.0316  0.9915   31036.0   46215.5    6582.2 -1.0507  0.9527  149221.2  122749.9  -73896.8
        nan       nan      -nan       nan       nan       nan       nan       nan       nan       nan
   50 4     -1 -1.1093  0.9243   31784.8   42793.7    3703.5 -1.0507  0.9527  152245.9  120007.4  -76775.5
        nan       nan      -nan       nan       nan       nan       nan       nan       nan       nan
   51 4      0 -1.0644  0.9753   32614.8   43355.9    2868.1 -1.0507  0.9527  153123.6  119211.6  -77610.9
        nan       nan      -nan       nan       nan       nan       nan       nan       nan       nan
vertex track :        232   3  52    7984121  1.5779 -0.1751  146731.3  119122.4     271.1     0  3231.1
   49 4     -2  1.6986 -0.0676   35301.8   35604.3    6164.2  1.5985 -0.1799  158585.1  118138.1  -74301.9
      287.4      22.8   35589.9   35615.6   35372.3   35624.3   35225.5   35802.8   35588.1   35570.0
   50 4     -1  1.5244 -0.1976   28189.7   38134.3    4397.1  1.5985 -0.1799  155760.3  118456.0  -76069.1
      212.2      15.2   28402.1   38122.0   28301.4   38135.1   28188.9   38356.3   28398.2   38091.9
   51 4      0  1.6135 -0.0976   26423.1   36667.9    3422.3  1.5985 -0.1799  154202.1  118631.3  -77043.9
      172.9       9.4   26596.2   36666.8   26590.0   36667.2   26461.6   36878.9   26595.1   36648.1
vertex track :        257   3  52    8403928  1.7088 -1.3157  147545.9  121533.1     269.9     0  2942.3
   49 4     -2  1.6893 -1.3415   42122.1   36974.4    6574.5  1.7317 -1.3289  160918.6  113225.8  -73883.5
      480.4      35.1   42520.1   36703.1   42122.4   37019.0   41935.7   37454.4   42476.5   36648.1
   50 4     -1  1.7430 -1.3464   38188.0   37895.0    3718.9  1.7317 -1.3289  155973.6  117020.6  -76739.1
      283.7      17.7   38423.3   37735.5   38340.3   37799.7   38164.4   38263.1   38401.7   37707.6
   51 4      0  1.7139 -1.2938   36316.2   40401.7    2869.6  1.7317 -1.3289  154502.9  118149.2  -77588.4
      229.2      10.0   36505.2   40271.6   36499.3   40276.0   36339.0   40740.5   36493.1   40255.7
vertex track :        269   3  52    8416191  3.7048 -4.2988  144025.7  126958.2     276.6   211     nan
   49 4     -2  3.6639 -4.5812   46675.4   16131.1    6266.5  3.8010 -4.4001  169253.6  100663.5  -74170.7
        nan       nan      -nan       nan       nan       nan       nan       nan       nan       nan
   50 4     -1  3.1884 -3.7880   33468.8   30627.1    4405.7  3.8010 -4.4001  162180.5  108851.3  -76031.5
        nan       nan      -nan       nan       nan       nan       nan       nan       nan       nan
   51 4      0  4.0206 -4.0703   30008.6   32874.7    3441.2  3.8010 -4.4001  158514.6  113095.1  -76996.0
        nan       nan      -nan       nan       nan       nan       nan       nan       nan       nan
vertex track :        288   3  52    8835732  1.1846  3.3195  150463.9  116467.2     265.4   211   294.4
   49 4     -2  1.2482  3.3456   41996.7   60553.7    6594.0  1.2056  3.2777  160541.6  137289.6  -73884.2
     2503.2     614.5   42296.0   63113.8   40808.1   59125.8   41908.7   58207.0   43447.4   62684.2
   50 4     -1  1.1564  3.2866   38434.9   53308.4    3720.8  1.2056  3.2777  157077.7  127872.0  -76757.4
     1240.1     292.6   38570.5   54575.3   37990.2   52925.9   38510.6   52254.8   39122.6   54381.0
   51 4      0  1.2479  3.2712   37343.2   51295.3    2866.7  1.2056  3.2777  156048.0  125072.5  -77611.5
      633.0     109.6   37466.5   51925.8   37277.3   51429.9   37431.3   50878.1   37671.3   51847.7
vertex track :        333   3  52    9046371 -1.5322  2.2984  156418.0  110706.5     257.7   211     nan
   49 4     -2 -1.6313  2.4232   24346.6   43530.7    6157.2 -1.5111  2.2684  149962.3  124166.0  -74346.5
        nan       nan      -nan       nan       nan       nan       nan       nan       nan       nan
   50 4     -1 -1.4391  2.3430   26201.9   38898.7    4393.6 -1.5111  2.2684  152627.3  120165.5  -76110.1
        nan       nan      -nan       nan       nan       nan       nan       nan       nan       nan
   51 4      0 -1.8134  2.2831   27236.0   35495.2    3432.9 -1.5111  2.2684  154078.9  117986.4  -77070.8
        nan       nan      -nan       nan       nan       nan       nan       nan       nan       nan
