groupid:   4824, ntrk: 12
vertex track :          0   3 125    5503061 -0.0324 -0.0486   70071.3   96299.0     233.3    13  2507.6
  126 3      1 -0.0322 -0.0486   68882.0   17707.5   -2866.2 -0.0310 -0.0496   67227.2   94138.5 -215723.2
       11.6       2.0   68877.2   17696.7   68883.3   17705.9   69096.7   17928.3   68873.9   17698.9
  127 3      2 -0.0320 -0.0488   68314.1   16084.5   -3717.0 -0.0310 -0.0496   67253.6   94180.7 -216574.0
       15.1       4.9   68309.9   16069.2   68319.8   16084.2   68528.3   16309.8   68301.7   16074.5
  128 3      3 -0.0330 -0.0482   70786.6   17594.7   -6580.9 -0.0310 -0.0496   67342.4   94322.8 -219437.9
       26.1       9.6   70779.8   17567.8   70802.4   17600.7   71003.5   17831.6   70764.0   17578.7
vertex track :         59   3 125    6299184 -2.0870  1.6811   64961.4  100919.5     243.8   211     nan
  126 3      1 -2.1187  1.5991   72516.2   17603.3   -2821.5 -2.0807  1.6846   68384.0   93478.6 -215674.3
        nan       nan      -nan       nan       nan       nan       nan       nan       nan       nan
  127 3      2 -2.0793  1.7176   72887.0   18575.9   -3651.1 -2.0807  1.6846   70110.0   92081.2 -216503.8
        nan       nan      -nan       nan       nan       nan       nan       nan       nan       nan
  128 3      3 -2.1045  1.7721   78379.3    9616.2   -6215.8 -2.0807  1.6846   75446.4   87760.6 -219068.6
        nan       nan      -nan       nan       nan       nan       nan       nan       nan       nan
vertex track :         67   3 125    6735607  2.0109 -1.5084   74191.5   93512.2     227.5   211     nan
  126 3      1  2.0169 -1.4996   67206.0   19053.5   -2869.2  2.0300 -1.5324   64979.1   95914.0 -215731.1
        nan       nan      -nan       nan       nan       nan       nan       nan       nan       nan
  127 3      2  2.0187 -1.4957   64927.0   18620.9   -3715.8  2.0300 -1.5324   63260.4   97211.5 -216577.8
        nan       nan      -nan       nan       nan       nan       nan       nan       nan       nan
  128 3      3  1.9881 -1.5399   62051.3   24177.3   -6592.6  2.0300 -1.5324   57420.3  101620.0 -219454.6
        nan       nan      -nan       nan       nan       nan       nan       nan       nan       nan
vertex track :        122   3 126    4754592 -2.1544  0.7831   73800.4   94360.8     173.1     0  2613.4
  123 3     -2 -2.1539  0.8064   57835.9   20898.8    6577.5 -2.1744  0.7985   58356.3   97284.1 -209047.5
      538.6      41.4   57317.0   21048.9   57873.5   20840.6   58562.7   20959.6   57346.0   21126.4
  124 3     -1 -2.2644  0.7768   63363.4   18087.2    3724.3 -2.1744  0.7985   64560.4   95005.9 -211900.7
      319.0      20.9   63054.9   18170.9   63182.8   18127.0   63879.6   18214.3   63068.5   18210.5
  125 3      0 -2.1506  0.7975   68464.1   19041.3    2861.7 -2.1744  0.7985   66436.1   94317.1 -212763.3
      256.2      11.3   68220.0   19119.8   68248.8   19109.1   68916.1   19173.6   68227.9   19140.9
vertex track :        135   3 126    4781115  0.4407 -1.7879   68629.4   96872.8     177.6   211     nan
  123 3     -2  0.4310 -1.7538   72593.6    6946.4    6699.5  0.4348 -1.7979   69924.6   82991.1 -208937.8
        nan       nan      -nan       nan       nan       nan       nan       nan       nan       nan
  124 3     -1  0.5108 -1.7719   71295.8   13661.3    3651.4  0.4348 -1.7979   68599.3   88471.2 -211986.0
        nan       nan      -nan       nan       nan       nan       nan       nan       nan       nan
  125 3      0  0.4196 -1.8134   67705.2   14011.9    2821.2  0.4348 -1.7979   68238.3   89963.8 -212816.2
        nan       nan      -nan       nan       nan       nan       nan       nan       nan       nan
vertex track :        153   3 126    5230409 -1.8566  1.4988   71931.3   93568.9     175.3   211     nan
  123 3     -2 -1.8565  1.5086   58026.7   24888.2    6588.1 -1.8684  1.5150   58416.8  101101.6 -209043.7
        nan       nan      -nan       nan       nan       nan       nan       nan       nan       nan
  124 3     -1 -2.0125  1.5581   62569.3   19952.7    3734.9 -1.8684  1.5150   63747.7   96779.0 -211896.9
        nan       nan      -nan       nan       nan       nan       nan       nan       nan       nan
  125 3      0 -1.8562  1.5004   67422.0   20290.7    2868.4 -1.8684  1.5150   65366.6   95466.2 -212763.4
        nan       nan      -nan       nan       nan       nan       nan       nan       nan       nan
vertex track :        162   3 126    5231890  1.8336  2.0447   64317.1   91222.4     180.8   211     nan
  123 3     -2  1.7782  2.1731   77606.7   26591.3    6705.6  1.8522  2.0386   74807.2  102371.4 -208941.7
        nan       nan      -nan       nan       nan       nan       nan       nan       nan       nan
  124 3     -1  1.8103  2.0794   72063.2   22315.9    3662.9  1.8522  2.0386   69171.6   96168.6 -211984.4
        nan       nan      -nan       nan       nan       nan       nan       nan       nan       nan
  125 3      0  1.8553  2.0954   67544.1   19313.7    2821.2  1.8522  2.0386   67612.6   94452.8 -212826.1
        nan       nan      -nan       nan       nan       nan       nan       nan       nan       nan
vertex track :        174   3 126    5253120 -1.8844  1.5800   69556.9   95545.9     179.7   211     nan
  123 3     -2 -1.8947  1.5768   55422.3   27426.2    6582.7 -1.8961  1.5968   55876.3  103605.2 -209056.3
        nan       nan      -nan       nan       nan       nan       nan       nan       nan       nan
  124 3     -1 -1.7948  1.5418   60105.1   22201.0    3711.4 -1.8961  1.5968   61320.6   99020.4 -211927.6
        nan       nan      -nan       nan       nan       nan       nan       nan       nan       nan
  125 3      0 -1.8825  1.5740   64944.0   22521.2    2869.3 -1.8961  1.5968   62917.3   97675.7 -212769.7
        nan       nan      -nan       nan       nan       nan       nan       nan       nan       nan
vertex track :        178   3 126    5253538  0.4070 -1.2776   68380.6   97466.0     178.7   211     nan
  123 3     -2  0.4967 -1.2963   72008.7   10900.5    6683.5  0.4027 -1.2849   69460.5   86954.8 -208954.8
        nan       nan      -nan       nan       nan       nan       nan       nan       nan       nan
  124 3     -1  0.4650 -1.2606   70942.0   16174.8    3650.8  0.4027 -1.2849   68239.1   90851.5 -211987.5
        nan       nan      -nan       nan       nan       nan       nan       nan       nan       nan
  125 3      0  0.2932 -1.2327   67480.0   16037.7    2819.8  0.4027 -1.2849   67904.5   91919.1 -212818.5
        nan       nan      -nan       nan       nan       nan       nan       nan       nan       nan
vertex track :        217   3 126    5924273  1.2199  1.6326   65495.3   91909.8     179.0   211     nan
  123 3     -2  1.2166  1.6347   72255.0   24222.7    6584.9  1.2339  1.6296   71815.7  100193.4 -209059.7
        nan       nan      -nan       nan       nan       nan       nan       nan       nan       nan
  124 3     -1  1.2218  1.6045   67440.6   18806.8    3723.2  1.2339  1.6296   68284.8   95529.8 -211921.4
        nan       nan      -nan       nan       nan       nan       nan       nan       nan       nan
  125 3      0  1.2206  1.6267   69675.7   18974.5    2869.7  1.2339  1.6296   67231.8   94139.1 -212774.8
        nan       nan      -nan       nan       nan       nan       nan       nan       nan       nan
vertex track :        235   3 126    6114082  1.9369 -2.0636   65738.2   99447.1     183.5   211     nan
  123 3     -2  2.1669 -2.0206   79651.8    7762.7    6674.3  1.9354 -2.0769   76752.1   83832.5 -208972.1
        nan       nan      -nan       nan       nan       nan       nan       nan       nan       nan
  124 3     -1  2.0248 -2.1525   74059.7   15242.1    3639.5  1.9354 -2.0769   70878.5   90135.4 -212006.9
        nan       nan      -nan       nan       nan       nan       nan       nan       nan       nan
  125 3      0  1.7226 -2.2273   69119.7   15746.8    2822.6  1.9354 -2.0769   69297.4   91832.1 -212823.8
        nan       nan      -nan       nan       nan       nan       nan       nan       nan       nan
vertex track :        243   3 126    6115287 -1.4206 -1.8959   68633.0   96066.5     177.0   211     nan
  123 1     -2 -1.4153 -1.9020   57644.7   83115.7    6568.7 -1.4459 -1.9037   57847.4   81740.2 -209068.8
        nan       nan      -nan       nan       nan       nan       nan       nan       nan       nan
  124 3     -1 -1.3320 -1.9017   60942.7    9929.2    3717.4 -1.4459 -1.9037   61970.1   87168.1 -211920.1
        nan       nan      -nan       nan       nan       nan       nan       nan       nan       nan
  125 3      0 -1.4230 -1.8883   65327.8   13189.5    2866.8 -1.4459 -1.9037   63200.0   88787.4 -212770.7
        nan       nan      -nan       nan       nan       nan       nan       nan       nan       nan
