groupid:   4912, ntrk: 18
vertex track :          0   3  47    3156398 -0.0331  0.1035  204029.6   58491.5     297.6    13  1095.8
   48 2      1 -0.0334  0.1034   83695.7   56999.1   -2867.8 -0.0388  0.1059  203537.1   54532.4  -73261.4
       15.5       4.7   83686.4   57012.4   83688.9   57004.6   83914.9   57195.9   83695.4   57015.3
   49 2      2 -0.0331  0.1032   84525.8   57522.0   -3718.2 -0.0388  0.1059  203570.1   54442.4  -74111.8
       21.4      11.5   84508.4   57538.8   84514.5   57519.8   84753.2   57715.2   84530.2   57545.8
   50 2      3 -0.0331  0.1032   83440.4   55602.9   -6590.3 -0.0388  0.1059  203681.5   54138.4  -76983.9
       37.1      22.4   83407.7   55631.4   83423.5   55582.3   83683.1   55784.4   83450.4   55645.1
vertex track :         14   3  47    3156403  0.1870 -0.5226  204066.4   58385.6     297.6   211   209.8
   48 2      1  0.2128 -0.4857   84126.8   60896.8   -2894.0  0.1747 -0.5179  202892.6   56414.7  -73287.1
       69.2      36.5   84188.0   60848.1   84177.2   60872.8   84275.8   61155.1   84121.2   60818.8
   49 2      2  0.2076 -0.5326   83601.4   59226.8   -3725.8  0.1747 -0.5179  202747.4   56845.5  -74118.9
      120.0      88.4   83727.4   59147.1   83683.8   59258.9   83685.6   59516.0   83562.6   59082.8
   50 2      3  0.1986 -0.5132   79883.3   62862.8   -5874.4  0.1747 -0.5179  202372.1   57958.2  -76267.5
      196.6     152.2   80096.3   62734.4   79996.1   62993.3   79880.6   63200.7   79812.3   62624.5
vertex track :         39   3  47    4013674 -2.2313 -2.3718  198955.1   52264.2     293.0     0  3342.9
   48 2      1 -2.2249 -2.3770   84981.6   57932.6   -2869.0 -2.2792 -2.3616  205493.1   56178.6  -73276.9
      508.6      17.3   84646.6   57549.5   84874.6   57793.0   85524.3   58523.4   84621.3   57573.1
   49 2      2 -2.2316 -2.3684   87650.9   60524.2   -3718.1 -2.2792 -2.3616  207428.3   58183.7  -74126.0
      631.0      30.3   87240.2   60044.2   87637.0   60465.3   88269.3   61211.8   87196.2   60085.7
   50 2      3 -2.2397 -2.3750   91403.5   64049.4   -6588.9 -2.2792 -2.3616  213971.5   64963.5  -76996.8
     1050.7      56.9   90724.0   63246.0   91695.4   64276.1   92290.7   65060.5   90641.3   63324.1
vertex track :         80   3  47    4451792 -1.1610 -4.1946  201808.3   49668.2     288.5   211   344.2
   48 2      1 -0.8408 -4.2256   85736.0   62831.3   -2894.8 -1.2035 -4.1526  204942.2   59322.6  -73272.5
     1103.6     161.5   85679.0   61717.4   85933.2   62994.8   86002.2   64151.0   85362.3   61780.4
   49 2      2 -1.1352 -3.7927   86653.2   64172.3   -3728.4 -1.2035 -4.1526  205945.6   62784.6  -74106.2
     2029.2     390.8   86445.8   62116.3   87371.1   65207.7   87069.5   66434.5   85696.9   62340.4
   50 2      3 -1.0780 -4.2412   86581.9   78397.8   -5863.1 -1.2035 -4.1526  208514.7   71649.1  -76240.9
     3377.6     671.3   86400.5   74958.9   87838.2   80615.3   86972.2   82042.5   85099.2   75289.6
vertex track :         98   3  47    4652570  3.7972 -0.5283  214825.4   56503.1     285.7     0 10001.0
   48 2      1  3.8016 -0.5372   83410.1   56836.4   -2867.9  3.7516 -0.5470  202441.2   54501.6  -73165.3
      667.3      16.8   84073.1   56759.7   83550.1   56833.6   82960.9   57122.7   84068.5   56726.5
   49 2      2  3.7903 -0.5269   81045.9   57888.3   -3717.7  3.7516 -0.5470  199253.2   54966.5  -74015.1
      828.5      23.0   81869.7   57797.0   81024.5   57914.5   80436.0   58189.1   81863.3   57751.4
   50 2      3  3.8150 -0.5135   71833.8   57311.7   -6587.7  3.7516 -0.5470  188485.8   56536.6  -76885.2
     1386.3      40.7   73213.1   57167.1   71266.5   57429.1   70668.3   57665.8   73202.3   57086.4
vertex track :        114   3  47    4655771 -3.8595 -1.8886  200287.1   56546.8     297.8   211     nan
   48 2      1 -4.1569 -1.5179   91919.6   63132.6   -2899.8 -3.9647 -1.8859  212334.6   58992.7  -73313.9
        nan       nan      -nan       nan       nan       nan       nan       nan       nan       nan
   49 2      2 -3.9204 -2.2951   95022.3   62372.5   -3729.1 -3.9647 -1.8859  215622.6   60556.7  -74143.3
        nan       nan      -nan       nan       nan       nan       nan       nan       nan       nan
   50 2      3 -3.6619 -1.5184  102894.1   69987.4   -6027.2 -3.9647 -1.8859  224733.9   64890.7  -76441.4
        nan       nan      -nan       nan       nan       nan       nan       nan       nan       nan
vertex track :        137   3  48    2963669  1.8972  1.1064  201666.1   56186.5     207.5     0  2737.3
   45 2     -2  1.8998  1.1035   93331.1   62672.0    6586.7  1.8811  1.0744  213599.9   60394.9  -66626.4
      500.3      38.1   93744.7   62956.2   93278.3   62685.3   93129.5   62598.9   93782.9   62890.4
   46 2     -1  1.8551  1.0738   88055.9   58751.8    3716.6  1.8811  1.0744  208201.0   57311.3  -69496.4
      295.7      19.1   88302.2   58916.5   88179.9   58845.7   88021.4   58798.2   88321.4   58883.4
   47 2      0  1.8986  1.1260   87592.7   60197.8    2867.0  1.8811  1.0744  206602.6   56398.5  -70346.1
      238.8      10.6   87792.7   60328.7   87780.6   60321.5   87604.6   60277.9   87803.5   60310.5
vertex track :        140   3  48    2965223  2.2929  2.3752  197550.0   51928.1     206.3   211     nan
   45 2     -2  2.0175  2.4434   93920.5   66080.9    7008.4  2.2883  2.3223  213006.8   65140.7  -66220.2
        nan       nan      -nan       nan       nan       nan       nan       nan       nan       nan
   46 2     -1  2.1251  2.3002   86456.0   61300.7    3753.8  2.2883  2.3223  205559.2   57582.5  -69474.8
        nan       nan      -nan       nan       nan       nan       nan       nan       nan       nan
   47 2      0  2.2989  2.4185   83509.4   57298.3    2905.8  2.2883  2.3223  203618.8   55613.3  -70322.7
        nan       nan      -nan       nan       nan       nan       nan       nan       nan       nan
vertex track :        146   3  48    3140061 -2.2044 -1.9279  207171.6   60655.1     208.4   211     nan
   45 2     -2 -2.2223 -2.0200   70043.6   45901.9    6596.4 -2.2547 -1.9586  192746.2   45440.0  -66592.0
        nan       nan      -nan       nan       nan       nan       nan       nan       nan       nan
   46 2     -1 -2.1983 -1.9090   78146.7   51837.0    3716.1 -2.2547 -1.9586  199240.4   51081.4  -69472.3
        nan       nan      -nan       nan       nan       nan       nan       nan       nan       nan
   47 2      0 -2.2205 -1.9352   81212.3   55926.4    2868.1 -2.2547 -1.9586  201152.3   52742.2  -70320.3
        nan       nan      -nan       nan       nan       nan       nan       nan       nan       nan
vertex track :        154   3  48    3142315 -0.8942 -1.5892  203501.3   57040.8     204.6   211     nan
   45 2     -2 -0.8905 -1.7740   79327.9   45250.4    6987.9 -0.9193 -1.5725  197206.0   43706.4  -66211.9
        nan       nan      -nan       nan       nan       nan       nan       nan       nan       nan
   46 2     -1 -0.9198 -1.5424   80773.9   51746.0    3753.3 -0.9193 -1.5725  200179.6   48792.6  -69446.5
        nan       nan      -nan       nan       nan       nan       nan       nan       nan       nan
   47 2      0 -0.9900 -1.6419   80418.3   51074.0    2903.8 -0.9193 -1.5725  200960.5   50128.4  -70295.9
        nan       nan      -nan       nan       nan       nan       nan       nan       nan       nan
vertex track :        156   3  48    3143186 -1.3436 -0.6049  204709.0   57868.6     203.2   211     nan
   45 2     -2 -1.3461 -0.5997   73614.3   52420.6    6592.4 -1.3660 -0.5904  195929.9   51412.8  -66600.0
        nan       nan      -nan       nan       nan       nan       nan       nan       nan       nan
   46 2     -1 -1.3117 -0.5670   78883.9   53973.6    3711.1 -1.3660 -0.5904  199865.7   53113.9  -69481.4
        nan       nan      -nan       nan       nan       nan       nan       nan       nan       nan
   47 2      0 -1.3637 -0.5799   81244.3   56974.2    2868.4 -1.3660 -0.5904  201016.7   53611.4  -70324.0
        nan       nan      -nan       nan       nan       nan       nan       nan       nan       nan
vertex track :        170   3  48    4036083 -2.0658  1.9451  208884.3   52601.9     192.7   211     nan
   45 2     -2 -1.8867  1.7251   77136.1   63966.7    7032.5 -2.1176  2.0154  194303.4   63677.4  -66103.7
        nan       nan      -nan       nan       nan       nan       nan       nan       nan       nan
   46 2     -1 -1.8936  2.0204   81849.7   60447.9    3751.3 -2.1176  2.0154  201251.7   57064.6  -69384.9
        nan       nan      -nan       nan       nan       nan       nan       nan       nan       nan
   47 2      0 -2.0901  1.8970   82409.2   56750.8    2903.6 -2.1176  2.0154  203046.8   55356.2  -70232.5
        nan       nan      -nan       nan       nan       nan       nan       nan       nan       nan
vertex track :        179   3  48    4038764  0.0180  2.0270  203478.5   54489.0     202.4   211   304.2
   45 2     -2  0.0235  2.0308   81938.9   67504.2    6588.1  0.0339  2.0310  203606.9   64803.6  -66602.5
      776.2     284.1   81663.9   68283.7   81650.8   67157.9   82424.0   66936.9   82232.0   68277.1
   46 2     -1 -0.0154  1.9953   82811.6   60508.4    3720.7  0.0339  2.0310  203509.8   58979.7  -69470.0
      404.2     136.6   82671.9   60911.5   82674.9   60522.2   83161.3   60317.3   82945.1   60913.6
   47 2      0  0.0196  2.0300   83982.3   61200.7    2866.6  0.0339  2.0310  203480.9   57245.2  -70324.0
      243.1      52.0   83932.7   61444.4   83932.1   61384.4   84241.9   61169.1   84036.6   61443.4
vertex track :        187   3  48    4040307  1.9892  1.7728  197859.2   52791.2     208.3     0  6461.8
   45 2     -2  1.9251  1.7020   92348.4   63075.2    7013.0  1.9820  1.7321  211246.7   61986.3  -66217.8
      726.5      32.0   92871.4   63580.4   92187.1   62975.4   92037.2   62781.7   92913.9   63532.4
   46 2     -1  2.0338  1.4668   85604.6   59925.2    3762.4  1.9820  1.7321  204804.1   56355.9  -69468.4
      403.0      16.0   85922.1   60173.9   85695.5   60010.5   85499.2   59887.9   85940.9   60147.9
   47 2      0  1.7990  1.6342   83010.6   56464.8    2906.3  1.9820  1.7321  203107.3   54873.0  -70324.5
      322.7      10.9   83242.2   56689.8   83142.2   56599.0   82990.8   56451.4   83256.8   56673.7
vertex track :        196   3  48    4089642 -1.8975 -1.1766  206813.6   59465.8     205.2   211     nan
   45 2     -2 -1.8588 -1.1610   71796.0   50029.9    6576.2 -1.9342 -1.1607  194454.0   49358.5  -66608.0
        nan       nan      -nan       nan       nan       nan       nan       nan       nan       nan
   46 2     -1 -1.9192 -1.1837   78922.8   53443.9    3715.5 -1.9342 -1.1607  199987.3   52679.0  -69468.7
        nan       nan      -nan       nan       nan       nan       nan       nan       nan       nan
   47 2      0 -1.9122 -1.1771   81758.8   56903.6    2870.8 -1.9342 -1.1607  201621.2   53659.6  -70313.5
        nan       nan      -nan       nan       nan       nan       nan       nan       nan       nan
vertex track :        197   3  48    4090105 -1.6971 -0.0275  208057.1   57533.1     199.3   211     nan
   45 2     -2 -1.6336 -0.0560   78763.0   55978.4    6944.0 -1.7223 -0.0079  196380.7   54764.8  -66220.2
        nan       nan      -nan       nan       nan       nan       nan       nan       nan       nan
   46 2     -1 -1.5719 -0.1366   82299.5   57914.0    3753.6 -1.7223 -0.0079  201875.5   54790.1  -69410.6
        nan       nan      -nan       nan       nan       nan       nan       nan       nan       nan
   47 2      0 -1.6225  0.0419   82664.2   56060.7    2906.2 -1.7223 -0.0079  203335.0   54796.8  -70258.0
        nan       nan      -nan       nan       nan       nan       nan       nan       nan       nan
vertex track :        212   3  48    4092127 -1.4976 -0.1605  205110.9   57554.5     202.2     0  3296.6
   45 2     -2 -1.4977 -0.1480   72948.9   55232.7    6578.3 -1.5195 -0.1435  195366.7   53953.5  -66609.4
      285.9      23.5   72666.8   55181.2   72921.2   55206.3   73439.6   55494.0   72662.1   55227.9
   46 2     -1 -1.5295 -0.1821   78734.4   55327.7    3713.9 -1.5195 -0.1435  199719.1   54364.6  -69473.8
      174.4      12.1   78562.7   55295.0   78587.8   55298.0   79114.6   55570.2   78559.8   55319.1
   47 2      0 -1.5151 -0.1394   81213.2   57939.6    2869.4 -1.5195 -0.1435  201002.3   54485.7  -70318.3
      144.6       7.5   81069.9   57918.9   81039.7   57916.1   81564.9   58170.2   81068.5   57933.9
vertex track :        276   3  48    4877540 -1.0204 -0.8651  203397.3   57021.6     204.6   211     nan
   45 2     -2 -0.9897 -0.8682   78386.9   50001.8    6980.8 -1.0405 -0.8519  196287.5   48582.0  -66219.6
        nan       nan      -nan       nan       nan       nan       nan       nan       nan       nan
   46 2     -1 -1.0681 -0.9138   80270.2   54387.2    3750.4 -1.0405 -0.8519  199648.6   51334.1  -69450.0
        nan       nan      -nan       nan       nan       nan       nan       nan       nan       nan
   47 2      0 -1.0008 -0.8222   79965.6   53105.3    2903.4 -1.0405 -0.8519  200530.0   52055.7  -70297.1
        nan       nan      -nan       nan       nan       nan       nan       nan       nan       nan
