groupid:   5596, ntrk: 24
vertex track :          0   3 125    1338763 -0.2805 -0.1153   96799.8   43956.2     194.2    13  2075.2
  126 1      1 -0.2804 -0.1150   96180.8   44105.0   -2865.7 -0.2826 -0.1149   94605.1   41423.1 -215723.1
       31.0       3.4   96153.4   44090.1   96151.9   44089.5   96417.9   44329.9   96150.8   44096.4
  127 1      2 -0.2791 -0.1170   96877.0   42959.2   -3715.9 -0.2826 -0.1149   94845.3   41520.8 -216573.2
       37.3       6.9   96845.3   42938.5   96855.5   42942.8   97118.5   43189.9   96840.0   42951.2
  128 1      3 -0.2819 -0.1110   98911.1   44558.9   -6589.9 -0.2826 -0.1149   95657.6   41851.0 -219447.2
       59.7      13.3   98860.4   44524.6   98912.4   44545.1   99171.5   44803.1   98850.6   44549.5
vertex track :         12   3 125     260486  0.1479 -1.1880   97799.7   41446.6     189.0   211     nan
  126 1      1  0.1094 -1.2360   98903.0   44857.4   -2833.0  0.1430 -1.1961   94301.1   42158.4 -215686.1
        nan       nan      -nan       nan       nan       nan       nan       nan       nan       nan
  127 1      2  0.1699 -1.1351   97732.2   48462.9   -3660.4  0.1430 -1.1961   94182.7   43148.1 -216513.6
        nan       nan      -nan       nan       nan       nan       nan       nan       nan       nan
  128 1      3  0.1628 -1.1300   96964.7   48411.5   -6188.8  0.1430 -1.1961   93821.1   46172.2 -219041.9
        nan       nan      -nan       nan       nan       nan       nan       nan       nan       nan
vertex track :         13   3 125     260611  1.9870 -1.8370   97948.3   43152.2     192.1   211     nan
  126 1      1  1.9864 -1.8385   90896.0   48185.2   -2866.7  1.9863 -1.8579   88813.9   45940.1 -215721.9
        nan       nan      -nan       nan       nan       nan       nan       nan       nan       nan
  127 1      2  2.0069 -1.8072   89671.1   48349.9   -3719.0  1.9863 -1.8579   87121.0   47523.5 -216574.2
        nan       nan      -nan       nan       nan       nan       nan       nan       nan       nan
  128 1      3  1.9786 -1.8627   86099.2   54552.6   -6581.6  1.9863 -1.8579   81434.9   52841.9 -219436.8
        nan       nan      -nan       nan       nan       nan       nan       nan       nan       nan
vertex track :         39   3 125     502167 -1.4234  1.3180   93430.4   48189.3     198.6   211   108.8
  126 1      1 -1.2826  1.2947   99008.5   44396.0   -2834.6 -1.4236  1.3318   94694.1   41304.8 -215695.6
      580.5     246.3   98425.0   44635.1   98972.8   44082.2   99800.8   44368.2   98774.9   44981.8
  127 1      2 -1.4135  1.3945   99158.8   45883.1   -3662.1 -1.4236  1.3318   95872.1   40202.7 -216523.1
     1357.8     610.3   97763.6   46402.3   99400.0   44787.9  100762.7   45575.4   98620.8   47271.2
  128 1      3 -1.4058  1.1572  102855.2   38550.9   -6205.6 -1.4236  1.3318   99493.1   36815.1 -219066.7
     2539.8    1148.5  100164.4   39278.3  103791.0   36293.0  105754.6   38034.6  101624.3   41051.8
vertex track :         44   3 125     640670  2.8462 -2.8684  100835.8   40212.8     187.2   211     nan
  126 1      1  2.8437 -2.8544   91348.5   48169.8   -2868.2  2.8449 -2.8997   89083.1   46147.0 -215718.8
        nan       nan      -nan       nan       nan       nan       nan       nan       nan       nan
  127 1      2  2.8731 -2.8307   89435.1   49155.5   -3717.3  2.8449 -2.8997   86667.6   48609.1 -216567.9
        nan       nan      -nan       nan       nan       nan       nan       nan       nan       nan
  128 1      3  2.8224 -2.8988   83665.9   58057.1   -6584.0  2.8449 -2.8997   78512.0   56921.9 -219434.6
        nan       nan      -nan       nan       nan       nan       nan       nan       nan       nan
vertex track :         70   3 125    1337245  0.6403  0.4182   99664.2   45342.1     194.0     0 10001.0
  126 1      1  0.6133  0.3888   99285.0   44134.1   -2836.1  0.6436  0.4160   94671.2   41188.1 -215691.1
       73.4       5.1   99344.3   44177.7   99349.1   44180.7   99436.4   44300.9   99349.8   44169.1
  127 1      2  0.6420  0.3824   97711.8   46421.1   -3661.6  0.6436  0.4160   94139.9   40844.7 -216516.6
       86.2       6.7   97782.4   46470.9   97769.2   46463.0   97851.9   46581.7   97789.3   46459.5
  128 1      3  0.6394  0.4455   95423.7   41770.7   -6214.6  0.6436  0.4160   92496.9   39782.7 -219069.6
      129.6      11.2   95523.7   41854.0   95445.2   41799.3   95534.4   41897.9   95536.4   41835.6
vertex track :         84   3 125    1340049 -1.9173 -1.9678   94827.8   41994.1     191.3   211     nan
  126 1      1 -1.9168 -1.9610   98831.9   47378.1   -2870.5 -1.9450 -1.9649   97703.1   45130.3 -215727.0
        nan       nan      -nan       nan       nan       nan       nan       nan       nan       nan
  127 1      2 -1.8806 -1.9952  100851.9   47743.7   -3718.8 -1.9450 -1.9649   99352.9   46797.0 -216575.2
        nan       nan      -nan       nan       nan       nan       nan       nan       nan       nan
  128 1      3 -1.9306 -1.9459  107095.9   53895.1   -6586.0 -1.9450 -1.9649  104929.6   52430.7 -219442.4
        nan       nan      -nan       nan       nan       nan       nan       nan       nan       nan
vertex track :        120   3 125    1527272  2.0172 -1.9314  103898.8   38609.3     181.6   211     nan
  126 1      1  1.9736 -1.8069   99546.9   44138.7   -2836.6  2.0123 -1.9537   94768.2   41554.0 -215680.6
        nan       nan      -nan       nan       nan       nan       nan       nan       nan       nan
  127 1      2  1.8894 -1.7821   96850.5   48445.6   -3650.9  2.0123 -1.9537   93129.5   43145.0 -216494.9
        nan       nan      -nan       nan       nan       nan       nan       nan       nan       nan
  128 1      3  1.9988 -1.9571   90696.9   50309.6   -6206.9  2.0123 -1.9537   87986.3   48138.5 -219050.9
        nan       nan      -nan       nan       nan       nan       nan       nan       nan       nan
vertex track :        140   3 125    1792987  1.8183  2.5840  101922.9   50669.7     200.0   211     nan
  126 1      1  1.8183  2.5916   95343.3   43157.4   -2867.7  1.8312  2.5802   93293.4   39875.2 -215724.5
        nan       nan      -nan       nan       nan       nan       nan       nan       nan       nan
  127 1      2  1.8003  2.5886   94412.5   39683.5   -3717.1  1.8312  2.5802   91737.9   37683.5 -216573.9
        nan       nan      -nan       nan       nan       nan       nan       nan       nan       nan
  128 1      3  1.8371  2.5549   90846.2   34479.8   -6587.4  1.8312  2.5802   86481.9   30277.7 -219444.2
        nan       nan      -nan       nan       nan       nan       nan       nan       nan       nan
vertex track :        160   3 125    2227079 -2.1616  0.1106   94788.5   44287.6     192.1   211     nan
  126 1      1 -2.1003 -0.0757  102339.2   44154.9   -2834.9 -2.1774  0.1272   98312.3   41031.8 -215691.0
        nan       nan      -nan       nan       nan       nan       nan       nan       nan       nan
  127 1      2 -2.2852  0.3696  103130.2   46667.4   -3641.0 -2.1774  0.1272  100067.4   40929.3 -216497.1
        nan       nan      -nan       nan       nan       nan       nan       nan       nan       nan
  128 1      3 -2.2181  0.2666  109088.0   42672.3   -6195.9 -2.1774  0.1272  105630.4   40604.2 -219052.0
        nan       nan      -nan       nan       nan       nan       nan       nan       nan       nan
vertex track :        200   3 126      23787 -1.8583  0.7714  100000.6   41947.8     180.8   211     nan
  123 1     -2 -1.8606  0.7621   86158.7   47122.6    6587.7 -1.8659  0.7832   86409.0   44239.6 -209087.4
        nan       nan      -nan       nan       nan       nan       nan       nan       nan       nan
  124 1     -1 -1.8927  0.7878   91381.0   43020.4    3719.8 -1.8659  0.7832   91760.2   41993.5 -211955.3
        nan       nan      -nan       nan       nan       nan       nan       nan       nan       nan
  125 1      0 -1.8609  0.7768   96149.4   44306.2    2868.1 -1.8659  0.7832   93349.3   41326.5 -212807.0
        nan       nan      -nan       nan       nan       nan       nan       nan       nan       nan
vertex track :        202   3 126      23937 -0.7728  0.8392   97164.5   42289.7     181.7   211     nan
  123 1     -2 -0.6800  0.7651   93251.9   48272.0    6718.7 -0.7733  0.8444   90462.7   45099.8 -208960.8
        nan       nan      -nan       nan       nan       nan       nan       nan       nan       nan
  124 1     -1 -0.7861  0.9039   96500.7   46454.5    3664.0 -0.7733  0.8444   92824.8   42520.4 -212015.6
        nan       nan      -nan       nan       nan       nan       nan       nan       nan       nan
  125 1      0 -0.7094  0.7943   93499.6   44571.0    2839.2 -0.7733  0.8444   93462.6   41823.9 -212840.3
        nan       nan      -nan       nan       nan       nan       nan       nan       nan       nan
vertex track :        205   3 126      24879  0.3411  1.4716   95510.8   42396.0     179.5   211     nan
  123 1     -2  0.3567  1.4963   96494.3   52191.0    6546.9  0.3456  1.4692   96058.6   49050.2 -209132.8
        nan       nan      -nan       nan       nan       nan       nan       nan       nan       nan
  124 1     -1  0.3930  1.5071   94947.2   45998.7    3716.6  0.3456  1.4692   95080.4   44891.8 -211963.2
        nan       nan      -nan       nan       nan       nan       nan       nan       nan       nan
  125 1      0  0.3424  1.4693   97894.5   46743.9    2869.7  0.3456  1.4692   94787.7   43647.5 -212810.0
        nan       nan      -nan       nan       nan       nan       nan       nan       nan       nan
vertex track :        209   3 126      24999  1.6370  1.6421   94852.5   42893.2     178.6   211     nan
  123 1     -2  1.3923  1.6097  106810.1   54132.6    6728.0  1.6381  1.6295  103928.0   50870.1 -208950.7
        nan       nan      -nan       nan       nan       nan       nan       nan       nan       nan
  124 1     -1  1.5873  1.5691  103191.0   50003.8    3645.6  1.6381  1.6295   98878.6   45847.4 -212033.0
        nan       nan      -nan       nan       nan       nan       nan       nan       nan       nan
  125 1      0  1.5987  1.6186   98091.5   47495.5    2828.9  1.6381  1.6295   97540.6   44516.6 -212849.8
        nan       nan      -nan       nan       nan       nan       nan       nan       nan       nan
vertex track :        214   3 126     243012 -1.4002 -1.8746   99249.0   48975.5     183.5   211     nan
  123 1     -2 -1.3903 -1.8804   88516.5   36213.1    6589.5 -1.4247 -1.8924   88511.7   34167.5 -209072.6
        nan       nan      -nan       nan       nan       nan       nan       nan       nan       nan
  124 1     -1 -1.4979 -1.8418   92204.0   40354.1    3708.6 -1.4247 -1.8924   92616.1   39619.1 -211953.4
        nan       nan      -nan       nan       nan       nan       nan       nan       nan       nan
  125 1      0 -1.4004 -1.8669   96698.3   43837.3    2868.7 -1.4247 -1.8924   93812.8   41208.5 -212793.3
        nan       nan      -nan       nan       nan       nan       nan       nan       nan       nan
vertex track :        218   3 126     244105 -1.7693 -2.1254   98440.8   47065.7     186.3   211     nan
  123 1     -2 -1.9406 -2.1097   87886.9   33401.9    6810.2 -1.8010 -2.1469   84889.8   30153.3 -208860.6
        nan       nan      -nan       nan       nan       nan       nan       nan       nan       nan
  124 1     -1 -1.9018 -2.1603   94155.5   40030.5    3655.1 -1.8010 -2.1469   90571.9   36927.0 -212015.6
        nan       nan      -nan       nan       nan       nan       nan       nan       nan       nan
  125 1      0 -1.6978 -1.9465   91940.7   40769.1    2853.9 -1.8010 -2.1469   92015.0   38647.3 -212816.9
        nan       nan      -nan       nan       nan       nan       nan       nan       nan       nan
vertex track :        250   3 126     489784 -2.3167 -1.9201   99203.4   46791.9     186.3   211     nan
  123 1     -2 -2.3121 -1.9324   82275.7   33709.3    6589.1 -2.3549 -1.9368   82505.8   31694.1 -209081.1
        nan       nan      -nan       nan       nan       nan       nan       nan       nan       nan
  124 1     -1 -2.3456 -1.9500   88840.7   38101.2    3716.8 -2.3549 -1.9368   89269.6   37257.2 -211953.3
        nan       nan      -nan       nan       nan       nan       nan       nan       nan       nan
  125 1      0 -2.3198 -1.9131   94019.6   41496.4    2873.2 -2.3549 -1.9368   91256.3   38891.2 -212797.0
        nan       nan      -nan       nan       nan       nan       nan       nan       nan       nan
vertex track :        260   3 126     490451 -2.0164 -1.4647  100533.2   47425.1     186.3   211   291.2
  123 1     -2 -1.9348 -1.2856   88396.3   38294.8    6741.4 -2.0457 -1.4745   85511.4   35059.6 -208925.2
     1245.5     402.1   87581.5   37270.7   89249.9   38379.2   89419.2   39527.7   87136.5   37940.4
  124 1     -1 -2.0192 -1.4361   95379.9   42960.5    3685.6 -2.0457 -1.4745   91762.7   39565.4 -211981.0
      613.6     186.4   94987.9   42453.0   95563.9   42862.6   95979.8   43676.7   94771.8   42756.9
  125 1      0 -2.0261 -1.6165   93318.8   43017.7    2837.9 -2.0457 -1.4745   93497.0   40815.4 -212828.7
      343.3      70.7   93094.6   42748.4   93205.8   42837.0   93751.0   43495.5   93006.4   42858.9
vertex track :        306   3 126    1560728 -1.1868 -0.1290   96067.5   44138.8     183.5   211     nan
  123 1     -2 -1.1825 -0.1302   86786.5   43210.9    6596.3 -1.1962 -0.1264   86753.1   40633.5 -209082.5
        nan       nan      -nan       nan       nan       nan       nan       nan       nan       nan
  124 1     -1 -1.1599 -0.1241   89767.5   41994.2    3697.2 -1.1962 -0.1264   90221.1   40999.9 -211981.6
        nan       nan      -nan       nan       nan       nan       nan       nan       nan       nan
  125 1      0 -1.1884 -0.1276   94111.0   43949.5    2868.0 -1.1962 -0.1264   91212.9   41104.8 -212810.8
        nan       nan      -nan       nan       nan       nan       nan       nan       nan       nan
vertex track :        316   3 126    1562342  2.3436  1.1543   93211.7   42683.4     180.4   211     nan
  123 1     -2  2.3287  1.2208  109792.9   50658.0    6700.4  2.3510  1.1350  106876.5   47398.3 -208982.7
        nan       nan      -nan       nan       nan       nan       nan       nan       nan       nan
  124 1     -1  2.5078  0.9795  104242.7   47790.7    3653.9  2.3510  1.1350   99714.0   43940.4 -212029.2
        nan       nan      -nan       nan       nan       nan       nan       nan       nan       nan
  125 1      0  2.3360  1.0975   98499.2   45884.2    2832.0  2.3510  1.1350   97781.9   43007.6 -212851.0
        nan       nan      -nan       nan       nan       nan       nan       nan       nan       nan
vertex track :        324   3 126    1563218  0.8168 -1.0176   95017.2   45096.5     182.6   211     nan
  123 1     -2  0.8299 -1.0178   99343.7   38172.5    6586.0  0.8151 -1.0306   98593.2   35812.9 -209091.1
        nan       nan      -nan       nan       nan       nan       nan       nan       nan       nan
  124 1     -1  0.8037 -1.0274   96083.2   39634.5    3716.7  0.8151 -1.0306   96254.4   38769.9 -211960.4
        nan       nan      -nan       nan       nan       nan       nan       nan       nan       nan
  125 1      0  0.8162 -1.0221   98750.8   42389.5    2867.1  0.8151 -1.0306   95561.9   39645.4 -212810.0
        nan       nan      -nan       nan       nan       nan       nan       nan       nan       nan
vertex track :        325   3 126    1563349  3.5581  3.8796   95249.9   42952.7     178.6     0 10001.0
  123 1     -2  3.2228  3.9828  119605.9   69037.7    6577.3  3.5343  3.8227  116213.3   64716.2 -209100.7
     2319.1      52.5  121023.9   70873.5  118783.1   68104.3  118401.2   67415.9  121105.5   70807.4
  124 1     -1  3.6964  4.5149  110840.1   58339.8    3628.1  3.5343  3.8227  105789.9   53442.3 -212049.8
     1277.5      27.2  111628.3   59345.5  110786.0   58316.7  110265.5   57548.7  111670.4   59311.1
  125 1      0  3.7755  4.1186  103995.9   54022.6    2807.9  3.5343  3.8227  102891.1   50306.9 -212870.0
      993.8      18.6  104653.7   54767.7  104103.5   54167.6  103551.9   53491.6  104681.1   54742.6
vertex track :        326   3 126    1563374  1.0843  0.6626   93538.3   42622.2     178.7   211     nan
  123 1     -2  1.0901  0.6601   99568.0   47041.4    6581.2  1.0905  0.6540   98858.0   44121.5 -209099.9
        nan       nan      -nan       nan       nan       nan       nan       nan       nan       nan
  124 1     -1  1.0901  0.6703   95632.1   43408.7    3737.7  1.0905  0.6540   95757.2   42261.8 -211943.3
        nan       nan      -nan       nan       nan       nan       nan       nan       nan       nan
  125 1      0  1.0857  0.6726   98022.8   44673.8    2866.3  1.0905  0.6540   94806.9   41691.9 -212814.8
        nan       nan      -nan       nan       nan       nan       nan       nan       nan       nan
vertex track :        336   3 126    1754176 -3.7526  2.9054  102843.3   37739.3     174.9   211     nan
  123 1     -2 -3.7013  2.8610   79149.3   57371.3    6733.6 -3.7377  2.9274   76683.8   54176.0 -208942.4
        nan       nan      -nan       nan       nan       nan       nan       nan       nan       nan
  124 1     -1 -3.6464  2.8345   91219.8   49449.6    3663.0 -3.7377  2.9274   88160.8   45187.1 -212013.1
        nan       nan      -nan       nan       nan       nan       nan       nan       nan       nan
  125 1      0 -3.6742  2.8955   90637.6   46026.4    2840.1 -3.7377  2.9274   91236.4   42778.3 -212836.0
        nan       nan      -nan       nan       nan       nan       nan       nan       nan       nan
