groupid:   5721, ntrk: 11
vertex track :          0   3  89    8349178  0.2095 -0.0366   88017.8  112207.0     157.9    13  1583.5
   90 3      1  0.2094 -0.0366   88643.1   34489.4   -2868.4  0.2059 -0.0411   86768.6  111664.6 -148304.6
       22.7       3.5   88666.1   34488.9   88665.3   34489.0   88830.3   34699.8   88664.9   34482.0
   91 3      2  0.2097 -0.0341   89301.1   34534.8   -3718.5  0.2059 -0.0411   86593.6  111699.5 -149154.6
       28.1       8.0   89330.1   34538.2   89318.7   34540.1   89482.2   34741.3   89327.5   34522.3
   92 3      3  0.2095 -0.0350   85206.5   33474.6   -6585.8  0.2059 -0.0411   86003.2  111817.3 -152021.9
       46.1      15.9   85254.6   33482.6   85207.7   33490.5   85368.7   33676.5   85249.3   33451.3
vertex track :         86   3  89    8851487  2.2780  3.9164   94289.5  123684.9     157.4   211   260.6
   90 3      1  2.2779  4.2197   86374.2   34368.1   -3066.7  2.2862  3.8359   86431.4  110602.4 -148457.5
     1444.4     242.1   86847.3   35754.2   85953.3   34098.2   86113.4   33196.2   87273.4   35524.1
   91 3      2  2.4911  4.0013   82753.0   29796.5   -3891.5  2.2862  3.8359   84545.9  107438.8 -149282.2
     2926.7     582.7   83805.1   32588.9   81234.7   28460.2   81913.3   27218.0   84794.4   31973.0
   92 3      3  2.3226  3.7749   80491.8   19809.6   -7611.3  2.2862  3.8359   76041.6   93169.7 -153002.1
     6398.4    1302.3   82735.5   25941.6   76517.4   15835.3   78460.3   13891.5   84953.8   24576.7
vertex track :         95   3  89    9035353  4.3620  0.4950   90171.1  112364.7     155.8     0  1611.2
   90 3      1  4.3541  0.4806   78167.9   33063.1   -2869.2  4.3042  0.4376   76529.8  110350.0 -148295.8
      825.3      34.7   78984.4   33188.2   78258.1   33108.0   77565.7   33148.5   78992.0   33119.1
   91 3      2  4.3497  0.5296   75443.9   32495.6   -3719.0  4.3042  0.4376   72872.0  109978.1 -149145.6
     1075.7      78.3   76502.3   32703.3   75280.1   32554.4   74600.0   32498.4   76521.2   32547.9
   92 3      3  4.3440  0.5320   56681.6   29491.2   -6591.2  4.3042  0.4376   60509.6  108721.1 -152017.8
     1863.8     154.3   58512.8   29870.9   55725.2   29529.5   55064.8   29322.0   58550.3   29564.6
vertex track :        104   3  89    9036109 -0.4695 -0.0482   87632.5  112199.6     157.7  2212   615.3
   90 3      1 -0.4933 -0.0131   87695.3   34332.8   -3072.4 -0.4789 -0.0459   88552.6  111685.6 -148509.7
       52.7      19.2   87643.2   34312.3   87644.9   34312.3   87957.0   34563.4   87642.2   34350.6
   91 3      2 -0.4743 -0.0617   86362.8   33225.3   -3897.4 -0.4789 -0.0459   88947.7  111723.4 -149334.7
       75.8      45.6   86293.5   33170.3   86344.2   33176.9   86641.6   33490.2   86281.8   33260.7
   92 3      3 -0.4546 -0.0915   91940.9   34527.1   -7615.6 -0.4789 -0.0459   90728.2  111894.1 -153052.9
      149.2     101.6   91814.7   34398.0   92011.7   34437.7   92276.6   34866.1   91774.6   34597.3
vertex track :        106   3  89    9036334  0.6106 -1.1193   88751.8  110126.0     156.0     0  9996.5
   90 3      1  0.6053 -1.1181   88146.2   35711.2   -2868.0  0.5958 -1.1309   86301.7  112866.6 -148304.2
      126.7       7.1   88212.7   35603.2   88219.2   35591.2   88290.2   36028.2   88200.3   35596.4
   91 3      2  0.6134 -1.1080   88447.4   36663.8   -3716.9  0.5958 -1.1309   85795.9  113826.6 -149153.0
      150.3       9.3   88528.3   36536.8   88511.5   36567.2   88577.0   36999.8   88512.0   36527.8
   92 3      3  0.6156 -1.1140   82875.3   39565.4   -6589.4  0.5958 -1.1309   84084.4  117075.2 -152025.6
      238.1      16.4   83004.8   39364.9   82903.8   39547.7   82956.4   39974.7   82976.1   39349.1
vertex track :        133   3  90    7058287 -1.9517  1.0291   89747.1  111697.2     167.2     0  6406.9
   87 3     -2 -1.9620  1.0159   74689.7   40355.4    6584.8 -1.9480  1.0333   74955.4  117900.2 -141929.7
      502.0      25.6   74232.2   40563.5   74711.7   40315.2   75355.3   40358.3   74255.7   40608.9
   88 3     -1 -1.9849  1.0175   81646.5   39832.9    3717.0 -1.9480  1.0333   80541.7  114936.9 -144797.5
      298.6      13.7   81374.6   39956.9   81489.2   39898.2   82126.5   39919.8   81387.0   39981.2
   89 3      0 -2.0512  1.0375   81568.9   36436.4    2867.0 -1.9480  1.0333   82197.6  114058.6 -145647.5
      242.6       9.4   81348.1   36537.5   81350.3   36536.4   81997.6   36546.4   81356.6   36554.4
vertex track :        161   3  90    7472092  1.0953 -0.0473   87354.1  112073.4     170.0     0  4146.1
   87 3     -2  1.1371 -0.0836   96578.6   32734.9    6326.3  1.1062 -0.0540   91858.7  111321.2 -142191.1
      182.7      16.0   96762.0   32737.5   96636.3   32746.7   96606.4   32942.3   96759.7   32705.6
   88 3     -1  1.0444  0.0234   90876.6   30943.3    3905.2  1.1062 -0.0540   89180.4  111452.0 -144612.2
      122.5       9.3   90998.9   30955.4   90973.2   30954.8   90965.4   31141.3   90999.3   30936.7
   89 3      0  1.0881 -0.0273   90901.9   33813.9    3073.5  1.1062 -0.0540   88260.3  111496.9 -145443.9
      103.7       6.4   91005.7   33817.7   91026.9   33817.2   91009.1   34020.1   91005.4   33804.9
vertex track :        169   3  90    7499373 -1.0066 -0.7835   92650.8  114279.3     167.7   211     nan
   87 3     -2 -1.0012 -0.7925   83698.2   31413.2    6600.7 -1.0170 -0.7884   83835.8  108774.1 -141901.9
        nan       nan      -nan       nan       nan       nan       nan       nan       nan       nan
   88 3     -1 -1.0338 -0.7689   88172.7   35440.9    3710.9 -1.0170 -0.7884   86774.7  111052.5 -144791.7
        nan       nan      -nan       nan       nan       nan       nan       nan       nan       nan
   89 3      0 -0.9895 -0.8015   87367.3   33502.3    2857.8 -1.0170 -0.7884   87642.2  111725.1 -145644.8
        nan       nan      -nan       nan       nan       nan       nan       nan       nan       nan
vertex track :        174   3  90    7501050  0.9899 -1.1697   87185.6  115073.1     175.1     0   815.7
   87 3     -2  0.9420 -1.2008   95813.3   28446.3    6354.3  1.0046 -1.1833   91084.8  107347.8 -142156.3
      308.8      69.2   96058.4   28246.0   95874.9   28479.8   95779.1   28855.3   95949.4   28160.5
   88 3     -1  0.9102 -1.1213   90360.0   29730.3    3913.5  1.0046 -1.1833   88633.0  110235.9 -144597.0
      197.6      37.2   90513.5   29600.4   90455.5   29671.8   90417.5   30069.2   90455.6   29553.5
   89 3      0  0.8941 -1.1252   90472.3   33580.3    3064.0  1.0046 -1.1833   87779.5  111241.2 -145446.6
      157.5      16.0   90582.7   33466.9   90574.5   33477.2   90572.7   33902.6   90557.7   33447.1
vertex track :        201   3  90    7932008  1.0052 -0.4401   87776.0  112684.7     171.8   211     nan
   87 3     -2  0.9955 -0.4438   91627.6   32076.2    6593.4  1.0170 -0.4479   92005.2  109388.7 -141923.2
        nan       nan      -nan       nan       nan       nan       nan       nan       nan       nan
   88 3     -1  1.0236 -0.4562   91156.4   35148.4    3712.8  1.0170 -0.4479   89075.8  110679.0 -144803.7
        nan       nan      -nan       nan       nan       nan       nan       nan       nan       nan
   89 3      0  1.0167 -0.4224   88631.7   32954.3    2860.4  1.0170 -0.4479   88208.9  111060.9 -145656.2
        nan       nan      -nan       nan       nan       nan       nan       nan       nan       nan
vertex track :        203   3  90    7932404  0.8829  0.7253   87395.3  110246.2     171.4   211   153.4
   87 3     -2  0.8655  0.7217   95229.6   35997.0    6336.0  0.8889  0.7180   90569.8  114249.2 -142190.1
      586.5     365.4   95446.0   36653.3   94726.8   36053.6   95224.0   35551.5   95914.0   36092.0
   88 3     -1  0.8640  0.7998   90176.5   32022.1    3888.5  0.8889  0.7180   88394.3  112492.0 -144637.6
      321.5     194.5   90280.3   32383.2   89989.9   32114.4   90283.6   31871.8   90544.5   32097.7
   89 3      0  0.8534  0.7053   90381.4   34145.4    3061.5  0.8889  0.7180   87659.1  111898.1 -145464.7
      158.8      76.8   90454.9   34305.8   90389.3   34251.5   90518.8   34195.7   90552.8   34187.3
