groupid:   5702, ntrk:  2
vertex track :          0   3  61    9603940 -0.1423 -0.0774  169925.8  165588.1     186.8    13  3468.3
   62 6      1 -0.1422 -0.0767   52301.6    7859.8   -2868.9 -0.1445 -0.0814  171325.4  164378.4  -98590.9
       18.2       1.9   52286.6    7849.5   52288.7    7850.7   52526.6    8080.1   52284.7    7852.9
   63 6      2 -0.1433 -0.0748   52986.2    5637.0   -3720.5 -0.1445 -0.0814  171448.4  164447.7  -99442.5
       22.1       3.9   52968.4    5623.3   52977.5    5628.1   53213.9    5860.6   52964.8    5630.2
   64 6      3 -0.1423 -0.0767   49186.9    6453.2   -6584.4 -0.1445 -0.0814  171862.3  164680.8 -102306.4
       35.9       7.5   49158.8    6429.6   49192.2    6447.6   49424.8    6686.8   49151.7    6442.8
vertex track :        132   3  62    8144450  1.1256 -0.0842  170057.4  167566.0     366.3   211     nan
   59 4     -2  1.1279 -0.0768   56482.5   85226.6    6589.8  1.1329 -0.0951  175989.0  163782.1  -92335.9
        nan       nan      -nan       nan       nan       nan       nan       nan       nan       nan
   60 6     -1  1.0997 -0.0916   53613.3    6569.7    3717.4  1.1329 -0.0951  172734.9  164055.1  -95208.2
        nan       nan      -nan       nan       nan       nan       nan       nan       nan       nan
   61 6      0  1.1267 -0.0915   50661.8    5284.3    2866.5  1.1329 -0.0951  171770.9  164136.0  -96059.2
        nan       nan      -nan       nan       nan       nan       nan       nan       nan       nan
