groupid:   6306, ntrk: 11
vertex track :          0   3 107    6510294  0.1403 -0.3287  143340.4  154567.4     283.7    13   462.8
  108 4      1  0.1401 -0.3280   25119.6   78093.9   -2866.8  0.1368 -0.3330  142930.8  155751.5 -182266.1
       38.8      12.5   25146.3   78063.1   25145.2   78065.7   25303.0   78334.4   25123.4   78053.3
  109 4      2  0.1423 -0.3277   23514.4   78086.0   -3719.2  0.1368 -0.3330  142814.3  156035.2 -183118.4
       53.8      30.1   23563.4   78048.7   23550.5   78078.5   23675.5   78333.0   23508.2   78024.7
  110 4      3  0.1408 -0.3287   23544.9   82078.2   -6587.1  0.1368 -0.3330  142422.0  156990.2 -185986.4
       92.4      59.0   23635.5   82016.5   23592.3   82117.3   23664.4   82349.6   23527.0   81970.1
vertex track :         97   3 108    7838945 -1.5182  1.2380  148500.2  155441.1     434.8     0     nan
  105 4     -2 -1.5047  1.1919   15757.5   85700.8    6591.4 -1.5120  1.2429  136371.3  160663.5 -175775.1
        nan       nan      -nan       nan       nan       nan       nan       nan       nan       nan
  106 4     -1 -1.6134  1.2077   20475.9   81193.1    3712.2 -1.5120  1.2429  140724.8  157084.9 -178654.3
        nan       nan      -nan       nan       nan       nan       nan       nan       nan       nan
  107 4      0 -1.5489  1.2043   20473.8   77412.2    2868.1 -1.5120  1.2429  142001.1  156035.8 -179498.4
        nan       nan      -nan       nan       nan       nan       nan       nan       nan       nan
vertex track :        114   3 108    8686209 -3.7099  2.0758  151167.4  154651.0     428.8     0 10001.0
  105 6     -2 -3.7084  2.0480    9884.2    8566.5    6897.0 -3.6873  2.0817  124502.3  165674.3 -175467.3
     1575.8      42.4    8484.3    9291.2   10464.4    8197.6   11490.4    8053.8    8525.3    9365.4
  106 4     -1 -3.6144  2.3915   19698.0   86999.2    3616.2 -3.6873  2.0817  136599.8  158844.3 -178748.2
      807.3      20.2   19013.6   87427.8   19601.1   87039.1   20588.8   86782.9   19035.9   87461.5
  107 4      0 -3.6443  2.1373   20941.5   85546.0    2803.3 -3.6873  2.0817  139597.1  157152.1 -179561.1
      624.4      13.8   20395.9   85850.1   20707.9   85667.1   21693.5   85454.2   20409.9   85873.8
vertex track :        124   3 108    8732670 -0.8686 -0.4394  146571.6  158126.0     440.3     0   542.4
  105 4     -2 -0.8646 -0.4448   18341.9   76778.6    6588.5 -0.8716 -0.4392  138397.3  153013.4 -175777.8
      186.0      68.6   18207.9   76632.5   18357.1   76709.3   18685.1   77134.2   18145.1   76754.5
  106 4     -1 -0.8603 -0.4542   20966.4   77823.5    3714.0 -0.8716 -0.4392  140902.8  154276.0 -178652.4
      107.9      31.9   20885.9   77744.8   20896.1   77750.2   21256.1   78111.6   20856.1   77801.3
  107 4      0 -0.8580 -0.4608   20438.1   75367.1    2868.9 -0.8716 -0.4392  141639.4  154647.2 -179497.4
       84.5      12.2   20369.4   75316.3   20338.1   75299.5   20715.9   75627.4   20357.8   75337.9
vertex track :        130   3 108    8734174 -0.9911 -0.1414  145827.6  158044.6     439.6     0     nan
  105 4     -2 -1.0244 -0.1568   20708.8   79350.4    6893.3 -0.9927 -0.1397  136603.0  154733.1 -175471.6
        nan       nan      -nan       nan       nan       nan       nan       nan       nan       nan
  106 4     -1 -0.9735 -0.1997   24641.8   82208.1    3624.5 -0.9927 -0.1397  139848.0  155189.8 -178740.5
        nan       nan      -nan       nan       nan       nan       nan       nan       nan       nan
  107 4      0 -1.0287 -0.2012   23361.3   82653.8    2805.2 -0.9927 -0.1397  140661.3  155304.3 -179559.7
        nan       nan      -nan       nan       nan       nan       nan       nan       nan       nan
vertex track :        133   3 108    8734678  1.8734 -0.0004  144268.7  157712.6     441.5     0     nan
  105 4     -2  1.8720  0.0168   34825.5   79516.6    6611.6  1.8842 -0.0082  153070.3  155256.1 -175754.0
        nan       nan      -nan       nan       nan       nan       nan       nan       nan       nan
  106 4     -1  1.9767  0.0157   28618.5   79093.7    3719.8  1.8842 -0.0082  147621.5  155279.9 -178645.8
        nan       nan      -nan       nan       nan       nan       nan       nan       nan       nan
  107 4      0  1.8768  0.0484   25815.5   76294.5    2868.1  1.8842 -0.0082  146016.7  155286.9 -179497.5
        nan       nan      -nan       nan       nan       nan       nan       nan       nan       nan
vertex track :        156   3 108    9159095  3.2212  0.8972  137512.7  154918.7     447.7     0  6334.8
  105 4     -2  3.2533  1.2267   39965.6   82938.9    6859.0  3.2494  0.9074  155472.3  158327.4 -175512.8
     1018.8      38.0   40905.5   83333.9   39682.0   82872.6   39238.9   82755.1   40932.3   83262.8
  106 4     -1  3.0891  0.7309   31855.2   82749.1    3624.1  3.2494  0.9074  144960.9  155392.3 -178747.6
      533.6      17.8   32370.3   82889.3   31980.5   82797.1   31553.1   82819.6   32378.5   82854.6
  107 4      0  3.0022  1.0662   27143.2   82682.5    2802.6  3.2494  0.9074  142291.2  154646.9 -179569.2
      417.2      11.4   27532.6   82832.9   27376.7   82777.5   26966.9   82743.2   27540.2   82811.4
vertex track :        167   3 108    9183113  3.1590  0.4606  141630.2  156976.7     446.2     0  1830.8
  105 4     -2  3.1562  0.5129   41033.4   81964.1    6581.9  3.1808  0.4515  158311.5  157347.6 -175786.4
      932.1      79.2   41940.8   82191.8   40763.5   82000.4   40339.2   81946.9   41966.2   82035.5
  106 4     -1  3.1066  0.4743   30633.7   80036.8    3717.2  3.1808  0.4515  149199.3  156054.1 -178651.2
      518.6      37.4   31140.7   80152.1   30767.8   80095.2   30339.9   80132.0   31152.0   80078.1
  107 4      0  3.1595  0.5473   26795.5   76848.3    2867.7  3.1808  0.4515  146497.3  155670.5 -179500.7
      398.0      16.4   27184.8   76932.4   27064.0   76911.5   26619.3   76974.7   27190.4   76900.1
vertex track :        205   3 108   13018549 -1.0165 -0.9867  146236.5  158328.9     382.8     0     nan
  105 4     -2 -1.1568 -0.8953   20932.0   74117.4    6884.5 -1.0226 -0.9886  136772.2  149491.4 -175423.8
        nan       nan      -nan       nan       nan       nan       nan       nan       nan       nan
  106 4     -1 -1.0273 -1.0332   24804.6   79280.4    3625.4 -1.0226 -0.9886  140105.0  152713.2 -178682.8
        nan       nan      -nan       nan       nan       nan       nan       nan       nan       nan
  107 4      0 -1.0496 -0.9542   23727.2   80634.1    2802.2 -1.0226 -0.9886  140946.8  153527.1 -179506.1
        nan       nan      -nan       nan       nan       nan       nan       nan       nan       nan
vertex track :        210   3 108   13144733 -4.2170 -4.0601  157672.0  168989.2     385.2     0  2422.6
  105 4     -2 -4.1913 -4.1056    6217.8   62290.5    6594.9 -4.2369 -4.0847  128603.3  141262.2 -175717.7
     2864.7     145.4    4273.1   60182.0    7485.8   63329.0    8368.3   64604.8    4069.6   60389.8
  106 4     -1 -4.4106 -4.1900   19904.0   75507.7    3724.1 -4.2369 -4.0847  140766.6  152988.9 -178588.5
     1553.6      69.2   18825.3   74387.6   20151.8   75647.7   21188.3   76833.7   18730.0   74487.9
  107 4      0 -4.0958 -4.1626   22216.9   76056.1    2868.7 -4.2369 -4.0847  144391.0  156483.1 -179444.0
     1152.7      30.0   21429.9   75213.4   22186.6   75982.5   23209.9   77104.5   21387.2   75255.5
vertex track :        212   3 108   13148078  0.0670 -3.8861  145596.5  167998.2     393.1     0   628.6
  105 4     -2  0.2991 -4.4399   27339.0   64642.3    6844.6  0.0621 -3.9368  143198.5  140273.1 -175463.8
     1826.9     312.9   27774.0   62840.6   27591.2   65553.8   27114.3   66649.6   27149.7   62798.5
  106 4     -1  0.1716 -4.0085   28105.2   78156.0    3620.0  0.0621 -3.9368  142998.1  152967.9 -178688.4
      881.0     135.3   28278.0   77281.6   28238.7   78200.1   28142.5   79236.3   28007.7   77270.0
  107 4      0 -0.1222 -3.8206   26177.9   82032.8    2800.4  0.0621 -3.9368  142947.2  156194.3 -179508.0
      576.9      50.4   26209.9   81454.6   26221.1   81805.5   26355.9   82817.3   26109.1   81457.8
