groupid:   6643, ntrk:  9
vertex track :          0   3  33    7354733  0.0999  0.0515  196476.8  143346.0     201.8    13  7822.4
   34 4      1  0.0996  0.0515   78927.4   65311.3   -2868.8  0.1016  0.0510  197279.8  141705.3  -46463.2
       14.7       1.1   78939.9   65319.1   78934.7   65316.4   79124.9   65513.7   78940.9   65317.1
   35 4      2  0.0991  0.0521   78163.6   67470.3   -3716.9  0.1016  0.0510  197193.6  141662.0  -47311.4
       18.0       1.9   78178.6   67480.4   78167.6   67474.6   78358.6   67670.3   78180.4   67477.0
   36 4      3  0.0997  0.0512   75491.6   64035.0   -6585.5  0.1016  0.0510  196902.1  141515.8  -50180.0
       29.7       3.7   75516.3   64051.8   75484.4   64035.4   75676.9   64228.2   75519.7   64045.3
vertex track :         56   3  33    7550732  0.2425 -2.0648  196892.8  140036.8     201.2     0   407.5
   34 4      1  0.3166 -2.0273   74304.7   64982.3   -3427.5  0.2221 -2.0818  197167.7  146081.1  -47022.2
      307.9      58.2   74409.7   64687.0   74381.2   64869.7   74410.0   65485.4   74294.7   64669.1
   35 4      2  0.0939 -2.1560   73295.2   67644.9   -4238.3  0.2221 -2.0818  196987.6  147769.2  -47833.1
      445.9     131.2   73445.7   67205.2   73426.6   67643.3   73354.8   68292.5   73183.6   67193.8
   36 4      3  0.0237 -2.1129   76240.9   76680.4   -7001.4  0.2221 -2.0818  196374.0  153521.3  -50596.2
      753.3     241.6   76490.9   75929.9   76479.0   76992.6   76200.8   77638.8   76007.7   75924.5
vertex track :         61   3  33    7561395  4.1911  0.6741  209561.0  145221.6     188.8     0     nan
   34 4      1  4.1768  0.6682   77955.6   65038.9   -2867.9  4.2293  0.6446  197810.5  141672.9  -46459.9
        nan       nan      -nan       nan       nan       nan       nan       nan       nan       nan
   35 4      2  4.1918  0.6951   73868.0   66689.3   -3718.2  4.2293  0.6446  194214.4  141124.8  -47310.2
        nan       nan      -nan       nan       nan       nan       nan       nan       nan       nan
   36 4      3  4.1832  0.6445   59815.3   61611.4   -6586.2  4.2293  0.6446  182084.6  139275.9  -50178.2
        nan       nan      -nan       nan       nan       nan       nan       nan       nan       nan
vertex track :         75   3  33    7577600  1.4368  1.7937  200161.6  148583.1     199.4     0  1448.3
   34 4      1  1.2680  1.6808   74188.9   62470.0   -3437.3  1.4604  1.7970  196026.0  140571.5  -47032.3
      326.5      21.4   74368.5   62743.5   74241.5   62575.2   74220.7   62408.1   74402.7   62717.7
   35 4      2  1.2410  1.5462   72540.9   61891.9   -4255.4  1.4604  1.7970  194831.3  139101.4  -47850.4
      396.9      42.5   72756.2   62228.1   72520.0   61933.8   72536.9   61767.3   72822.5   62174.8
   36 4      3  1.0813  1.8414   71707.3   60118.9   -7035.1  1.4604  1.7970  190771.7  134106.3  -50630.1
      626.0      77.3   71957.6   60697.9   71550.7   60004.9   71668.1   59751.7   72091.0   60619.5
vertex track :        173   3  34    6503672  0.4795 -1.2609  198658.3  144517.9     372.6     0   465.8
   31 4     -2  0.4753 -1.2551   82774.6   57878.1    6590.5  0.4767 -1.2856  200283.2  133821.4  -40605.1
      298.9     108.3   82981.7   57636.9   82869.8   57932.4   82778.0   58328.0   82779.2   57560.2
   32 4     -1  0.4674 -1.2667   82114.3   59349.1    3719.7  0.4767 -1.2856  198914.7  137512.0  -43475.9
      168.2      50.9   82220.3   59208.9   82202.0   59258.5   82218.8   59697.9   82124.7   59173.7
   33 4      0  0.4750 -1.2604   78319.9   59582.1    2868.9  0.4767 -1.2856  198509.1  138605.7  -44326.7
      125.0      19.3   78382.0   59472.0   78393.6   59441.2   78468.2   59901.0   78345.9   59458.4
vertex track :        180   3  34    6692196 -0.9733 -0.4793  202363.7  146331.1     369.2     0  3304.8
   31 4     -2 -1.0042 -0.6178   75143.5   64253.3    6557.6 -0.9747 -0.4821  195013.4  140641.1  -40638.4
      181.7      17.5   74997.8   64143.2   75096.6   64203.9   75498.1   64572.8   74979.5   64173.0
   32 4     -1 -0.9542 -0.3389   79962.6   65317.2    4258.1 -0.9747 -0.4821  197254.7  141749.7  -42937.9
      124.8      10.4   79848.5   65265.6   79883.4   65278.0   80285.8   65578.5   79841.5   65285.3
   33 4      0 -0.9288 -0.4853   82364.8   67429.7    3435.6 -0.9747 -0.4821  198056.3  142146.2  -43760.4
      106.1       6.9   82274.0   67374.5   82267.0   67370.8   82664.7   67694.5   82267.6   67386.8
vertex track :        202   3  34    6937096  2.3242 -1.7471  193594.5  148453.0     380.1     0  3423.9
   31 4     -2  2.3184 -1.7080   89919.2   58564.1    6589.7  2.3517 -1.8015  206881.4  134616.1  -40580.9
      780.6      43.5   90573.4   58136.2   89803.4   58703.5   89477.2   59200.3   90521.8   58066.1
   32 4     -1  2.3129 -1.7744   84979.6   61162.6    3717.8  2.3517 -1.8015  200127.5  139790.0  -43452.9
      443.7      21.5   85344.7   60909.6   85126.4   61077.0   84826.9   61623.9   85318.6   60875.5
   33 4      0  2.3243 -1.7621   79620.8   61842.0    2867.5  2.3517 -1.8015  198127.7  141321.9  -44303.2
      348.9      11.8   79906.1   61640.6   79838.0   61692.2   79548.0   62251.6   79891.8   61621.8
vertex track :        203   3  34    6937317  1.8674 -1.6777  193502.7  149385.3     381.0     0   735.6
   31 4     -2  2.1716 -1.9049   84883.7   59639.0    6565.1  1.8847 -1.7255  203848.7  136072.2  -40602.3
      703.0     138.6   85503.6   59279.6   84902.6   59806.7   84476.0   60206.5   85320.8   59071.2
   32 4     -1  1.9437 -1.7113   81681.5   63827.2    4272.3  1.8847 -1.7255  199527.5  140028.3  -42895.0
      444.8      77.6   82066.7   63591.5   81807.2   63820.0   81508.3   64271.2   81964.1   63475.0
   33 4      0  1.8471 -1.9276   81668.5   67094.7    3433.1  1.8847 -1.7255  197945.8  141476.4  -43734.3
      333.5      32.7   81922.8   66876.6   81849.3   66953.3   81626.0   67521.0   81875.6   66831.3
vertex track :        245   3  34    7568511 -3.6341  0.5238  207867.0  142827.0     359.8     0   878.0
   31 4     -2 -3.5919  0.4284   65136.7   67835.4    6590.7 -3.6033  0.5387  184096.9  143418.8  -40625.9
     1380.5     197.1   63742.6   67803.2   65729.8   67566.1   66737.2   68078.0   63789.3   68194.6
   32 4     -1 -3.6265  0.5758   73826.3   65381.4    3723.7 -3.6033  0.5387  194427.6  141874.3  -43492.9
      742.5      93.1   73078.3   65405.9   73783.5   65294.0   74780.6   65567.5   73107.5   65589.7
   33 4      0 -3.6066  0.5548   73435.4   64055.7    2866.5 -3.6033  0.5387  197516.6  141412.5  -44350.2
      525.9      35.7   72910.2   64100.3   73192.3   64056.9   74167.0   64221.6   72921.0   64171.0
