groupid:   6791, ntrk:  5
vertex track :          0   3  27   10759344  0.0670  0.0427  194044.9  185314.7     381.0    13  1092.6
   28 6      1  0.0667  0.0432   71913.6   24172.7   -2869.2  0.0654  0.0362  192632.9  182989.6  -35617.5
       14.1       4.8   71922.8   24184.4   71913.2   24178.2   72114.5   24371.0   71928.1   24176.3
   29 6      2  0.0666  0.0433   74469.6   26584.6   -3715.5  0.0654  0.0362  192577.5  182958.9  -36463.9
       20.0      11.7   74480.0   26605.3   74460.4   26592.5   74669.3   26773.9   74492.8   26585.7
   30 6      3  0.0664  0.0435   72186.6   27634.9   -6585.2  0.0654  0.0362  192389.8  182854.9  -39333.6
       35.2      22.7   72203.7   27673.1   72158.8   27643.7   72379.7   27806.7   72228.5   27635.2
vertex track :         59   3  27   11189199  1.9412 -0.2742  197559.1  184689.6     378.1     0   214.2
   28 6      1  1.9134 -0.4944   70571.7   28309.6   -2805.5  1.9389 -0.2758  190189.7  183369.1  -35549.8
      314.4      97.1   70900.4   28324.9   70693.3   28378.4   70454.9   28503.7   70851.8   28136.9
   29 6      2  2.1895  0.2710   68819.4   28335.0   -3621.2  1.9389 -0.2758  188608.0  183594.0  -36365.6
      584.6     234.3   69370.8   28639.3   68670.2   28552.6   68480.2   28240.9   69428.4   28174.3
   30 6      3  2.2264 -0.1900   62475.0   33066.8   -6818.4  1.9389 -0.2758  182408.9  184475.7  -39562.8
     1164.4     485.3   63676.5   33451.4   61823.6   33609.5   61485.7   32892.1   63594.0   32484.2
vertex track :         62   3  27   11189530  4.3487 -2.1783  199441.8  182533.3     374.4     0  2705.7
   28 6      1  4.3485 -2.1554   65306.0   27555.1   -2865.5  4.3791 -2.1859  184071.1  187417.2  -35612.2
     1047.3      30.6   66257.9   27117.4   65294.4   27594.9   64568.5   28200.6   66230.7   27062.6
   29 6      2  4.3637 -2.1325   64308.8   31765.1   -3717.5  4.3791 -2.1859  180340.3  189279.5  -36464.2
     1324.1      60.8   65525.1   31238.4   64062.2   31953.3   63306.8   32499.7   65471.7   31129.1
   30 6      3  4.3672 -2.1197   48482.8   39541.7   -6585.9  4.3791 -2.1859  167779.0  195549.5  -39332.6
     2230.9     115.6   50540.3   38671.6   47443.3   40174.7   46639.6   40619.6   50439.3   38463.5
vertex track :        102   3  28    9452529 -1.2537  0.8422  196094.7  182131.3     165.0     0     nan
   25 6     -2 -1.2558  0.8324   65633.5   31991.0    6582.3 -1.2489  0.8488  187610.6  186594.5  -28760.2
        nan       nan      -nan       nan       nan       nan       nan       nan       nan       nan
   26 6     -1 -1.2542  0.8379   71539.8   26822.9    3721.1 -1.2489  0.8488  191183.9  184166.0  -31621.4
        nan       nan      -nan       nan       nan       nan       nan       nan       nan       nan
   27 6      0 -1.2446  0.8508   72798.1   24659.6    2868.1 -1.2489  0.8488  192249.1  183442.0  -32474.4
        nan       nan      -nan       nan       nan       nan       nan       nan       nan       nan
vertex track :        140   3  28   10266637  0.7106  4.0507  191311.9  174917.1     167.5     0   522.6
   25 6     -2  0.7640  3.8606   78190.6   47442.9    6547.2  0.7247  4.0774  195450.9  199959.2  -28781.0
     2253.7     406.9   78229.0   49732.7   77514.4   46121.9   78363.0   45367.0   79027.3   49574.7
   26 6     -1  0.9604  3.7896   71491.0   28363.5    3644.9  0.7247  4.0774  193347.5  188125.5  -31683.3
     1158.1     193.5   71587.9   29533.7   71220.6   28084.2   71605.0   27407.1   71963.0   29438.6
   27 6      0  0.6125  3.8763   73084.8   22981.7    2796.3  0.7247  4.0774  192732.5  184665.4  -32531.9
      711.7      73.7   73123.2   23696.2   73029.6   23104.2   73257.1   22481.0   73268.7   23673.2
