groupid:     67, ntrk: 13
vertex track :          0   3  47    5065754 -0.2485 -0.2871   61503.2   90451.0     230.5    13  1138.3
   48 3      1 -0.2486 -0.2863   62031.3   11765.2   -2868.4 -0.2449 -0.2842   61478.3   89365.5  -73335.4
       38.6       5.6   62010.2   11732.3   62008.7   11730.6   62262.1   12007.8   62001.7   11739.7
   49 3      2 -0.2486 -0.2885   62932.4   12534.6   -3718.9 -0.2449 -0.2842   61686.6   89607.2  -74185.9
       47.1      12.4   62911.0   12490.7   62920.3   12501.5   63163.4   12788.1   62892.2   12507.0
   50 3      3 -0.2462 -0.2866   63004.0   10759.8   -6581.3 -0.2449 -0.2842   62387.6   90420.6  -77048.3
       75.7      24.3   62973.1   10686.6   63020.0   10741.2   63244.6   11042.7   62936.3   10718.2
vertex track :        101   3  47    6804504  0.8568  0.3538   62918.8   91280.0     232.4   211     nan
   48 3      1  0.8413  0.3849   61321.9   13185.7   -3032.1  0.8751  0.3476   59292.0   88165.5  -73509.1
        nan       nan      -nan       nan       nan       nan       nan       nan       nan       nan
   49 3      2  0.8498  0.3532   59935.5   10042.8   -3868.2  0.8751  0.3476   58560.3   87874.9  -74345.2
        nan       nan      -nan       nan       nan       nan       nan       nan       nan       nan
   50 3      3  0.8319  0.3681   55501.6   10606.4   -6085.7  0.8751  0.3476   56619.7   87104.1  -76562.8
        nan       nan      -nan       nan       nan       nan       nan       nan       nan       nan
vertex track :        145   3  48     769985  1.8334  1.8960   56931.8   85029.4     238.8   211     nan
   45 3     -2  1.8417  1.8908   68414.4   18693.8    6584.9  1.8812  1.8852   68661.9   96284.4  -66894.1
        nan       nan      -nan       nan       nan       nan       nan       nan       nan       nan
   46 3     -1  1.8459  1.8755   64497.1   13263.6    3718.5  1.8812  1.8852   63269.7   90880.8  -69760.5
        nan       nan      -nan       nan       nan       nan       nan       nan       nan       nan
   47 3      0  1.9019  1.9326   63204.8   13306.3    2857.7  1.8812  1.8852   61650.5   89258.1  -70621.2
        nan       nan      -nan       nan       nan       nan       nan       nan       nan       nan
vertex track :        169   3  48    2343379  2.0425  1.7128   54369.1   83904.8     238.8   211     nan
   45 3     -2  2.0977  1.5912   69368.4   14720.5    6953.0  2.0956  1.7022   68206.7   94653.7  -66511.5
        nan       nan      -nan       nan       nan       nan       nan       nan       nan       nan
   46 3     -1  2.2103  1.7940   63405.8   13065.6    3929.5  2.0956  1.7022   61870.7   89507.2  -69535.0
        nan       nan      -nan       nan       nan       nan       nan       nan       nan       nan
   47 3      0  2.0460  1.6354   59742.8    8885.4    3080.7  2.0956  1.7022   60091.9   88062.3  -70383.9
        nan       nan      -nan       nan       nan       nan       nan       nan       nan       nan
vertex track :        212   3  48    6480830 -1.0876  0.2161   63215.0   89183.9     175.0   211     nan
   45 3     -2 -1.0892  0.2180   54549.9   11257.8    6580.5 -1.0822  0.2207   56143.1   89808.1  -66869.5
        nan       nan      -nan       nan       nan       nan       nan       nan       nan       nan
   46 3     -1 -1.0816  0.2036   59316.1   10828.0    3717.5 -1.0822  0.2207   59241.4   89176.1  -69732.5
        nan       nan      -nan       nan       nan       nan       nan       nan       nan       nan
   47 3      0 -1.0902  0.2260   60489.8   12346.8    2869.1 -1.0822  0.2207   60159.5   88988.9  -70580.9
        nan       nan      -nan       nan       nan       nan       nan       nan       nan       nan
vertex track :        219   3  48    6482577  0.8934  0.9325   58370.4   86667.6     180.8   211     nan
   45 3     -2  0.8352  0.9658   65918.3   12510.1    6865.4  0.9149  0.9223   64297.0   92100.0  -66563.3
        nan       nan      -nan       nan       nan       nan       nan       nan       nan       nan
   46 3     -1  0.8615  0.8972   63138.4   12934.6    3930.5  0.9149  0.9223   61611.9   89393.2  -69498.2
        nan       nan      -nan       nan       nan       nan       nan       nan       nan       nan
   47 3      0  0.8514  0.8430   60462.8    9389.4    3089.4  0.9149  0.9223   60842.4   88617.5  -70339.3
        nan       nan      -nan       nan       nan       nan       nan       nan       nan       nan
vertex track :        232   3  48    6541934 -1.0458 -0.6202   61801.3   90189.6     176.6   211     nan
   45 3     -2 -1.0570 -0.6203   53405.5    6580.9    6579.4 -1.0450 -0.6040   54965.0   85534.6  -66863.9
        nan       nan      -nan       nan       nan       nan       nan       nan       nan       nan
   46 3     -1 -1.0644 -0.6623   58057.1    8580.1    3712.7 -1.0450 -0.6040   57960.6   87266.2  -69730.6
        nan       nan      -nan       nan       nan       nan       nan       nan       nan       nan
   47 3      0 -1.0541 -0.6283   59211.4   10757.2    2865.2 -1.0450 -0.6040   58846.2   87778.1  -70578.0
        nan       nan      -nan       nan       nan       nan       nan       nan       nan       nan
vertex track :        240   3  48    6543535  1.4545 -0.5903   58709.3   90746.0     181.8   211     nan
   45 3     -2  1.3746 -0.4391   69986.5    6390.4    6916.5  1.4807 -0.6016   68515.6   85925.2  -66514.0
        nan       nan      -nan       nan       nan       nan       nan       nan       nan       nan
   46 3     -1  1.3701 -0.5656   65711.6   11542.1    3915.9  1.4807 -0.6016   64072.6   87730.4  -69514.6
        nan       nan      -nan       nan       nan       nan       nan       nan       nan       nan
   47 3      0  1.3943 -0.5457   62362.2    9021.7    3103.7  1.4807 -0.6016   62869.9   88219.0  -70326.8
        nan       nan      -nan       nan       nan       nan       nan       nan       nan       nan
vertex track :        241   3  48    6543725  0.9531 -1.1677   58665.4   92277.5     181.8   211     nan
   45 1     -2  0.9463 -1.1723   64071.9   84488.2    6611.2  0.9656 -1.1722   64715.0   83959.7  -66818.7
        nan       nan      -nan       nan       nan       nan       nan       nan       nan       nan
   46 3     -1  0.9927 -1.1595   62753.0    8463.0    3737.5  0.9656 -1.1722   61940.2   87328.2  -69692.4
        nan       nan      -nan       nan       nan       nan       nan       nan       nan       nan
   47 3      0  0.9398 -1.1603   62233.3   11133.7    2871.4  0.9656 -1.1722   61103.9   88343.4  -70558.5
        nan       nan      -nan       nan       nan       nan       nan       nan       nan       nan
vertex track :        242   3  48    6543806  0.7766 -0.6141   58659.9   91017.8     182.4   211   142.5
   45 3     -2  0.7031 -0.6644   65479.8    6612.9    6884.0  0.7886 -0.6179   63780.1   86105.7  -66546.9
      589.5     400.0   66183.0    6498.8   65473.8    7169.0   64987.4    6936.4   65633.5    5917.4
   46 3     -1  0.7798 -0.5781   63036.3   11604.5    3937.2  0.7886 -0.6179   61456.1   87926.6  -69493.6
      296.1     195.5   63390.5   11585.1   63078.6   11816.4   62892.8   11833.2   63157.7   11271.1
   47 3      0  0.7513 -0.6205   60409.6    9300.7    3092.1  0.7886 -0.6179   60789.6   88448.8  -70338.7
      142.7      77.0   60568.7    9269.2   60506.3    9320.7   60461.2    9541.6   60470.6    9150.5
vertex track :        246   3  48    6545019  1.3819 -0.9954   56728.9   92278.1     186.7   211     nan
   45 3     -2  1.4364 -1.0099   65052.1    5945.4    6599.3  1.4044 -1.0059   65561.7   85060.4  -66824.3
        nan       nan      -nan       nan       nan       nan       nan       nan       nan       nan
   46 3     -1  1.3234 -1.0281   62515.4    9152.4    3731.0  1.4044 -1.0059   61533.5   87945.7  -69692.7
        nan       nan      -nan       nan       nan       nan       nan       nan       nan       nan
   47 3      0  1.3630 -1.0024   61628.0   11673.2    2866.6  1.4044 -1.0059   60319.4   88815.3  -70557.1
        nan       nan      -nan       nan       nan       nan       nan       nan       nan       nan
vertex track :        260   3  48    7465708  4.0880  0.1797   54436.5   89311.9     188.6     0  3932.8
   45 3     -2  4.0188 -0.1666   82927.2   10049.2    7035.9  4.2239  0.1510   83153.1   89620.1  -66377.4
     1568.9      67.2   84497.6   10051.3   82206.4   10146.3   81570.9   10256.8   84492.0    9917.0
   46 3     -1  4.1366  0.3000   71052.3   12788.7    3939.5  4.2239  0.1510   70074.7   89152.7  -69473.8
      881.3      33.6   71928.9   12886.0   71039.5   12821.5   70389.8   12901.8   71933.8   12819.0
   47 3      0  4.3110  0.2774   65572.2    9799.3    3083.3  4.2239  0.1510   66458.3   89023.5  -70330.0
      693.9      18.9   66263.4    9862.7   65783.8    9831.8   65095.3    9946.1   66265.8    9825.0
vertex track :        271   3  48    7478687  3.5862 -0.0658   54693.9   90034.6     186.6   211     nan
   45 3     -2  3.6691 -0.1085   78491.1   10111.3    6576.2  3.6944 -0.0941   78099.8   88699.7  -66836.4
        nan       nan      -nan       nan       nan       nan       nan       nan       nan       nan
   46 3     -1  3.6316 -0.1171   69179.6   10547.5    3722.1  3.6944 -0.0941   67555.9   88968.4  -69690.5
        nan       nan      -nan       nan       nan       nan       nan       nan       nan       nan
   47 3      0  3.5387 -0.0643   66366.5   12285.3    2866.6  3.6944 -0.0941   64395.1   89049.0  -70546.0
        nan       nan      -nan       nan       nan       nan       nan       nan       nan       nan
