groupid:   6998, ntrk:  8
vertex track :          0   3  93    5771712  0.1189  0.0046   96349.1  127165.3     275.4    13  1840.9
   94 3      1  0.1188  0.0053   92522.0   48180.4   -2864.4  0.1173 -0.0012   93979.6  125901.0 -156787.0
       15.6       2.9   92537.5   48184.0   92531.3   48183.7   92716.7   48386.8   92537.7   48178.2
   95 3      2  0.1189  0.0043   94850.5   50766.3   -3714.6  0.1173 -0.0012   93879.9  125902.0 -157637.2
       19.9       6.8   94870.1   50773.9   94855.4   50773.4   95041.0   50968.8   94870.6   50760.2
   96 3      3  0.1190  0.0054   94761.5   49327.6   -6579.6  0.1173 -0.0012   93543.7  125905.3 -160502.2
       33.3      13.4   94794.1   49342.5   94752.6   49340.6   94938.9   49522.7   94795.3   49315.7
vertex track :         58   3  93    6415379 -4.0762  0.1751   86109.3  127817.9     278.0     0  2100.6
   94 3      1 -4.1167  0.0676  102175.2   49528.3   -2665.0 -4.1130  0.2053   96115.7  126037.6 -156587.4
      704.0      25.5  101470.9   49514.3  102014.2   49505.4  103085.4   49752.3  101471.7   49565.4
   95 3      2 -3.9286  0.1957  102811.2   48545.8   -3488.3 -4.1130  0.2053   99501.9  125868.6 -157410.6
      897.8      54.0  101911.8   48536.5  102880.3   48488.3  103916.7   48765.3  101917.2   48644.4
   96 3      3 -4.1374  0.3126  113759.9   46419.8   -6646.2 -4.1130  0.2053  112490.4  125220.4 -160568.5
     1622.0     112.4  112134.1   46430.0  114499.9   46251.2  115591.6   46620.0  112151.0   46654.1
vertex track :         63   3  93    6439733  0.1024  3.8020   96207.4  132352.5     281.1     0   928.7
   94 3      1  0.0737  3.8053   92459.7   43354.1   -2866.4  0.1240  3.7244   93851.7  119372.3 -156767.7
      680.2      47.7   92425.3   44035.0   92414.4   43474.1   92704.3   42886.9   92520.6   44033.2
   95 3      2  0.1038  3.7977   94773.1   42838.3   -3721.2  0.1240  3.7244   93745.7  116188.5 -157622.5
      924.1     112.3   94686.1   43765.1   94657.4   42715.1   95070.1   42125.2   94910.5   43759.0
   96 3      3  0.0820  3.7975   94821.9   29621.6   -6581.8  0.1240  3.7244   93390.9  105534.5 -160483.1
     1605.9     219.0   94637.6   31231.8   94585.5   28818.2   95216.3   28225.1   95075.6   31222.3
vertex track :         82   3  94    4882998  0.9765 -1.5603   91586.3  127547.3     159.2     0   282.5
   91 3     -2  1.0191 -1.5347  103235.4   38440.8    6580.4  0.9889 -1.5980  100026.3  116467.5 -149860.8
      695.8     277.9  103851.9   38015.0  103296.1   38851.9  102830.0   39075.2  103388.8   37707.5
   92 3     -1  0.9804 -1.5467   96225.2   43059.5    3716.3  0.9889 -1.5980   97194.1  121044.3 -152724.9
      363.7     134.4   96533.5   42824.3   96349.9   43113.9   96128.0   43503.2   96306.4   42680.3
   93 3      0  0.9664 -1.5658   97280.5   44746.0    2866.7  0.9889 -1.5980   96353.8  122402.1 -153574.6
      217.9      51.5   97438.8   44587.6   97412.9   44629.7   97333.2   45112.8   97351.1   44533.5
vertex track :        111   3  94    5744829  2.5320  0.9912   90172.6  125997.0     159.2     0  3857.4
   91 3     -2  2.8864  0.8724  101386.9   53428.3    7253.3  2.5893  0.9664  110603.9  132047.2 -149188.5
      786.8      43.4  102127.5   53697.5  101227.3   53425.4  100859.2   53370.0  102152.6   53614.4
   92 3     -1  2.4727  1.0260   98456.7   51479.6    3491.8  2.5893  0.9664  100864.3  128412.2 -152950.0
      396.0      18.7   98815.3   51648.6   98603.1   51560.5   98310.6   51521.6   98829.6   51614.1
   93 3      0  2.5630  1.0027   92787.6   49014.4    2641.4  2.5893  0.9664   98662.3  127590.4 -153800.4
      313.4      10.8   93075.5   49138.6   93030.1   49120.9   92712.3   49101.1   93083.4   49118.4
vertex track :        114   3  94    5744926  0.2213  1.1050   91782.8  125021.0     158.0     0     nan
   91 3     -2  0.2144  1.1051   97857.5   55090.0    6583.1  0.2387  1.0966   95382.2  131240.2 -149869.2
        nan       nan      -nan       nan       nan       nan       nan       nan       nan       nan
   92 3     -1  0.2110  1.1086   93764.0   49747.6    3716.8  0.2387  1.0966   94697.9  128097.1 -152735.5
        nan       nan      -nan       nan       nan       nan       nan       nan       nan       nan
   93 3      0  0.2288  1.1026   95508.1   49262.6    2868.5  0.2387  1.0966   94495.4  127166.9 -153583.8
        nan       nan      -nan       nan       nan       nan       nan       nan       nan       nan
vertex track :        133   3  94    5980938  0.1470  3.9064   91689.9  121597.8     154.3     0   980.1
   91 3     -2  0.2429  3.7267   86914.1   68163.5    7192.6  0.1982  3.8494   95105.9  147857.0 -149270.0
     1712.9     222.3   86803.6   69887.2   86631.8   67251.3   87234.8   66653.5   87247.3   69858.2
   92 3     -1 -0.1604  4.3804   91079.5   57865.7    3446.3  0.1982  3.8494   94363.5  133435.9 -153016.3
      798.8      89.1   90961.2   58660.7   90986.0   57984.1   91407.6   57285.2   91139.3   58667.2
   93 3      0  0.0762  3.9972   87437.4   53020.9    2614.6  0.1982  3.8494   94198.7  130234.6 -153847.9
      572.5      34.5   87413.9   53594.0   87408.1   53288.5   87671.1   52661.8   87482.8   53592.7
vertex track :        145   3  94    6008658  1.8557 -2.1359   91491.0  127352.8     159.2     0     nan
   91 3     -2  1.8585 -2.1082  109634.1   33986.5    6578.3  1.8954 -2.2069  105745.4  112368.5 -149863.3
        nan       nan      -nan       nan       nan       nan       nan       nan       nan       nan
   92 3     -1  1.8712 -2.1304   99218.7   40848.7    3720.6  1.8954 -2.2069  100328.8  118675.2 -152721.1
        nan       nan      -nan       nan       nan       nan       nan       nan       nan       nan
   93 3      0  1.8371 -2.1578   99525.9   42960.2    2866.9  1.8954 -2.2069   98710.8  120559.2 -153574.8
        nan       nan      -nan       nan       nan       nan       nan       nan       nan       nan
