groupid:   7169, ntrk:  3
vertex track :          0   3  65    3876929 -0.2733 -0.2141  124080.0  158833.4     305.9    13  3467.7
   66 3      1 -0.2720 -0.2143  122342.8   79418.4   -2868.1 -0.2796 -0.2124  123854.1  157644.8 -105922.7
       35.9       3.2  122316.7   79393.7  122315.9   79393.0  122578.7   79652.9  122312.7   79398.8
   67 4      2 -0.2738 -0.2129    6853.9   81353.9   -3719.0 -0.2796 -0.2124  124092.0  157825.5 -106773.6
       42.6       5.3    6823.5   81323.5    6833.2   81331.1    7094.0   81594.0    6817.0   81331.9
   68 4      3 -0.2733 -0.2136    5442.5   81245.0   -4283.6 -0.2796 -0.2124  124249.9  157945.4 -107338.2
       47.3       6.3    5409.1   81210.9    5426.2   81224.3    5685.6   81488.8    5401.4   81220.8
vertex track :         94   3  66    5021729 -0.7890  0.1596  122556.4  158201.2     146.9     0   799.6
   63 3     -2 -0.7628  0.1684  121837.0   81606.0    6581.1 -0.7927  0.1764  118422.8  158763.5  -98938.2
      146.8      43.1  121684.3   81595.6  121810.9   81567.6  122198.9   81826.6  121702.9   81679.8
   64 3     -1 -0.7895  0.1584  119647.2   81384.2    3719.9 -0.7927  0.1764  120690.8  158258.7 -101799.4
       89.7      21.1  119555.1   81381.1  119565.2   81379.1  119948.5   81597.4  119563.4   81422.5
   65 3      0 -0.7908  0.1606  122710.0   81173.4    2868.2 -0.7927  0.1764  121366.0  158108.4 -102651.1
       73.2       9.0  122636.5   81179.1  122613.9   81183.7  122992.8   81377.8  122640.1   81196.7
vertex track :        134   3  66    5599978 -2.4828 -0.0831  123082.3  158106.8     145.8     0  2296.1
   63 3     -2 -2.5221 -0.0951  108093.1   75448.3    5779.9 -2.5028 -0.0409  109950.9  157292.6  -99738.2
      548.6      43.4  107546.5   75384.3  108113.3   75405.6  108847.1   75722.2  107543.2   75470.9
   64 3     -1 -2.4263 -0.0256  112786.2   80253.2    3428.2 -2.5028 -0.0409  115836.6  157388.9 -102089.9
      340.6      23.0  112445.8   80226.6  112617.5   80228.4  113334.1   80489.8  112445.3   80272.6
   65 3      0 -2.4107 -0.0418  113283.5   78999.1    2605.3 -2.5028 -0.0409  117896.1  157422.6 -102912.8
      271.5      11.5  113012.2   78982.9  113048.9   78983.5  113762.4   79225.3  113011.8   79005.9
