groupid:   7208, ntrk:  7
vertex track :          0   3  73    9469964  0.2044  0.2622   45489.0  192786.2     189.6    13  1806.5
   74 5      1  0.2018  0.2632   44480.1   32158.7   -2869.7  0.2111  0.2580   43236.5  190987.1 -118881.7
       33.7       3.9   44497.5   32187.8   44498.9   32189.6   44672.8   32339.9   44503.7   32183.1
   75 5      2  0.2027  0.2629   46014.3   31946.3   -3718.2  0.2111  0.2580   43057.3  190768.1 -119730.2
       40.6       7.9   46032.8   31983.3   46025.8   31974.2   46206.0   32119.6   46045.4   31973.6
   76 5      3  0.2040  0.2625   43928.5   29923.3   -6585.6  0.2111  0.2580   42452.0  190028.4 -122597.6
       64.9      15.4   43956.2   29983.9   43919.4   29936.7   44111.1   30072.9   43980.5   29965.1
vertex track :         34   3  73    9493833  4.1601  4.1558   48855.7  196286.0     185.2     0     nan
   74 5      1  4.5562  4.0012   35394.5   23304.6   -2903.4  4.2193  4.1743   34235.3  182375.6 -118916.7
        nan       nan      -nan       nan       nan       nan       nan       nan       nan       nan
   75 5      2  4.2847  3.5611   31163.6   19720.5   -3727.7  4.2193  4.1743   30757.4  178934.8 -119741.0
        nan       nan      -nan       nan       nan       nan       nan       nan       nan       nan
   76 5      3  3.8736  4.0945   22395.6    9081.3   -6804.8  4.2193  4.1743   17774.1  166090.0 -122818.1
        nan       nan      -nan       nan       nan       nan       nan       nan       nan       nan
vertex track :         41   3  73    9715068  2.2760  1.0560   51789.3  195196.4     180.3     0 10000.9
   74 5      1  2.2661  1.0787   44831.2   32291.3   -2866.0  2.3091  1.0582   43168.3  190954.7 -118894.4
      322.3      11.5   45117.3   32440.1   45011.2   32389.6   44757.4   32353.5   45127.2   32419.4
   75 5      2  2.2687  1.0690   44653.1   31415.7   -3718.7  2.3091  1.0582   41199.4  190052.3 -119747.0
      394.8      15.4   45003.7   31597.9   44765.8   31485.9   44514.8   31444.6   45016.8   31570.1
   76 5      3  2.2824  1.0560   36260.0   26972.0   -6588.1  2.3091  1.0582   34573.6  187015.8 -122616.5
      651.4      27.3   36839.7   27270.3   36136.7   26945.0   35892.6   26884.8   36862.6   27220.8
vertex track :        128   3  74    9678587  0.4773  1.1032   43848.9  190879.7     329.9     0     nan
   71 5     -2  0.5062  1.1342   43302.1   37804.9    6606.4  0.4992  1.0823   45741.6  195797.5 -112428.2
        nan       nan      -nan       nan       nan       nan       nan       nan       nan       nan
   72 5     -1  0.4782  1.1116   45712.0   37168.2    3713.8  0.4992  1.0823   44297.5  192666.8 -115320.8
        nan       nan      -nan       nan       nan       nan       nan       nan       nan       nan
   73 5      0  0.4838  1.1095   44783.7   35148.0    2873.8  0.4992  1.0823   43878.2  191757.7 -116160.7
        nan       nan      -nan       nan       nan       nan       nan       nan       nan       nan
vertex track :        162   3  74   10774185  1.1264  0.4040   44035.0  192865.3     331.9     0     nan
   71 5     -2  0.9321  0.3817   51870.1   39815.1    6609.0  1.1363  0.3845   49957.7  193397.7 -112414.9
        nan       nan      -nan       nan       nan       nan       nan       nan       nan       nan
   72 5     -1  1.1833  0.4064   50282.4   33873.5    3744.8  1.1363  0.3845   46703.2  192296.3 -115279.1
        nan       nan      -nan       nan       nan       nan       nan       nan       nan       nan
   73 5      0  1.1136  0.4922   48005.1   36449.5    2851.7  1.1363  0.3845   45688.4  191952.8 -116172.2
        nan       nan      -nan       nan       nan       nan       nan       nan       nan       nan
vertex track :        193   3  74   11468011 -2.9642  0.1317   52747.1  193321.7     325.8     0     nan
   71 5     -2 -2.8702  0.1574   29736.2   33778.0    6585.1 -2.9598  0.1452   33033.4  192257.3 -112452.0
        nan       nan      -nan       nan       nan       nan       nan       nan       nan       nan
   72 5     -1 -2.9730  0.1450   41595.6   35986.2    3723.6 -2.9598  0.1452   41502.8  191841.8 -115313.5
        nan       nan      -nan       nan       nan       nan       nan       nan       nan       nan
   73 5      0 -2.9806  0.1463   43823.8   34802.4    2865.0 -2.9598  0.1452   44044.2  191717.1 -116172.2
        nan       nan      -nan       nan       nan       nan       nan       nan       nan       nan
vertex track :        235   3  74   11678814  3.0109 -0.3520   44715.9  192725.0     332.7     0     nan
   71 5     -2  3.0265 -0.0563   64891.6   34247.4    6628.6  3.0448 -0.3944   62675.4  188353.4 -112398.8
        nan       nan      -nan       nan       nan       nan       nan       nan       nan       nan
   72 5     -1  3.1154 -0.4315   57836.6   30970.4    3750.3  3.0448 -0.3944   53911.3  189488.7 -115277.1
        nan       nan      -nan       nan       nan       nan       nan       nan       nan       nan
   73 5      0  3.0309 -0.4730   54103.4   34439.4    2840.1  3.0448 -0.3944   51140.1  189847.6 -116187.3
        nan       nan      -nan       nan       nan       nan       nan       nan       nan       nan
