groupid:   7396, ntrk: 27
vertex track :          0   3 125     511081 -0.0999 -0.1396   74460.1   48459.9     210.5    13  2194.4
  126 1      1 -0.1001 -0.1395   73328.8   48691.8   -2868.7 -0.1007 -0.1405   71585.0   46193.6 -215740.9
       19.2       2.6   73319.7   48674.7   73321.1   48676.6   73547.7   48918.9   73315.4   48677.8
  127 1      2 -0.0981 -0.1409   73819.0   47265.1   -3719.2 -0.1007 -0.1405   71670.6   46313.1 -216591.4
       23.6       5.9   73810.4   47242.4   73816.8   47251.6   74037.6   47497.7   73800.7   47249.1
  128 1      3 -0.1014 -0.1384   75514.2   49453.6   -6584.3 -0.1007 -0.1405   71959.0   46715.6 -219456.6
       38.6      11.5   75500.7   49415.7   75525.0   49448.9   75737.6   49701.4   75482.1   49429.3
vertex track :          1   3 125     267716  2.2175 -2.1672   81455.3   42337.3     198.9     0     nan
  126 1      1  2.2461 -2.4461   76595.6   48807.7   -2852.4  2.2196 -2.1936   71517.6   46254.9 -215722.1
        nan       nan      -nan       nan       nan       nan       nan       nan       nan       nan
  127 1      2  2.3716 -2.1238   73771.2   53013.5   -3680.9  2.2196 -2.1936   69678.7   48072.2 -216550.5
        nan       nan      -nan       nan       nan       nan       nan       nan       nan       nan
  128 1      3  2.2799 -2.2082   66951.6   55664.7   -6298.4  2.2196 -2.1936   63868.8   53813.8 -219168.0
        nan       nan      -nan       nan       nan       nan       nan       nan       nan       nan
vertex track :         18   3 125     448384 -2.0266 -1.7997   71558.2   45969.6     213.7     0     nan
  126 1      1 -2.0286 -1.7995   75913.2   50921.7   -2866.9 -2.0517 -1.7930   74658.3   48806.7 -215742.8
        nan       nan      -nan       nan       nan       nan       nan       nan       nan       nan
  127 1      2 -1.9987 -1.8366   77974.3   50913.5   -3717.9 -2.0517 -1.7930   76404.4   50332.6 -216593.8
        nan       nan      -nan       nan       nan       nan       nan       nan       nan       nan
  128 1      3 -2.0354 -1.7759   84636.2   57168.9   -6589.2 -2.0517 -1.7930   82295.3   55480.8 -219465.1
        nan       nan      -nan       nan       nan       nan       nan       nan       nan       nan
vertex track :         76   3 125    1346902  0.8811 -1.8281   76149.7   45549.9     209.9     0     nan
  126 1      1  0.8068 -1.7429   75061.8   51050.3   -2850.2  0.8819 -1.8478   70264.5   48481.6 -215726.3
        nan       nan      -nan       nan       nan       nan       nan       nan       nan       nan
  127 1      2  0.8252 -1.7557   73399.6   54956.9   -3675.5  0.8819 -1.8478   69536.8   50006.5 -216551.5
        nan       nan      -nan       nan       nan       nan       nan       nan       nan       nan
  128 1      3  0.9445 -1.9077   70533.8   56634.8   -6276.1  0.8819 -1.8478   67243.4   54812.1 -219152.2
        nan       nan      -nan       nan       nan       nan       nan       nan       nan       nan
vertex track :         80   3 125    1347788  1.2063 -2.1589   78559.8   42137.3     199.9     0     nan
  126 1      1  1.2009 -2.1593   73697.3   48134.3   -2866.5  1.2094 -2.1846   71666.2   46081.6 -215738.0
        nan       nan      -nan       nan       nan       nan       nan       nan       nan       nan
  127 1      2  1.2307 -2.1454   73129.1   48343.7   -3717.5  1.2094 -2.1846   70637.0   47940.7 -216589.0
        nan       nan      -nan       nan       nan       nan       nan       nan       nan       nan
  128 1      3  1.1846 -2.1743   71481.2   55852.2   -6581.3  1.2094 -2.1846   67173.3   54197.0 -219452.9
        nan       nan      -nan       nan       nan       nan       nan       nan       nan       nan
vertex track :         87   3 125    1349666 -2.3033 -2.3516   72124.8   46119.4     213.7     0     nan
  126 1      1 -2.2209 -2.2865   80132.1   52866.4   -2839.7 -2.3343 -2.3461   76037.5   50592.9 -215715.9
        nan       nan      -nan       nan       nan       nan       nan       nan       nan       nan
  127 1      2 -2.2843 -2.4426   81093.7   57429.1   -3656.5 -2.3343 -2.3461   77944.1   52509.1 -216532.7
        nan       nan      -nan       nan       nan       nan       nan       nan       nan       nan
  128 1      3 -2.5587 -2.2434   87366.0   60590.1   -6188.9 -2.3343 -2.3461   83855.7   58450.4 -219065.2
        nan       nan      -nan       nan       nan       nan       nan       nan       nan       nan
vertex track :        151   3 125    2207774 -3.6508 -4.1027   64451.4   36168.0     200.8     0   161.3
  126 1      1 -3.6414 -4.0836   73459.6   47721.2   -2867.7 -3.7046 -4.1182   72505.0   46111.6 -215738.5
     3430.2     573.6   71604.8   44779.3   75405.9   49042.1   75520.7   50869.1   70748.5   45542.8
  127 1      2 -3.6140 -4.1817   76899.9   49544.1   -3716.5 -3.7046 -4.1182   75649.4   49607.0 -216587.3
     8084.6    1421.5   72689.0   42497.8   82502.8   53853.2   81317.1   56796.2   70538.0   44356.7
  128 1      3 -3.7197 -4.0687   87580.6   61532.1   -6587.4 -3.7046 -4.1182   86284.9   61429.9 -219458.2
    15935.1    2815.1   78906.3   47871.7   99629.3   70539.1   96461.3   75398.5   74750.8   51670.7
vertex track :        165   3 125    2231743 -2.0432 -1.9492   69598.5   43922.4     208.9     0 10001.0
  126 1      1 -2.1080 -1.7190   76926.1   49762.0   -2850.6 -2.0678 -1.9520   72679.9   47213.2 -215722.6
      390.9      12.5   76631.1   49505.3   76794.3   49638.3   77429.0   50227.0   76615.3   49524.7
  127 1      2 -1.9439 -1.9981   77597.1   53876.0   -3673.4 -2.0678 -1.9520   74381.3   48819.4 -216545.4
      478.3      16.8   77275.7   53521.5   77534.5   53787.5   78126.6   54438.6   77251.5   53544.9
  128 1      3 -1.9638 -2.2726   83166.3   55828.1   -6214.5 -2.0678 -1.9520   79636.0   53779.8 -219086.5
      759.4      28.4   82691.3   55235.0   83271.9   55906.8   83849.3   56629.0   82648.3   55272.2
vertex track :        170   3 125    2233034 -4.4291 -2.4300   63173.6   41783.4     211.0     0  1439.9
  126 1      1 -4.4197 -2.3972   74387.9   48544.3   -2867.4 -4.4721 -2.4216   73643.3   46580.3 -215740.9
     1086.2      46.9   73455.4   47985.3   74436.9   48517.6   75526.0   49311.0   73410.8   48067.6
  127 1      2 -4.4025 -2.4816   78501.7   49013.2   -3721.1 -4.4721 -2.4216   77461.2   48647.6 -216594.6
     1442.9     108.1   77297.8   48210.5   78887.3   49106.5   79911.2   50023.5   77191.7   48398.9
  128 1      3 -4.4492 -2.3735   91065.6   56762.8   -6587.7 -4.4721 -2.4216   90280.8   55589.3 -219461.2
     2511.8     212.2   88949.4   55393.4   92447.3   57259.4   93387.4   58339.9   88749.6   55767.8
vertex track :        212   3 126      27566 -2.2476  1.5392   78199.7   44850.3     195.6     0     nan
  123 1     -2 -2.2564  1.5348   61806.1   55035.1    6589.5 -2.2532  1.5557   62046.2   52224.5 -209120.8
        nan       nan      -nan       nan       nan       nan       nan       nan       nan       nan
  124 1     -1 -2.2364  1.5554   68110.0   48985.3    3718.5 -2.2532  1.5557   68515.3   47757.9 -211991.8
        nan       nan      -nan       nan       nan       nan       nan       nan       nan       nan
  125 1      0 -2.2490  1.5455   73198.6   49394.1    2865.0 -2.2532  1.5557   70438.4   46430.1 -212845.3
        nan       nan      -nan       nan       nan       nan       nan       nan       nan       nan
vertex track :        213   3 126      27682 -1.4750  2.0870   77158.9   42440.8     195.4     0     nan
  123 1     -2 -1.2704  1.9840   68514.2   56671.2    6790.7 -1.4710  2.0955   65691.3   53685.4 -208925.9
        nan       nan      -nan       nan       nan       nan       nan       nan       nan       nan
  124 1     -1 -1.4629  2.2176   73903.3   51118.8    3694.6 -1.4710  2.0955   70245.7   47197.4 -212022.0
        nan       nan      -nan       nan       nan       nan       nan       nan       nan       nan
  125 1      0 -1.4471  2.0671   71523.1   48367.4    2854.0 -1.4710  2.0955   71482.4   45435.7 -212862.7
        nan       nan      -nan       nan       nan       nan       nan       nan       nan       nan
vertex track :        217   3 126     247585 -2.3302 -0.1588   76284.0   48744.0     199.9     0     nan
  123 1     -2 -2.3261 -0.1662   59245.2   47519.4    6580.7 -2.3540 -0.1461   59521.5   45268.2 -209126.1
        nan       nan      -nan       nan       nan       nan       nan       nan       nan       nan
  124 1     -1 -2.2703 -0.1466   65834.4   46628.2    3727.8 -2.3540 -0.1461   66237.3   45685.1 -211979.0
        nan       nan      -nan       nan       nan       nan       nan       nan       nan       nan
  125 1      0 -2.3334 -0.1559   71014.9   48454.7    2869.9 -2.3540 -0.1461   68257.1   45810.4 -212837.0
        nan       nan      -nan       nan       nan       nan       nan       nan       nan       nan
vertex track :        219   3 126     247793 -1.8699 -0.7744   77478.0   50169.1     199.9     0     nan
  123 1     -2 -1.7828 -0.7608   66326.8   45566.1    6753.4 -1.8944 -0.7697   63336.8   42579.3 -208949.1
        nan       nan      -nan       nan       nan       nan       nan       nan       nan       nan
  124 1     -1 -1.6979 -0.7034   72774.8   48216.9    3675.3 -1.8944 -0.7697   69168.1   44948.5 -212027.3
        nan       nan      -nan       nan       nan       nan       nan       nan       nan       nan
  125 1      0 -1.7807 -0.8386   70738.3   47857.0    2857.9 -1.8944 -0.7697   70716.6   45577.7 -212844.7
        nan       nan      -nan       nan       nan       nan       nan       nan       nan       nan
vertex track :        225   3 126     249704 -1.1195 -0.1728   74498.2   48763.5     201.0     0     nan
  123 1     -2 -1.1214 -0.1801   65651.5   47463.0    6599.3 -1.1308 -0.1684   65508.0   45155.0 -209110.0
        nan       nan      -nan       nan       nan       nan       nan       nan       nan       nan
  124 1     -1 -1.1171 -0.1623   68559.4   46599.1    3714.0 -1.1308 -0.1684   68770.6   45640.8 -211995.2
        nan       nan      -nan       nan       nan       nan       nan       nan       nan       nan
  125 1      0 -1.1199 -0.1675   72710.4   48430.7    2865.5 -1.1308 -0.1684   69730.1   45783.7 -212843.7
        nan       nan      -nan       nan       nan       nan       nan       nan       nan       nan
vertex track :        232   3 126     250143 -1.8682  2.0440   74530.8   47131.5     200.9     0     nan
  123 1     -2 -2.1497  2.1213   63194.7   60984.2    6706.6 -1.8665  2.0560   60625.2   57969.1 -209006.4
        nan       nan      -nan       nan       nan       nan       nan       nan       nan       nan
  124 1     -1 -1.8984  2.0898   69829.2   55740.0    3696.5 -1.8665  2.0560   66243.5   51780.3 -212016.5
        nan       nan      -nan       nan       nan       nan       nan       nan       nan       nan
  125 1      0 -1.9120  1.9862   67791.3   52886.1    2853.9 -1.8665  2.0560   67816.4   50047.7 -212859.2
        nan       nan      -nan       nan       nan       nan       nan       nan       nan       nan
vertex track :        251   3 126     281472  2.2469 -1.5562   68088.9   51819.1     213.5     0     nan
  123 1     -2  2.2519 -1.5462   81922.3   41303.3    6590.3  2.2600 -1.5838   80712.4   39245.3 -209128.9
        nan       nan      -nan       nan       nan       nan       nan       nan       nan       nan
  124 1     -1  2.2111 -1.5599   74475.0   44546.7    3712.2  2.2600 -1.5838   74207.8   43803.7 -212007.1
        nan       nan      -nan       nan       nan       nan       nan       nan       nan       nan
  125 1      0  2.2523 -1.5616   75908.7   47554.9    2867.9  2.2600 -1.5838   72299.6   45141.0 -212851.4
        nan       nan      -nan       nan       nan       nan       nan       nan       nan       nan
vertex track :        267   3 126     494515 -1.5412 -0.7400   77660.1   50468.4     201.2     0     nan
  123 1     -2 -1.6070 -0.7224   68675.9   46074.2    6729.8 -1.5615 -0.7371   65742.1   43110.8 -208973.2
        nan       nan      -nan       nan       nan       nan       nan       nan       nan       nan
  124 1     -1 -1.6143 -0.7412   74174.3   48630.3    3690.5 -1.5615 -0.7371   70488.1   45351.0 -212012.5
        nan       nan      -nan       nan       nan       nan       nan       nan       nan       nan
  125 1      0 -1.4402 -0.7905   71815.8   48296.1    2852.8 -1.5615 -0.7371   71796.2   45968.4 -212850.2
        nan       nan      -nan       nan       nan       nan       nan       nan       nan       nan
vertex track :        270   3 126     495315  1.7336 -0.0078   73040.3   48621.7     205.1     0     nan
  123 1     -2  1.7358 -0.0032   83491.6   48496.0    6593.3  1.7435 -0.0221   82411.7   45959.1 -209121.4
        nan       nan      -nan       nan       nan       nan       nan       nan       nan       nan
  124 1     -1  1.7432 -0.0632   77535.8   46987.1    3719.5  1.7435 -0.0221   77401.1   46022.5 -211995.3
        nan       nan      -nan       nan       nan       nan       nan       nan       nan       nan
  125 1      0  1.7462 -0.0044   79398.4   48779.7    2872.5  1.7435 -0.0221   75924.4   46041.1 -212842.2
        nan       nan      -nan       nan       nan       nan       nan       nan       nan       nan
vertex track :        274   3 126     495596 -1.0063  0.8693   74400.7   47493.6     200.8     0     nan
  123 1     -2 -0.9458  0.8796   68888.5   53745.2    6803.9 -1.0090  0.8764   65976.0   50744.5 -208908.1
        nan       nan      -nan       nan       nan       nan       nan       nan       nan       nan
  124 1     -1 -1.0203  0.8981   72881.4   51562.8    3675.1 -1.0090  0.8764   69133.0   48002.6 -212036.9
        nan       nan      -nan       nan       nan       nan       nan       nan       nan       nan
  125 1      0 -1.0150  0.8546   70049.3   49930.8    2866.5 -1.0090  0.8764   69948.9   47293.9 -212845.6
        nan       nan      -nan       nan       nan       nan       nan       nan       nan       nan
vertex track :        284   3 126     496197 -1.4050 -0.3387   75055.4   48944.0     200.0     0     nan
  123 1     -2 -1.3987 -0.3397   64274.0   46493.8    6589.9 -1.4205 -0.3334   64228.5   44279.1 -209117.5
        nan       nan      -nan       nan       nan       nan       nan       nan       nan       nan
  124 1     -1 -1.4313 -0.2683   68012.3   46206.6    3725.0 -1.4205 -0.3334   68298.1   45234.4 -211982.4
        nan       nan      -nan       nan       nan       nan       nan       nan       nan       nan
  125 1      0 -1.4037 -0.3333   72452.8   48141.4    2867.0 -1.4205 -0.3334   69516.9   45520.5 -212840.4
        nan       nan      -nan       nan       nan       nan       nan       nan       nan       nan
vertex track :        285   3 126     496644  2.1628 -1.1583   69215.4   50513.2     211.8     0     nan
  123 1     -2  2.1185 -1.1936   84557.6   43277.2    6756.5  2.1750 -1.1818   81664.2   40291.4 -208963.3
        nan       nan      -nan       nan       nan       nan       nan       nan       nan       nan
  124 1     -1  1.9360 -1.1513   79635.8   47147.5    3689.7  2.1750 -1.1818   74993.9   43915.7 -212030.1
        nan       nan      -nan       nan       nan       nan       nan       nan       nan       nan
  125 1      0  2.0901 -1.2138   73942.2   47070.6    2858.2  2.1750 -1.1818   73185.3   44898.4 -212861.6
        nan       nan      -nan       nan       nan       nan       nan       nan       nan       nan
vertex track :        302   3 126    1134728 -1.6351  0.3903   74274.4   48402.0     201.0     0     nan
  123 1     -2 -1.6325  0.3812   61985.0   50854.9    6576.5 -1.6466  0.4010   62018.1   48427.2 -209133.8
        nan       nan      -nan       nan       nan       nan       nan       nan       nan       nan
  124 1     -1 -1.6305  0.4067   66417.6   48386.0    3712.3 -1.6466  0.4010   66734.2   47278.8 -211997.9
        nan       nan      -nan       nan       nan       nan       nan       nan       nan       nan
  125 1      0 -1.6340  0.3879   70997.2   49693.2    2868.4 -1.6466  0.4010   68123.7   46940.4 -212841.8
        nan       nan      -nan       nan       nan       nan       nan       nan       nan       nan
vertex track :        304   3 126    1134809  1.5425 -0.2646   70870.6   48849.2     205.9     0     nan
  123 1     -2  1.4318 -0.3394   82250.2   47502.5    6790.8  1.5512 -0.2785   79303.4   44509.5 -208925.8
        nan       nan      -nan       nan       nan       nan       nan       nan       nan       nan
  124 1     -1  1.5373 -0.1720   79001.2   48804.6    3680.8  1.5512 -0.2785   74479.2   45375.6 -212035.8
        nan       nan      -nan       nan       nan       nan       nan       nan       nan       nan
  125 1      0  1.4932 -0.3081   73804.2   47975.1    2849.0  1.5512 -0.2785   73188.9   45607.2 -212867.6
        nan       nan      -nan       nan       nan       nan       nan       nan       nan       nan
vertex track :        310   3 126    1135400 -2.7432  3.3061   74822.1   46553.6     198.0     0 10001.0
  123 1     -2 -2.6866  3.3241   54992.1   68611.1    6585.5 -2.7326  3.3173   55604.6   65200.1 -209125.8
     1586.8      42.3   53961.7   69818.6   55392.4   68048.4   56229.7   67616.9   54027.6   69871.8
  124 1     -1 -2.7090  3.3567   62879.4   57361.4    3723.6 -2.7326  3.3173   63424.7   55706.5 -211987.6
      901.5      22.6   62295.7   58048.7   62859.1   57350.6   63670.5   56887.4   62330.9   58077.1
  125 1      0 -2.7527  3.2838   68433.5   56101.4    2868.2 -2.7326  3.3173   65762.3   52868.7 -212843.1
      702.5      15.7   67970.2   56629.7   68294.7   56242.6   69104.0   55786.4   67994.2   56649.9
vertex track :        334   3 126    1569493  2.1292  4.3161   71482.2   44838.5     201.4     0     nan
  123 1     -2  1.8677  4.0257   86558.3   73751.4    6731.1  2.1398  4.2670   83658.1   70173.8 -208990.1
        nan       nan      -nan       nan       nan       nan       nan       nan       nan       nan
  124 1     -1  2.1455  4.1379   81786.6   61800.8    3638.3  2.1398  4.2670   77040.0   56976.6 -212082.9
        nan       nan      -nan       nan       nan       nan       nan       nan       nan       nan
  125 1      0  2.2685  4.3776   76113.5   57048.6    2824.0  2.1398  4.2670   75297.5   53501.7 -212897.3
        nan       nan      -nan       nan       nan       nan       nan       nan       nan       nan
vertex track :        336   3 126    1571460  3.9729  3.4167   67062.7   42828.7     205.6     0     nan
  123 1     -2  4.1105  3.4361   92136.4   65453.6    6579.8  4.0006  3.4018   90726.5   62002.4 -209150.4
        nan       nan      -nan       nan       nan       nan       nan       nan       nan       nan
  124 1     -1  3.9795  3.4262   79871.8   53896.9    3714.2  4.0006  3.4018   79262.1   52254.0 -212016.1
        nan       nan      -nan       nan       nan       nan       nan       nan       nan       nan
  125 1      0  3.9668  3.4452   79738.8   52701.6    2865.8  4.0006  3.4018   75868.0   49367.9 -212864.5
        nan       nan      -nan       nan       nan       nan       nan       nan       nan       nan
vertex track :        353   3 126    1792475  1.2345  1.2854   73123.3   48472.8     205.1     0     nan
  123 1     -2  1.1197  1.3205   82235.3   57435.2    6762.8  1.2442  1.2750   79515.4   54311.0 -208952.2
        nan       nan      -nan       nan       nan       nan       nan       nan       nan       nan
  124 1     -1  1.1791  1.2442   80072.9   54125.8    3699.2  1.2442  1.2750   75703.8   50404.8 -212015.8
        nan       nan      -nan       nan       nan       nan       nan       nan       nan       nan
  125 1      0  1.2034  1.3139   75218.5   51903.9    2839.5  1.2442  1.2750   74634.2   49308.8 -212875.5
        nan       nan      -nan       nan       nan       nan       nan       nan       nan       nan
