groupid:   7388, ntrk: 21
vertex track :          0   3 125    5304939 -0.0866 -0.2655   44719.6  114431.8     282.7    13   671.5
  126 3      1 -0.0858 -0.2656   43643.5   36417.8   -2868.2 -0.0849 -0.2687   41957.3  113185.7 -215669.4
       30.5       8.3   43642.0   36386.3   43642.7   36388.5   43854.9   36659.1   43626.2   36391.4
  127 3      2 -0.0849 -0.2660   43049.6   34887.6   -3717.7 -0.0849 -0.2687   42029.5  113413.9 -216518.8
       40.4      19.8   43056.2   34843.1   43062.9   34864.1   43252.9   35141.8   43018.4   34855.1
  128 3      3 -0.0903 -0.2648   46066.9   37482.3   -6589.5 -0.0849 -0.2687   42273.3  114185.5 -219390.6
       68.1      38.8   46081.6   37405.3   46106.6   37478.6   46262.0   37769.0   46008.1   37430.4
vertex track :          6   3 125    5304462  0.1854  1.1419   45329.6  117587.5     285.9     0     nan
  126 3      1  0.1941  1.1083   46365.3   35910.5   -2938.3  0.1956  1.1418   41689.0  111825.1 -215737.5
        nan       nan      -nan       nan       nan       nan       nan       nan       nan       nan
  127 3      2  0.2548  1.1799   44982.4   37600.3   -3774.4  0.1956  1.1418   41525.5  110870.3 -216573.7
        nan       nan      -nan       nan       nan       nan       nan       nan       nan       nan
  128 3      3  0.1060  1.1201   44075.0   29908.0   -6510.3  0.1956  1.1418   40990.5  107746.5 -219309.5
        nan       nan      -nan       nan       nan       nan       nan       nan       nan       nan
vertex track :         64   3 125    5966453 -1.1592 -0.0626   43996.4  114577.8     283.1     0     nan
  126 3      1 -1.1597 -0.0659   46067.6   35971.5   -2866.1 -1.1591 -0.0568   44612.8  112669.8 -215664.7
        nan       nan      -nan       nan       nan       nan       nan       nan       nan       nan
  127 3      2 -1.1588 -0.0722   46396.2   34261.2   -3718.5 -1.1591 -0.0568   45600.9  112718.2 -216517.1
        nan       nan      -nan       nan       nan       nan       nan       nan       nan       nan
  128 3      3 -1.1588 -0.0461   52230.4   36217.3   -6595.4 -1.1591 -0.0568   48935.6  112881.6 -219394.0
        nan       nan      -nan       nan       nan       nan       nan       nan       nan       nan
vertex track :         71   3 125    5967250 -2.4546  1.5981   39631.2  118815.2     292.4     0     nan
  126 3      1 -2.4642  1.7035   48285.2   35708.8   -2930.9 -2.4360  1.5993   44437.8  111622.7 -215714.1
        nan       nan      -nan       nan       nan       nan       nan       nan       nan       nan
  127 3      2 -2.4167  1.7421   49013.5   37086.1   -3764.4 -2.4360  1.5993   46468.2  110289.7 -216547.6
        nan       nan      -nan       nan       nan       nan       nan       nan       nan       nan
  128 3      3 -2.6154  1.7020   55768.3   28081.4   -6389.6 -2.4360  1.5993   52863.0  106091.5 -219172.8
        nan       nan      -nan       nan       nan       nan       nan       nan       nan       nan
vertex track :        126   3 125    6886024 -4.7657  4.2182   31312.7  126135.4     311.9     0 10001.0
  126 3      1 -4.7811  4.2056   43998.8   34936.1   -2868.9 -4.6675  4.1614   43080.9  110942.4 -215629.2
     1682.1      27.1   42717.9   36026.7   44239.9   34688.0   45484.9   34059.7   42753.7   36067.4
  127 3      2 -4.7887  4.1747   47350.8   29682.1   -3720.3 -4.6675  4.1614   47054.9  107399.4 -216480.6
     2114.9      39.1   45731.0   31042.4   47913.7   29139.6   49175.9   28536.0   45782.4   31101.4
  128 3      3 -4.6885  4.2762   62048.9   20514.9   -6587.5 -4.6675  4.1614   60437.5   95468.0 -219347.8
     3582.2      70.0   59355.0   22877.1   63663.8   18947.3   64948.1   18367.0   59449.4   22980.6
vertex track :        132   3 125    7054425 -2.6735 -3.2381   38365.3  107296.2     274.4     0  9986.0
  126 3      1 -2.8850 -2.8919   47646.2   37966.6   -2934.8 -2.7089 -3.2509   43950.0  115646.9 -215720.6
      794.1      18.5   47098.5   37391.3   47614.3   37908.4   48401.1   38749.0   47072.2   37417.5
  127 3      2 -2.9275 -3.3860   48617.9   43462.8   -3783.4 -2.7089 -3.2509   46248.7  118405.5 -216569.2
      985.9      25.5   47992.3   42700.3   48667.2   43480.9   49450.5   44432.0   47953.7   42733.7
  128 3      3 -2.6073 -3.0947   55682.5   48516.7   -6408.7 -2.7089 -3.2509   53360.3  126939.9 -219194.4
     1590.6      43.3   54690.7   47272.3   56193.0   49055.4   56881.6   49968.0   54624.5   47328.2
vertex track :        147   3 125    7263917 -4.3925 -4.0863   40306.9  110404.2     277.2     0 10000.9
  126 3      1 -4.3517 -4.0895   51759.5   43552.7   -2866.8 -4.4100 -4.0518   51092.4  121061.3 -215655.7
     1489.8      25.3   50691.1   42514.0   51948.6   43695.7   53033.4   44797.2   50656.5   42550.9
  127 3      2 -4.3697 -4.1074   54807.6   45231.3   -3719.5 -4.4100 -4.0518   54852.6  124516.1 -216508.4
     1875.5      36.4   53465.9   43920.3   55281.4   45626.7   56354.8   46748.2   53416.1   43973.2
  128 3      3 -4.4499 -4.0228   69174.4   57275.5   -6591.7 -4.4100 -4.0518   67519.1  136153.9 -219380.6
     3185.8      65.3   66854.9   55090.6   70646.9   58518.7   71699.4   59666.3   66767.4   55187.4
vertex track :        156   3 126    4640798 -1.3059 -1.6093   47293.6  119166.1     215.4     0     nan
  123 3     -2 -1.3008 -1.6099   36974.0   29550.0    6598.3 -1.3243 -1.6137   37256.8  106923.2 -209076.0
        nan       nan      -nan       nan       nan       nan       nan       nan       nan       nan
  124 3     -1 -1.2951 -1.6165   39752.0   33765.1    3727.0 -1.3243 -1.6137   41059.4  111556.5 -211947.3
        nan       nan      -nan       nan       nan       nan       nan       nan       nan       nan
  125 3      0 -1.3191 -1.6068   44254.6   36991.3    2862.4 -1.3243 -1.6137   42204.4  112951.7 -212811.9
        nan       nan      -nan       nan       nan       nan       nan       nan       nan       nan
vertex track :        165   3 126    4642791  2.2530 -1.6803   37937.1  118142.0     231.1     0     nan
  123 3     -2  2.2683 -1.5629   53996.0   29181.9    6695.6  2.2530 -1.6908   50848.0  105317.4 -209002.3
        nan       nan      -nan       nan       nan       nan       nan       nan       nan       nan
  124 3     -1  2.3220 -1.6676   47148.0   35036.7    3750.5  2.2530 -1.6908   44212.8  110297.0 -211947.4
        nan       nan      -nan       nan       nan       nan       nan       nan       nan       nan
  125 3      0  2.1542 -1.5937   42365.3   35546.3    2938.9  2.2530 -1.6908   42384.2  111669.4 -212759.1
        nan       nan      -nan       nan       nan       nan       nan       nan       nan       nan
vertex track :        170   3 126    4674182 -2.0736 -2.0107   49024.4  119881.2     211.8     0     nan
  123 3     -2 -2.0684 -2.0169   33497.3   27512.4    6590.5 -2.1014 -2.0143   34051.0  105082.7 -209079.0
        nan       nan      -nan       nan       nan       nan       nan       nan       nan       nan
  124 3     -1 -2.1101 -1.9662   38546.5   32972.7    3722.3 -2.1014 -2.0143   40078.3  110860.2 -211947.2
        nan       nan      -nan       nan       nan       nan       nan       nan       nan       nan
  125 3      0 -2.0902 -2.0070   43717.0   36521.5    2866.1 -2.1014 -2.0143   41877.4  112584.7 -212803.4
        nan       nan      -nan       nan       nan       nan       nan       nan       nan       nan
vertex track :        171   3 126    4674605 -1.8013 -2.1261   48837.3  120757.2     214.0     0     nan
  123 3     -2 -1.7264 -2.2424   38071.2   28549.2    6766.6 -1.8272 -2.1323   35298.0  104840.9 -208904.5
        nan       nan      -nan       nan       nan       nan       nan       nan       nan       nan
  124 3     -1 -1.7585 -2.0931   42918.4   35823.8    3780.2 -1.8272 -2.1323   40754.8  111209.0 -211890.9
        nan       nan      -nan       nan       nan       nan       nan       nan       nan       nan
  125 3      0 -1.6741 -2.0647   41673.8   36836.4    2949.4 -1.8272 -2.1323   42272.7  112980.5 -212721.7
        nan       nan      -nan       nan       nan       nan       nan       nan       nan       nan
vertex track :        188   3 126    5053548  2.2930  1.2829   39400.7  112314.8     226.5     0     nan
  123 3     -2  2.2963  1.2902   53215.7   42163.3    6593.8  2.3092  1.2727   52438.2  118486.6 -209099.7
        nan       nan      -nan       nan       nan       nan       nan       nan       nan       nan
  124 3     -1  2.3516  1.3296   45325.7   37829.1    3714.1  2.3092  1.2727   45788.2  114821.6 -211979.5
        nan       nan      -nan       nan       nan       nan       nan       nan       nan       nan
  125 3      0  2.3083  1.2802   46910.3   38625.9    2867.3  2.3092  1.2727   43832.9  113744.0 -212826.2
        nan       nan      -nan       nan       nan       nan       nan       nan       nan       nan
vertex track :        194   3 126    5080941 -0.9662 -1.6886   44296.5  116213.9     219.0     0     nan
  123 3     -2 -0.8849 -1.6867   39069.6   26844.4    6756.3 -0.9821 -1.6956   36259.4  103188.9 -208925.0
        nan       nan      -nan       nan       nan       nan       nan       nan       nan       nan
  124 3     -1 -1.0913 -1.5786   41390.1   32984.8    3789.9 -0.9821 -1.6956   39172.8  108218.6 -211891.4
        nan       nan      -nan       nan       nan       nan       nan       nan       nan       nan
  125 3      0 -1.0385 -1.6671   39535.0   33594.4    2941.2 -0.9821 -1.6956   40006.3  109657.6 -212740.1
        nan       nan      -nan       nan       nan       nan       nan       nan       nan       nan
vertex track :        203   3 126    5300479 -1.7338 -1.5553   46550.4  117407.9     216.3     0   431.3
  123 3     -2 -1.7328 -1.5610   33317.8   28101.0    6595.9 -1.7556 -1.5568   33753.6  105528.5 -209081.0
      791.0     227.8   32882.6   27402.3   33694.1   28133.4   33961.3   29008.1   32577.6   27740.8
  124 3     -1 -1.7442 -1.5753   37326.6   32264.6    3716.8 -1.7556 -1.5568   38808.3  110010.5 -211960.1
      422.1     109.1   37086.5   31900.7   37346.7   32135.7   37775.0   32837.0   36940.2   32062.7
  125 3      0 -1.7416 -1.5539   42226.1   35384.1    2865.1 -1.7556 -1.5568   40303.5  111336.3 -212811.8
      278.9      41.8   42045.8   35167.3   42096.3   35212.3   42614.6   35809.4   41990.2   35229.6
vertex track :        211   3 126    5301305  1.2989 -0.8264   43135.7  115207.8     219.4     0     nan
  123 3     -2  1.3488 -0.8969   52862.8   31695.8    6736.9  1.3036 -0.8399   50003.1  107794.7 -208946.1
        nan       nan      -nan       nan       nan       nan       nan       nan       nan       nan
  124 3     -1  1.2561 -0.7608   48749.5   35336.3    3748.8  1.3036 -0.8399   46107.9  110304.4 -211934.1
        nan       nan      -nan       nan       nan       nan       nan       nan       nan       nan
  125 3      0  1.3661 -0.7727   44791.1   35107.4    2926.3  1.3036 -0.8399   45035.6  110995.3 -212756.7
        nan       nan      -nan       nan       nan       nan       nan       nan       nan       nan
vertex track :        250   3 126    5744975  0.8596 -1.0111   40868.7  117167.8     225.1     0     nan
  123 3     -2  0.8538 -1.0226   45152.4   31578.9    6588.9  0.8607 -1.0233   44711.5  108741.2 -209098.8
        nan       nan      -nan       nan       nan       nan       nan       nan       nan       nan
  124 3     -1  0.8450 -1.0323   41434.1   34125.6    3712.2  0.8607 -1.0233   42235.5  111685.0 -211975.5
        nan       nan      -nan       nan       nan       nan       nan       nan       nan       nan
  125 3      0  0.8584 -1.0130   44182.4   36749.2    2863.5  0.8607 -1.0233   41505.0  112553.5 -212824.2
        nan       nan      -nan       nan       nan       nan       nan       nan       nan       nan
vertex track :        252   3 126    5745178  4.3020 -4.6185   41192.4  117409.2     226.1     0     nan
  123 3     -2  5.0394 -5.2241   70441.9    8837.6    6721.6  4.3189 -4.6821   67614.0   85082.2 -208966.9
        nan       nan      -nan       nan       nan       nan       nan       nan       nan       nan
  124 3     -1  4.3318 -4.9047   58218.7   23487.0    3683.4  4.3189 -4.6821   54492.5   99307.1 -212005.1
        nan       nan      -nan       nan       nan       nan       nan       nan       nan       nan
  125 3      0  4.4443 -5.1285   51448.5   26458.0    2891.1  4.3189 -4.6821   51070.8  103016.5 -212797.3
        nan       nan      -nan       nan       nan       nan       nan       nan       nan       nan
vertex track :        264   3 126    5747099  2.5155 -1.1920   38506.8  116891.3     230.0     0     nan
  123 3     -2  2.5963 -1.2704   53935.4   30140.6    6582.4  2.5168 -1.2031   52841.1  107345.9 -209113.2
        nan       nan      -nan       nan       nan       nan       nan       nan       nan       nan
  124 3     -1  2.5732 -1.2539   45295.1   33185.2    3719.4  2.5168 -1.2031   45635.7  110790.3 -211976.2
        nan       nan      -nan       nan       nan       nan       nan       nan       nan       nan
  125 3      0  2.5206 -1.2024   46643.4   35960.0    2868.3  2.5168 -1.2031   43493.6  111814.3 -212827.3
        nan       nan      -nan       nan       nan       nan       nan       nan       nan       nan
vertex track :        274   3 126    5779708 -0.6375 -3.0145   44898.8  121801.9     222.1     0   282.2
  123 3     -2 -0.5679 -3.0414   41775.8   23836.7    6720.0 -0.6574 -3.0359   39039.6  100160.8 -208959.7
     1995.2     551.5   41951.8   21774.2   42564.9   25058.1   41809.3   26106.2   40867.5   21976.7
  124 3     -1 -0.6561 -2.9717   43528.4   33688.0    3725.8 -0.6574 -3.0359   41008.1  109251.1 -211953.9
      977.7     258.7   43570.3   32677.5   43854.0   33962.8   43695.9   34905.4   43065.1   32789.1
  125 3      0 -0.5501 -3.2886   41110.1   35387.7    2944.3 -0.6574 -3.0359   41521.9  111623.6 -212735.4
      523.6     101.2   41123.6   34854.5   41180.9   35196.8   41306.1   36127.5   40923.9   34887.9
vertex track :        298   3 126    6349941 -1.3240  1.9437   46924.7  109114.8     211.8     0  5855.3
  123 3     -2 -1.2910  1.9141   36454.9   43491.6    6583.0 -1.3231  1.9579   36863.3  119593.9 -209095.9
      553.2      27.6   36122.7   43934.8   36470.3   43419.5   36995.9   43260.3   36168.5   43965.6
  124 3     -1 -1.3443  1.9724   39244.4   37199.5    3724.5 -1.3231  1.9579   40645.4  113997.1 -211954.5
      326.7      14.6   39048.3   37461.3   39134.1   37335.5   39649.1   37149.7   39072.4   37477.7
  125 3      0 -1.3213  1.9453   43813.3   37390.1    2869.5 -1.3231  1.9579   41776.6  112323.1 -212809.4
      263.6       9.8   43657.1   37602.6   43675.8   37575.1   44178.2   37389.6   43673.3   37613.7
vertex track :        310   3 126    6373295 -1.6673  0.4245   46565.2  113782.1     213.5     0     nan
  123 3     -2 -1.6979  0.4021   36701.9   38409.5    6771.2 -1.6769  0.4364   33955.5  114675.7 -208905.8
        nan       nan      -nan       nan       nan       nan       nan       nan       nan       nan
  124 3     -1 -1.6156  0.2664   41248.7   38334.5    3768.6 -1.6769  0.4364   38990.6  113365.5 -211908.4
        nan       nan      -nan       nan       nan       nan       nan       nan       nan       nan
  125 3      0 -1.6129  0.4528   39857.2   37226.8    2952.7 -1.6769  0.4364   40358.8  113009.5 -212724.3
        nan       nan      -nan       nan       nan       nan       nan       nan       nan       nan
