groupid:   7617, ntrk: 11
vertex track :          0   3  63    4229676 -0.2299 -0.1845  167677.3   48909.1     308.6    13  1013.8
   64 2      1 -0.2267 -0.1889   46844.7   47410.3   -2871.9 -0.2350 -0.1816  167675.0   45720.9 -102656.5
       31.4       5.9   46824.3   47385.7   46825.0   47386.3   47074.9   47644.8   46816.8   47394.7
   65 2      2 -0.2297 -0.1852   49436.7   48215.5   -3719.8 -0.2350 -0.1816  167874.2   45874.9 -103504.3
       39.1      13.4   49414.7   48180.5   49427.4   48190.7   49668.6   48460.3   49397.8   48201.4
   66 2      3 -0.2285 -0.1864   48035.3   47765.3   -6584.9 -0.2350 -0.1816  168547.4   46395.2 -106369.4
       63.6      26.1   48002.5   47704.8   48053.1   47746.1   48277.9   48035.5   47969.5   47745.3
vertex track :         10   3  63    4229668  1.0658 -0.1222  167903.4   48918.9     308.6     0   209.8
   64 2      1  1.0688 -0.0944   44333.2   51950.0   -2648.3  1.0667 -0.1303  164001.4   45536.5 -102432.3
      124.4      48.5   44461.3   51987.4   44438.0   51989.5   44416.1   52122.6   44452.8   51890.8
   65 2      2  1.0141 -0.0807   41605.7   51319.2   -3475.3  1.0667 -0.1303  163119.3   45644.3 -103259.2
      214.4     121.1   41829.0   51423.0   41614.6   51440.0   41593.4   51425.4   41809.8   51181.4
   66 2      3  1.0150 -0.1365   42313.6   52436.6   -5971.8  1.0667 -0.1303  160456.3   45969.7 -105755.7
      379.7     227.9   42720.3   52611.9   42180.9   52684.4   42118.0   52471.1   42659.5   52160.1
vertex track :         31   3  63    5529834  0.0095 -2.4014  168174.4   43879.5     300.9     0 10001.0
   64 2      1  0.0529 -2.4061   46693.0   48275.8   -2873.6  0.0021 -2.3918  167407.1   47698.3 -102642.8
      310.8      11.6   46711.4   47965.3   46708.8   48081.5   46884.6   48793.9   46688.2   47964.8
   65 2      2  0.0224 -2.3973   49092.9   50927.9   -3719.2  0.0021 -2.3918  167405.3   49720.8 -103488.4
      377.6      15.4   49111.8   50550.5   49109.4   50802.2   49284.0   51512.9   49081.1   50550.2
   66 2      3  0.0196 -2.4116   47052.6   55954.1   -6587.1  0.0021 -2.3918  167399.2   56580.3 -106356.3
      615.2      26.8   47084.4   55339.1   47078.5   56063.1   47230.8   56776.7   47030.8   55338.7
vertex track :         35   3  63    5549953  0.9986 -0.6374  167908.3   48831.3     308.6     0     nan
   64 2      1  0.9757 -0.5392   44548.7   53331.2   -2640.6  0.9973 -0.6435  164218.9   46961.1 -102424.4
        nan       nan      -nan       nan       nan       nan       nan       nan       nan       nan
   65 2      2  0.9307 -0.7327   41971.3   53112.6   -3465.9  0.9973 -0.6435  163395.9   47492.2 -103249.7
        nan       nan      -nan       nan       nan       nan       nan       nan       nan       nan
   66 2      3  0.9192 -0.7058   42696.7   55627.1   -5963.9  0.9973 -0.6435  160904.6   49099.5 -105747.7
        nan       nan      -nan       nan       nan       nan       nan       nan       nan       nan
vertex track :         94   3  64    2902221 -1.0943  1.0192  168864.0   46113.7     237.7     0   300.2
   61 2     -2 -1.0905  1.0198   41513.0   51649.9    6568.1 -1.0899  1.0277  161744.1   50754.2  -95820.0
      456.4     201.2   41042.2   51814.7   41479.9   51405.4   42192.6   51696.1   41317.1   52108.5
   62 2     -1 -1.1038  1.0057   46877.3   50866.9    3720.6 -1.0899  1.0277  164847.5   47827.8  -98667.4
      243.4      96.6   46632.3   50959.4   46760.3   50842.8   47331.2   50985.4   46762.4   51102.3
   63 2      0 -1.0860  1.0240   46347.0   48262.6    2867.0 -1.0899  1.0277  165777.8   46950.6  -99521.0
      156.0      36.6   46208.4   48342.9   46207.3   48343.9   46694.6   48393.2   46258.6   48396.2
vertex track :        100   3  64    2903412 -1.6664  1.9107  170682.0   43647.4     227.8     0     nan
   61 2     -2 -1.6502  1.7916   39249.5   55061.5    6204.0 -1.6536  1.9192  160572.2   53229.7  -96180.5
        nan       nan      -nan       nan       nan       nan       nan       nan       nan       nan
   62 2     -1 -1.6904  2.1974   42375.2   48017.7    3451.2 -1.6536  1.9192  165124.2   47946.4  -98933.3
        nan       nan      -nan       nan       nan       nan       nan       nan       nan       nan
   63 2      0 -1.6993  2.0401   45162.8   43982.5    2646.1 -1.6536  1.9192  166455.5   46401.2  -99738.4
        nan       nan      -nan       nan       nan       nan       nan       nan       nan       nan
vertex track :        103   3  64    3101553 -1.6122  0.2514  170127.8   46731.6     233.3     0     nan
   61 2     -2 -1.6075  0.2497   39587.7   47527.1    6598.5 -1.6170  0.2695  159625.9   46564.7  -95784.3
        nan       nan      -nan       nan       nan       nan       nan       nan       nan       nan
   62 2     -1 -1.6117  0.2330   46367.4   48825.7    3716.1 -1.6170  0.2695  164286.9   45788.0  -98666.7
        nan       nan      -nan       nan       nan       nan       nan       nan       nan       nan
   63 2      0 -1.6071  0.2605   46231.0   46851.5    2867.4 -1.6170  0.2695  165659.2   45559.3  -99515.4
        nan       nan      -nan       nan       nan       nan       nan       nan       nan       nan
vertex track :        105   3  64    3102324 -0.6560  1.9055  167774.8   47646.4     238.5     0     nan
   61 2     -2 -0.6224  1.7656   43167.2   59073.1    6212.0 -0.6430  1.9020  163718.0   57155.5  -96173.0
        nan       nan      -nan       nan       nan       nan       nan       nan       nan       nan
   62 2     -1 -0.7279  1.9321   43190.1   52013.2    3441.9 -0.6430  1.9020  165499.2   51886.9  -98943.1
        nan       nan      -nan       nan       nan       nan       nan       nan       nan       nan
   63 2      0 -0.7429  1.8406   45310.2   47952.0    2636.8 -0.6430  1.9020  166016.9   50355.6  -99748.2
        nan       nan      -nan       nan       nan       nan       nan       nan       nan       nan
vertex track :        124   3  64    4005803  1.5524  2.0128  167666.1   47537.4     238.5     0     nan
   61 2     -2  1.4994  1.9492   56746.0   59289.1    6593.2  1.5693  1.9816  177421.4   58279.2  -95791.9
        nan       nan      -nan       nan       nan       nan       nan       nan       nan       nan
   62 2     -1  1.5326  2.0327   54768.9   55798.0    3718.1  1.5693  1.9816  172909.4   52581.8  -98667.1
        nan       nan      -nan       nan       nan       nan       nan       nan       nan       nan
   63 2      0  1.5641  2.0026   52178.0   52263.0    2864.8  1.5693  1.9816  171570.3   50890.9  -99520.4
        nan       nan      -nan       nan       nan       nan       nan       nan       nan       nan
vertex track :        131   3  64    4207960 -3.3263  3.6210  172673.6   41731.1     224.9     0  5147.0
   61 2     -2 -3.4155  3.4228   30273.0   64541.8    6170.4 -3.2874  3.6248  152898.7   61370.4  -96216.5
     1910.1      60.9   28880.8   65850.8   30861.9   63865.5   31871.9   63446.1   28966.9   65936.8
   62 2     -1 -3.6518  3.7004   38054.1   52403.1    3430.1 -3.2874  3.6248  161907.1   51437.2  -98956.8
     1057.4      30.3   37289.8   53134.4   38008.4   52406.3   39024.8   51885.5   37333.0   53177.1
   63 2      0 -3.2495  3.4093   42376.1   46976.5    2631.3 -3.2874  3.6248  164533.2   48541.5  -99755.6
      814.1      17.4   41801.8   47553.8   42242.8   47091.1   43157.1   46612.7   41827.0   47577.9
vertex track :        136   3  64    4422783 -4.0547 -0.2284  177600.1   47566.3     223.0     0   759.7
   61 2     -2 -4.0205 -0.2025   31784.2   45370.4    6601.8 -4.0736 -0.1779  151453.9   44452.4  -95772.0
     1816.8     270.7   29983.4   45008.6   32768.0   45148.9   33791.0   45942.0   29956.1   45549.4
   62 2     -1 -4.0456 -0.2747   45380.6   47971.5    3721.0 -4.0736 -0.1779  163189.2   44964.9  -98652.8
      971.1     129.8   44420.5   47776.3   45508.8   47850.1   46546.7   48376.5   44402.9   48035.2
   63 2      0 -4.0390 -0.2037   47207.5   46398.3    2868.5 -4.0736 -0.1779  166661.8   45116.5  -99505.3
      663.8      50.3   46547.1   46314.6   47024.8   46338.7   48073.9   46691.8   46542.0   46415.1
