groupid:   7770, ntrk: 25
vertex track :          0   3 125    4280988  0.1430 -0.0272  140715.4   56215.6     351.2    13 10000.6
  126 2      1  0.1432 -0.0268   18389.7   55366.5   -2865.4  0.1421 -0.0291  137546.5   53268.3 -215829.4
       17.4       1.3   18407.1   55364.6   18402.9   55365.4   18582.5   55578.4   18406.6   55362.0
  127 2      2  0.1435 -0.0252   18434.5   55092.2   -3718.4  0.1421 -0.0291  137425.3   53293.2 -216682.3
       21.0       2.0   18455.6   55090.6   18444.3   55092.5   18623.6   55303.9   18454.9   55086.6
  128 2      3  0.1428 -0.0276   20292.7   55745.3   -6586.4  0.1421 -0.0291  137017.7   53376.7 -219550.4
       33.8       3.6   20326.5   55742.4   20290.2   55749.4   20469.0   55958.1   20325.2   55735.3
vertex track :         13   3 125    3373665  1.0577  0.4187  140751.0   56222.6     351.2     0     nan
  126 2      1  1.0487  0.4535   18674.9   54480.5   -2783.8  1.0626  0.4133  134708.3   51885.7 -215747.7
        nan       nan      -nan       nan       nan       nan       nan       nan       nan       nan
  127 2      2  1.1489  0.5285   16671.1   56982.2   -3612.4  1.0626  0.4133  133827.8   51543.2 -216576.4
        nan       nan      -nan       nan       nan       nan       nan       nan       nan       nan
  128 2      3  1.0801  0.5375   13861.6   52517.7   -6125.3  1.0626  0.4133  131157.7   50504.7 -219089.2
        nan       nan      -nan       nan       nan       nan       nan       nan       nan       nan
vertex track :         34   3 125    3418565  2.3929  2.2541  142059.1   57564.4     349.2     0   154.9
  126 2      1  2.3899  2.2584   13452.6   50331.0   -2867.6  2.4045  2.2374  131628.7   47325.4 -215826.1
     1176.8     307.1   14097.0   51362.5   12888.2   50220.3   13020.6   49511.8   14518.9   50916.1
  127 2      2  2.3650  2.2746   11700.9   48089.2   -3718.8  2.4045  2.2374  129582.1   45421.0 -216677.3
     2642.9     746.2   13088.5   50459.1    9775.5   47272.6   10525.7   45931.5   14123.0   49383.4
  128 2      3  2.4011  2.2213    7701.5   43158.7   -6587.3  2.4045  2.2374  122684.8   39003.0 -219545.8
     5102.8    1452.8   10460.7   47690.3    3473.4   41226.4    5154.6   38839.3   12433.8   45557.5
vertex track :         78   3 125    4281931  1.2249 -1.1876  141169.2   55720.6     349.4     0     nan
  126 2      1  1.2166 -1.1366   18595.3   58550.9   -2772.9  1.2220 -1.1997  134641.3   56420.8 -215735.0
        nan       nan      -nan       nan       nan       nan       nan       nan       nan       nan
  127 2      2  1.2692 -1.1295   16402.8   62433.7   -3594.3  1.2220 -1.1997  133637.5   57406.3 -216556.4
        nan       nan      -nan       nan       nan       nan       nan       nan       nan       nan
  128 2      3  1.1412 -1.1649   13034.9   62457.8   -6111.3  1.2220 -1.1997  130561.7   60426.0 -219073.4
        nan       nan      -nan       nan       nan       nan       nan       nan       nan       nan
vertex track :        110   3 125    4698198 -2.0855  1.0946  134794.1   59210.1     362.0     0     nan
  126 2      1 -2.0898  1.0888   18664.5   55243.0   -2865.6 -2.1006  1.1121  138838.2   52621.4 -215845.4
        nan       nan      -nan       nan       nan       nan       nan       nan       nan       nan
  127 2      2 -2.0997  1.0630   20585.9   54049.5   -3718.0 -2.1006  1.1121  140628.8   51673.4 -216697.8
        nan       nan      -nan       nan       nan       nan       nan       nan       nan       nan
  128 2      3 -2.0758  1.1002   28080.9   51755.3   -6586.1 -2.1006  1.1121  146653.5   48483.9 -219565.8
        nan       nan      -nan       nan       nan       nan       nan       nan       nan       nan
vertex track :        135   3 125    5093632 -1.4919 -0.6443  137997.0   55261.1     350.6     0 10001.0
  126 2      1 -1.4848 -0.7033   23213.9   56563.4   -2780.8 -1.5150 -0.6451  140002.2   54246.7 -215748.8
      177.5       8.6   23057.2   56479.6   23066.3   56483.9   23579.2   56856.5   23049.8   56495.2
  127 2      2 -1.5028 -0.6675   23414.7   59949.4   -3598.4 -1.5150 -0.6451  141240.8   54774.1 -216566.4
      211.0      11.3   23226.4   59853.4   23296.5   59884.6   23811.4   60254.6   23217.3   59874.0
  128 2      3 -1.4835 -0.5125   27866.1   58856.4   -6148.2 -1.5150 -0.6451  145103.8   56419.0 -219116.2
      323.1      18.8   27566.9   58733.2   27866.1   58836.6   28373.9   59189.1   27554.6   58768.6
vertex track :        162   3 126    2505356  2.3124  2.1244  133312.6   50585.5     310.3     0     nan
  123 2     -2  2.3089  2.1252   25745.3   64727.7    6599.7  2.3231  2.1036  146525.1   60973.0 -209135.3
        nan       nan      -nan       nan       nan       nan       nan       nan       nan       nan
  124 2     -1  2.2995  2.1344   19669.0   57463.9    3727.6  2.3231  2.1036  139852.9   54931.0 -212007.5
        nan       nan      -nan       nan       nan       nan       nan       nan       nan       nan
  125 2      0  2.2829  2.1474   20042.6   56379.1    2865.6  2.3231  2.1036  137850.7   53117.9 -212869.4
        nan       nan      -nan       nan       nan       nan       nan       nan       nan       nan
vertex track :        166   3 126    2549781  2.2015  1.4887  136236.6   54158.9     308.8     0     nan
  123 2     -2  2.1830  1.2244   30184.9   64152.2    6574.5  2.2127  1.4743  148752.3   60561.8 -209143.8
        nan       nan      -nan       nan       nan       nan       nan       nan       nan       nan
  124 2     -1  2.4291  1.6417   26256.2   62054.3    3611.4  2.2127  1.4743  142195.9   56193.5 -212106.9
        nan       nan      -nan       nan       nan       nan       nan       nan       nan       nan
  125 2      0  2.0939  1.7130   20005.7   57926.8    2766.2  2.2127  1.4743  140325.6   54947.3 -212952.1
        nan       nan      -nan       nan       nan       nan       nan       nan       nan       nan
vertex track :        173   3 126    2550468  1.0653  1.2851  138344.7   55289.3     305.9     0     nan
  123 2     -2  1.0641  1.2865   22559.1   63878.7    6583.9  1.0763  1.2778  143778.7   60475.5 -209125.3
        nan       nan      -nan       nan       nan       nan       nan       nan       nan       nan
  124 2     -1  1.0580  1.2913   20162.1   59146.1    3721.2  1.0763  1.2778  140697.6   56817.5 -211988.0
        nan       nan      -nan       nan       nan       nan       nan       nan       nan       nan
  125 2      0  1.0452  1.2966   21570.1   58745.1    2869.3  1.0763  1.2778  139780.7   55728.8 -212839.9
        nan       nan      -nan       nan       nan       nan       nan       nan       nan       nan
vertex track :        182   3 126    2551637  1.5229  1.0185  135318.0   53369.3     309.7     0     nan
  123 2     -2  1.3361  1.2349   24928.0   60294.1    6529.2  1.5338  1.0098  143495.8   56814.7 -209193.6
        nan       nan      -nan       nan       nan       nan       nan       nan       nan       nan
  124 2     -1  1.6087  0.9644   22830.2   59518.4    3579.6  1.5338  1.0098  138971.8   53836.1 -212143.2
        nan       nan      -nan       nan       nan       nan       nan       nan       nan       nan
  125 2      0  1.5176  1.0172   17159.1   55757.8    2778.9  1.5338  1.0098  137743.6   53027.5 -212943.9
        nan       nan      -nan       nan       nan       nan       nan       nan       nan       nan
vertex track :        187   3 126    2649251  1.4569  1.1988  135598.5   52938.0     307.9     0     nan
  123 2     -2  1.4371  1.2037   22378.3   60958.2    6582.7  1.4681  1.1898  143448.1   57565.3 -209139.4
        nan       nan      -nan       nan       nan       nan       nan       nan       nan       nan
  124 2     -1  1.5285  1.1307   18844.1   56493.7    3738.8  1.4681  1.1898  139272.9   54181.4 -211983.4
        nan       nan      -nan       nan       nan       nan       nan       nan       nan       nan
  125 2      0  1.4348  1.2070   19959.3   56162.2    2866.7  1.4681  1.1898  137992.6   53143.8 -212855.5
        nan       nan      -nan       nan       nan       nan       nan       nan       nan       nan
vertex track :        198   3 126    2691818  1.0815 -1.9490  138440.6   57122.6     307.5     0     nan
  123 2     -2  1.1527 -1.9110   25016.7   44737.5    6615.0  1.0808 -1.9783  143946.7   41817.4 -209089.7
        nan       nan      -nan       nan       nan       nan       nan       nan       nan       nan
  124 2     -1  1.3529 -1.8448   24390.3   52336.6    3643.0  1.0808 -1.9783  140734.5   47696.9 -212061.7
        nan       nan      -nan       nan       nan       nan       nan       nan       nan       nan
  125 2      0  1.0081 -1.7765   19100.8   51041.4    2787.6  1.0808 -1.9783  139810.0   49389.1 -212917.0
        nan       nan      -nan       nan       nan       nan       nan       nan       nan       nan
vertex track :        199   3 126    2691832  2.0102 -1.3421  136934.2   57437.5     312.5     0     nan
  123 2     -2  2.0115 -1.3427   27380.9   48796.7    6578.7  2.0205 -1.3640  148276.0   46071.8 -209131.4
        nan       nan      -nan       nan       nan       nan       nan       nan       nan       nan
  124 2     -1  1.9393 -1.2655   22236.3   51832.3    3717.7  2.0205 -1.3640  142495.5   49974.2 -211992.4
        nan       nan      -nan       nan       nan       nan       nan       nan       nan       nan
  125 2      0  2.0223 -1.3205   22857.5   53641.0    2861.9  2.0205 -1.3640  140766.3   51141.6 -212848.2
        nan       nan      -nan       nan       nan       nan       nan       nan       nan       nan
vertex track :        203   3 126    2692530  2.1562 -0.7779  133095.3   58218.6     318.4     0     nan
  123 2     -2  2.1493 -0.8480   26804.6   53435.5    6583.9  2.1639 -0.7944  145308.3   50443.1 -209134.8
        nan       nan      -nan       nan       nan       nan       nan       nan       nan       nan
  124 2     -1  2.1083 -0.5677   23058.1   57682.4    3606.0  2.1639 -0.7944  138864.5   52808.9 -212112.7
        nan       nan      -nan       nan       nan       nan       nan       nan       nan       nan
  125 2      0  2.1700 -0.8046   16751.3   55452.0    2779.1  2.1639 -0.7944  137075.2   53465.8 -212939.6
        nan       nan      -nan       nan       nan       nan       nan       nan       nan       nan
vertex track :        224   3 126    3211524 -0.6365  1.8612  139911.2   53824.0     302.8     0     nan
  123 2     -2 -0.6361  1.8507   12966.1   66242.9    6579.2 -0.6265  1.8601  134656.4   62647.3 -209130.3
        nan       nan      -nan       nan       nan       nan       nan       nan       nan       nan
  124 2     -1 -0.6400  1.8518   15539.7   59750.2    3716.1 -0.6265  1.8601  136450.2   57321.8 -211993.4
        nan       nan      -nan       nan       nan       nan       nan       nan       nan       nan
  125 2      0 -0.6694  1.8563   18437.7   58847.0    2869.9 -0.6265  1.8601  136980.3   55747.8 -212839.6
        nan       nan      -nan       nan       nan       nan       nan       nan       nan       nan
vertex track :        231   3 126    3367455 -2.0374 -1.9423  143079.0   59734.2     302.5     0     nan
  123 2     -2 -2.1611 -1.7965    9400.4   47591.6    6659.7 -2.0787 -1.9618  128594.1   44425.5 -209026.7
        nan       nan      -nan       nan       nan       nan       nan       nan       nan       nan
  124 2     -1 -2.1110 -2.1502   17466.0   54808.9    3607.9 -2.0787 -1.9618  134937.9   50412.5 -212078.5
        nan       nan      -nan       nan       nan       nan       nan       nan       nan       nan
  125 2      0 -2.1864 -1.8132   14648.8   53742.7    2772.9 -2.0787 -1.9618  136673.7   52050.6 -212913.5
        nan       nan      -nan       nan       nan       nan       nan       nan       nan       nan
vertex track :        234   3 126    3368704  1.4221 -1.7150  137420.7   58113.6     309.7     0     nan
  123 2     -2  1.4250 -1.7121   24063.2   46935.5    6569.7  1.4250 -1.7417  145030.1   44393.7 -209134.7
        nan       nan      -nan       nan       nan       nan       nan       nan       nan       nan
  124 2     -1  1.4272 -1.6859   20500.4   51190.7    3709.4  1.4250 -1.7417  140954.2   49375.4 -211995.1
        nan       nan      -nan       nan       nan       nan       nan       nan       nan       nan
  125 2      0  1.4379 -1.6942   21716.5   53263.4    2866.2  1.4250 -1.7417  139752.7   50843.9 -212838.2
        nan       nan      -nan       nan       nan       nan       nan       nan       nan       nan
vertex track :        235   3 126    3368737 -0.8128 -0.7409  140661.9   57370.3     303.7     0     nan
  123 2     -2 -0.7626 -0.6393   14888.0   53047.9    6595.5 -0.8253 -0.7463  134171.8   49837.4 -209102.3
        nan       nan      -nan       nan       nan       nan       nan       nan       nan       nan
  124 2     -1 -0.8753 -0.6735   19588.8   56846.0    3657.8 -0.8253 -0.7463  136596.3   52029.9 -212040.0
        nan       nan      -nan       nan       nan       nan       nan       nan       nan       nan
  125 2      0 -0.8331 -0.6780   15788.9   54737.8    2778.2 -0.8253 -0.7463  137322.2   52686.4 -212919.6
        nan       nan      -nan       nan       nan       nan       nan       nan       nan       nan
vertex track :        253   3 126    3801880  0.1860  2.1368  138940.6   56212.8     306.0     0   348.4
  123 2     -2  0.1215  2.1811   17437.5   70271.2    6586.8  0.1973  2.1279  138865.7   66743.3 -209118.8
      764.4     255.5   17224.9   71048.7   17165.3   69980.2   17860.2   69705.9   17735.2   71020.2
  124 2     -1  0.1162  2.2025   17504.9   63126.1    3719.3  0.1973  2.1279  138300.0   60641.7 -211986.3
      398.1     121.2   17404.9   63530.0   17387.3   63197.5   17815.1   62934.4   17646.9   63517.3
  125 2      0  0.1637  2.1380   19696.8   61994.1    2866.9  0.1973  2.1279  138131.9   58827.8 -212838.7
      248.4      45.4   19670.5   62245.3   19667.0   62198.9   19933.3   61955.1   19761.1   62238.3
vertex track :        256   3 126    3801966 -1.4507  0.3900  140288.9   55704.7     303.9     0     nan
  123 2     -2 -1.4989  0.3260   10530.1   58942.9    6612.5 -1.4575  0.3960  129784.5   55359.2 -209091.4
        nan       nan      -nan       nan       nan       nan       nan       nan       nan       nan
  124 2     -1 -1.5222  0.4728   16890.6   59439.8    3622.4 -1.4575  0.3960  134142.6   54175.2 -212081.5
        nan       nan      -nan       nan       nan       nan       nan       nan       nan       nan
  125 2      0 -1.4403  0.3053   13570.5   56284.5    2769.4 -1.4575  0.3960  135386.0   53837.4 -212934.5
        nan       nan      -nan       nan       nan       nan       nan       nan       nan       nan
vertex track :        261   3 126    3817579 -1.4562 -1.6765  143388.7   60678.3     301.8     0   123.7
  123 2     -2 -1.4622 -1.6775   10993.1   49722.5    6581.0 -1.4809 -1.6917  132826.5   47223.3 -209101.9
     2669.9    1077.4   10051.1   47002.0   13252.5   50674.9   12143.8   52651.4    8426.7   48417.8
  124 2     -1 -1.4912 -1.7217   16033.9   53892.5    3708.6 -1.4809 -1.6917  137080.3   52082.4 -211974.3
     1274.4     509.5   15584.7   52595.6   16940.2   54160.7   16691.5   55397.7   14814.4   53262.8
  125 2      0 -1.4301 -1.6763   19659.5   55910.4    2868.9 -1.4809 -1.6917  138323.8   53502.9 -212814.1
      518.9     189.9   19467.2   55392.4   19840.4   55829.9   20060.4   56636.7   19178.3   55638.9
vertex track :        282   3 126    4244502  0.5567  1.6810  137727.4   51208.5     302.4     0     nan
  123 2     -2  0.5713  1.5672   20931.2   62739.4    6566.7  0.5688  1.6744  139932.7   58840.8 -209153.5
        nan       nan      -nan       nan       nan       nan       nan       nan       nan       nan
  124 2     -1  0.5939  1.6737   21689.7   59711.5    3636.5  0.5688  1.6744  138266.1   53934.5 -212083.7
        nan       nan      -nan       nan       nan       nan       nan       nan       nan       nan
  125 2      0  0.5693  1.7387   16796.8   55497.4    2779.0  0.5688  1.6744  137778.3   52498.7 -212941.2
        nan       nan      -nan       nan       nan       nan       nan       nan       nan       nan
vertex track :        293   3 126    4427575 -1.2000  1.1536  141816.2   53488.1     299.4     0     nan
  123 2     -2 -1.2022  1.1423   11171.7   61190.0    6575.7 -1.1976  1.1591  132985.8   57900.4 -209129.6
        nan       nan      -nan       nan       nan       nan       nan       nan       nan       nan
  124 2     -1 -1.2148  1.1189   15340.9   56948.4    3713.9 -1.1976  1.1591  136413.0   54583.4 -211991.4
        nan       nan      -nan       nan       nan       nan       nan       nan       nan       nan
  125 2      0 -1.2106  1.1474   18798.8   56578.3    2871.5 -1.1976  1.1591  137421.8   53607.0 -212833.8
        nan       nan      -nan       nan       nan       nan       nan       nan       nan       nan
vertex track :        298   3 126    4428340  3.1171  4.1241  137379.6   53851.2     304.8     0     nan
  123 2     -2  3.9796  5.2697   37484.6   81352.5    6488.7  3.1172  4.0613  155314.9   76125.4 -209225.3
        nan       nan      -nan       nan       nan       nan       nan       nan       nan       nan
  124 2     -1  3.1258  4.0736   30928.3   71441.6    3625.2  3.1172  4.0613  146388.8   64496.0 -212088.8
        nan       nan      -nan       nan       nan       nan       nan       nan       nan       nan
  125 2      0  3.0332  3.4105   23645.1   65117.5    2763.1  3.1172  4.0613  143701.5   60994.8 -212950.9
        nan       nan      -nan       nan       nan       nan       nan       nan       nan       nan
vertex track :        310   3 126    4428846 -1.4534  0.0769  139388.0   56063.7     307.8     0     nan
  123 2     -2 -1.4810  0.0709    6947.4   56696.0    6593.0 -1.4636  0.0814  128876.7   53737.8 -209114.5
        nan       nan      -nan       nan       nan       nan       nan       nan       nan       nan
  124 2     -1 -1.4408  0.0904   11964.8   55634.6    3706.4 -1.4636  0.0814  133101.5   53503.0 -212001.1
        nan       nan      -nan       nan       nan       nan       nan       nan       nan       nan
  125 2      0 -1.4589  0.0550   15670.2   56129.0    2869.9 -1.4636  0.0814  134325.8   53434.9 -212837.6
        nan       nan      -nan       nan       nan       nan       nan       nan       nan       nan
