groupid:   8130, ntrk:  7
vertex track :          0   3  51    6868346 -0.0119 -0.5045  108108.2  145092.1     296.9    13  1295.6
   52 3      1 -0.0095 -0.5050  104108.2   67073.3   -2864.7 -0.0149 -0.5201  105839.0  144805.5  -79932.2
       50.9       6.1  104113.3   67022.2  104113.3   67018.0  104313.0   67333.8  104101.1   67022.5
   53 3      2 -0.0117 -0.5045  106925.0   69497.4   -3714.9 -0.0149 -0.5201  105851.7  145247.7  -80782.5
       61.1      12.5  106936.1   69436.0  106936.4   69452.3  107124.0   69768.3  106911.2   69436.6
   54 3      3 -0.0051 -0.5059  106816.6   69770.5   -6579.3 -0.0149 -0.5201  105894.4  146737.3  -83646.9
       96.7      23.9  106839.6   69673.6  106840.5   69760.7  107003.7   70076.9  106791.8   69674.1
vertex track :         12   3  51    5838340  1.4059  1.3524  111062.7  148795.0     296.8     0   382.0
   52 3      1  1.2260  1.2533  110803.7   71033.7   -3270.4  1.3812  1.3634  103807.6  142083.4  -80309.0
      278.8      56.4  110958.3   71272.5  110825.8   71137.1  110860.3   71006.2  111039.0   71193.6
   53 3      2  1.4162  1.5041  107763.8   65268.2   -4066.0  1.3812  1.3634  102708.8  140998.7  -81104.6
      406.3     127.8  107949.3   65651.6  107689.7   65375.9  107789.8   65096.3  108135.4   65476.4
   54 3      3  1.5766  1.5143  101095.1   65911.3   -7275.6  1.3812  1.3634   98275.5  136622.8  -84314.2
      738.0     254.6  101451.0   66606.1  100717.6   65901.7  100950.7   65428.0  101803.7   66239.0
vertex track :         15   3  51    5838575  0.4434  0.8802  109428.9  148907.5     302.0     0   115.9
   52 3      1  0.4405  0.8836  103983.4   66339.9   -2866.7  0.4353  0.8883  105726.1  144238.3  -79915.7
      193.5     119.1  103963.2   66566.2  103883.0   66405.4  104214.1   66324.4  104176.4   66459.9
   53 3      2  0.4422  0.8825  106387.3   67638.5   -3719.4  0.4353  0.8883  105354.9  143480.9  -80768.3
      425.3     291.7  106317.0   68149.5  106028.8   67574.3  106668.0   67338.4  106838.6   67888.1
   54 3      3  0.4308  0.8873  104942.6   63399.3   -6590.9  0.4353  0.8883  104105.1  140930.0  -83639.9
      821.7     571.3  104787.6   64388.0  104160.2   63096.0  105308.0   62621.5  105815.4   63888.9
vertex track :         58   3  51    6331348 -0.8798  1.4642  105807.1  150361.7     301.5     0   450.6
   52 3      1 -0.7422  1.4973  112033.4   72346.7   -3261.1 -0.8816  1.4749  106630.1  143261.1  -80315.0
      223.1      40.6  111898.0   72528.6  111940.3   72443.2  112378.1   72376.3  111970.7   72564.6
   53 3      2 -0.8665  1.2628  110881.1   66633.4   -4075.4 -0.8816  1.4749  107348.0  142060.1  -81129.2
      304.7      91.5  110633.2   66832.9  110796.1   66595.5  111338.1   66645.2  110784.2   66936.5
   54 3      3 -0.8699  1.5892  110691.0   66793.6   -7309.7 -0.8816  1.4749  110199.5  137289.8  -84363.5
      539.4     182.7  110271.8   67179.0  110607.1   66566.4  111319.3   66619.7  110592.2   67354.4
vertex track :        240   3  52    6041930 -0.5343 -4.1899  104969.4  155576.8     167.9     0   475.3
   49 3     -2 -0.5378 -4.2029  104936.6   54100.0    6586.3 -0.5794 -4.3413  103807.0  128313.6  -73550.0
     2558.1     471.5  105079.6   51502.8  105616.0   55695.0  105003.1   56903.1  104144.3   51622.4
   50 3     -1 -0.4735 -4.1540  105043.8   59846.0    3720.4 -0.5794 -4.3413  105467.6  140755.3  -76415.9
     1321.0     227.9  105120.6   58507.6  105320.4   60260.3  105176.5   61390.1  104667.8   58559.3
   51 3      0 -0.4676 -4.1803  106297.7   65875.2    2869.6 -0.5794 -4.3413  105960.6  144449.0  -77266.8
      784.1      87.5  106297.6   65086.3  106373.7   65766.8  106507.4   66870.0  106123.6   65105.8
vertex track :        262   3  52    6277076 -1.1158  0.4289  106248.5  142083.4     161.0     0     nan
   49 3     -2 -1.1828  0.3568   96215.3   62420.7    6070.5 -1.1001  0.4379  102163.6  145005.2  -74116.9
        nan       nan      -nan       nan       nan       nan       nan       nan       nan       nan
   50 3     -1 -1.1478  0.4086   96918.2   63051.0    4117.0 -1.1001  0.4379  104312.5  144149.9  -76070.4
        nan       nan      -nan       nan       nan       nan       nan       nan       nan       nan
   51 3      0 -1.1833  0.3689   98314.9   61270.5    3200.7 -1.1001  0.4379  105320.5  143748.6  -76986.7
        nan       nan      -nan       nan       nan       nan       nan       nan       nan       nan
vertex track :        303   3  52    6431037 -2.1670 -4.4850  109293.5  155765.9     163.9     0  1585.2
   49 3     -2 -2.1978 -4.4150   99409.1   52402.0    6584.2 -2.2814 -4.5862   97213.9  126880.1  -73559.4
     2269.1     177.5   98556.8   50291.6  100117.7   53427.1  100469.2   54718.0   98239.1   50449.7
   50 3     -1 -2.1691 -4.4280  102661.1   58942.4    3723.8 -2.2814 -4.5862  103739.7  139998.5  -76419.9
     1260.4      86.6  102184.4   57772.4  102837.8   59106.2  103345.6   60317.9  102028.9   57848.6
   51 3      0 -2.1083 -4.5697  105391.5   65032.1    2869.9 -2.2814 -4.5862  105687.9  143914.8  -77273.8
      936.8      36.2  105031.9   64166.3  105374.1   64907.9  105958.9   66103.3  104966.2   64196.7
