groupid:   8508, ntrk: 11
vertex track :          0   3  47    8776556 -0.1185 -0.1634  141847.0  143481.9     437.9    13 10000.6
   48 4      1 -0.1191 -0.1634   21516.0   64321.4   -2867.9 -0.1232 -0.1689  142186.3  141333.9  -73582.3
       22.9       1.8   21504.0   64301.8   21506.0   64304.5   21738.0   64550.8   21501.1   64303.9
   49 4      2 -0.1198 -0.1627   23898.5   65006.9   -3718.3 -0.1232 -0.1689  142291.1  141477.5  -74432.7
       27.3       2.5   23884.4   64983.3   23891.6   64993.2   24122.6   65240.2   23880.3   64986.4
   50 4      3 -0.1150 -0.1664   22407.3   63397.0   -6585.9 -0.1232 -0.1689  142644.3  141961.8  -77300.3
       43.2       4.5   22386.5   63358.9   22411.4   63395.0   22638.1   63644.9   22379.1   63364.0
vertex track :         18   3  47    7953366 -0.2785  2.1881  141613.8  146715.8     442.8     0   189.5
   48 4      1 -0.2023  2.0869   23015.0   63295.8   -2983.4 -0.2509  2.1698  142454.5  136595.7  -73687.8
      456.7     146.2   22825.4   63736.3   22871.1   63265.4   23414.4   63067.4   23116.5   63764.5
   49 4      2 -0.2795  2.1207   23996.1   58957.6   -3818.9 -0.2509  2.1698  142664.1  134783.1  -74523.2
      901.8     344.0   23537.3   59806.7   23714.2   58463.9   24664.7   58320.6   24219.4   59896.6
   50 4      3 -0.2101  2.1193   21700.5   54624.9   -5558.9 -0.2509  2.1698  143100.7  131007.6  -76263.3
     1383.3     537.5   21029.2   55948.4   21258.0   53640.3   22581.7   53513.4   22099.0   56054.4
vertex track :         58   3  47    8924864  2.1808  2.4259  147883.8  150298.3     438.4     0   373.6
   48 4      1  2.1905  2.4116   20697.6   63418.3   -2865.5  2.1779  2.3711  140718.0  139728.2  -73538.7
      631.6     102.4   21046.5   63954.7   20657.2   63526.1   20561.0   63094.3   21198.1   63816.9
   49 4      2  2.2017  2.4064   21135.8   61962.2   -3717.7  2.1779  2.3711  138862.0  137707.6  -74390.9
     1054.5     244.6   21667.1   62905.3   20705.8   61854.6   20816.6   61231.5   22028.1   62575.1
   50 4      3  2.1339  2.4816   15838.6   55693.8   -6586.3  2.1779  2.3711  132614.5  130905.7  -77259.5
     1924.8     471.6   16735.9   57460.7   14674.2   55063.0   15153.3   54139.5   17451.0   56845.8
vertex track :        130   3  48    8897254  0.1950  0.9672  141281.5  142208.0     279.3     0     nan
   45 4     -2  0.2027  0.9672   21784.1   69370.3    6599.6  0.2113  0.9600  143286.4  146614.3  -66939.6
        nan       nan      -nan       nan       nan       nan       nan       nan       nan       nan
   46 4     -1  0.1976  0.9741   22504.3   66022.2    3720.4  0.2113  0.9600  142678.0  143850.4  -69818.8
        nan       nan      -nan       nan       nan       nan       nan       nan       nan       nan
   47 4      0  0.2299  0.9753   22975.8   67274.4    2869.3  0.2113  0.9600  142498.1  143033.3  -70669.9
        nan       nan      -nan       nan       nan       nan       nan       nan       nan       nan
vertex track :        131   3  48    8897311 -1.1801  0.6556  142460.1  142183.5     275.6     0     nan
   45 4     -2 -1.1391  0.6698   16368.0   66224.2    7207.9 -1.1692  0.6627  135031.4  145109.6  -66326.2
        nan       nan      -nan       nan       nan       nan       nan       nan       nan       nan
   46 4     -1 -1.1756  0.6005   19453.1   66866.8    3896.3 -1.1692  0.6627  138903.3  142915.0  -69637.7
        nan       nan      -nan       nan       nan       nan       nan       nan       nan       nan
   47 4      0 -1.1097  0.7290   18871.3   63831.0    3047.2 -1.1692  0.6627  139896.1  142352.3  -70486.8
        nan       nan      -nan       nan       nan       nan       nan       nan       nan       nan
vertex track :        134   3  48    8897558 -0.9199 -1.2424  141275.5  142729.0     278.4     0     nan
   45 4     -2 -0.9113 -1.2444   13853.1   53909.3    6582.6 -0.9601 -1.2642  135901.2  133101.3  -66952.3
        nan       nan      -nan       nan       nan       nan       nan       nan       nan       nan
   46 4     -1 -0.9311 -1.2648   18184.3   58006.1    3717.7 -0.9601 -1.2642  138651.9  136723.3  -69817.2
        nan       nan      -nan       nan       nan       nan       nan       nan       nan       nan
   47 4      0 -0.9414 -1.2322   19529.7   61137.9    2867.7 -0.9601 -1.2642  139468.0  137797.8  -70667.2
        nan       nan      -nan       nan       nan       nan       nan       nan       nan       nan
vertex track :        137   3  48    8898239 -0.6898  1.1604  141892.7  141926.8     277.3     0     nan
   45 4     -2 -0.6989  1.1339   18760.5   69150.4    7224.9 -0.6715  1.1570  137896.3  148299.5  -66313.2
        nan       nan      -nan       nan       nan       nan       nan       nan       nan       nan
   46 4     -1 -0.6932  1.0284   20754.4   68323.3    3895.7 -0.6715  1.1570  140132.0  144447.7  -69642.4
        nan       nan      -nan       nan       nan       nan       nan       nan       nan       nan
   47 4      0 -0.6768  1.1516   19655.7   65004.8    3025.3 -0.6715  1.1570  140716.5  143440.7  -70512.8
        nan       nan      -nan       nan       nan       nan       nan       nan       nan       nan
vertex track :        144   3  48    8899244 -0.6701  0.8232  141527.0  142741.6     277.5     0   762.1
   45 4     -2 -0.6763  0.8155   15787.9   68795.5    6593.7 -0.6593  0.8215  138044.0  146271.8  -66939.9
      195.2      53.8   15621.9   68911.4   15729.1   68782.1   16163.2   68890.4   15704.7   68980.1
   46 4     -1 -0.6780  0.8322   19395.7   65999.2    3713.9 -0.6593  0.8215  139942.4  143906.1  -69819.7
      117.2      25.7   19301.8   66073.7   19307.4   66066.9   19699.0   66135.4   19341.7   66106.2
   47 4      0 -0.6506  0.8381   20581.9   67404.7    2865.7 -0.6593  0.8215  140501.7  143209.2  -70667.9
       94.8      10.6   20515.4   67473.0   20495.0   67499.3   20857.7   67547.2   20532.2   67486.1
vertex track :        183   3  48    9994133  2.0499 -1.9058  140047.5  144121.8     279.4     0     nan
   45 4     -2  2.3436 -2.0744   35154.9   51376.3    7275.7  2.0503 -1.9516  155085.5  128824.7  -66253.0
        nan       nan      -nan       nan       nan       nan       nan       nan       nan       nan
   46 4     -1  2.3006 -2.1392   29062.8   59178.2    3908.9  2.0503 -1.9516  148182.7  135395.2  -69619.8
        nan       nan      -nan       nan       nan       nan       nan       nan       nan       nan
   47 4      0  1.9588 -1.9485   25661.9   58280.0    3046.8  2.0503 -1.9516  146415.1  137077.7  -70481.9
        nan       nan      -nan       nan       nan       nan       nan       nan       nan       nan
vertex track :        240   3  48   10493618  0.2209 -0.7736  141506.1  142903.1     277.4     0  4451.4
   45 4     -2  0.2021 -0.7492   22226.9   57542.5    6590.3  0.2083 -0.7895  143504.7  136261.5  -66942.2
      134.7      13.1   22274.6   57415.8   22246.8   57518.6   22389.4   57878.4   22249.3   57409.0
   46 4     -1  0.2053 -0.7498   22807.5   59992.8    3717.2  0.2083 -0.7895  142906.3  138529.8  -69815.3
       83.8       6.9   22836.3   59913.8   22835.1   59918.0   22989.0   60281.1   22823.0   59910.2
   47 4      0  0.2241 -0.7654   23224.1   62686.8    2872.9  0.2083 -0.7895  142730.4  139196.4  -70659.6
       70.7       4.7   23248.5   62620.3   23255.8   62595.2   23410.0   62962.6   23239.5   62617.7
vertex track :        244   3  48   10598916  0.4829  1.6435  140646.7  140549.7     276.6     0   222.2
   45 4     -2  0.3452  1.7398   25177.3   71004.0    7223.4  0.5095  1.6274  144820.3  150185.9  -66324.6
      836.2     378.2   24969.0   71897.8   24716.0   70622.7   25595.8   70321.9   25711.0   71750.6
   46 4     -1  0.3791  1.5308   23878.9   68817.1    3903.9  0.5095  1.6274  143128.9  144783.9  -69644.1
      399.2     170.6   23809.3   69245.6   23697.0   68792.1   24158.9   68600.1   24140.4   69163.6
   47 4      0  0.4337  1.7060   21721.7   65005.3    3007.5  0.5095  1.6274  142672.2  143325.2  -70540.4
      215.3      64.5   21712.3   65229.9   21697.2   65170.8   21941.6   64992.4   21837.2   65198.1
