groupid:   8984, ntrk:  7
vertex track :          0   3  89   11565369 -0.0321  0.0584  107049.2  209808.8     127.9    13 10000.6
   90 5      1 -0.0318  0.0585  108506.1   49710.0   -2864.9 -0.0310  0.0651  107262.9  209032.1 -148208.7
       11.6       0.7  108499.9   49719.9  108504.3   49711.8  108722.2   49910.3  108501.2   49720.5
   91 5      2 -0.0321  0.0586  108412.6   50548.2   -3716.0 -0.0310  0.0651  107289.3  208976.7 -149059.8
       14.6       1.4  108404.4   50560.3  108411.6   50547.1  108630.7   50746.1  108406.8   50561.6
   92 5      3 -0.0320  0.0584  106924.8   48578.5   -6582.1 -0.0310  0.0651  107378.1  208790.1 -151925.9
       24.8       2.6  106910.6   48598.9  106927.7   48567.7  107149.0   48768.0  106915.2   48601.5
vertex track :         10   3  89   10882327 -2.2884 -0.1606  103028.8  209385.9     129.7     0 10001.0
   90 5      1 -2.4369 -0.1708  107688.8   49874.0   -2814.6 -2.2829 -0.1261  109876.0  209224.2 -148158.3
      273.5      10.4  107416.7   49844.5  107450.6   49846.9  108168.5   50113.3  107415.2   49865.3
   91 5      2 -2.2715 -0.1507  107600.3   49540.8   -3645.5 -2.2829 -0.1261  111772.9  209329.0 -148989.2
      333.0      13.9  107269.0   49504.9  107456.5   49517.3  108139.4   49786.6  107267.1   49532.7
   92 5      3 -2.4193 -0.1589  120345.4   50378.2   -7004.8 -2.2829 -0.1261  119442.1  209752.8 -152348.6
      589.5      26.8  119759.0   50312.8  120427.4   50356.8  121139.5   50653.5  119755.4   50366.4
vertex track :         72   3  90    9991540 -1.4539 -0.4675  112404.6  210296.7     140.5     0     nan
   87 5     -2 -1.4634 -0.4757   99229.9   52912.3    6585.9 -1.4575 -0.4710  100792.0  207126.6 -141592.9
        nan       nan      -nan       nan       nan       nan       nan       nan       nan       nan
   88 5     -1 -1.4538 -0.4707  106450.3   56155.6    3724.6 -1.4575 -0.4710  104962.2  208474.4 -144454.1
        nan       nan      -nan       nan       nan       nan       nan       nan       nan       nan
   89 5      0 -1.4713 -0.4774  105137.9   54169.5    2868.5 -1.4575 -0.4710  106210.0  208877.6 -145310.2
        nan       nan      -nan       nan       nan       nan       nan       nan       nan       nan
vertex track :         76   3  90    9992870  0.9439  0.9753  109588.6  209147.1     141.6     0  2792.4
   87 5     -2  1.1331  0.8930  117152.0   59811.1    6531.7  0.9516  0.9845  113444.7  215294.8 -141649.6
      248.3      23.5  117332.5   59983.2  117180.4   59863.4  117182.7   59849.8  117361.6   59946.3
   88 5     -1  0.8867  0.9465  112993.5   54946.1    3623.6  0.9516  0.9845  110677.4  212431.8 -144557.7
      151.4      11.9  113088.3   55064.7  113067.5   55042.6  113109.6   55038.5  113105.7   55048.5
   89 5      0  0.9949  1.1014  112398.6   57058.9    2808.6  0.9516  0.9845  109901.8  211629.4 -145372.7
      126.9       7.2  112478.3   57157.8  112517.2   57200.8  112530.0   57171.0  112489.0   57148.2
vertex track :         79   3  90   10170354 -1.8896 -1.6815  113744.4  213465.1     142.0     0   385.4
   87 5     -2 -1.8808 -1.6908   97808.9   48249.6    6590.4 -1.9055 -1.7056   99270.8  202385.1 -141590.7
     1009.6     291.0   97252.6   47358.2   98359.3   48353.1   98573.3   49349.3   96863.6   47791.0
   88 5     -1 -1.8867 -1.6883  106177.6   54874.7    3714.2 -1.9055 -1.7056  104751.4  207290.5 -144466.8
      532.1     140.8  105874.9   54415.0  106271.8   54770.1  106688.4   55542.8  105687.2   54624.8
   89 5      0 -1.9103 -1.6592  105238.5   53931.8    2866.6 -1.9055 -1.7056  106366.6  208736.2 -145314.5
      333.1      54.4  105022.7   53672.3  105124.5   53760.7  105662.4   54399.6  104951.4   53754.4
vertex track :         94   3  90   10613935  1.3468  0.6333  105922.4  207688.5     142.5     0     nan
   87 5     -2  1.1339  0.6913  116291.0   56060.2    6490.9  1.3488  0.6343  112251.6  211572.5 -141694.2
        nan       nan      -nan       nan       nan       nan       nan       nan       nan       nan
   88 5     -1  1.4886  0.5543  110914.3   52367.3    3632.7  1.3488  0.6343  108396.5  209759.6 -144552.4
        nan       nan      -nan       nan       nan       nan       nan       nan       nan       nan
   89 5      0  1.2992  0.4898  109951.8   54817.6    2811.5  1.3488  0.6343  107288.9  209238.8 -145373.6
        nan       nan      -nan       nan       nan       nan       nan       nan       nan       nan
vertex track :        112   3  90   10849890 -1.4238 -1.8592  113373.2  214984.7     146.2     0     nan
   87 5     -2 -1.4144 -1.8620  100451.4   48645.8    6582.0 -1.4421 -1.8872  101924.3  202785.8 -141604.4
        nan       nan      -nan       nan       nan       nan       nan       nan       nan       nan
   88 5     -1 -1.4213 -1.8652  107515.8   55773.9    3717.7 -1.4421 -1.8872  106055.1  208191.2 -144468.7
        nan       nan      -nan       nan       nan       nan       nan       nan       nan       nan
   89 5      0 -1.4901 -1.8720  106205.3   54948.2    2870.5 -1.4421 -1.8872  107276.9  209790.0 -145315.9
        nan       nan      -nan       nan       nan       nan       nan       nan       nan       nan
