groupid:    892, ntrk: 22
vertex track :          0   3 125    3405296 -0.2760 -0.1952  191162.3   60408.4     305.8    13  1493.6
  126 2      1 -0.2760 -0.1961   70020.1   60155.2   -2869.2 -0.2816 -0.1965  189676.2   57733.8 -215663.9
       35.2       4.6   69994.0   60131.1   69993.4   60130.7   70255.8   60389.1   69988.7   60138.6
  127 2      2 -0.2744 -0.1986   70366.8   60528.9   -3721.4 -0.2816 -0.1965  189916.1   57901.3 -216516.1
       42.5       9.7   70338.0   60496.2   70349.2   60504.3   70605.2   60771.4   70326.7   60511.8
  128 2      3 -0.2774 -0.1930   73408.2   60583.0   -6581.8 -0.2816 -0.1965  190721.5   58463.4 -219376.5
       67.6      18.6   73363.4   60529.2   73416.1   60565.8   73662.8   60846.7   73342.1   60559.7
vertex track :         26   3 125    3405275 -2.2931 -0.2893  189892.2   60354.5     305.8     0  3069.0
  126 2      1 -2.1934 -0.2972   77301.4   60800.2   -2841.7 -2.3249 -0.2813  194823.0   57948.4 -215640.0
      291.5      12.9   77014.2   60748.3   77131.4   60764.2   77796.3   61061.8   77010.8   60773.8
  127 2      2 -2.6759 -0.3304   77881.5   63777.8   -3665.2 -2.3249 -0.2813  196737.6   58180.1 -216463.5
      353.8      21.5   77533.0   63713.1   77673.2   63730.4   78437.2   64052.2   77527.7   63755.8
  128 2      3 -2.2932 -0.0738   84647.8   61823.0   -6369.6 -2.3249 -0.2813  203025.1   58941.0 -219167.9
      565.7      39.2   84083.7   61765.6   84732.9   61786.5   85419.7   62090.3   84081.2   61844.0
vertex track :        159   3 125    5135442 -1.0308  0.7779  189211.5   63435.5     310.6     0  1121.9
  126 2      1 -1.0332  0.7765   70207.6   60426.4   -2871.7 -1.0371  0.7956  190141.7   57646.5 -215678.2
      134.0      12.2   70093.2   60497.1   70090.4   60499.2   70531.0   60566.4   70107.9   60516.6
  127 2      2 -1.0408  0.7645   71182.2   59994.4   -3721.8 -1.0371  0.7956  191023.4   56970.2 -216528.3
      162.1      25.5   71036.4   60069.8   71079.2   60038.4   71536.9   60129.7   71066.6   60110.9
  128 2      3 -1.0222  0.7831   76212.0   57432.6   -6588.0 -1.0371  0.7956  193996.1   54689.9 -219394.5
      258.3      49.0   75977.2   57550.7   76172.5   57401.1   76655.8   57525.3   76036.8   57628.6
vertex track :        180   3 126    2532283  1.7172  2.1113  186247.5   55775.9     229.3   211     nan
  123 2     -2  1.7190  2.1099   74758.9   69810.6    6583.6  1.7237  2.0930  196170.0   65992.8 -208986.6
        nan       nan      -nan       nan       nan       nan       nan       nan       nan       nan
  124 2     -1  1.6920  2.0914   70496.5   62974.6    3718.1  1.7237  2.0930  191230.9   59995.3 -211852.0
        nan       nan      -nan       nan       nan       nan       nan       nan       nan       nan
  125 2      0  1.6911  2.1281   71338.5   62185.8    2868.1  1.7237  2.0930  189765.7   58216.1 -212702.0
        nan       nan      -nan       nan       nan       nan       nan       nan       nan       nan
vertex track :        202   3 126    2675118  1.8745 -1.5178  190342.8   60836.8     229.2   211     nan
  123 2     -2  1.5916 -1.3097   82537.9   51100.0    6634.2  1.8760 -1.5463  201379.1   47856.3 -208915.2
        nan       nan      -nan       nan       nan       nan       nan       nan       nan       nan
  124 2     -1  1.9390 -1.3277   79419.2   58379.2    3694.5  1.8760 -1.5463  195864.1   52401.8 -211854.9
        nan       nan      -nan       nan       nan       nan       nan       nan       nan       nan
  125 2      0  1.8452 -1.4347   73240.1   56515.8    2854.0  1.8760 -1.5463  194287.3   53701.5 -212695.4
        nan       nan      -nan       nan       nan       nan       nan       nan       nan       nan
vertex track :        208   3 126    2675840  1.5637  0.1024  189148.9   60474.9     228.5     0  1350.3
  123 2     -2  1.5669  0.1039   76700.5   61336.2    6600.6  1.5685  0.0929  198155.4   57993.0 -208950.1
      311.0      46.0   77007.8   61402.7   76716.2   61383.3   76604.8   61479.9   77013.9   61310.9
  124 2     -1  1.5636  0.1057   72883.2   60396.7    3714.8  1.5685  0.0929  193629.1   57725.0 -211835.9
      186.3      22.4   73067.5   60431.6   73024.2   60428.7   72910.4   60571.9   73070.5   60386.9
  125 2      0  1.5622  0.1264   73832.9   61246.7    2869.6  1.5685  0.0929  192303.3   57646.5 -212681.1
      151.9      10.4   73983.4   61269.3   74008.8   61271.4   73894.0   61434.2   73985.1   61248.6
vertex track :        211   3 126    2675948  2.0863  1.0116  187207.5   58994.2     231.2   211     nan
  123 2     -2  2.1566  0.9643   80869.7   65917.2    6570.9  2.0897  0.9958  199448.8   62235.4 -208989.4
        nan       nan      -nan       nan       nan       nan       nan       nan       nan       nan
  124 2     -1  2.2100  1.3367   76950.2   65859.8    3689.2  2.0897  0.9958  193427.1   59365.9 -211871.0
        nan       nan      -nan       nan       nan       nan       nan       nan       nan       nan
  125 2      0  2.1498  1.2833   70636.2   62030.7    2824.8  2.0897  0.9958  191620.7   58505.1 -212735.5
        nan       nan      -nan       nan       nan       nan       nan       nan       nan       nan
vertex track :        213   3 126    2676190 -0.4421  1.4536  190842.2   58047.0     223.3   211     nan
  123 2     -2 -0.4394  1.4475   65213.1   67701.3    6584.1 -0.4352  1.4524  187081.0   64189.4 -208967.8
        nan       nan      -nan       nan       nan       nan       nan       nan       nan       nan
  124 2     -1 -0.4528  1.4592   67151.4   62921.9    3697.7 -0.4352  1.4524  188337.1   59997.3 -211854.2
        nan       nan      -nan       nan       nan       nan       nan       nan       nan       nan
  125 2      0 -0.4508  1.4530   69833.0   62577.2    2867.8 -0.4352  1.4524  188698.2   58792.1 -212684.1
        nan       nan      -nan       nan       nan       nan       nan       nan       nan       nan
vertex track :        216   3 126    2676224  1.8391 -0.1176  187005.2   60571.3     234.2   211     nan
  123 2     -2  1.9618  0.1188   78826.5   60186.9    6600.2  1.8438 -0.1303  197743.9   56680.4 -208958.3
        nan       nan      -nan       nan       nan       nan       nan       nan       nan       nan
  124 2     -1  2.1632  0.0929   75730.4   63092.4    3687.5  1.8438 -0.1303  192373.6   57060.0 -211871.0
        nan       nan      -nan       nan       nan       nan       nan       nan       nan       nan
  125 2      0  1.7673  0.1086   69719.5   60217.2    2832.0  1.8438 -0.1303  190796.3   57171.5 -212726.5
        nan       nan      -nan       nan       nan       nan       nan       nan       nan       nan
vertex track :        222   3 126    2719281 -1.5862 -0.9174  192824.0   62035.2     226.9   211     nan
  123 2     -2 -1.6006 -0.9377   59592.8   56135.0    6586.7 -1.6064 -0.9230  181647.6   53086.8 -208955.5
        nan       nan      -nan       nan       nan       nan       nan       nan       nan       nan
  124 2     -1 -1.5788 -0.9418   64901.9   58134.9    3710.6 -1.6064 -0.9230  186267.9   55741.5 -211831.7
        nan       nan      -nan       nan       nan       nan       nan       nan       nan       nan
  125 2      0 -1.5857 -0.9259   68603.3   59861.1    2865.8 -1.6064 -0.9230  187624.9   56521.3 -212676.4
        nan       nan      -nan       nan       nan       nan       nan       nan       nan       nan
vertex track :        225   3 126    2720262  1.7300 -2.0325  187015.7   63949.0     236.9   211     nan
  123 2     -2  2.0322 -2.0859   78020.3   50711.1    6592.3  1.7296 -2.0656  197029.3   47792.7 -208962.3
        nan       nan      -nan       nan       nan       nan       nan       nan       nan       nan
  124 2     -1  2.1093 -1.8341   75403.5   59440.9    3721.2  1.7296 -2.0656  192063.5   53723.1 -211833.4
        nan       nan      -nan       nan       nan       nan       nan       nan       nan       nan
  125 2      0  1.5982 -1.7621   69480.5   58081.7    2836.2  1.7296 -2.0656  190532.7   55551.3 -212718.5
        nan       nan      -nan       nan       nan       nan       nan       nan       nan       nan
vertex track :        226   3 126    2720409  1.6508 -1.3013  186767.6   62938.6     235.0   211     nan
  123 2     -2  1.6351 -1.3017   74915.2   54531.2    6587.3  1.6519 -1.3241  196275.2   51490.2 -208967.6
        nan       nan      -nan       nan       nan       nan       nan       nan       nan       nan
  124 2     -1  1.6524 -1.2937   70820.8   57665.1    3712.3  1.6519 -1.3241  191525.8   55297.1 -211842.7
        nan       nan      -nan       nan       nan       nan       nan       nan       nan       nan
  125 2      0  1.6686 -1.2857   71714.9   59694.1    2869.7  1.6519 -1.3241  190134.0   56412.8 -212685.2
        nan       nan      -nan       nan       nan       nan       nan       nan       nan       nan
vertex track :        237   3 126    3329778 -1.9689  1.8251  194415.0   56112.3     220.6   211     nan
  123 2     -2 -2.1454  1.4492   60921.8   68331.9    6560.1 -1.9610  1.8325  180997.2   64605.4 -208992.3
        nan       nan      -nan       nan       nan       nan       nan       nan       nan       nan
  124 2     -1 -1.9741  2.0130   69215.5   65717.2    3719.6 -1.9610  1.8325  186567.7   59400.1 -211832.9
        nan       nan      -nan       nan       nan       nan       nan       nan       nan       nan
  125 2      0 -1.8316  1.6886   66278.9   61329.7    2818.8 -1.9610  1.8325  188334.1   57749.5 -212733.7
        nan       nan      -nan       nan       nan       nan       nan       nan       nan       nan
vertex track :        242   3 126    3330333  1.1814  2.1553  186397.6   54106.4     227.5   211     nan
  123 2     -2  1.1864  2.1618   71403.9   68432.1    6587.4  1.1900  2.1398  192926.7   64623.3 -208986.5
        nan       nan      -nan       nan       nan       nan       nan       nan       nan       nan
  124 2     -1  1.1624  2.2033   68656.5   61697.0    3717.8  1.1900  2.1398  189512.0   58483.1 -211856.0
        nan       nan      -nan       nan       nan       nan       nan       nan       nan       nan
  125 2      0  1.1347  2.1819   69996.2   60634.5    2870.2  1.1900  2.1398  188503.4   56669.3 -212703.7
        nan       nan      -nan       nan       nan       nan       nan       nan       nan       nan
vertex track :        247   3 126    3352504 -1.1790  0.3864  191455.4   60205.2     228.4   211   101.2
  123 2     -2 -1.1587  0.2864   63425.2   62807.7    6555.0 -1.1843  0.3948  182984.7   59614.1 -208993.8
     1275.6     788.9   61997.6   62347.9   64230.9   61795.9   65061.7   63477.8   62376.2   63879.7
  124 2     -1 -1.0816  0.3772   69127.0   64553.6    3727.1 -1.1843  0.3948  186333.9   58497.7 -211821.7
      621.8     380.9   68414.5   64398.7   69361.5   64068.4   70048.4   64919.0   68665.4   65118.1
  125 2      0 -1.1153  0.3431   65616.3   61283.0    2818.6 -1.1843  0.3948  187409.9   58139.0 -212730.2
      248.5     139.4   65337.8   61222.9   65578.6   61148.8   66103.6   61553.5   65419.8   61489.3
vertex track :        252   3 126    3353135 -1.9569  1.8919  193410.3   57226.5     221.2   211     nan
  123 2     -2 -1.9599  1.8824   57835.8   69769.6    6586.3 -1.9482  1.8988  180025.6   66199.0 -208963.9
        nan       nan      -nan       nan       nan       nan       nan       nan       nan       nan
  124 2     -1 -1.9446  1.9286   63997.7   63790.6    3722.1 -1.9482  1.8988  185605.3   60760.6 -211828.0
        nan       nan      -nan       nan       nan       nan       nan       nan       nan       nan
  125 2      0 -1.9694  1.8687   68134.0   62969.5    2865.7 -1.9482  1.8988  187273.9   59134.4 -212684.5
        nan       nan      -nan       nan       nan       nan       nan       nan       nan       nan
vertex track :        256   3 126    3353847  0.1207  0.7530  190349.9   60225.0     228.4   211     nan
  123 2     -2  0.1559  0.7411   70981.5   65428.2    6518.6  0.1246  0.7565  190150.1   61901.1 -209031.3
        nan       nan      -nan       nan       nan       nan       nan       nan       nan       nan
  124 2     -1  0.0705  0.7267   72603.9   65877.5    3724.3  0.1246  0.7565  189802.0   59787.2 -211825.6
        nan       nan      -nan       nan       nan       nan       nan       nan       nan       nan
  125 2      0  0.1172  0.7782   68116.3   62518.9    2816.1  0.1246  0.7565  189688.8   59100.1 -212733.8
        nan       nan      -nan       nan       nan       nan       nan       nan       nan       nan
vertex track :        264   3 126    3354267  0.0526  1.3653  190022.1   58303.4     225.1   211     nan
  123 2     -2  0.0541  1.3655   67603.0   67314.8    6584.5  0.0593  1.3611  189403.0   63869.5 -208969.1
        nan       nan      -nan       nan       nan       nan       nan       nan       nan       nan
  124 2     -1  0.0350  1.3338   68049.4   62959.1    3706.3  0.0593  1.3611  189232.5   59951.8 -211847.3
        nan       nan      -nan       nan       nan       nan       nan       nan       nan       nan
  125 2      0  0.0361  1.3593   70406.2   62593.2    2869.9  0.0593  1.3611  189182.9   58813.3 -212683.8
        nan       nan      -nan       nan       nan       nan       nan       nan       nan       nan
vertex track :        271   3 126    3354873 -0.6428  2.0736  190804.0   59349.9     225.2   211     nan
  123 2     -2 -0.6116  1.9150   66441.1   73377.6    6499.7 -0.6312  2.0692  185857.6   69243.9 -209049.6
        nan       nan      -nan       nan       nan       nan       nan       nan       nan       nan
  124 2     -1 -0.5975  2.0822   70305.5   69844.7    3704.7 -0.6312  2.0692  187621.8   63460.3 -211844.6
        nan       nan      -nan       nan       nan       nan       nan       nan       nan       nan
  125 2      0 -0.5844  1.9766   66439.5   65395.6    2807.4 -0.6312  2.0692  188188.1   61603.6 -212741.9
        nan       nan      -nan       nan       nan       nan       nan       nan       nan       nan
vertex track :        272   3 126    3355091  2.0699  2.2290  189350.9   59451.4     230.2   211   112.1
  123 2     -2  2.0749  2.2432   80111.7   74153.1    6586.7  2.0711  2.2025  201523.1   70370.6 -208968.6
     6315.2    1954.3   82965.2   80116.2   74824.5   71315.1   77470.2   68402.2   85834.5   77462.1
  124 2     -1  2.0722  2.1133   74786.5   67368.1    3720.1  2.0711  2.2025  195586.1   64057.0 -211835.2
     3037.4     936.1   76244.8   70192.2   72426.7   66298.5   73540.4   64756.1   77581.5   68881.4
  125 2      0  2.1061  2.2847   75415.4   66236.2    2868.8  2.0711  2.2025  193822.9   62181.9 -212686.5
     1193.2     352.2   75965.2   67352.2   74790.0   66077.3   75077.7   65332.4   76483.1   66874.8
vertex track :        282   3 126    3392601  0.9131 -2.1075  188460.6   64052.9     235.1   211     nan
  123 2     -2  0.9410 -2.1212   74105.7   50386.0    6563.8  0.9072 -2.1419  193231.3   47462.7 -208987.2
        nan       nan      -nan       nan       nan       nan       nan       nan       nan       nan
  124 2     -1  1.0439 -2.0145   73956.4   59193.1    3734.6  0.9072 -2.1419  190664.8   53522.5 -211816.4
        nan       nan      -nan       nan       nan       nan       nan       nan       nan       nan
  125 2      0  0.9022 -2.0868   68534.1   58056.9    2829.6  0.9072 -2.1419  189843.8   55460.8 -212721.3
        nan       nan      -nan       nan       nan       nan       nan       nan       nan       nan
vertex track :        342   3 126    4447862  2.3030 -1.3244  190393.0   60825.8     229.2     0  6647.6
  123 2     -2  2.3118 -1.3271   82896.4   52210.4    6579.8  2.3065 -1.3520  204060.8   49163.1 -208969.6
      676.9      29.4   83498.1   51898.9   82809.5   52294.2   82507.0   52730.5   83468.7   51847.8
  124 2     -1  2.3255 -1.3179   76834.2   55517.5    3719.2  2.3065 -1.3520  197463.1   53030.4 -211830.2
      394.9      15.6   77185.5   55336.3   76986.7   55449.0   76695.3   55907.3   77170.1   55309.3
  125 2      0  2.3461 -1.2906   77261.0   57551.5    2865.7  2.3065 -1.3520  195494.5   54184.3 -212683.7
      315.7      10.5   77542.8   57408.6   77482.2   57441.9   77191.7   57903.2   77532.6   57390.1
