groupid:   9367, ntrk:  6
vertex track :          0   3  69    6838146  0.7223  0.4066  164879.3  113161.4     234.2    13   665.6
   70 4      1  0.7222  0.4046   41342.5   36576.9   -2867.5  0.7282  0.3839  162835.0  111852.3 -111650.3
       82.0      12.4   41407.9   36627.7   41416.6   36632.6   41487.8   36736.4   41420.0   36606.1
   71 4      2  0.7207  0.4114   40787.6   33227.1   -3718.6  0.7282  0.3839  162215.1  111525.5 -112501.4
      101.5      28.4   40861.7   33302.1   40836.7   33287.8   40924.3   33362.5   40889.9   33252.7
   72 4      3  0.7243  0.3992   41388.4   35284.4   -6586.5  0.7282  0.3839  160126.6  110424.5 -115369.3
      164.2      55.7   41505.4   35412.5   41369.8   35337.8   41482.2   35366.8   41559.1   35314.9
vertex track :         28   3  69    6989460 -2.6212 -2.8120  154534.6  102496.7     246.0     0   229.9
   70 4      1 -2.5394 -2.8194   43130.5   29990.1   -3133.2 -2.7178 -2.8477  163737.1  112159.8 -111974.0
     1180.6     237.6   42517.0   28953.8   43563.9   30116.2   43951.5   31233.5   42163.9   29271.9
   71 4      2 -2.9287 -3.0541   45117.0   33426.6   -3967.2 -2.7178 -2.8477  166003.5  114534.6 -112807.9
     2394.5     561.9   43865.3   31309.5   46564.8   34124.6   46575.8   35750.7   43054.2   32087.2
   72 4      3 -2.7206 -2.5825   52822.1   37341.8   -7146.2 -2.7178 -2.8477  174643.4  123587.6 -115986.9
     4738.1    1132.7   50165.6   33258.2   56467.1   39240.0   55686.0   41632.8   48605.9   34901.3
vertex track :         44   3  69    7287537  1.5631  3.6980  166116.6  120129.0     233.2     0   379.0
   70 4      1  1.5761  3.6966   39946.9   33221.4   -2867.1  1.5800  3.5668  161511.4  108866.3 -111614.1
      875.7     124.5   40175.9   34075.8   39819.9   33240.9   39929.5   32580.7   40404.8   33978.2
   71 4      2  1.5452  3.7044   38729.7   27170.6   -3717.4  1.5800  3.5668  160168.0  105833.6 -112464.4
     1542.3     305.7   39041.3   28711.8   38178.3   26642.8   38629.7   25843.2   39605.6   28476.4
   72 4      3  1.5759  3.6936   36684.8   19036.1   -6586.5  1.5800  3.5668  155634.9   95600.1 -115333.5
     2902.9     602.9   37269.5   21942.8   35322.0   17378.3   36311.6   16343.2   38378.5   21469.6
vertex track :         77   3  69    7664615 -1.0569 -2.9626  160394.9  105042.0     238.8     0   403.8
   70 4      1 -1.1788 -2.9714   44480.0   32992.3   -3134.0 -1.1245 -3.0156  164301.1  115226.5 -111957.6
      588.4      91.9   44348.4   32411.4   44534.9   32881.3   44820.4   33780.1   44177.6   32479.2
   71 4      2 -0.8099 -2.9137   45088.6   36548.3   -3967.1 -1.1245 -3.0156  165237.9  117738.6 -112790.7
      940.2     216.0   45044.9   35584.6   45378.4   36784.4   45341.4   37719.1   44628.6   35700.3
   72 4      3 -0.7567 -2.5437   48327.9   41032.0   -7147.8 -1.1245 -3.0156  168814.7  127330.7 -115971.5
     1775.6     435.8   48239.4   39205.9   49093.0   42075.5   48625.8   43065.6   47404.0   39454.4
vertex track :        117   3  69    7711794 -4.0287  0.3454  150222.5  112898.8     254.2     0  2305.9
   70 4      1 -4.0167  0.3671   41624.8   36515.7   -2868.0 -4.0400  0.3603  162947.3  111849.9 -111658.6
      729.5      25.6   40896.0   36556.6   41505.5   36500.9   42559.6   36685.2   40900.7   36607.7
   71 4      2 -4.0212  0.3322   44895.1   33244.1   -3720.4 -4.0400  0.3603  166390.8  111542.8 -112510.9
      924.6      52.3   43969.4   33268.1   44967.8   33185.7   46026.9   33430.5   43978.0   33372.4
   72 4      3 -4.0139  0.3837   60651.5   35364.3   -6586.2 -4.0400  0.3603  177968.9  110510.2 -115376.7
     1566.0     100.8   59083.0   35413.0   61357.9   35195.5   62426.0   35526.1   59102.2   35613.7
vertex track :        242   3  70    8812082  2.3496  1.9246  160240.5  112835.1     366.4     0  6624.9
   67 4     -2  2.3556  1.9179   57095.4   44785.0    4280.7  2.3419  1.8520  170512.4  117712.5 -107796.4
      545.8      20.2   57505.9   45145.2   57154.1   44858.8   56897.2   44636.7   57531.3   45113.9
   68 4     -1  2.2824  1.8962   52156.5   41863.2    3717.6  2.3419  1.8520  169193.7  116669.7 -108359.5
      476.5      16.8   52512.3   42180.7   52258.5   41969.9   52013.1   41757.7   52533.8   42154.7
   69 4      0  2.3375  1.9400   48358.8   36273.5    2870.6  2.3419  1.8520  167210.0  115101.0 -109206.5
      375.6      11.1   48640.7   36521.9   48553.5   36449.5   48289.2   36237.0   48654.9   36504.8
