16 7231 8106703 6 844395 0.29485 -0.08848 70169.3 30351.1 156
17 10229 4411596 3 879564 -0.05153 -0.12859 128827 38436.1 238
17 7231 -1 6 0 0.2952 -0.0872 71122.3 28635.1 -1
18 10133 3700781 3 389501 -0.04088 -0.63876 48297.9 29944.9 28
18 11048 4097496 3 985810 -0.06075 -0.04239 63370.8 83372.5 364
18 775 4992366 4 365843 -0.265 0.16741 14978.2 86230.1 80
18 10229 -1 4 0 -0.0517 -0.1287 10538 40439.4 -1
18 7231 -1 6 0 0.2947 -0.0866 71678.8 29702.1 -1
19 10946 850807 1 850807 0.21965 -0.34259 115426 82934.2 102
19 10133 -1 3 0 -0.052 -0.6381 48135.7 28269 -1
19 11048 -1 3 0 -0.0615 -0.0414 64120.1 80948.4 -1
19 775 -1 4 0 -0.2661 0.166 13858.2 82308.2 -1
19 10229 -1 4 0 -0.0511 -0.1289 9520 36739.9 -1
19 7231 -1 6 0 0.2944 -0.0877 69888.1 29649.9 -1
20 10133 -1 3 0 -0.0458 -0.6394 47847.8 33100.2 -1
20 10310 3992292 3 681012 -0.27055 0.74621 108403 48867.5 110
20 11048 -1 3 0 -0.0611 -0.0418 63416 84133.2 -1
20 10946 -1 3 0 0.2196 -0.3432 114452 9052.9 -1
20 11687 5358782 4 711385 -0.07736 0.2636 76430.3 61952.5 64
20 775 -1 4 0 -0.2649 0.169 14723.7 85204.1 -1
20 10229 -1 4 0 -0.0518 -0.1286 9431.4 40548 -1
20 1657 8159794 6 653057 0.92376 -0.01811 58880.8 26592.9 86
21 10133 -1 3 0 -0.0384 -0.6371 46447.3 31881.3 -1
21 10310 -1 3 0 -0.2793 0.7433 106985 47242.4 -1
21 11048 -1 3 0 -0.0606 -0.0426 61398.6 82607.4 -1
21 10946 -1 3 0 0.2238 -0.34 113107 8402.5 -1
21 11687 -1 4 0 -0.079 0.263 75559.3 60796.7 -1
21 775 -1 4 0 -0.2662 0.1665 13865.8 83746.1 -1
21 1657 -1 6 0 0.9246 -0.0124 56632.9 24444.6 -1
22 6349 450975 1 450975 0.06329 -0.0078 95289.5 74648.9 314
22 10310 -1 3 0 -0.2699 0.7443 110806 45811.9 -1
22 10946 -1 3 0 0.219 -0.3428 114905 10170.7 -1
22 11687 -1 4 0 -0.077 0.2635 78687.2 60866 -1
22 385 5218246 4 590388 -0.02644 -0.26866 10070.8 19964 116
22 1657 -1 6 0 0.9234 -0.0211 57393.7 24345.4 -1
23 6349 -1 1 0 0.0632 -0.0081 94605.2 71931.2 -1
23 10310 -1 3 0 -0.285 0.7396 108340 41198.3 -1
23 11687 -1 4 0 -0.077 0.2632 76461.2 56341.2 -1
23 385 -1 4 0 -0.0258 -0.2687 7926.7 15711.3 -1
23 1657 -1 6 0 0.9259 -0.0183 54707.9 25930.4 -1
24 2445 779941 1 779941 0.26947 0.70647 60767.1 54113.4 76
24 6349 -1 1 0 0.0633 -0.008 94490.1 73731.8 -1
24 385 -1 4 0 -0.0254 -0.2682 9442.6 17860 -1
25 2445 -1 1 0 0.2659 0.7077 59490.6 51697.8 -1
25 6349 -1 1 0 0.0633 -0.0077 93280.1 72052.3 -1
25 385 -1 4 0 -0.0242 -0.2688 7759.8 16913.4 -1
26 2445 -1 1 0 0.2647 0.707 62136.6 51960.4 -1
26 338 8550843 6 599136 0.19345 0.51712 18567.2 14332.8 84
27 2445 -1 1 0 0.2743 0.7042 60329.6 52000.7 -1
27 8181 6419132 4 239350 -0.30475 -0.36211 47596.1 51413.2 120
27 8193 6419132 4 239350 -0.30475 -0.36211 47596.1 51413.2 120
27 338 -1 6 0 0.198 0.5155 18526.8 12893.7 -1
27 6791 10759344 6 822197 0.0671 0.04261 73509.9 24241.5 164
28 4707 472969 1 472969 0.13467 0.02997 119208 42821.6 112
28 7442 6449185 4 759690 -0.21181 -0.02101 54723.3 79670.4 154
28 8181 -1 4 0 -0.2994 -0.3658 47337.1 51194.2 -1
28 8193 -1 4 0 -0.2994 -0.3658 47337.1 51194.2 -1
28 3420 7462382 5 398318 -0.26116 -0.10663 114766 35458 46
28 3453 7462382 5 398318 -0.26116 -0.10663 114766 35458 46
28 338 -1 6 0 0.1935 0.517 16722 11141.1 -1
28 6791 -1 6 0 0.0667 0.0432 71913.6 24172.7 -1
29 4707 -1 1 0 0.1346 0.0301 120471 44175.1 -1
29 7442 -1 4 0 -0.2118 -0.0217 56852.8 82526.5 -1
29 8181 -1 4 0 -0.2985 -0.367 49608.5 54323.6 -1
29 8193 -1 4 0 -0.2985 -0.367 49608.5 54323.6 -1
29 9465 6906457 4 67530 -0.04834 -0.16219 69149.9 54398.5 182
29 3420 -1 5 0 -0.2613 -0.106 116117 41329.9 -1
29 3453 -1 5 0 -0.2613 -0.106 116117 41329.9 -1
29 338 -1 6 0 0.1928 0.5176 19195.3 13075.8 -1
29 6791 -1 6 0 0.0666 0.0433 74469.6 26584.6 -1
30 4707 -1 1 0 0.1348 0.0296 119033 42389.9 -1
30 1012 3128434 2 702503 -0.50164 0.56442 23753.1 51145 50
30 1243 2887277 2 459828 0.05566 -0.07653 68152.1 71872.1 232
30 7715 2454864 2 28002 0.45684 0.26866 38506.5 45420.1 74
30 8506 3394006 2 971300 -0.07693 0.244 64089.3 76929.4 70
30 7442 -1 4 0 -0.2119 -0.0212 55785.9 82156.1 -1
30 8181 -1 4 0 -0.2983 -0.3662 48847.1 55238.6 -1
30 8193 -1 4 0 -0.2983 -0.3662 48847.1 55238.6 -1
30 9465 -1 4 0 -0.0486 -0.1618 67462.8 54507 -1
30 3420 -1 5 0 -0.2606 -0.1062 115152 40410.3 -1
30 3453 -1 5 0 -0.2606 -0.1062 115152 40410.3 -1
30 6791 -1 6 0 0.0664 0.0435 72186.6 27634.9 -1
31 4707 -1 1 0 0.1348 0.0296 120226 44638.9 -1
31 1012 -1 2 0 -0.5017 0.5644 26005.9 51760.1 -1
31 1243 -1 2 0 0.0556 -0.0766 69938.2 73032.7 -1
31 7715 -1 2 0 0.457 0.2697 39974.5 46278.7 -1
31 8506 -1 2 0 -0.0771 0.2434 65982.5 77830.2 -1
31 7442 -1 4 0 -0.212 -0.0196 58452.7 83004.5 -1
31 9465 -1 4 0 -0.0501 -0.1615 69779 55374.6 -1
31 3420 -1 5 0 -0.2618 -0.1054 118233 41084.6 -1
31 3453 -1 5 0 -0.2618 -0.1054 118233 41084.6 -1
31 2549 7690728 5 1068168 -0.07754 -0.34844 85401.4 33859.4 92
32 2681 1673906 1 1673906 -0.07627 0.26751 51886 69126.2 152
32 1012 -1 2 0 -0.4911 0.5728 26428.9 50948.4 -1
32 1243 -1 2 0 0.0543 -0.0774 69520.1 72866.8 -1
32 7715 -1 2 0 0.4621 0.26 38062 45924.2 -1
32 8506 -1 2 0 -0.0722 0.246 65957.1 77004.3 -1
32 2297 5324543 4 27802 0.2948 -0.24975 12076.4 43095.7 90
32 9465 -1 4 0 -0.052 -0.1608 70262.3 54500.3 -1
32 4025 6649813 5 248005 0.01249 -0.05952 65227.6 51402.7 262
32 2549 -1 5 0 -0.0805 -0.3473 85853.8 36422.9 -1
33 2681 -1 1 0 -0.079 0.2668 49461.9 67057.8 -1
33 1012 -1 2 0 -0.4983 0.5667 24659.4 48723.1 -1
33 1243 -1 2 0 0.0554 -0.0768 66978.9 71759.4 -1
33 7715 -1 2 0 0.4587 0.2668 35581.2 44108.1 -1
33 8506 -1 2 0 -0.0755 0.2452 63466.5 75585 -1
33 10237 5284006 3 610662 0.12719 -0.22294 114713 34703.4 192
33 2297 -1 4 0 0.2965 -0.2475 8564 41960.6 -1
33 1345 7802110 4 1213706 0.69569 -0.26138 30779.8 8694.94 168
33 6643 7354733 4 731771 0.1003 0.05083 76938.3 64014.5 180
33 4025 -1 5 0 0.0131 -0.0594 61004.2 49592.5 -1
33 2549 -1 5 0 -0.0764 -0.3485 81860.5 35081.9 -1
34 2681 -1 1 0 -0.0775 0.267 51953.9 68004.1 -1
34 1438 5055637 3 199793 0.11081 0.26715 79977.2 24970.4 100
34 10237 -1 3 0 0.1273 -0.2226 117401 36874.5 -1
34 2215 6484352 4 251860 -0.05755 -0.18771 58837 58963.7 102
34 2297 -1 4 0 0.2986 -0.2445 10132.5 43657.2 -1
34 1345 -1 4 0 0.6961 -0.2551 31273.5 10648.7 -1
34 6643 -1 4 0 0.0996 0.0515 78927.4 65311.3 -1
34 4025 -1 5 0 0.0131 -0.0595 64147.8 51278.5 -1
34 2549 -1 5 0 -0.0775 -0.3483 85218.4 37593.3 -1
35 2681 -1 1 0 -0.0809 0.2656 52125.2 67938.3 -1
35 1438 -1 3 0 0.1081 0.2681 79939.3 26190.4 -1
35 10237 -1 3 0 0.1294 -0.2217 117225 38841.6 -1
35 2215 -1 4 0 -0.0567 -0.1881 58236.2 61243.3 -1
35 2297 -1 4 0 0.2986 -0.2427 9319.1 45778.1 -1
35 1345 -1 4 0 0.6984 -0.2523 30272.4 12877.5 -1
35 3879 7356507 4 294876 0.05522 0.00958 86741.8 59458 172
35 6643 -1 4 0 0.0991 0.0521 78163.6 67470.3 -1
35 4025 -1 5 0 0.0131 -0.0596 64266.8 47426.8 -1
36 1438 -1 3 0 0.1112 0.2674 76357.6 23568 -1
36 10237 -1 3 0 0.1271 -0.2229 113770 37276.3 -1
36 2215 -1 4 0 -0.0586 -0.1876 55921.9 58680.4 -1
36 1345 -1 4 0 0.6974 -0.2576 25430.2 10762.2 -1
36 3879 -1 4 0 0.0554 0.009 84101.5 56065.8 -1
36 6643 -1 4 0 0.0997 0.0512 75491.6 64035 -1
37 1438 -1 3 0 0.1077 0.2696 78166 23591.1 -1
37 10818 5840173 3 762877 0.19151 -0.1455 112412 19209.4 100
37 2215 -1 4 0 -0.0579 -0.1879 57980.6 60156.7 -1
37 3879 -1 4 0 0.0553 0.0092 86071.7 57469.9 -1
37 12302 8385310 5 438238 0.32468 -0.03835 81675.6 39512.1 52
38 1095 1921063 1 1921063 0.33687 0.19928 93201.3 69810.3 50
38 10818 -1 3 0 0.1924 -0.1441 108670 20208.2 -1
38 3879 -1 4 0 0.055 0.0096 82894.2 57349.3 -1
38 12302 -1 5 0 0.3249 -0.0377 76312.3 36791.5 -1
38 7036 10595429 6 440837 -0.19803 0.20505 70027.7 36875.4 166
39 1095 -1 1 0 0.3358 0.2004 94881 71009.9 -1
39 10818 -1 3 0 0.1898 -0.1478 110605 20491.8 -1
39 12302 -1 5 0 0.3251 -0.0337 77560.7 40360.7 -1
39 7036 -1 6 0 -0.1991 0.2041 71584.2 40066.2 -1
39 11435 11901693 6 198914 0.67627 -0.42712 54047.1 19478.8 78
39 9365 12108789 6 407452 -0.05698 -0.0798 61944.3 35606.5 222
40 1095 -1 1 0 0.3372 0.2 95883.7 71303.3 -1
40 2711 991765 1 991765 0.18885 0.56574 75670 85516.2 30
40 10627 4100972 2 1675310 0.0018 0.09399 31806.9 47705.6 136
40 10818 -1 3 0 0.1902 -0.1495 112529 20585.7 -1
40 6038 7717142 4 812010 0.22985 0.1991 75122.1 15565 92
40 12302 -1 5 0 0.325 -0.0366 79303.6 41418.9 -1
40 7036 -1 6 0 -0.1986 0.205 75376.8 39776.2 -1
40 11435 -1 6 0 0.6733 -0.4318 55405.9 20980.9 -1
40 9365 -1 6 0 -0.0574 -0.0796 65323.8 36133.6 -1
41 1095 -1 1 0 0.3365 0.2034 93346.4 69048.5 -1
41 2711 -1 1 0 0.1855 0.5674 73169.4 82836.4 -1
41 10627 -1 2 0 0.0012 0.094 29390.8 45546.1 -1
41 6038 -1 4 0 0.2265 0.2032 72688.8 15860.4 -1
41 7036 -1 6 0 -0.2001 0.2047 71578.4 38032 -1
41 11435 -1 6 0 0.6744 -0.4274 50981.9 19645.3 -1
41 9365 -1 6 0 -0.0571 -0.079 61422.5 34570.5 -1
42 2711 -1 1 0 0.1886 0.5671 70924.1 83734 -1
42 10627 -1 2 0 0.0019 0.094 27586.5 47508.8 -1
42 10683 3007165 2 1028668 -0.08864 0.34604 41188.3 76106.4 54
42 6038 -1 4 0 0.228 0.2017 70464.1 16676.9 -1
42 11435 -1 6 0 0.6711 -0.4393 48302.7 22270.4 -1
42 9365 -1 6 0 -0.0575 -0.0796 60926.7 36107 -1
43 2711 -1 1 0 0.1843 0.5658 71328.7 80192.7 -1
43 10627 -1 2 0 0.0012 0.0939 28459.7 44716.2 -1
43 10683 -1 2 0 -0.0911 0.3455 41935.9 73198 -1
43 6038 -1 4 0 0.2273 0.2055 70218.5 14789.3 -1
44 10683 -1 2 0 -0.0888 0.3457 43007.4 74324 -1
44 10490 4017845 3 306926 -0.06828 0.2506 82811.7 63443 156
45 2679 1278871 1 1278871 0.70487 -0.17248 117693 85422 48
45 10683 -1 2 0 -0.0887 0.3467 41993.4 71865.7 -1
45 10490 -1 3 0 -0.069 0.2504 81210.5 59813.2 -1
45 4199 8111074 6 382085 -0.21442 0.30763 46772.9 30332.8 58
46 2679 -1 1 0 0.7056 -0.1708 116126 84858.4 -1
46 10490 -1 3 0 -0.07 0.2499 82896.3 59341.6 -1
46 9447 12880627 6 1183525 -0.02427 -0.25122 69644.8 50359.7 100
46 4199 -1 6 0 -0.2155 0.3058 48061.3 32498.8 -1
47 1778 755752 1 755752 -0.25337 -0.15659 76353.3 62063 38
47 4912 3156398 2 731108 -0.03315 0.10346 83922.3 58356.7 138
47 10490 -1 3 0 -0.068 0.2504 83562 60668 -1
47 2679 -1 3 0 0.7039 -0.1748 116667 8178.5 -1
47 67 5065754 3 277903 -0.25032 -0.28556 61496 11737.5 62
47 8508 8776556 4 1709688 -0.11951 -0.16262 22162.2 64610.2 126
47 12515 9496261 5 224677 -0.13043 -0.41136 54352.5 40368.1 90
47 2100 10599918 5 1328334 -0.33442 0.40126 95965.6 46793.5 48
47 2101 10599918 5 1328334 -0.33442 0.40126 95965.6 46793.5 48
47 9447 -1 6 0 -0.0247 -0.2506 71301.2 51966 -1
47 4199 -1 6 0 -0.215 0.3068 49838.5 33681.4 -1
48 1778 -1 1 0 -0.253 -0.1574 76533.3 61362.7 -1
48 9169 2694642 2 487122 0.0409 -0.2427 33391.4 44182.9 214
48 4912 -1 2 0 -0.0334 0.1034 83695.7 56999.1 -1
48 2679 -1 3 0 0.7048 -0.1722 114382 8140.4 -1
48 67 -1 3 0 -0.2486 -0.2863 62031.3 11765.2 -1
48 8508 -1 4 0 -0.1191 -0.1634 21516 64321.4 -1
48 12515 -1 5 0 -0.1299 -0.4116 53611.3 40656.6 -1
48 2100 -1 5 0 -0.3353 0.3998 95765.9 44873.1 -1
48 2101 -1 5 0 -0.3353 0.3998 95765.9 44873.1 -1
48 9447 -1 6 0 -0.0243 -0.251 69809.1 52068.4 -1
48 4199 -1 6 0 -0.214 0.3062 48931.9 32151.3 -1
49 1778 -1 1 0 -0.2538 -0.1564 77467.8 62983.6 -1
49 9169 -1 2 0 0.0405 -0.2429 34138.2 45082.4 -1
49 4912 -1 2 0 -0.0331 0.1032 84525.8 57522 -1
49 67 -1 3 0 -0.2486 -0.2885 62932.4 12534.6 -1
49 6973 6580940 3 845741 -0.3988 0.05773 129636 20974.4 174
49 8508 -1 4 0 -0.1198 -0.1627 23898.5 65006.9 -1
49 12515 -1 5 0 -0.1301 -0.4112 56053.2 41584.2 -1
49 2100 -1 5 0 -0.3351 0.3992 98390.5 45040.6 -1
49 2101 -1 5 0 -0.3351 0.3992 98390.5 45040.6 -1
49 9447 -1 6 0 -0.0259 -0.2504 71398.4 52340.4 -1
49 9887 11915122 6 324170 -0.0914 0.58435 63566 25594.9 56
49 9890 11915122 6 324170 -0.0914 0.58435 63566 25594.9 56
50 1778 -1 1 0 -0.2533 -0.1559 78826.9 61387.2 -1
50 9169 -1 2 0 0.0405 -0.2439 32889.2 43912 -1
50 4912 -1 2 0 -0.0331 0.1032 83440.4 55602.9 -1
50 4184 5037644 3 553335 0.02104 0.21022 74244.1 30779.7 250
50 67 -1 3 0 -0.2462 -0.2866 63004 10759.8 -1
50 6973 -1 4 0 -0.4 0.0488 10730.8 18680.2 -1
50 8508 -1 4 0 -0.115 -0.1664 22407.3 63397 -1
50 12515 -1 5 0 -0.1315 -0.4127 54972.4 36759.8 -1
50 2100 -1 5 0 -0.3359 0.3991 97727.5 38401.3 -1
50 2101 -1 5 0 -0.3359 0.3991 97727.5 38401.3 -1
50 9887 -1 6 0 -0.091 0.5855 62131.8 19244.2 -1
50 9890 -1 6 0 -0.091 0.5855 62131.8 19244.2 -1
51 9169 -1 2 0 0.0397 -0.2435 33021 46552.1 -1
51 4184 -1 3 0 0.0221 0.2102 74879.4 32903.3 -1
51 8130 6868346 3 1416293 -0.00389 -0.50459 106417 66599.5 104
51 4763 7093225 4 249913 -0.03884 0.00613 34037.6 42067.8 186
51 4764 7093225 4 249913 -0.03884 0.00613 34037.6 42067.8 186
51 4765 7093225 4 249913 -0.03884 0.00613 34037.6 42067.8 186
51 4766 7093225 4 249913 -0.03884 0.00613 34037.6 42067.8 186
51 4767 7093225 4 249913 -0.03884 0.00613 34037.6 42067.8 186
51 4768 7093225 4 249913 -0.03884 0.00613 34037.6 42067.8 186
51 6973 -1 4 0 -0.399 0.054 10517.5 20382.1 -1
51 11190 9939444 6 5604 0.31845 -0.16424 33058.8 37265 142
51 9887 -1 6 0 -0.0904 0.5853 63405.1 20497.9 -1
51 9890 -1 6 0 -0.0904 0.5853 63405.1 20497.9 -1
52 10049 259638 1 259638 0.15701 0.15706 82493.5 43089 68
52 11052 5734249 3 1319209 -0.21474 -0.0797 84904.9 38531.9 106
52 4184 -1 3 0 0.0241 0.2094 72106 31447.3 -1
52 8130 -1 3 0 -0.0095 -0.505 104108 67073.3 -1
52 4763 -1 4 0 -0.0389 0.0061 31727.2 41018.7 -1
52 4764 -1 4 0 -0.0389 0.0061 31727.2 41018.7 -1
52 4765 -1 4 0 -0.0389 0.0061 31727.2 41018.7 -1
52 4766 -1 4 0 -0.0389 0.0061 31727.2 41018.7 -1
52 4767 -1 4 0 -0.0389 0.0061 31727.2 41018.7 -1
52 4768 -1 4 0 -0.0389 0.0061 31727.2 41018.7 -1
52 6973 -1 4 0 -0.398 0.056 9400.9 19158 -1
52 4939 12633072 6 1597289 0.41146 -0.24567 38676.4 47857.1 60
52 11190 -1 6 0 0.3196 -0.1639 28425.2 40551.7 -1
52 9887 -1 6 0 -0.0934 0.5825 60250.4 21389 -1
52 9890 -1 6 0 -0.0934 0.5825 60250.4 21389 -1
53 10049 -1 1 0 0.1564 0.1575 84793.8 46365.7 -1
53 11052 -1 3 0 -0.2151 -0.0791 87790.7 40645.9 -1
53 4184 -1 3 0 0.0249 0.2097 74778 33359 -1
53 8130 -1 3 0 -0.0117 -0.5045 106925 69497.4 -1
53 3034 7566114 4 883782 -0.11669 -0.06944 53935.5 69752.7 234
53 4763 -1 4 0 -0.0387 0.0068 34175.3 42935.4 -1
53 4764 -1 4 0 -0.0387 0.0068 34175.3 42935.4 -1
53 4765 -1 4 0 -0.0387 0.0068 34175.3 42935.4 -1
53 4766 -1 4 0 -0.0387 0.0068 34175.3 42935.4 -1
53 4767 -1 4 0 -0.0387 0.0068 34175.3 42935.4 -1
53 4768 -1 4 0 -0.0387 0.0068 34175.3 42935.4 -1
53 4939 -1 6 0 0.4112 -0.2475 41441.7 49534.6 -1
53 11190 -1 6 0 0.3196 -0.1639 31231.9 42191.6 -1
54 10049 -1 1 0 0.1572 0.1578 85575.8 42791.4 -1
54 2393 2935128 2 736718 0.17632 0.27231 56066.5 51602.6 98
54 11052 -1 3 0 -0.2138 -0.0818 88736.2 39251.5 -1
54 8130 -1 3 0 -0.0051 -0.5059 106817 69770.5 -1
54 3034 -1 4 0 -0.1163 -0.07 54192.4 68604 -1
54 4763 -1 4 0 -0.0389 0.0067 34328.4 41442.3 -1
54 4764 -1 4 0 -0.0389 0.0067 34328.4 41442.3 -1
54 4765 -1 4 0 -0.0389 0.0067 34328.4 41442.3 -1
54 4766 -1 4 0 -0.0389 0.0067 34328.4 41442.3 -1
54 4767 -1 4 0 -0.0389 0.0067 34328.4 41442.3 -1
54 4768 -1 4 0 -0.0389 0.0067 34328.4 41442.3 -1
54 4939 -1 6 0 0.4128 -0.2466 40499.2 48691.6 -1
54 11190 -1 6 0 0.3209 -0.1626 30573.4 41040.4 -1
55 10049 -1 1 0 0.1597 0.1548 85022.1 45038.6 -1
55 2393 -1 2 0 0.1782 0.2712 55601.6 52782 -1
55 11052 -1 3 0 -0.2148 -0.0791 88240.6 40951.8 -1
55 10401 6327533 3 367229 0.104 -0.19359 112864 26577.9 108
55 3034 -1 4 0 -0.1169 -0.0692 54823.3 71360.2 -1
55 4939 -1 6 0 0.4108 -0.2489 41234.5 50316.8 -1
56 2393 -1 2 0 0.1795 0.2705 55936.8 52561.1 -1
56 10401 -1 3 0 0.1045 -0.1931 113752 27443.7 -1
56 3034 -1 4 0 -0.1168 -0.0688 55299.3 71547.5 -1
57 9369 1149775 1 1149775 -0.0096 0.23901 125885 52760.6 130
57 2393 -1 2 0 0.1767 0.2718 55864.3 50715.6 -1
57 10401 -1 3 0 0.1045 -0.193 114224 26226.1 -1
57 2734 9971130 5 258042 -0.01485 -0.16495 100165 51871.5 140
58 9369 -1 1 0 -0.0119 0.2387 124975 54506.2 -1
58 10401 -1 3 0 0.1063 -0.1921 112973 28443.5 -1
58 2734 -1 5 0 -0.0148 -0.1648 99064.7 49166.5 -1
59 9369 -1 1 0 -0.0118 0.2389 124024 51440.3 -1
59 241 10276797 5 1005213 -0.0129 0.27679 119418 6871.69 40
59 2734 -1 5 0 -0.0157 -0.1654 98753 46685.3 -1
59 5952 11903628 6 398036 -0.06498 0.49707 14780.2 27219.2 10
60 9369 -1 1 0 -0.0107 0.2394 124971 53182.6 -1
60 241 -1 5 0 -0.0132 0.2763 120798 9072 -1
60 2734 -1 5 0 -0.0157 -0.1648 100139 50247.2 -1
60 4505 12306353 6 384474 -0.13455 -0.55411 88945.2 29098.7 84
60 5952 -1 6 0 -0.0649 0.4967 15094.3 28115.4 -1
61 4873 7480036 4 849583 0.04081 -0.25441 19574.5 83173.1 48
61 241 -1 5 0 -0.0152 0.277 118181 11570.3 -1
61 4505 -1 6 0 -0.1326 -0.5546 86951.1 28339.9 -1
61 5702 9603940 6 98769 -0.14279 -0.07648 49190.1 5331.82 196
61 5952 -1 6 0 -0.0673 0.4976 13030.7 26242.6 -1
62 811 5595515 4 295483 0.01473 -0.24475 62555 71204.4 138
62 4873 -1 4 0 0.0398 -0.2547 21898.7 86376.9 -1
62 600 6491504 5 110054 0.04832 -0.10245 63653.4 6234.53 216
62 241 -1 5 0 -0.0158 0.2763 120114 8001.5 -1
62 4505 -1 6 0 -0.1296 -0.5519 89892.3 32435.3 -1
62 5702 -1 6 0 -0.1422 -0.0767 52301.6 7859.8 -1
62 5952 -1 6 0 -0.0694 0.4934 15826 26857.9 -1
63 7617 4229676 2 961784 -0.23036 -0.18389 47517.3 46449.4 60
63 811 -1 4 0 0.0109 -0.2451 63113.5 69684.4 -1
63 600 -1 5 0 0.0458 -0.1036 65022.9 7435.7 -1
63 4505 -1 6 0 -0.1385 -0.5515 90940.4 30034.9 -1
63 4873 -1 6 0 0.035 -0.2555 22655.5 3434.9 -1
63 5702 -1 6 0 -0.1433 -0.0748 52986.2 5637 -1
64 7617 -1 2 0 -0.2267 -0.1889 46844.7 47410.3 -1
64 600 -1 3 0 0.0481 -0.103 61452.7 87024.9 -1
64 811 -1 4 0 0.0164 -0.2452 59485.3 71188.8 -1
64 4873 -1 4 0 0.0409 -0.255 18592.1 86183 -1
64 9472 9379146 5 76675 0.41859 -0.07328 48469.1 5208.72 174
64 5702 -1 6 0 -0.1423 -0.0767 49186.9 6453.2 -1
65 7617 -1 2 0 -0.2297 -0.1852 49436.7 48215.5 -1
65 9472 -1 3 0 0.4185 -0.0736 51933 86739.7 -1
65 7169 3876929 3 344897 -0.27498 -0.21189 124215 80098.5 120
65 811 -1 4 0 0.0163 -0.2455 62550 71757.1 -1
65 10062 4860416 4 3872 -0.03705 -0.37543 43538.2 38380.5 152
65 600 -1 5 0 0.0484 -0.103 63610.9 8738.7 -1
66 7617 -1 2 0 -0.2285 -0.1864 48035.3 47765.3 -1
66 9472 -1 3 0 0.4186 -0.0699 48300.6 84936.2 -1
66 7169 -1 3 0 -0.272 -0.2143 122343 79418.4 -1
66 10062 -1 4 0 -0.0371 -0.3743 42063.1 37234.4 -1
67 10062 -1 4 0 -0.0399 -0.3748 45386.1 39379.5 -1
67 7169 -1 4 0 -0.2738 -0.2129 6853.9 81353.9 -1
67 9472 -1 5 0 0.4184 -0.0717 52238.4 5769.3 -1
68 2326 786657 1 786657 0.18363 -0.18695 129927 67493.1 102
68 10062 -1 4 0 -0.0389 -0.3729 43768 39629.3 -1
68 7169 -1 4 0 -0.2733 -0.2136 5442.5 81245 -1
69 2326 -1 2 0 0.1859 -0.1845 7601.3 65872.3 -1
69 9367 6838146 4 418676 0.72189 0.40725 44713 32853.7 58
70 2326 -1 2 0 0.1871 -0.183 5971.7 68742.5 -1
70 8138 5451282 3 373986 0.21069 -0.36364 58550.5 30366.2 94
70 9367 -1 4 0 0.7222 0.4046 41342.5 36576.9 -1
71 2326 -1 2 0 0.1863 -0.1847 5625.5 67172.3 -1
71 8138 -1 3 0 0.2124 -0.3627 57511.3 29225.5 -1
71 9367 -1 4 0 0.7207 0.4114 40787.6 33227.1 -1
72 4525 5398606 3 916840 -0.11414 -0.09775 94882.9 82960.2 284
72 8138 -1 3 0 0.208 -0.3652 60289.7 32716 -1
72 9367 -1 4 0 0.7243 0.3992 41388.4 35284.4 -1
73 3090 3131973 2 925327 -0.16173 0.2726 44098.9 50182.5 146
73 4525 -1 3 0 -0.1139 -0.0979 95436.2 80924.7 -1
73 8138 -1 3 0 0.2075 -0.365 60643.1 30859.3 -1
73 3502 7183412 4 71937 -0.42968 -0.01296 68569.9 -1831.26 48
73 7208 9469964 5 860636 0.20271 0.26347 44666.3 34786.9 134
73 177 10790668 6 642697 -0.24865 -0.30226 58761.6 23012.2 98
74 8282 1107535 1 1107535 -0.31965 0.21899 117765 46856.3 86
74 3090 -1 2 0 -0.1657 0.2708 44005.4 51225 -1
74 3502 -1 2 0 -0.4293 -0.0185 68805.7 78592.7 -1
74 4525 -1 3 0 -0.1128 -0.0994 94869.3 82101.4 -1
74 7208 -1 5 0 0.2018 0.2632 44480.1 32158.7 -1
74 177 -1 6 0 -0.2465 -0.3042 57582.6 23123.8 -1
75 8282 -1 1 0 -0.3203 0.2177 119390 46993.1 -1
75 3090 -1 2 0 -0.1638 0.2712 45310.5 51130.6 -1
75 3502 -1 2 0 -0.4291 -0.015 70499.3 78569.2 -1
75 4525 -1 3 0 -0.1133 -0.0981 96426.2 82178.3 -1
75 7208 -1 5 0 0.2027 0.2629 46014.3 31946.3 -1
75 177 -1 6 0 -0.2478 -0.3031 59267.1 23436.1 -1
76 8282 -1 1 0 -0.3191 0.2194 117505 44457.7 -1
76 3090 -1 2 0 -0.1631 0.2724 42158.2 48778 -1
76 3502 -1 2 0 -0.43 -0.0156 68107.4 76881.8 -1
76 10721 4698314 3 557492 0.16345 -0.07338 47559.4 66301.7 152
76 7104 6297847 4 333988 -0.08172 -0.3999 72524.7 24815.6 92
76 7208 -1 5 0 0.204 0.2625 43928.5 29923.3 -1
76 177 -1 6 0 -0.2507 -0.3 57457.4 21356.1 -1
77 8282 -1 1 0 -0.32 0.2154 118239 46491.5 -1
77 10721 -1 3 0 0.1642 -0.0715 46571.3 67771.5 -1
77 7104 -1 4 0 -0.0815 -0.4001 72825 26978 -1
77 184 9504554 5 674474 0.3468 0.31305 126037 42934.2 54
78 10721 -1 3 0 0.1641 -0.072 45886.3 66173.2 -1
78 7104 -1 4 0 -0.0765 -0.3999 72592.5 26604.7 -1
78 7504 7490191 4 150876 0.09275 0.21349 72901.4 13823.4 144
78 184 -1 5 0 0.3443 0.3153 123703 39326.2 -1
78 2808 10361932 6 204750 0.07971 -0.0776 22793.1 21956.7 74
79 10721 -1 3 0 0.1639 -0.0718 47271.8 67642 -1
79 7104 -1 4 0 -0.0826 -0.3994 74792.5 27743.4 -1
79 7504 -1 4 0 0.096 0.212 74765.5 14462.4 -1
79 184 -1 5 0 0.3479 0.3115 125823 41024.1 -1
79 2808 -1 6 0 0.0789 -0.0784 25244.1 23612.6 -1
80 7504 -1 4 0 0.0938 0.213 72298.9 13413.3 -1
80 184 -1 5 0 0.3467 0.3123 122666 38779.1 -1
80 2808 -1 6 0 0.0795 -0.0782 22467.2 22557.9 -1
81 7504 -1 4 0 0.095 0.213 71148.8 12706.2 -1
81 2808 -1 6 0 0.0789 -0.0786 21771.1 21999.6 -1
82 2622 4673550 3 301894 -0.05927 -0.0935 123657 68585.4 122
82 5224 4575389 3 160349 0.09256 -0.30854 122785 17913.7 60
82 4428 7420853 5 581998 -0.35946 -0.19762 57820.8 16416.7 88
83 2622 -1 3 0 -0.0596 -0.0934 122586 66904.3 -1
83 5224 -1 3 0 0.0916 -0.3087 121451 16403.4 -1
83 4428 -1 5 0 -0.361 -0.1953 57114.5 15202.9 -1
84 12095 6046332 3 1189788 -0.20183 -0.22392 60774.9 70714 70
84 2622 -1 3 0 -0.0586 -0.0938 124454 69424.1 -1
84 5224 -1 3 0 0.0954 -0.3085 123562 19334.5 -1
84 4428 -1 5 0 -0.3599 -0.1972 59354.7 18265.5 -1
85 12095 -1 3 0 -0.2009 -0.2249 57184.6 68747.3 -1
85 2622 -1 3 0 -0.0583 -0.094 120740 67656.3 -1
85 5224 -1 3 0 0.0969 -0.3078 119955 17736.7 -1
85 4428 -1 5 0 -0.3586 -0.1981 56968.9 15181.2 -1
86 12095 -1 3 0 -0.2008 -0.2249 59942.4 70454.2 -1
86 5376 7363889 4 304285 -0.15886 -0.04996 15374.6 63323.7 168
87 12299 6653379 2 2902517 -0.20007 0.39143 41608.8 49412.9 78
87 12095 -1 3 0 -0.2023 -0.2234 59013 70138.5 -1
87 5376 -1 4 0 -0.1589 -0.05 14668.7 62587.3 -1
87 7267 11009242 5 854650 -0.21062 0.10111 82450 28314.5 112
88 12299 -1 2 0 -0.1996 0.3914 44221.4 50103.2 -1
88 5376 -1 4 0 -0.159 -0.0489 18072.9 64655 -1
88 7267 -1 5 0 -0.2102 0.1023 86058 30050.5 -1
88 5447 12586685 6 1328333 0.436 -0.39902 44056 41040.8 166
89 12299 -1 2 0 -0.1996 0.3914 42986.2 48015.4 -1
89 5721 8349178 3 1064362 0.20944 -0.03672 87468.4 33607.8 78
89 5376 -1 4 0 -0.159 -0.0485 15964.8 62460.2 -1
89 7267 -1 5 0 -0.2105 0.1014 83784.5 27511.4 -1
89 8984 11565369 5 969273 -0.03199 0.05845 106230 54577.3 224
89 5447 -1 6 0 0.4375 -0.3978 40301.5 39142.7 -1
90 12299 -1 2 0 -0.1972 0.3921 43891.3 46669.5 -1
90 5721 -1 3 0 0.2094 -0.0366 88643.1 34489.4 -1
90 5917 10092445 5 164258 0.00081 -0.16937 46054.5 14991.7 196
90 7522 10040091 5 111904 0.31099 -0.02296 127793 10425.3 82
90 7267 -1 5 0 -0.2103 0.1035 86467.1 22658.8 -1
90 8984 -1 5 0 -0.0318 0.0585 108506 49710 -1
90 5447 -1 6 0 0.4389 -0.3933 39310.8 36185.9 -1
90 8110 12395258 6 917412 0.15167 -0.17671 65568.7 46159.4 114
91 1856 5732783 3 872705 -0.271 -0.25238 127567 37497.2 104
91 2548 5118858 3 262314 0.14333 -0.46977 120649 53683 96
91 5721 -1 3 0 0.2097 -0.0341 89301.1 34534.8 -1
91 5917 -1 5 0 0.0019 -0.1695 46147.7 15635.6 -1
91 8984 -1 5 0 -0.0321 0.0586 108413 50548.2 -1
91 5447 -1 6 0 0.4407 -0.3907 39774.3 37153.9 -1
91 7522 -1 6 0 0.3112 -0.0204 7404.7 11684.1 -1
91 8110 -1 6 0 0.1527 -0.1758 66192.1 47116.5 -1
92 2548 -1 3 0 0.1417 -0.4694 116866 54129.9 -1
92 5721 -1 3 0 0.2095 -0.035 85206.5 33474.6 -1
92 5628 6041926 4 247148 0.08462 0.02531 13602.4 52568.5 220
92 1856 -1 4 0 -0.2713 -0.2519 4774.3 36377.6 -1
92 5917 -1 5 0 0.0019 -0.17 44564.1 14455.7 -1
92 7522 -1 5 0 0.311 -0.0205 124963 9788.2 -1
92 8984 -1 5 0 -0.032 0.0584 106925 48578.5 -1
92 11299 8786782 6 173440 -0.09489 -0.19491 65457.8 16743.4 178
92 4629 8984921 6 559740 0.24696 -0.14127 47875.3 12833 152
92 8110 -1 6 0 0.1525 -0.1761 62928.9 46370.4 -1
93 11247 755193 1 755193 0.00059 -0.28956 60676.4 73418.4 152
93 10029 4684906 2 2480772 -0.39355 -0.20734 70414.5 49649.1 136
93 2548 -1 3 0 0.1365 -0.4715 118728 54678.1 -1
93 6998 5771712 3 915168 0.11893 0.00405 95373 48080.8 236
93 5628 -1 4 0 0.0849 0.0247 16808.1 55037.3 -1
93 1856 -1 4 0 -0.2731 -0.2493 8149 39136.4 -1
93 5917 -1 5 0 0.0018 -0.1694 46781.4 15819.6 -1
93 11299 -1 6 0 -0.0955 -0.1948 67077.9 17485.1 -1
93 4629 -1 6 0 0.2466 -0.1421 49199.6 13582.7 -1
93 7522 -1 6 0 0.3114 -0.0208 4766.2 11260.4 -1
93 8110 -1 6 0 0.1521 -0.1768 64432.7 47110.9 -1
94 11247 -1 1 0 0.001 -0.2896 56704.4 73628 -1
94 10029 -1 2 0 -0.3924 -0.2094 70005.6 49537.5 -1
94 1856 -1 3 0 -0.2713 -0.2519 125574 38558.4 -1
94 2548 -1 3 0 0.1405 -0.4709 115719 56359.7 -1
94 6998 -1 3 0 0.1188 0.0053 92522 48180.4 -1
94 5628 -1 4 0 0.0847 0.0252 13384.8 53681.9 -1
94 11299 -1 6 0 -0.0946 -0.1948 65783.9 19445.5 -1
94 4629 -1 6 0 0.2467 -0.1413 46927.9 15285.8 -1
94 5898 10338573 6 783622 -0.13585 0.28307 63223.3 18170.7 102
95 11247 -1 1 0 -0.0018 -0.2894 59412.2 75501.1 -1
95 10029 -1 2 0 -0.3945 -0.2062 72061.8 51635.4 -1
95 6998 -1 3 0 0.1189 0.0043 94850.5 50766.3 -1
95 5628 -1 4 0 0.0851 0.0242 16129.7 54500 -1
95 11299 -1 6 0 -0.0959 -0.1942 69730.6 18428.1 -1
95 4629 -1 6 0 0.2455 -0.1436 50564.1 14376.7 -1
95 5898 -1 6 0 -0.1338 0.2841 67188.9 16780.8 -1
96 11247 -1 1 0 -0.0002 -0.2893 59873.8 76629.7 -1
96 10029 -1 2 0 -0.3925 -0.209 73026.4 51696.1 -1
96 6998 -1 3 0 0.119 0.0054 94761.5 49327.6 -1
96 12055 7103579 4 701771 -0.16599 -0.04883 27584.3 56607.9 220
96 5898 -1 6 0 -0.1344 0.2857 67169.8 20896.2 -1
97 11667 4145026 2 1501326 -0.06186 0.09982 82261.7 80404.4 146
97 12367 6718608 3 1862064 0.36769 0.15028 53627.5 62105.6 116
97 12055 -1 4 0 -0.1651 -0.0517 24966.9 54811 -1
97 5898 -1 6 0 -0.1371 0.2837 64476.6 19642 -1
98 11667 -1 2 0 -0.0612 0.1003 83239.8 83206.1 -1
98 12367 -1 3 0 0.3674 0.1518 52774.8 64128.8 -1
98 12055 -1 4 0 -0.1663 -0.0493 26866.1 57671.9 -1
99 11667 -1 2 0 -0.0608 0.1006 85944.3 79308.9 -1
99 12367 -1 3 0 0.3702 0.1443 56594.4 64953.4 -1
99 12055 -1 4 0 -0.167 -0.0473 30643.4 57585.6 -1
100 274 550915 1 550915 0.04048 0.2343 121675 69441 126
100 11060 2876188 2 731534 -0.06143 -0.0841 50669.9 76233.4 220
100 11667 -1 2 0 -0.0611 0.0997 82323.2 80249 -1
100 12367 -1 3 0 0.3671 0.1456 51363 63219.4 -1
100 4478 7523983 4 1342983 -0.46416 0.02652 16826.7 53348.4 92
101 274 -1 1 0 0.0419 0.234 121831 71073.3 -1
101 6085 2165592 1 2165592 -0.09449 0.64982 85666.1 71286.7 124
101 11060 -1 2 0 -0.0616 -0.0839 51515.3 76797.8 -1
101 4478 -1 4 0 -0.4636 0.033 18595.6 54313.8 -1
101 9344 7130653 4 952352 0.10062 0.57855 21243.7 50818.6 86
102 274 -1 1 0 0.041 0.2343 121429 68657.7 -1
102 6085 -1 1 0 -0.0986 0.6505 85684.9 67379.2 -1
102 11060 -1 2 0 -0.061 -0.0843 51918.9 77424.6 -1
102 1550 4638043 3 664507 0.18587 -0.12761 52152.5 38488.8 100
102 4478 -1 4 0 -0.4641 0.0313 19256.1 54650.8 -1
102 9344 -1 4 0 0.0983 0.5785 20195.9 49486.1 -1
103 274 -1 1 0 0.041 0.2341 122667 69908.4 -1
103 6085 -1 1 0 -0.0989 0.6512 87041.4 68331.3 -1
103 11060 -1 2 0 -0.0615 -0.0838 52924.1 77489.6 -1
103 1550 -1 3 0 0.1847 -0.1294 54544.8 38633.2 -1
103 4478 -1 4 0 -0.4637 0.0335 21181.9 54182.7 -1
103 10074 5497163 4 418646 -0.00673 -0.1888 67997.4 33887.2 124
103 9344 -1 4 0 0.1014 0.5772 21619.5 48564.2 -1
104 6085 -1 1 0 -0.1008 0.6514 85485.3 64109.2 -1
104 12369 4260340 3 443798 -0.09882 0.24093 128171 75957.8 130
104 1550 -1 3 0 0.1841 -0.1296 51562.9 36799.9 -1
104 10074 -1 4 0 -0.0062 -0.1891 66049.2 32362.6 -1
104 9344 -1 4 0 0.1001 0.5784 19326.1 44759.9 -1
104 5640 6629673 5 7113 0.10192 0.2205 45176.2 36479.8 100
105 8150 253552 1 253552 0.00638 -0.11742 74509.3 46002.2 184
105 1550 -1 3 0 0.1846 -0.1277 52848.6 38061.5 -1
105 8008 5008779 3 814491 -0.09543 -0.30684 45334 24721.2 130
105 12369 -1 4 0 -0.1021 0.2396 8817.5 77780.4 -1
105 10074 -1 4 0 -0.0053 -0.1885 67497.7 34970.4 -1
105 11688 5844705 4 331700 -0.0311 -0.14411 86855.2 69447.1 118
105 5640 -1 5 0 0.1003 0.2214 45578.8 37775.4 -1
106 8150 -1 1 0 0.0059 -0.1173 73751.8 44907.4 -1
106 8008 -1 3 0 -0.0946 -0.3067 45164.2 25653.6 -1
106 12369 -1 4 0 -0.1023 0.24 8910.6 76583.9 -1
106 10074 -1 4 0 -0.0047 -0.1893 67315.9 35161 -1
106 11688 -1 4 0 -0.031 -0.1439 86705.2 69499.2 -1
106 5640 -1 5 0 0.0998 0.2221 44629.9 35625.7 -1
107 8150 -1 1 0 0.0066 -0.1171 74218.9 43480.5 -1
107 7418 4042643 2 1840697 0.03904 0.60311 75780 51523.1 56
107 8008 -1 3 0 -0.0909 -0.3082 45151.4 24058.1 -1
107 12369 -1 4 0 -0.1057 0.2384 7781.3 73389.2 -1
107 11688 -1 4 0 -0.0286 -0.1444 85612.9 67930.1 -1
107 6306 6510294 4 811242 0.14568 -0.32631 22449.1 75671.4 138
107 5640 -1 5 0 0.0981 0.2221 42869.1 39548 -1
108 8150 -1 1 0 0.0055 -0.117 76106.2 47009.7 -1
108 7418 -1 2 0 0.0483 0.6015 76674.3 50650.1 -1
108 8008 -1 3 0 -0.0952 -0.308 47784.1 26670.5 -1
108 11688 -1 4 0 -0.031 -0.1444 88591.1 68737.8 -1
108 6306 -1 4 0 0.1401 -0.328 25119.6 78093.9 -1
108 8046 11839345 6 337078 0.06919 -0.24138 44853.4 25426.2 176
109 7418 -1 2 0 0.0521 0.6017 75284.5 48596.1 -1
109 6306 -1 4 0 0.1423 -0.3277 23514.4 78086 -1
109 8046 -1 6 0 0.0697 -0.2412 42310.5 23888.3 -1
110 1408 686886 1 686886 0.13567 0.42792 58903.2 76801.9 62
110 7418 -1 2 0 0.0472 0.5985 75804.4 49980.1 -1
110 3656 5822165 3 524117 0.07039 -0.00399 121915 66002.7 192
110 6306 -1 4 0 0.1408 -0.3287 23544.9 82078.2 -1
110 8046 -1 6 0 0.0702 -0.2427 42602 24164.3 -1
111 1408 -1 1 0 0.1356 0.4284 58601.9 73968 -1
111 3656 -1 3 0 0.0703 -0.0047 122167 63258.1 -1
111 44 6213424 3 1574637 0.47914 -0.12273 68582.9 45423.7 150
111 8046 -1 6 0 0.0685 -0.2407 41235 21800.8 -1
112 1408 -1 1 0 0.1293 0.43 59456 74839.6 -1
112 3656 -1 3 0 0.0704 -0.0051 123740 64224.8 -1
112 44 -1 3 0 0.4791 -0.1243 69096.6 46851.4 -1
113 1408 -1 1 0 0.1366 0.4267 60170.6 74504 -1
113 3656 -1 3 0 0.0704 -0.0056 124046 64277.5 -1
113 44 -1 3 0 0.478 -0.1269 68983.2 47349 -1
114 44 -1 3 0 0.4795 -0.1171 66083.2 45469.8 -1
115 1063 5603279 3 573293 0.12795 0.24456 110307 67885.9 118
115 7756 6499070 3 1408096 -0.04084 0.15003 120295 85161.6 212
116 1063 -1 3 0 0.1263 0.2454 109498 66196.4 -1
116 7756 -1 3 0 -0.0417 0.1494 119938 83830.9 -1
117 1063 -1 3 0 0.123 0.2466 106813 65064.5 -1
117 7756 -1 3 0 -0.0437 0.1492 117146 82923.9 -1
118 1063 -1 3 0 0.1273 0.2447 109177 64568.9 -1
118 7756 -1 3 0 -0.0409 0.1498 120216 82485.4 -1
118 6060 7609226 4 329919 -0.02331 0.00999 42667.2 68690.5 260
119 6060 -1 4 0 -0.0235 0.0097 39931.7 68355.7 -1
119 3179 10254145 5 1203313 0.78028 -0.17753 57168.7 18776.7 50
120 6060 -1 4 0 -0.0234 0.0097 42146.5 70527.6 -1
120 7078 8054813 4 1125908 0.14098 0.31982 23701.4 13985 88
120 3179 -1 5 0 0.7769 -0.1758 57178.4 21742 -1
121 6060 -1 4 0 -0.0235 0.0096 40819.2 69564.5 -1
121 7078 -1 4 0 0.1406 0.32 22317.1 12736.4 -1
121 3179 -1 5 0 0.7752 -0.1838 55475.4 17123.9 -1
122 1383 5465031 3 371727 0.14034 0.00699 69255.2 24627.5 174
122 8492 5654535 3 577239 -0.04682 -0.0819 116240 29011.7 258
122 7078 -1 4 0 0.1369 0.322 20984.8 10287.3 -1
122 3179 -1 5 0 0.7787 -0.1851 52630.3 16068.5 -1
123 1383 -1 3 0 0.1404 0.0057 70958.2 24804.3 -1
123 8492 -1 3 0 -0.0475 -0.0815 118136 28843.2 -1
123 7078 -1 4 0 0.1412 0.3202 21003.7 12589.2 -1
124 10784 2989186 2 565441 -0.10639 -0.09986 50834.5 59993 198
124 11243 3201832 2 777926 -0.0999 0.0364 46257.3 78031.9 124
124 1383 -1 3 0 0.1403 0.0063 69488 24355.4 -1
124 8492 -1 3 0 -0.0473 -0.0816 117196 28909 -1
125 10681 834170 1 834170 0.0485 -0.18268 50426.3 72348.9 174
125 10841 489846 1 489846 -0.12164 0.24165 115728 47094 126
125 10967 667981 1 667981 -0.15016 0.19073 69041.6 58014.8 86
125 11777 572807 1 572807 0.01931 -0.15095 73098.4 53130.7 178
125 12242 561372 1 561372 0.02087 0.02467 96622.5 52039.2 246
125 127 524967 1 524967 0.00754 -0.16804 47584.8 47544.3 214
125 1526 511176 1 511176 -0.1334 -0.14957 74218.8 47179.4 148
125 1604 1497065 1 1497065 0.04519 -0.17496 49801.4 60338.9 210
125 1655 563311 1 563311 -0.11339 -0.02359 92428.8 51677.9 306
125 2350 1350319 1 1350319 -0.21165 0.06797 71836.5 42860.7 108
125 2597 821513 1 821513 0.20348 -0.1611 78911.6 71733.7 124
125 2875 1560833 1 1560833 -0.0803 0.16423 119357 63714.8 102
125 2910 577366 1 577366 -0.08242 -0.03505 61061.7 55423.4 196
125 2940 1630091 1 1630091 -0.0651 -0.20754 49425.2 68522.5 128
125 2992 1570162 1 1570162 0.1377 0.23775 93604.7 62141.4 114
125 3180 1671704 1 1671704 -0.02855 -0.2669 51185.3 73758.2 100
125 3309 926482 1 926482 -0.08175 -0.05793 44848.2 86096.2 214
125 3753 261273 1 261273 -0.27911 -0.14866 96520.3 46091.6 60
125 3802 261273 1 261273 -0.27911 -0.14866 96520.3 46091.6 60
125 4059 1334944 1 1334944 0.04467 0.16542 102502 45403.2 138
125 488 823133 1 823133 -0.11427 0.1413 74164 73321.8 98
125 5596 1338763 1 1338763 -0.28053 -0.11529 96799.8 43956.2 78
125 6490 550585 1 550585 -0.25825 -0.12392 121165 51265 92
125 6952 702388 1 702388 -0.10872 0.33108 117611 61322.7 142
125 7024 774630 1 774630 -0.06629 -0.20828 69429 68959.4 78
125 7342 450682 1 450682 0.02029 -0.19843 68196 44457 178
125 7396 511081 1 511081 -0.09991 -0.13961 74460.1 48459.9 124
125 7704 564855 1 564855 -0.1988 0.04417 91984.5 51417.1 162
125 8089 1492916 1 1492916 -0.01718 -0.18444 56420 60228.4 144
125 10784 -1 2 0 -0.1059 -0.1004 53187 60941.7 -1
125 11243 -1 2 0 -0.1 0.0359 48509.2 78842.8 -1
125 11589 3167532 2 518935 -0.05312 -0.01595 66642.7 47933.9 294
125 1277 4306371 2 1658373 -0.00219 -0.04859 72378.1 57140.1 198
125 7255 4318919 2 1670921 0.00378 -0.07691 26289.8 60204.4 264
125 7770 4280988 2 1631756 0.14332 -0.02568 19627.9 55908.8 166
125 892 3405296 2 759098 -0.27389 -0.19806 70027.8 60633.6 96
125 1383 -1 3 0 0.1403 0.0051 72641.8 25911.5 -1
125 8492 -1 3 0 -0.0479 -0.0814 120537 30018.5 -1
125 1454 6304462 3 1006414 -0.04857 0.00635 44369.7 24758.5 272
125 2731 6339399 3 1041351 -0.03938 -0.10542 44378.1 28405.1 264
125 3593 6303540 3 1005492 -0.12113 -0.0227 48658.1 22051.4 132
125 4824 5503061 3 205013 -0.03259 -0.04843 69412.7 18617.7 228
125 7388 5304939 3 6708 -0.08757 -0.26521 44128.9 36845.2 42
125 3325 9646320 5 361038 -0.2514 -0.08414 94619.3 28533.7 114
126 10681 -1 1 0 0.0484 -0.183 48881.2 72726.4 -1
126 10841 -1 1 0 -0.1215 0.2419 114659 46220.2 -1
126 10967 -1 1 0 -0.1503 0.1903 68052.9 57310.7 -1
126 11777 -1 1 0 0.0193 -0.151 71626.2 53394.8 -1
126 12242 -1 1 0 0.0209 0.0247 95150.3 51792.8 -1
126 127 -1 1 0 0.0075 -0.1682 46153.5 47881.7 -1
126 1526 -1 1 0 -0.1336 -0.1493 73181.9 47441.2 -1
126 1604 -1 1 0 0.045 -0.175 48264.9 60690.1 -1
126 1655 -1 1 0 -0.1135 -0.0234 91333.4 51567.6 -1
126 2350 -1 1 0 -0.2118 0.0678 71024.4 42495.2 -1
126 2597 -1 1 0 0.2035 -0.1612 76929.8 72028.8 -1
126 2875 -1 1 0 -0.0803 0.1651 118177 63065.9 -1
126 2910 -1 1 0 -0.0824 -0.0351 59877.9 55365.7 -1
126 2940 -1 1 0 -0.0652 -0.2081 48205.6 68973 -1
126 2992 -1 1 0 0.138 0.2377 91803.9 61299.8 -1
126 3180 -1 1 0 -0.0286 -0.2672 49859.2 74375.2 -1
126 3753 -1 1 0 -0.2793 -0.1479 95895.8 46337.8 -1
126 3802 -1 1 0 -0.2793 -0.1479 95895.8 46337.8 -1
126 4059 -1 1 0 0.0446 0.1654 100964 44750.4 -1
126 488 -1 1 0 -0.1143 0.1412 73073.6 72762.6 -1
126 5596 -1 1 0 -0.2804 -0.115 96180.8 44105 -1
126 6490 -1 1 0 -0.2585 -0.1234 120482 51422.7 -1
126 6952 -1 1 0 -0.1081 0.3315 116508 60211.6 -1
126 7024 -1 1 0 -0.0665 -0.2069 68203.9 69387.2 -1
126 7342 -1 1 0 0.0202 -0.1985 66720.6 44864.9 -1
126 7396 -1 1 0 -0.1001 -0.1395 73328.8 48691.8 -1
126 7704 -1 1 0 -0.199 0.0446 91130.8 51115 -1
126 8089 -1 1 0 -0.0172 -0.1843 55054.4 60603.6 -1
126 10784 -1 2 0 -0.1061 -0.0996 52702.2 60330.3 -1
126 11243 -1 2 0 -0.1 0.0368 48149.8 77885 -1
126 9948 3641211 2 1617274 0.02711 -0.24169 54354 82222.4 240
126 11589 -1 2 0 -0.0532 -0.0155 65895.7 46974.7 -1
126 1277 -1 2 0 -0.0026 -0.0486 71568.5 56222 -1
126 7255 -1 2 0 0.0032 -0.0768 25480.6 59744.8 -1
126 7770 -1 2 0 0.1432 -0.0268 18389.7 55366.5 -1
126 892 -1 2 0 -0.276 -0.1961 70020.1 60155.2 -1
126 1454 -1 3 0 -0.0486 0.0061 43851.3 23535.8 -1
126 2731 -1 3 0 -0.0387 -0.1058 43809.9 27507.1 -1
126 3309 -1 3 0 -0.0815 -0.0589 43838.4 7463.2 -1
126 3593 -1 3 0 -0.121 -0.0233 48369.6 20939.2 -1
126 4824 -1 3 0 -0.0322 -0.0486 68882 17707.5 -1
126 7388 -1 3 0 -0.0858 -0.2656 43643.5 36417.8 -1
126 3325 -1 5 0 -0.2519 -0.0831 95372.1 26131.4 -1
127 10681 -1 1 0 0.0506 -0.1825 48953.4 71036.6 -1
127 10841 -1 1 0 -0.1255 0.2376 115201 45022.7 -1
127 10967 -1 1 0 -0.1524 0.1889 68481.9 55554.3 -1
127 11220 407050 1 407050 0.12452 -0.24525 126137 80904.8 154
127 11777 -1 1 0 0.0212 -0.1509 71957.5 51958 -1
127 12242 -1 1 0 0.0206 0.0249 95501.8 50510.1 -1
127 127 -1 1 0 0.0094 -0.1679 46566.1 46141.9 -1
127 1526 -1 1 0 -0.132 -0.1505 73716.9 46021.9 -1
127 1604 -1 1 0 0.0472 -0.174 48485 58993.6 -1
127 1655 -1 1 0 -0.1131 -0.0249 91798.2 50279.8 -1
127 2350 -1 1 0 -0.2126 0.0639 71682.7 40861.7 -1
127 2597 -1 1 0 0.2056 -0.1582 76879.4 70668.5 -1
127 2875 -1 1 0 -0.0821 0.1637 118474 61974.2 -1
127 2910 -1 1 0 -0.082 -0.0361 60270 53690.3 -1
127 2940 -1 1 0 -0.0625 -0.208 48414.8 67296.7 -1
127 2992 -1 1 0 0.1354 0.2389 91943.1 59795.5 -1
127 3180 -1 1 0 -0.0252 -0.2678 49972.9 72769.5 -1
127 3309 -1 1 0 -0.0811 -0.0589 43698.2 84273.5 -1
127 3753 -1 1 0 -0.2775 -0.1508 96562.9 45213.8 -1
127 3802 -1 1 0 -0.2775 -0.1508 96562.9 45213.8 -1
127 4059 -1 1 0 0.0429 0.1658 101384 43428 -1
127 488 -1 1 0 -0.1157 0.1394 73280.2 71110.7 -1
127 5596 -1 1 0 -0.2791 -0.117 96877 42959.2 -1
127 6490 -1 1 0 -0.257 -0.1252 121068 50585.3 -1
127 6952 -1 1 0 -0.1127 0.3303 116864 58954.9 -1
127 7024 -1 1 0 -0.0636 -0.2087 68408 67968.5 -1
127 7342 -1 1 0 0.0226 -0.1983 67156.4 43393.3 -1
127 7396 -1 1 0 -0.0981 -0.1409 73819 47265.1 -1
127 7704 -1 1 0 -0.1994 0.0418 91672.8 49769.9 -1
127 8089 -1 1 0 -0.015 -0.1853 55330.1 58990.6 -1
127 10784 -1 2 0 -0.1056 -0.1007 52903.5 60455.2 -1
127 11243 -1 2 0 -0.1003 0.0359 48181 77859 -1
127 9948 -1 2 0 0.0296 -0.2416 54231.3 82487.7 -1
127 11589 -1 2 0 -0.0531 -0.0159 66183 47157.5 -1
127 1277 -1 2 0 -0.0022 -0.0486 71724.6 56487.2 -1
127 7255 -1 2 0 0.0039 -0.0769 25594.8 59594.1 -1
127 7770 -1 2 0 0.1435 -0.0252 18434.5 55092.2 -1
127 892 -1 2 0 -0.2744 -0.1986 70366.8 60528.9 -1
127 1454 -1 3 0 -0.0486 0.0057 43279.5 21774.2 -1
127 2731 -1 3 0 -0.0382 -0.1061 43211.5 25845.2 -1
127 3593 -1 3 0 -0.121 -0.0237 47864.8 19221.2 -1
127 4824 -1 3 0 -0.032 -0.0488 68314.1 16084.5 -1
127 7388 -1 3 0 -0.0849 -0.266 43049.6 34887.6 -1
127 3325 -1 5 0 -0.2507 -0.085 92714.2 28735 -1
127 7214 12526060 6 1044645 0.13823 -0.31436 73587.3 30775.6 158
128 10681 -1 1 0 0.0461 -0.1842 50789.7 73905.8 -1
128 10841 -1 1 0 -0.1189 0.2419 116861 45304.2 -1
128 10967 -1 1 0 -0.148 0.1905 70480 57003.7 -1
128 11777 -1 1 0 0.0183 -0.1517 73444.7 54237.1 -1
128 12242 -1 1 0 0.0211 0.0245 96936 51789 -1
128 127 -1 1 0 0.0058 -0.1678 47974.1 49041.5 -1
128 1526 -1 1 0 -0.1351 -0.1478 75471.6 48238.4 -1
128 1604 -1 1 0 0.0428 -0.1759 50065.9 61850.9 -1
128 1655 -1 1 0 -0.1138 -0.0227 93572.4 51764.9 -1
128 2350 -1 1 0 -0.2117 0.0699 73522.3 42571.1 -1
128 2597 -1 1 0 0.2019 -0.1628 78297.7 72832.2 -1
128 2875 -1 1 0 -0.0783 0.1657 120396 62369.7 -1
128 2910 -1 1 0 -0.0825 -0.0337 62063.8 55914.1 -1
128 2940 -1 1 0 -0.0665 -0.2061 50477 70239.8 -1
128 2992 -1 1 0 0.1401 0.2375 93280 60595.5 -1
128 3180 -1 1 0 -0.0304 -0.267 52058.8 75842.4 -1
128 3753 -1 1 0 -0.2807 -0.1461 98644 46895.2 -1
128 3802 -1 1 0 -0.2807 -0.1461 98644 46895.2 -1
128 4059 -1 1 0 0.0465 0.165 102600 44230.4 -1
128 488 -1 1 0 -0.1132 0.1426 75527.6 72564.6 -1
128 5596 -1 1 0 -0.2819 -0.111 98911.1 44558.9 -1
128 6490 -1 1 0 -0.2587 -0.1203 123195 51666.9 -1
128 6952 -1 1 0 -0.1058 0.3311 118789 58973.9 -1
128 7024 -1 1 0 -0.068 -0.2066 70465.7 70450.3 -1
128 7342 -1 1 0 0.0185 -0.1982 68462.7 45905.6 -1
128 7396 -1 1 0 -0.1014 -0.1384 75514.2 49453.6 -1
128 7704 -1 1 0 -0.1985 0.0462 93650.6 51084.4 -1
128 8089 -1 1 0 -0.0185 -0.1832 57073.1 61726.5 -1
128 9948 -1 2 0 0.0243 -0.2417 56918.4 82980.8 -1
128 11220 -1 2 0 0.1195 -0.2479 7895.2 82050.3 -1
128 11589 -1 2 0 -0.0534 -0.0154 68373.6 46843.7 -1
128 1277 -1 2 0 -0.003 -0.0483 73967.2 56140 -1
128 7255 -1 2 0 0.0023 -0.0771 27901.6 60210.9 -1
128 7770 -1 2 0 0.1428 -0.0276 20292.7 55745.3 -1
128 892 -1 2 0 -0.2774 -0.193 73408.2 60583 -1
128 11517 4872981 3 678693 0.35809 -0.17131 95019.9 41409.8 150
128 1454 -1 3 0 -0.0486 0.0071 45938.2 23636 -1
128 2731 -1 3 0 -0.0406 -0.1053 45922.4 28023.9 -1
128 3309 -1 3 0 -0.0825 -0.0574 45795.9 7803.2 -1
128 3593 -1 3 0 -0.1209 -0.0217 50667.3 21070.2 -1
128 4824 -1 3 0 -0.033 -0.0482 70786.6 17594.7 -1
128 7388 -1 3 0 -0.0903 -0.2648 46066.9 37482.3 -1
128 3325 -1 5 0 -0.2527 -0.0793 99608.4 30933.8 -1
128 7214 -1 6 0 0.132 -0.317 79062.6 30612.6 -1
129 9948 -1 2 0 0.027 -0.2414 54708.6 82382.2 -1
129 11220 -1 2 0 0.1222 -0.2464 5627.4 80888.4 -1
129 11517 -1 3 0 0.3596 -0.1681 92304.3 41189.4 -1
129 7214 -1 6 0 0.1348 -0.3154 74794.4 31451.3 -1
130 11220 -1 2 0 0.1213 -0.2452 6418.8 83177.1 -1
130 11517 -1 3 0 0.3591 -0.1677 93365.5 43117.4 -1
130 6188 9282796 4 663793 0.46306 0.29504 28681.7 64783.5 42
130 7214 -1 6 0 0.1317 -0.317 76986.8 28349.1 -1
131 11517 -1 3 0 0.3594 -0.1695 91513.2 42125.8 -1
131 6188 -1 4 0 0.4603 0.2994 26898.8 61898 -1
132 6188 -1 4 0 0.4623 0.2962 26214.1 63209.6 -1
133 6188 -1 4 0 0.4596 0.2971 22743.3 61142.9 -1
