17
6 14017 9935778 1105698
6 14017 442422 -1
18
2 783 2895697 248214
2 783 1560255 -1
3 3521 6583068 1702069
3 3521 868829 -1
4 7216 8564966 1496414
4 7216 820880 -1
6 14017 -1 0
6 14017 441985 -1
19
1 3668 474355 474355
1 3668 1349498 -1
2 783 -1 0
2 783 918079 -1
3 3521 -1 0
3 3521 729892 -1
4 7216 -1 0
4 7216 211023 -1
4 2806 6680846 54592
4 2806 54549 -1
6 14017 -1 0
6 14017 442658 -1
20
1 3668 -1 0
1 3668 2747563 -1
2 783 -1 0
2 783 697216 -1
3 3521 -1 0
3 3521 795348 -1
4 3301 10242302 1129313
4 3301 2783793 -1
4 7216 -1 0
4 7216 1668645 -1
4 2806 -1 0
4 2806 1629136 -1
6 6206 14245988 173602
6 6206 173320 -1
6 14017 -1 0
6 14017 861869 -1
21
1 3668 -1 0
1 3668 2711915 -1
2 783 -1 0
2 783 3303 -1
3 3521 -1 0
3 3521 804426 -1
4 3301 -1 0
4 3301 979914 -1
4 7216 -1 0
4 7216 2079793 -1
4 2806 -1 0
4 2806 2336297 -1
4 717 9745941 695073
4 717 252999 -1
6 6206 -1 0
6 6206 543530 -1
22
1 3668 -1 0
1 3668 1801066 -1
4 14348 7164071 1459642
4 14348 907887 -1
4 3301 -1 0
4 3301 1437421 -1
4 2806 -1 0
4 2806 239223 -1
4 717 -1 0
4 717 470357 -1
5 12366 7463762 178946
5 12366 178377 -1
6 6206 -1 0
6 6206 406468 -1
23
4 14348 -1 0
4 14348 268305 -1
4 3301 -1 0
4 3301 250696 -1
4 717 -1 0
4 717 466826 -1
5 12366 -1 0
5 12366 329377 -1
6 6206 -1 0
6 6206 573874 -1
24
2 8785 5121480 1812315
2 8785 478213 -1
3 4468 6002344 451687
3 4468 450923 -1
4 14348 -1 0
4 14348 1523759 -1
4 717 -1 0
4 717 284727 -1
5 12366 -1 0
5 12366 1454226 -1
25
2 8785 -1 0
2 8785 525905 -1
3 4468 -1 0
3 4468 1600868 -1
4 14348 -1 0
4 14348 992994 -1
5 12366 -1 0
5 12366 1821535 -1
6 340 15045094 908337
6 340 2012839 -1
26
2 8785 -1 0
2 8785 53293 -1
3 4468 -1 0
3 4468 254725 -1
4 14369 5928435 408377
4 14369 824395 -1
4 7062 6135697 835345
4 7062 392077 -1
5 10722 6874179 30867
5 10722 30866 -1
6 340 -1 0
6 340 26387 -1
27
2 8785 -1 0
2 8785 278164 -1
3 4468 -1 0
3 4468 702407 -1
4 14369 -1 0
4 14369 411898 -1
4 7062 -1 0
4 7062 420593 -1
4 12178 5995573 256440
4 12178 256440 -1
5 10722 -1 0
5 10722 903493 -1
6 340 -1 0
6 340 28969 -1
28
4 14369 -1 0
4 14369 849877 -1
4 7062 -1 0
4 7062 859178 -1
4 12178 -1 0
4 12178 264555 -1
5 1018 7796810 253264
5 1018 966155 -1
5 10722 -1 0
5 10722 249466 -1
6 340 -1 0
6 340 1096948 -1
29
3 9570 4696537 502249
3 9570 1804962 -1
4 14369 -1 0
4 14369 1748198 -1
4 7062 -1 0
4 7062 415716 -1
4 12178 -1 0
4 12178 269605 -1
4 81 6966255 1000883
4 81 510507 -1
5 1018 -1 0
5 1018 469932 -1
5 10722 -1 0
5 10722 272481 -1
30
1 5422 2202327 2202327
1 5422 2202058 -1
1 6496 947303 947303
1 6496 2073131 -1
3 9570 -1 0
3 9570 729622 -1
4 6142 9540429 2109386
4 6142 1348428 -1
4 12178 -1 0
4 12178 505635 -1
4 81 -1 0
4 81 690098 -1
5 1018 -1 0
5 1018 1593865 -1
31
1 5422 -1 0
1 5422 928520 -1
1 6496 -1 0
1 6496 1945137 -1
3 9125 6410777 1112729
3 9125 302288 -1
3 9570 -1 0
3 9570 1423851 -1
4 6142 -1 0
4 6142 260997 -1
4 81 -1 0
4 81 995011 -1
5 1018 -1 0
5 1018 281942 -1
32
1 5422 -1 0
1 5422 2093720 -1
1 6496 -1 0
1 6496 2038355 -1
2 1111 3202567 331059
2 1111 795613 -1
3 11862 4535401 158298
3 11862 1885151 -1
3 9125 -1 0
3 9125 1140712 -1
3 9570 -1 0
3 9570 1376142 -1
4 6142 -1 0
4 6142 259951 -1
4 81 -1 0
4 81 769537 -1
6 4478 9827711 179759
6 4478 1204392 -1
33
1 5422 -1 0
1 5422 983748 -1
1 6496 -1 0
1 6496 2053648 -1
2 1111 -1 0
2 1111 1472357 -1
3 11862 -1 0
3 11862 157514 -1
3 9125 -1 0
3 9125 279451 -1
4 6142 -1 0
4 6142 705451 -1
4 897 7301797 1341493
4 897 8075 -1
6 4478 -1 0
6 4478 784250 -1
34
2 1111 -1 0
2 1111 2533865 -1
3 11862 -1 0
3 11862 949276 -1
3 1747 6019061 941765
3 1747 264565 -1
3 7141 5925617 671671
3 7141 671820 -1
3 9125 -1 0
3 9125 1789754 -1
4 897 -1 0
4 897 670735 -1
6 4478 -1 0
6 4478 842543 -1
35
2 1111 -1 0
2 1111 742907 -1
3 11862 -1 0
3 11862 1057296 -1
3 7141 -1 0
3 7141 798198 -1
4 1747 -1 0
4 1747 259830 -1
4 897 -1 0
4 897 9872 -1
6 4478 -1 0
6 4478 214772 -1
6 9056 11752584 1347492
6 9056 2054672 -1
36
3 1747 -1 0
3 1747 503646 -1
3 7141 -1 0
3 7141 1827248 -1
4 897 -1 0
4 897 11900 -1
6 2306 12208527 529952
6 2306 1359864 -1
6 9056 -1 0
6 9056 1354546 -1
37
3 7141 -1 0
3 7141 1125432 -1
4 1747 -1 0
4 1747 241532 -1
6 2306 -1 0
6 2306 255231 -1
6 9056 -1 0
6 9056 286013 -1
38
2 13413 3169828 1069165
2 13413 534970 -1
4 9023 7163593 985289
4 9023 985668 -1
5 13268 8363541 115948
5 13268 115852 -1
6 2306 -1 0
6 2306 279917 -1
6 9056 -1 0
6 9056 1146148 -1
39
2 13413 -1 0
2 13413 709828 -1
4 9023 -1 0
4 9023 986991 -1
4 12067 8138005 851667
4 12067 441330 -1
5 13268 -1 0
5 13268 1034401 -1
6 2306 -1 0
6 2306 269867 -1
40
2 13413 -1 0
2 13413 694770 -1
4 9023 -1 0
4 9023 622448 -1
4 12067 -1 0
4 12067 1765300 -1
5 13268 -1 0
5 13268 146540 -1
41
2 13413 -1 0
2 13413 1586372 -1
3 12860 6250531 731731
3 12860 684654 -1
4 9023 -1 0
4 9023 1427207 -1
4 12067 -1 0
4 12067 659769 -1
5 13268 -1 0
5 13268 151816 -1
42
3 15140 5635577 1229530
3 15140 590598 -1
3 12860 -1 0
3 12860 595641 -1
4 12067 -1 0
4 12067 857902 -1
6 11677 9656071 196531
6 11677 197213 -1
43
3 15140 -1 0
3 15140 550616 -1
3 12860 -1 0
3 12860 554122 -1
6 11677 -1 0
6 11677 166815 -1
44
3 15140 -1 0
3 15140 503862 -1
3 12860 -1 0
3 12860 546189 -1
4 14299 6135140 394164
4 14299 839785 -1
4 8067 6219326 701721
4 8067 243733 -1
6 11677 -1 0
6 11677 150218 -1
45
3 15140 -1 0
3 15140 1014256 -1
4 14299 -1 0
4 14299 864015 -1
4 8067 -1 0
4 8067 268646 -1
6 11677 -1 0
6 11677 1900107 -1
46
2 13699 2225768 240187
2 13699 1100852 -1
3 8003 4891114 1121157
3 8003 493989 -1
4 14299 -1 0
4 14299 1301456 -1
4 1556 5872951 569450
4 1556 569027 -1
4 5517 5478648 175890
4 5517 175269 -1
4 8067 -1 0
4 8067 238453 -1
6 7183 8213822 48962
6 7183 1163079 -1
47
2 13699 -1 0
2 13699 1362745 -1
3 8003 -1 0
3 8003 1689757 -1
4 14299 -1 0
4 14299 616929 -1
4 1556 -1 0
4 1556 263561 -1
4 5517 -1 0
4 5517 1749952 -1
4 8067 -1 0
4 8067 975990 -1
6 7183 -1 0
6 7183 723883 -1
48
2 13699 -1 0
2 13699 1587312 -1
3 8003 -1 0
3 8003 1922005 -1
4 1556 -1 0
4 1556 149582 -1
4 5517 -1 0
4 5517 178750 -1
6 7183 -1 0
6 7183 59706 -1
49
2 13699 -1 0
2 13699 1128855 -1
3 12306 5511753 875961
3 12306 877226 -1
4 1556 -1 0
4 1556 647788 -1
4 5517 -1 0
4 5517 194141 -1
5 8003 -1 0
5 8003 638030 -1
6 7183 -1 0
6 7183 262267 -1
50
3 13221 4254147 280611
3 13221 280609 -1
3 9821 4228985 255449
3 9821 1409375 -1
3 9891 4774562 801026
3 9891 1493453 -1
3 12306 -1 0
3 12306 434347 -1
5 5987 7003950 189262
5 5987 1463010 -1
51
3 13221 -1 0
3 13221 295699 -1
3 9821 -1 0
3 9821 1641628 -1
3 9891 -1 0
3 9891 350631 -1
3 12306 -1 0
3 12306 1097655 -1
5 5987 -1 0
5 5987 778191 -1
52
2 9491 4493385 965112
2 9491 1906823 -1
3 13221 -1 0
3 13221 951767 -1
3 9821 -1 0
3 9821 928276 -1
3 9891 -1 0
3 9891 808185 -1
3 12306 -1 0
3 12306 887034 -1
4 12535 8262822 265668
4 12535 554215 -1
5 5987 -1 0
5 5987 1425201 -1
6 5678 11037201 441126
6 5678 661926 -1
53
2 9491 -1 0
2 9491 2298877 -1
3 13221 -1 0
3 13221 1853850 -1
3 9821 -1 0
3 9821 710273 -1
3 9891 -1 0
3 9891 379018 -1
4 12535 -1 0
4 12535 268779 -1
5 5987 -1 0
5 5987 324394 -1
6 5678 -1 0
6 5678 441101 -1
54
2 9491 -1 0
2 9491 559154 -1
3 11300 5596824 541609
3 11300 542525 -1
3 4126 5887365 810069
3 4126 1497177 -1
4 12535 -1 0
4 12535 289733 -1
6 5678 -1 0
6 5678 440054 -1
55
2 9491 -1 0
2 9491 738442 -1
3 11300 -1 0
3 11300 677686 -1
3 4126 -1 0
3 4126 328362 -1
4 12535 -1 0
4 12535 471245 -1
6 5678 -1 0
6 5678 1103082 -1
56
3 11300 -1 0
3 11300 549364 -1
3 4126 -1 0
3 4126 372808 -1
6 5828 8871694 485737
6 5828 486452 -1
57
1 3069 2454636 2454636
1 3069 845268 -1
3 11300 -1 0
3 11300 473898 -1
3 4126 -1 0
3 4126 805449 -1
6 5828 -1 0
6 5828 693305 -1
58
1 3069 -1 0
1 3069 1483115 -1
4 2209 6382217 420561
4 2209 865167 -1
6 5828 -1 0
6 5828 39852 -1
59
1 3069 -1 0
1 3069 1396769 -1
4 2209 -1 0
4 2209 648056 -1
6 5828 -1 0
6 5828 53771 -1
6 15214 8149611 199300
6 15214 199344 -1
60
1 3069 -1 0
1 3069 1715964 -1
4 2209 -1 0
4 2209 420768 -1
5 8485 7946506 220186
5 8485 991646 -1
6 15214 -1 0
6 15214 659798 -1
61
4 2209 -1 0
4 2209 864390 -1
5 8485 -1 0
5 8485 328053 -1
6 15214 -1 0
6 15214 384991 -1
62
1 10776 680283 680283
1 10776 1800827 -1
3 2243 5464922 829130
3 2243 857973 -1
4 13480 6583122 201499
4 13480 840772 -1
5 8485 -1 0
5 8485 323636 -1
6 1592 9670009 172775
6 1592 173594 -1
6 15214 -1 0
6 15214 811996 -1
63
1 10776 -1 0
1 10776 531359 -1
3 2243 -1 0
3 2243 1277603 -1
3 484 3989958 222924
3 484 496627 -1
4 13480 -1 0
4 13480 1057472 -1
5 8485 -1 0
5 8485 190890 -1
5 576 7635364 1233556
5 576 148373 -1
6 1592 -1 0
6 1592 582454 -1
64
1 10776 -1 0
1 10776 981149 -1
2 5021 2737659 747970
2 5021 747970 -1
3 2243 -1 0
3 2243 826940 -1
3 9452 4158070 121357
3 9452 121355 -1
3 484 -1 0
3 484 294151 -1
4 13480 -1 0
4 13480 383627 -1
5 12779 7865605 573261
5 12779 117342 -1
5 576 -1 0
5 576 153063 -1
6 1592 -1 0
6 1592 817457 -1
65
1 10776 -1 0
1 10776 1194951 -1
3 12779 -1 0
3 12779 574258 -1
3 2243 -1 0
3 2243 366550 -1
3 9452 -1 0
3 9452 709294 -1
3 484 -1 0
3 484 958712 -1
4 13480 -1 0
4 13480 826243 -1
4 5021 -1 0
4 5021 621364 -1
4 2320 6851231 449423
4 2320 422168 -1
5 576 -1 0
5 576 116710 -1
6 1592 -1 0
6 1592 777826 -1
66
2 5021 -1 0
2 5021 813311 -1
3 12779 -1 0
3 12779 1500461 -1
3 9452 -1 0
3 9452 100537 -1
3 484 -1 0
3 484 2085315 -1
3 576 -1 0
3 576 788124 -1
4 8190 8294041 1137846
4 8190 1137845 -1
4 2320 -1 0
4 2320 11778 -1
67
2 5021 -1 0
2 5021 2072630 -1
3 12779 -1 0
3 12779 1237344 -1
3 9452 -1 0
3 9452 153845 -1
4 8190 -1 0
4 8190 2126561 -1
4 2320 -1 0
4 2320 11850 -1
6 4089 11259758 884414
6 4089 2019108 -1
68
4 8190 -1 0
4 8190 327705 -1
4 2320 -1 0
4 2320 425266 -1
6 4089 -1 0
6 4089 651490 -1
69
4 8190 -1 0
4 8190 788395 -1
6 4089 -1 0
6 4089 1402 -1
70
2 9858 3654633 854705
2 9858 855768 -1
3 3121 5181329 324785
3 3121 995620 -1
4 5827 7500147 406503
4 5827 406733 -1
6 4089 -1 0
6 4089 646443 -1
71
2 9858 -1 0
2 9858 668967 -1
3 3121 -1 0
3 3121 2284937 -1
4 5827 -1 0
4 5827 828339 -1
72
1 1623 307328 307328
1 1623 307429 -1
1 5800 270539 270539
1 5800 269945 -1
2 1338 1577335 475161
2 1338 277414 -1
2 9858 -1 0
2 9858 1618233 -1
3 3121 -1 0
3 3121 1087033 -1
4 5827 -1 0
4 5827 1096149 -1
73
1 1623 -1 0
1 1623 1007272 -1
1 5800 -1 0
1 5800 2529736 -1
2 1338 -1 0
2 1338 1487316 -1
2 9858 -1 0
2 9858 807636 -1
3 3121 -1 0
3 3121 817243 -1
4 5827 -1 0
4 5827 412567 -1
74
1 1623 -1 0
1 1623 858005 -1
1 5800 -1 0
1 5800 710119 -1
2 1338 -1 0
2 1338 679164 -1
3 3253 5078068 221524
3 3253 221177 -1
5 14021 9675566 403982
5 14021 404434 -1
75
1 1623 -1 0
1 1623 1069030 -1
1 5800 -1 0
1 5800 902942 -1
2 1338 -1 0
2 1338 1257725 -1
2 11833 4781768 1362235
2 11833 2758190 -1
2 14734 6651348 3342084
2 14734 2297937 -1
3 3253 -1 0
3 3253 854 -1
5 14021 -1 0
5 14021 593449 -1
76
2 11833 -1 0
2 11833 975204 -1
2 14734 -1 0
2 14734 2240203 -1
3 3253 -1 0
3 3253 332 -1
5 14021 -1 0
5 14021 1748737 -1
6 10233 11197181 816911
6 10233 137306 -1
77
2 11833 -1 0
2 11833 1274417 -1
2 14734 -1 0
2 14734 235867 -1
3 3253 -1 0
3 3253 882964 -1
5 14021 -1 0
5 14021 406243 -1
6 10233 -1 0
6 10233 355522 -1
78
2 11833 -1 0
2 11833 783645 -1
2 14734 -1 0
2 14734 945868 -1
6 10233 -1 0
6 10233 377098 -1
79
6 10233 -1 0
6 10233 659773 -1
80
1 6875 1683683 1683683
1 6875 1683582 -1
81
1 6875 -1 0
1 6875 464800 -1
82
1 6875 -1 0
1 6875 458338 -1
83
1 6875 -1 0
1 6875 980052 -1
84
1 3743 1337194 1337194
1 3743 1336241 -1
3 14553 5203366 198734
3 14553 198734 -1
4 4948 7177620 513342
4 4948 513584 -1
4 6374 8148463 1523894
4 6374 864321 -1
85
1 3743 -1 0
1 3743 973649 -1
3 14553 -1 0
3 14553 316230 -1
4 4948 -1 0
4 4948 773305 -1
4 6374 -1 0
4 6374 1094795 -1
4 10957 7963840 458272
4 10957 455794 -1
5 2720 10782125 1263895
5 2720 170622 -1
86
1 3743 -1 0
1 3743 1081122 -1
3 14553 -1 0
3 14553 341890 -1
4 6374 -1 0
4 6374 416723 -1
4 10957 -1 0
4 10957 753985 -1
5 6755 8799127 1072807
5 6755 404895 -1
5 2720 -1 0
5 2720 1479083 -1
6 1435 9499806 7470
6 1435 1078085 -1
6 4948 -1 0
6 4948 82790 -1
87
1 3743 -1 0
1 3743 860299 -1
3 14553 -1 0
3 14553 1187319 -1
4 4948 -1 0
4 4948 591477 -1
4 6374 -1 0
4 6374 415187 -1
4 10957 -1 0
4 10957 927799 -1
5 6755 -1 0
5 6755 598339 -1
5 2720 -1 0
5 2720 2352748 -1
6 1435 -1 0
6 1435 1773020 -1
88
4 6637 6376168 191734
4 6637 192571 -1
4 10957 -1 0
4 10957 301354 -1
5 6755 -1 0
5 6755 1068667 -1
5 2720 -1 0
5 2720 98214 -1
6 1435 -1 0
6 1435 409071 -1
89
4 6637 -1 0
4 6637 827027 -1
5 6755 -1 0
5 6755 1284493 -1
6 1435 -1 0
6 1435 231766 -1
6 10182 11474896 300857
6 10182 302646 -1
90
2 11777 2894437 466198
2 11777 465675 -1
4 6637 -1 0
4 6637 988285 -1
6 10182 -1 0
6 10182 1079386 -1
91
2 11777 -1 0
2 11777 1586933 -1
4 6637 -1 0
4 6637 197717 -1
6 10182 -1 0
6 10182 217884 -1
92
2 11777 -1 0
2 11777 466279 -1
3 10356 5823788 967244
3 10356 967243 -1
3 12692 5784046 927502
3 12692 265127 -1
5 6971 10611451 2002123
5 6971 1135767 -1
6 10182 -1 0
6 10182 180311 -1
93
1 1913 809617 809617
1 1913 809859 -1
2 11777 -1 0
2 11777 483856 -1
3 10356 -1 0
3 10356 684307 -1
3 12692 -1 0
3 12692 527224 -1
5 6971 -1 0
5 6971 1451404 -1
94
1 4796 1683191 1683191
1 4796 1683188 -1
1 1913 -1 0
1 1913 1847153 -1
3 10356 -1 0
3 10356 514913 -1
3 12692 -1 0
3 12692 303690 -1
3 7621 6146754 1069458
3 7621 402266 -1
5 6971 -1 0
5 6971 1198846 -1
6 14261 11218580 179365
6 14261 179559 -1
95
1 4796 -1 0
1 4796 510326 -1
1 1913 -1 0
1 1913 1537052 -1
3 10356 -1 0
3 10356 487311 -1
3 12692 -1 0
3 12692 282562 -1
3 7621 -1 0
3 7621 368925 -1
4 14349 7808969 1020117
4 14349 1019097 -1
5 6971 -1 0
5 6971 475130 -1
6 14261 -1 0
6 14261 188929 -1
96
1 4796 -1 0
1 4796 309894 -1
1 1913 -1 0
1 1913 1008280 -1
3 7621 -1 0
3 7621 389940 -1
4 14349 -1 0
4 14349 1176527 -1
5 12675 8371892 411806
5 12675 413452 -1
6 14261 -1 0
6 14261 548788 -1
97
1 4796 -1 0
1 4796 490003 -1
3 7621 -1 0
3 7621 1039126 -1
4 14349 -1 0
4 14349 1028097 -1
5 12675 -1 0
5 12675 439582 -1
6 14261 -1 0
6 14261 553215 -1
98
3 7324 7589949 2291901
3 7324 559298 -1
3 9676 6524962 1007496
3 9676 105684 -1
4 10288 8983111 1198089
4 10288 198731 -1
4 14349 -1 0
4 14349 864307 -1
5 12675 -1 0
5 12675 1326888 -1
99
3 7324 -1 0
3 7324 1208359 -1
3 9676 -1 0
3 9676 106867 -1
4 10288 -1 0
4 10288 1030259 -1
5 12675 -1 0
5 12675 1543159 -1
100
3 7324 -1 0
3 7324 452779 -1
3 9676 -1 0
3 9676 110972 -1
4 10288 -1 0
4 10288 182910 -1
4 9653 6764504 160112
4 9653 875067 -1
101
3 7324 -1 0
3 7324 569563 -1
3 9676 -1 0
3 9676 1017947 -1
4 10288 -1 0
4 10288 834483 -1
4 9653 -1 0
4 9653 170860 -1
102
4 9653 -1 0
4 9653 166730 -1
103
4 9653 -1 0
4 9653 1483748 -1
104
2 10758 2900758 1137387
2 10758 525618 -1
4 14098 6068620 586115
4 14098 120941 -1
105
2 10758 -1 0
2 10758 1002730 -1
3 1036 4789438 950184
3 1036 950274 -1
4 14098 -1 0
4 14098 1485989 -1
106
2 10758 -1 0
2 10758 1397910 -1
3 1036 -1 0
3 1036 957174 -1
4 14098 -1 0
4 14098 128064 -1
5 12406 9016085 1289765
5 12406 631518 -1
6 13736 11058195 1346880
6 13736 1132303 -1
107
2 10758 -1 0
2 10758 491341 -1
3 1036 -1 0
3 1036 958904 -1
3 2084 5121610 1148074
3 2084 1148625 -1
4 14098 -1 0
4 14098 135039 -1
4 12450 6990873 805012
4 12450 776213 -1
5 12406 -1 0
5 12406 398016 -1
6 13736 -1 0
6 13736 249941 -1
108
3 1036 -1 0
3 1036 547819 -1
3 2084 -1 0
3 2084 41453 -1
4 12450 -1 0
4 12450 777854 -1
5 12406 -1 0
5 12406 387875 -1
6 13736 -1 0
6 13736 674851 -1
109
3 2084 -1 0
3 2084 243540 -1
4 12450 -1 0
4 12450 150393 -1
5 12406 -1 0
5 12406 373842 -1
6 13736 -1 0
6 13736 63476 -1
110
1 1861 270749 270749
1 1861 268730 -1
1 3451 565328 565328
1 3451 1456560 -1
3 2084 -1 0
3 2084 456626 -1
4 12450 -1 0
4 12450 183549 -1
5 9814 8738205 97000
5 9814 941219 -1
111
1 1861 -1 0
1 1861 1768613 -1
1 3451 -1 0
1 3451 342240 -1
3 9814 -1 0
3 9814 1301430 -1
112
1 1861 -1 0
1 1861 2264223 -1
1 3451 -1 0
1 3451 2472909 -1
2 13507 5023840 2028272
2 13507 625120 -1
5 9814 -1 0
5 9814 1310012 -1
113
1 1861 -1 0
1 1861 228604 -1
1 3451 -1 0
1 3451 1412062 -1
1 9314 554508 554508
1 9314 2671721 -1
4 13507 -1 0
4 13507 173426 -1
4 14353 10123084 1097733
4 14353 2265213 -1
5 9814 -1 0
5 9814 828312 -1
5 11531 12603152 461792
5 11531 939442 -1
114
1 9314 -1 0
1 9314 665056 -1
2 7864 3391086 1206122
2 7864 1206363 -1
4 1015 6770872 145439
4 1015 144534 -1
4 13507 -1 0
4 13507 872587 -1
4 14353 -1 0
4 14353 665652 -1
5 11531 -1 0
5 11531 2246502 -1
115
1 9314 -1 0
1 9314 604205 -1
2 7864 -1 0
2 7864 509552 -1
4 1015 -1 0
4 1015 843686 -1
4 13507 -1 0
4 13507 116643 -1
4 14353 -1 0
4 14353 1281751 -1
5 11531 -1 0
5 11531 283743 -1
116
1 9314 -1 0
1 9314 721048 -1
2 15170 2717653 503574
2 15170 1019332 -1
2 7864 -1 0
2 7864 1352363 -1
3 2709 5231719 1258183
3 2709 568814 -1
4 1015 -1 0
4 1015 819342 -1
4 14353 -1 0
4 14353 583376 -1
5 11531 -1 0
5 11531 235319 -1
117
2 15170 -1 0
2 15170 549827 -1
2 7864 -1 0
2 7864 1204694 -1
3 2709 -1 0
3 2709 1353607 -1
3 14870 6139872 1283328
3 14870 399631 -1
4 1015 -1 0
4 1015 1940243 -1
4 1784 7989774 1147744
4 1784 462332 -1
118
2 15170 -1 0
2 15170 1209886 -1
3 14302 6458424 1992995
3 14302 1212854 -1
3 2709 -1 0
3 2709 1257794 -1
3 14870 -1 0
3 14870 394344 -1
4 1784 -1 0
4 1784 891408 -1
119
2 15170 -1 0
2 15170 2246914 -1
3 14302 -1 0
3 14302 1201733 -1
3 2709 -1 0
3 2709 533393 -1
3 14870 -1 0
3 14870 401360 -1
3 3679 7197000 2153052
3 3679 1369822 -1
4 1784 -1 0
4 1784 274917 -1
4 4095 8010213 947441
4 4095 947643 -1
120
3 14302 -1 0
3 14302 1187514 -1
3 1658 4114936 165018
3 1658 983268 -1
3 2368 4352548 379012
3 2368 1051688 -1
3 14870 -1 0
3 14870 1313589 -1
3 3679 -1 0
3 3679 721910 -1
4 6556 5777353 39373
4 6556 39255 -1
4 1784 -1 0
4 1784 700208 -1
4 4095 -1 0
4 4095 258210 -1
121
3 14302 -1 0
3 14302 317534 -1
3 1658 -1 0
3 1658 760710 -1
3 2368 -1 0
3 2368 352170 -1
3 3679 -1 0
3 3679 546014 -1
4 6556 -1 0
4 6556 662291 -1
4 4095 -1 0
4 4095 685145 -1
122
2 14144 3160424 735387
2 14144 254893 -1
3 1658 -1 0
3 1658 966262 -1
3 2368 -1 0
3 2368 1522407 -1
3 3679 -1 0
3 3679 731737 -1
4 2377 6651925 449535
4 2377 974711 -1
4 4272 7336237 1179608
4 4272 586250 -1
4 6556 -1 0
4 6556 252657 -1
4 4095 -1 0
4 4095 1644355 -1
6 6911 10121929 186463
6 6911 1720485 -1
123
2 14144 -1 0
2 14144 519185 -1
3 1658 -1 0
3 1658 214442 -1
3 2368 -1 0
3 2368 1452139 -1
4 2377 -1 0
4 2377 317793 -1
4 4272 -1 0
4 4272 1055709 -1
4 6556 -1 0
4 6556 693120 -1
5 13828 9680205 1070877
5 13828 1071393 -1
6 6911 -1 0
6 6911 1033364 -1
124
2 14144 -1 0
2 14144 280620 -1
4 14046 6224153 707579
4 14046 223225 -1
4 2377 -1 0
4 2377 301923 -1
4 4272 -1 0
4 4272 937561 -1
5 13828 -1 0
5 13828 1060944 -1
6 6911 -1 0
6 6911 1297682 -1
125
2 14144 -1 0
2 14144 1849076 -1
4 14046 -1 0
4 14046 1350606 -1
4 2377 -1 0
4 2377 526833 -1
4 4272 -1 0
4 4272 1396305 -1
4 14047 8220240 1832446
4 14047 943664 -1
5 13828 -1 0
5 13828 1951316 -1
6 6911 -1 0
6 6911 1484717 -1
126
3 9297 4878250 309704
3 9297 1170783 -1
4 14046 -1 0
4 14046 1384329 -1
4 14047 -1 0
4 14047 707251 -1
5 9719 10338631 2391559
5 9719 1266126 -1
5 13828 -1 0
5 13828 623812 -1
127
3 9297 -1 0
3 9297 307930 -1
4 14046 -1 0
4 14046 37659 -1
4 14047 -1 0
4 14047 895714 -1
5 9719 -1 0
5 9719 1268349 -1
128
2 258 3202080 823384
2 258 823484 -1
2 8879 3245139 867112
2 8879 1714687 -1
3 9297 -1 0
3 9297 286594 -1
4 6079 7503719 881159
4 6079 1765501 -1
4 14047 -1 0
4 14047 1606162 -1
5 2664 9441834 1067620
5 2664 1026526 -1
5 9719 -1 0
5 9719 1270928 -1
129
2 258 -1 0
2 258 683284 -1
2 8879 -1 0
2 8879 2118329 -1
3 9297 -1 0
3 9297 290920 -1
4 6079 -1 0
4 6079 439436 -1
4 13105 7006146 971648
4 13105 155430 -1
5 2664 -1 0
5 2664 1082674 -1
5 9719 -1 0
5 9719 1272572 -1
130
2 258 -1 0
2 258 533880 -1
2 8879 -1 0
2 8879 552307 -1
4 508 6687653 731542
4 508 731540 -1
4 6079 -1 0
4 6079 1501956 -1
4 9657 6539797 379498
4 9657 379497 -1
4 13105 -1 0
4 13105 582867 -1
5 2664 -1 0
5 2664 168333 -1
131
2 258 -1 0
2 258 897860 -1
2 8879 -1 0
2 8879 930003 -1
4 508 -1 0
4 508 445267 -1
4 6079 -1 0
4 6079 440097 -1
4 9657 -1 0
4 9657 585689 -1
4 13105 -1 0
4 13105 805425 -1
5 2664 -1 0
5 2664 833097 -1
132
4 508 -1 0
4 508 517674 -1
4 9657 -1 0
4 9657 722483 -1
4 13105 -1 0
4 13105 197334 -1
133
4 508 -1 0
4 508 931356 -1
4 9657 -1 0
4 9657 2736723 -1
