19 8521 6139646 5 -1 -0.0299 -0.27574 117545 184341 130023 110017 0
19 8521 -1 5 625264 -0.64849 -0.83058 97834.6 28308.3 110016 80005 -1
20 8521 -1 5 -1 -0.0314 -0.2758 119871 30908.2 -1 -1 1
20 8521 -1 5 196408 0.1263 -0.02986 121475 29306.6 160175 160186 -1
21 9029 2242667 2 -1 0.16832 -0.52256 178370 77554.7 110023 130042 0
21 9029 -1 2 523819 0.33993 1.16684 91831.5 85229.8 110014 100020 -1
21 9470 4603426 4 -1 0.06317 -0.0517 176545 108508 150049 140041 0
21 9470 -1 4 413341 0.65135 0.91812 77269.3 29756.4 100009 100009 -1
21 8521 -1 5 -1 -0.0294 -0.2756 119139 29187.6 -1 -1 1
21 8521 -1 5 1272734 -0.2503 -0.67643 118459 32115 160164 160145 -1
22 9029 -1 2 -1 0.1724 -0.5219 56723.1 79295.1 -1 -1 1
22 9029 -1 2 516838 0.01829 -0.00577 58337.7 81140.2 160070 160077 -1
22 9470 -1 4 -1 0.0638 -0.051 55692.4 29113.9 -1 -1 1
22 9470 -1 4 1291673 0.5467 -0.41339 55659.9 31704.1 160248 160257 -1
22 8521 -1 5 -1 -0.0282 -0.2765 118088 31109.2 -1 -1 1
22 8521 -1 5 843256 0.39912 -0.49509 117103 29900.5 160235 160131 -1
23 12833 1839741 2 -1 0.39862 0.02783 186323 73838.6 120025 100008 0
23 12833 -1 2 509159 0.04208 0.76874 27655 75313.2 100013 80004 -1
23 9029 -1 2 -1 0.1749 -0.5212 57187.1 77130.7 -1 -1 1
23 9029 -1 2 521016 0.00068 -0.06244 56924.7 76382.9 160071 160068 -1
23 9470 -1 4 -1 0.0642 -0.0505 55452 26620.7 -1 -1 1
23 9470 -1 4 1078933 0.3028 0.41877 52780.6 24050.7 160147 160129 -1
24 12833 -1 2 -1 0.398 0.0252 61933.9 73960.4 -1 -1 1
24 12833 -1 2 304094 0.05814 0.10109 61753.8 74167.4 160090 160059 -1
24 9029 -1 2 -1 0.167 -0.5227 54352 80498.9 -1 -1 1
24 9029 -1 2 1406989 0.58467 -0.09415 54561.4 80893.2 160179 160170 -1
24 9470 -1 4 -1 0.0636 -0.0515 54512 27470.8 -1 -1 1
24 9470 -1 4 1259394 -0.53652 0.14223 53403.5 27910.7 160175 160158 -1
25 3075 86374 1 -1 -0.28627 -0.16081 63683.8 70872.1 80005 100020 0
25 3075 -1 1 86079 0.03759 0.05577 64594.6 70098.2 160062 160052 -1
25 12833 -1 2 -1 0.3973 0.0305 60741.7 73687.5 -1 -1 1
25 12833 -1 2 477829 0.08896 -0.00825 59911.9 75643.5 160085 160068 -1
25 7657 5714396 5 -1 -0.03823 -0.37707 68724 176669 100021 90004 0
25 7657 -1 5 166579 0.06659 -2.09368 108434 18511.1 100009 90011 -1
25 16249 7400441 6 -1 0.40851 -0.55884 183511 171459 110033 120045 0
25 16249 -1 6 398957 0.36227 -1.04581 65866.7 10441.7 80003 90010 -1
26 3075 -1 1 -1 -0.2866 -0.1603 66711.2 73585.9 -1 -1 1
26 3075 -1 1 308630 -0.07744 0.15783 66561.6 73516.5 160054 160071 -1
26 12833 -1 2 -1 0.3977 0.0268 62099.6 75697 -1 -1 1
26 12833 -1 2 508867 -0.11461 0.02725 60525.5 78661.9 160059 160063 -1
26 7657 -1 5 -1 -0.0408 -0.3772 71853.1 23676.3 -1 -1 1
26 7657 -1 5 188388 0.04978 -0.04809 71539.3 23259 160084 160070 -1
26 16249 -1 6 -1 0.4047 -0.561 64566.5 18456.2 -1 -1 1
26 16249 -1 6 1070735 -0.58573 -0.5837 62980.6 19244.6 160270 160209 -1
27 3075 -1 1 -1 -0.2877 -0.1573 65656.9 73800.7 -1 -1 1
27 3075 -1 1 312011 -0.02399 -0.02443 65783.9 74700.1 160099 160105 -1
27 7657 -1 5 -1 -0.0394 -0.3771 70271.3 21968.6 -1 -1 1
27 7657 -1 5 172406 0.03813 0.24669 72848.2 19033.3 160187 160149 -1
27 16249 -1 6 -1 0.4065 -0.5605 63080.2 16890.4 -1 -1 1
27 16249 -1 6 174266 0.07582 -0.05793 60304.8 16465.4 160097 160071 -1
28 3075 -1 1 -1 -0.2852 -0.1612 67917.6 72935.2 -1 -1 1
28 3075 -1 1 309748 0.07891 -0.0485 67064.3 75907.4 160056 160072 -1
28 7657 -1 5 -1 -0.0403 -0.3775 71451 22527.1 -1 -1 1
28 7657 -1 5 186912 -0.1611 0.26617 71852.1 22770.4 160140 160103 -1
28 16249 -1 6 -1 0.4047 -0.5616 60888.7 18194.3 -1 -1 1
28 16249 -1 6 1085935 -0.26935 0.58065 61644.9 20809.2 160252 160253 -1
29 6045 3269396 3 -1 0.19318 -0.11014 87490 102058 100023 130034 0
29 6045 -1 3 197135 0.93663 0.17812 42430.3 28489 90007 120026 -1
30 6045 -1 3 -1 0.1942 -0.1092 82064.9 22804.6 -1 -1 1
30 6045 -1 3 1087802 -0.31691 -0.30565 82736.4 22155.7 160159 160135 -1
31 6045 -1 3 -1 0.1945 -0.1086 83407 22557.2 -1 -1 1
31 6045 -1 3 186183 -0.07921 0.0047 84035.6 23308.4 160124 160088 -1
31 4074 4206817 4 -1 -0.14093 -0.62449 189028 122888 110013 100013 0
31 4074 -1 4 233432 0.70461 -1.67003 80997.5 45491.5 100006 100008 -1
32 6045 -1 3 -1 0.193 -0.1107 83243.3 22835.2 -1 -1 1
32 6045 -1 3 174556 -0.14553 0.01755 85557.9 23692.4 160058 160092 -1
32 4074 -1 4 -1 -0.1472 -0.6231 69415.4 44365.5 -1 -1 1
32 4074 -1 4 239580 0.01355 -0.00667 68895.2 44586.8 160079 160063 -1
32 366 6828134 6 -1 0.41287 0.09685 220836 182114 90004 100010 0
32 366 -1 6 809262 1.1365 -2.20294 124473 11775.1 100007 90005 -1
33 4074 -1 4 -1 -0.1476 -0.6236 71280.3 43062.7 -1 -1 1
33 4074 -1 4 13409 0.01271 0.08485 70780.3 43565.7 160064 160061 -1
33 366 -1 6 -1 0.4126 0.0983 102656 27435 -1 -1 1
33 366 -1 6 177628 0.18663 0.25532 104229 26221.8 160252 160235 -1
34 4074 -1 4 -1 -0.1528 -0.6228 71961.4 47013.7 -1 -1 1
34 4074 -1 4 239652 -0.03328 -0.10329 69062.1 45193.1 160074 160065 -1
34 366 -1 6 -1 0.4132 0.0961 100469 27358 -1 -1 1
34 366 -1 6 187799 -0.00976 -0.10539 97484.2 26292.7 160175 160161 -1
35 12688 51812 1 -1 0.17075 0.19511 67269.3 56572.3 120026 110018 0
35 12688 -1 1 1173980 -0.06337 -0.72535 66460.9 55762.7 160194 160213 -1
35 10360 3241111 3 -1 -0.08139 -0.18164 56835.8 87523.1 130033 130031 0
35 10360 -1 3 965242 0.35888 -2.15843 115561 14091.3 120017 90004 -1
35 366 -1 6 -1 0.4131 0.0969 102078 26561.2 -1 -1 1
35 366 -1 6 179647 0.11715 -0.0492 102713 25792.2 160076 160081 -1
35 9042 7035356 6 -1 0.09669 -0.13182 144808 178664 100017 140047 0
35 9042 -1 6 1077278 1.97323 -3.79518 75168.5 18635 110018 110011 -1
36 12688 -1 1 -1 0.1713 0.1941 65664.4 55144.9 -1 -1 1
36 12688 -1 1 1174045 -0.66376 -0.41062 65720.4 56535.6 160233 160238 -1
36 10360 -1 3 -1 -0.0825 -0.1814 56238.1 8058.8 -1 -1 1
36 10360 -1 3 947751 -0.27959 -0.47733 56247.6 8793.94 160243 160186 -1
36 9042 -1 6 -1 0.0962 -0.1324 24026.9 22101.2 -1 -1 1
36 9042 -1 6 427341 -0.06713 -0.02621 23291.4 23603.1 160062 160063 -1
37 12688 -1 1 -1 0.1726 0.1931 67442.5 56405.8 -1 -1 1
37 12688 -1 1 261109 0.46422 -0.56631 68074.4 54027.6 160158 160165 -1
37 10360 -1 3 -1 -0.0811 -0.1819 57990.8 10052.6 -1 -1 1
37 10360 -1 3 142734 -0.0345 -0.06012 58503.3 9298.29 160102 160079 -1
37 503 5775767 5 -1 -0.16493 -0.41572 57986.6 200298 130037 100027 0
37 503 -1 5 29777 1.18426 -1.16687 66732 49324.3 90014 90007 -1
37 9042 -1 6 -1 0.0955 -0.1322 25577 23493.3 -1 -1 1
37 9042 -1 6 428901 0.08019 -0.06847 25836.9 21627.9 160082 160072 -1
38 12688 -1 1 -1 0.1723 0.193 66060.4 56007.8 -1 -1 1
38 12688 -1 1 64417 0.02649 0.00418 66573 56543.8 160095 160102 -1
38 10360 -1 3 -1 -0.0829 -0.1808 58485.6 8962.6 -1 -1 1
38 10360 -1 3 962921 0.57192 0.3731 57921.6 9775.38 160143 160220 -1
38 503 -1 5 -1 -0.1663 -0.4154 58021.5 45803.2 -1 -1 1
38 503 -1 5 15963 0.01495 -0.32817 57684.1 45569.6 160200 160163 -1
38 9042 -1 6 -1 0.095 -0.1327 25011.7 23347.4 -1 -1 1
38 9042 -1 6 1255864 0.26408 -0.29871 24914.4 22747.1 160178 160108 -1
39 13699 4091065 3 -1 0.75276 -0.0505 119418 159729 90012 80002 0
39 13699 -1 3 2997701 0 0 0 0 -1 -1 -1
39 4617 4009723 3 -1 -0.42117 0.12246 73001.8 142662 100013 100017 0
39 4617 -1 3 454888 -1.7994 0.86004 56864.4 63280.9 110017 110013 -1
39 503 -1 5 -1 -0.1616 -0.4176 55530.3 43769.5 -1 -1 1
39 503 -1 5 241414 0.05224 -0.30249 55048.1 43430.5 160193 160198 -1
40 13699 -1 3 -1 0.7512 -0.06 116441 81852.2 -1 -1 1
40 13699 -1 3 323994 0.09024 0.03742 114850 82337.2 160050 160063 -1
40 4617 -1 3 -1 -0.4199 0.1282 73618.5 64747.8 -1 -1 1
40 4617 -1 3 288396 0.08212 0.04493 74116.1 63848.8 160053 160062 -1
40 503 -1 5 -1 -0.1647 -0.416 54235.6 40682.6 -1 -1 1
40 503 -1 5 236315 -0.26977 0.1212 55052.6 42528.3 160249 160227 -1
41 13699 -1 3 -1 0.753 -0.056 116920 83313.1 -1 -1 1
41 13699 -1 3 827494 -0.24434 0.33853 115249 80530.8 160174 160117 -1
41 4617 -1 3 -1 -0.4207 0.1261 75156.2 65846.4 -1 -1 1
41 4617 -1 3 445917 0.04899 -0.0836 74835.8 65622.3 160082 160065 -1
42 275 4076015 3 -1 1.8545 -1.5489 60664.5 140172 80003 100025 0
42 275 -1 3 55265 -1.02063 -0.47668 67581.4 58712.2 110016 100016 -1
42 13699 -1 3 -1 0.7539 -0.0495 113967 82857.5 -1 -1 1
42 13699 -1 3 312338 0.09439 0.04409 114718 84641.4 160068 160067 -1
42 4617 -1 3 -1 -0.4213 0.1247 75771.3 64618.3 -1 -1 1
42 4617 -1 3 84433 -0.37417 0.03871 72988.3 66830.8 160224 160189 -1
43 6147 246888 1 -1 -0.05801 -0.27453 94645.9 48132 100008 90015 0
43 6147 -1 1 1125043 0.35296 -0.16922 95220.6 49984.5 160145 160112 -1
43 275 -1 3 -1 1.85 -1.5557 61015.6 66007.8 -1 -1 1
43 275 -1 3 290486 -0.28428 0.00348 62621.2 64875.8 160182 160166 -1
44 6147 -1 1 -1 -0.0591 -0.2741 93937.8 49813.3 -1 -1 1
44 6147 -1 1 27349 0.12665 -0.14176 94025.2 50618.2 160190 160146 -1
44 275 -1 3 -1 1.8413 -1.5646 56098.2 68750.4 -1 -1 1
44 275 -1 3 92779 -0.0755 -0.16386 53109.7 67500.5 160084 160068 -1
45 6147 -1 1 -1 -0.0578 -0.2741 92904.8 47218 -1 -1 1
45 6147 -1 1 28042 0.13385 -0.09558 92832.3 47892.6 160152 160144 -1
45 275 -1 3 -1 1.8408 -1.5596 53654.5 68291.5 -1 -1 1
45 275 -1 3 487969 -0.02593 0.0037 53690.2 68363.5 160081 160054 -1
45 1177 3202095 3 -1 0.04799 -0.08082 90593.5 161460 140043 130027 0
45 1177 -1 3 517239 1.51098 -1.23453 53820.7 80861.9 110039 110020 -1
46 6147 -1 1 -1 -0.0593 -0.274 94059.7 45984.1 -1 -1 1
46 6147 -1 1 11652 0.13282 -0.10051 93482.4 46208.2 160170 160153 -1
46 1177 -1 3 -1 0.0483 -0.0805 90841.3 82902 -1 -1 1
46 1177 -1 3 334796 0.00525 -0.0001 90878.4 83684.1 160070 160051 -1
47 1177 -1 3 -1 0.048 -0.0808 92400.7 84070.3 -1 -1 1
47 1177 -1 3 318080 -0.04039 -0.07232 91912.6 84737.7 160154 160162 -1
47 7717 3168049 3 -1 0.10498 0.36085 118654 162668 100016 80005 0
47 7717 -1 3 1484488 0 0 0 0 -1 -1 -1
47 8563 3697588 3 -1 -0.03359 -0.49202 65481.9 103190 120044 100015 0
47 8563 -1 3 1091638 -0.39598 0.53424 43925.2 30627.3 120041 110024 -1
48 1177 -1 3 -1 0.0477 -0.0809 90408.4 84354.3 -1 -1 1
48 1177 -1 3 338167 -0.04454 -0.06084 89446.6 83588.4 160161 160161 -1
48 7717 -1 3 -1 0.106 0.3589 117896 83100.6 -1 -1 1
48 7717 -1 3 1549830 0.17157 -0.61763 118593 83900.8 160197 160203 -1
48 8563 -1 3 -1 -0.0353 -0.4924 64936.7 26560.8 -1 -1 1
48 8563 -1 3 1094031 -0.02438 -0.38233 63120.3 24766.7 160127 160111 -1
49 250 1870286 2 -1 -0.39035 0.02339 149293 80243.8 100014 80004 0
49 250 -1 2 320933 1.51681 0.82791 4832.26 77269.5 120025 100015 -1
49 7717 -1 3 -1 0.1026 0.3603 119205 84639.8 -1 -1 1
49 7717 -1 3 534837 -0.011 -0.02164 119158 85088.8 160072 160070 -1
49 8563 -1 3 -1 -0.0308 -0.4924 66980.4 28247.8 -1 -1 1
49 8563 -1 3 627715 -0.10457 -0.13031 66930.5 27546 160059 160076 -1
50 250 -1 2 -1 -0.3903 0.0244 26787.9 78882.8 -1 -1 1
50 250 -1 2 557982 0.10522 0.06585 25158.2 78975.5 160057 160043 -1
50 7717 -1 3 -1 0.1031 0.3606 116564 82765.9 -1 -1 1
50 7717 -1 3 1344969 0.66094 0.10249 118803 84267.2 160208 160221 -1
50 8563 -1 3 -1 -0.0323 -0.4901 64424.6 28688.8 -1 -1 1
50 8563 -1 3 619798 0.07292 0.17656 66949 25771.9 160079 160086 -1
51 250 -1 2 -1 -0.3901 0.0221 27685.9 77989.3 -1 -1 1
51 250 -1 2 303690 -0.02351 -0.0216 26992.5 78112 160066 160060 -1
51 15921 3407121 3 -1 0.38784 -0.23022 84030.9 160573 80005 110023 0
51 15921 -1 3 554816 -0.49297 -1.31444 91534.5 85484.6 80004 70003 -1
52 250 -1 2 -1 -0.3898 0.0234 30820.2 80247.2 -1 -1 1
52 250 -1 2 508318 -0.12595 0.11672 33464.6 78669.2 160069 160057 -1
52 15921 -1 3 -1 0.3918 -0.2233 84193.5 84794.8 -1 -1 1
52 15921 -1 3 1417368 -0.00449 -0.38189 84968.3 82487.4 160236 160166 -1
53 15921 -1 3 -1 0.389 -0.2292 83495.6 83880.3 -1 -1 1
53 15921 -1 3 744686 0.80251 0.1493 84103.2 84614.6 160164 160154 -1
54 15921 -1 3 -1 0.3892 -0.2246 86999.5 87032.9 -1 -1 1
54 15921 -1 3 505959 -0.05095 0.05112 85788.8 84575.2 160079 160080 -1
55 12530 6865765 6 -1 0.50737 -0.17058 203080 200908 120039 90009 0
55 12530 -1 6 453810 -0.00491 -0.52265 59173.3 62941.7 90005 110024 -1
56 263 5065675 4 -1 0.59773 2.45003 150829 111414 100006 90006 0
56 263 -1 4 5119 -0.98393 -2.38633 22397.3 40478.2 80004 100009 -1
56 12530 -1 6 -1 0.5068 -0.1711 79731.4 44441.1 -1 -1 1
56 12530 -1 6 26235 0.49266 -0.57257 81326.7 46232.3 160252 160248 -1
57 263 -1 4 -1 0.6017 2.4495 30554.5 30462.3 -1 -1 1
57 263 -1 4 651629 0.10909 -0.0422 29313.6 31495.2 160068 160070 -1
57 1668 4196818 4 -1 0.13584 -0.05866 162143 120005 130037 120020 0
57 1668 -1 4 19621 -1.07817 -0.17863 44806.2 42464.1 110014 90006 -1
57 12530 -1 6 -1 0.5055 -0.1741 82301.2 45121.5 -1 -1 1
57 12530 -1 6 909201 0.44541 -0.21298 81445.9 43043.6 160204 160167 -1
58 263 -1 4 -1 0.6241 2.4416 28232.5 22611.5 -1 -1 1
58 263 -1 4 188397 -0.04279 0.08594 28529.4 23278.9 160081 160093 -1
58 1668 -1 4 -1 0.1356 -0.0593 41416.2 39880.9 -1 -1 1
58 1668 -1 4 3168 0.02514 -0.07335 39974 39829.2 160060 160055 -1
58 12530 -1 6 -1 0.506 -0.1776 79419.1 44553.8 -1 -1 1
58 12530 -1 6 234581 0.35863 0.01576 78595 44568.7 160125 160073 -1
59 13207 915337 1 -1 0.81153 0.08798 67235.9 43853.6 120017 80003 0
59 13207 -1 1 32430 0.00454 -0.03208 68534.8 46439.5 160089 160065 -1
59 3083 513583 1 -1 0.19064 -0.06995 127915 77362.8 110019 120028 0
59 3083 -1 1 314802 0.06949 -0.08035 128757 77009 160062 160054 -1
59 263 -1 4 -1 0.632 2.4448 29124.7 21229.2 -1 -1 1
59 263 -1 4 620623 0.18304 -0.43386 31584.4 23803.7 160218 160186 -1
59 1668 -1 4 -1 0.1354 -0.0599 42747 40555.5 -1 -1 1
59 1668 -1 4 2835 -0.04656 -0.07925 42237 40946.2 160081 160057 -1
60 13207 -1 1 -1 0.8106 0.0859 63464.8 41041.4 -1 -1 1
60 13207 -1 1 220910 0.23629 0.0476 61131.6 38212.6 160167 160175 -1
60 3083 -1 2 -1 0.1916 -0.0672 5033.7 75597.5 -1 -1 1
60 3083 -1 2 315642 0.65692 -0.08594 6267.83 75626.8 160175 160134 -1
60 1668 -1 4 -1 0.1368 -0.0565 39678.9 39009.4 -1 -1 1
60 1668 -1 4 3382 0.03405 -0.05572 39719.2 38070.7 160136 160127 -1
61 13207 -1 1 -1 0.8097 0.0925 62419.7 42866.3 -1 -1 1
61 13207 -1 1 16150 -0.01745 -0.03338 61931.4 42373 160056 160065 -1
61 3083 -1 2 -1 0.1914 -0.0682 4976.1 76408.9 -1 -1 1
61 3083 -1 2 334126 -0.08924 0.04206 6877.09 78684.5 160198 160156 -1
61 11419 3838721 3 -1 0.68085 0.00526 65513.9 156342 100025 130060 0
61 11419 -1 3 485351 1.53354 2.12017 76641.5 72189.3 80004 90008 -1
61 442 4183645 4 -1 0.04337 0.06184 149783 109362 150043 150031 0
61 442 -1 4 1096591 -1.56015 3.25834 75680.6 27173.8 100013 100005 -1
61 4668 4268569 4 -1 0.40264 0.01376 147385 155432 110020 110012 0
61 4668 -1 4 503665 -0.4362 1.13031 73074 77695.8 80005 100016 -1
61 7084 5323470 5 -1 0.21238 0.18466 85008.1 200226 110017 130028 0
61 7084 -1 5 29482 -0.11336 1.13627 90721.7 50194.3 90005 110006 -1
62 13207 -1 1 -1 0.8079 0.1007 59041.4 39196 -1 -1 1
62 13207 -1 1 220799 -0.02028 -0.03155 61090.8 39090.9 160055 160046 -1
62 3083 -1 1 -1 0.1916 -0.0673 123471 74743.2 -1 -1 1
62 3083 -1 1 484018 0.16755 0.6505 122023 72891.7 160218 160189 -1
62 11419 -1 3 -1 0.6797 0.0181 60450.2 73438.8 -1 -1 1
62 11419 -1 3 1341152 0.33349 0.24223 60450.3 73869.4 160137 160178 -1
62 220 4128978 4 -1 -0.63213 -0.12136 163176 91574.1 100012 80005 0
62 220 -1 4 397830 0.25861 1.71112 62443.1 17498.3 80002 70002 -1
62 442 -1 4 -1 0.0421 0.0626 27914.7 26811.1 -1 -1 1
62 442 -1 4 200910 0.06273 0.18191 27409.5 26800.3 160135 160121 -1
62 4668 -1 4 -1 0.4025 0.0226 23513.7 72944.5 -1 -1 1
62 4668 -1 4 298015 -0.13603 -0.24097 24647 75815.1 160207 160168 -1
62 7084 -1 5 -1 0.2104 0.187 82608.2 41537.3 -1 -1 1
62 7084 -1 5 438894 -0.04487 -0.04893 84651.6 41184.3 160084 160053 -1
63 160 88760 1 -1 -0.01182 -0.54187 114909 68802.9 80003 80003 0
63 160 -1 1 1191608 -0.77953 -0.24782 115813 68373 160180 160142 -1
63 11419 -1 3 -1 0.6802 0.0083 63306.1 74946.3 -1 -1 1
63 11419 -1 3 301855 0.07136 -0.04329 62504.9 75630.4 160064 160052 -1
63 9880 3146763 3 -1 -0.16756 -0.07697 43719.6 145041 150051 150044 0
63 9880 -1 3 81944 -0.02741 1.68746 28566.5 62945 100007 110011 -1
63 220 -1 4 -1 -0.632 -0.1231 46432.6 15771.6 -1 -1 1
63 220 -1 4 585609 0.18795 0.33528 43682.2 14067.3 160202 160193 -1
63 442 -1 4 -1 0.0426 0.0622 30781.9 30582.4 -1 -1 1
63 442 -1 4 203576 0.06757 0.19494 30574.2 30886.1 160194 160201 -1
63 4668 -1 4 -1 0.4028 0.0196 26478.8 76798.8 -1 -1 1
63 4668 -1 4 500049 -0.04111 -0.06877 26324.4 76087.5 160096 160084 -1
63 7084 -1 5 -1 0.212 0.1846 84975.7 37719.3 -1 -1 1
63 7084 -1 5 659561 -0.0696 0.11884 89703.8 39362 160058 160076 -1
64 160 -1 1 -1 -0.0109 -0.5411 117577 71944.4 -1 -1 1
64 160 -1 1 90597 -0.05514 -0.0545 117102 69820.8 160118 160088 -1
64 11419 -1 3 -1 0.6776 0.0105 62900.5 79220.8 -1 -1 1
64 11419 -1 3 317828 -0.05704 0.10322 63322.8 79264 160041 160063 -1
64 9880 -1 3 -1 -0.1672 -0.0779 46100.2 69194.3 -1 -1 1
64 9880 -1 3 286989 0.06391 0.04877 46218.1 69054.4 160065 160054 -1
64 220 -1 4 -1 -0.632 -0.1199 48458 17614.4 -1 -1 1
64 220 -1 4 413220 -0.06604 0.10312 50618 19880.3 160055 160047 -1
64 442 -1 4 -1 0.043 0.0618 31030.6 32022.9 -1 -1 1
64 442 -1 4 217480 0.04323 0.25532 30059.9 31326.7 160227 160217 -1
64 4668 -1 4 -1 0.4024 0.0147 26026.3 78405.8 -1 -1 1
64 4668 -1 4 331772 0.04477 0.10149 24056 76294.5 160129 160104 -1
64 7084 -1 5 -1 0.2115 0.1848 85519.8 45800.3 -1 -1 1
64 7084 -1 5 13008 -0.16303 0.14378 87643.1 43563.1 160080 160111 -1
65 160 -1 1 -1 -0.012 -0.5413 114848 71322 -1 -1 1
65 160 -1 1 1325967 0.15376 -0.78631 113997 73626.3 160294 160290 -1
65 9880 -1 3 -1 -0.1676 -0.0765 44476.9 67281.6 -1 -1 1
65 9880 -1 3 96896 0.21566 -0.30603 43776.3 66921.7 160248 160245 -1
65 220 -1 4 -1 -0.6317 -0.1173 48098.1 15637.5 -1 -1 1
65 220 -1 4 398907 -0.00538 0.02702 48999.9 15527.4 160068 160066 -1
65 1193 4359171 4 -1 0.11718 0.0956 206473 100135 120043 140046 0
65 1193 -1 4 166466 -0.16942 -0.15556 61232.7 20049.5 150045 140037 -1
65 4699 7013695 6 -1 0.30657 0.15787 194927 177114 100017 80005 0
65 4699 -1 6 416521 0.17711 -0.68568 47133.5 16098.2 80003 90007 -1
66 160 -1 1 -1 -0.0117 -0.5453 113535 71583.5 -1 -1 1
66 160 -1 1 291963 0.00346 0.09598 113635 71471.4 160105 160090 -1
66 9880 -1 3 -1 -0.1677 -0.0755 42898.9 66405.7 -1 -1 1
66 9880 -1 3 1224912 0.23804 -0.33703 42900.1 66648.5 160286 160312 -1
66 1193 -1 4 -1 0.1177 0.095 84191.4 19441.2 -1 -1 1
66 1193 -1 4 1021088 0.57975 0.24994 81836 17277.2 160257 160287 -1
66 4699 -1 6 -1 0.3066 0.1567 72374.5 19692.8 -1 -1 1
66 4699 -1 6 1071611 0.02221 -0.55996 72249.3 19803.6 160269 160222 -1
67 9256 3161496 3 -1 -0.00047 0.07529 74600.2 130155 150060 130030 0
67 9256 -1 3 259851 1.32535 0.90833 72849.4 55334.1 100009 90006 -1
67 1193 -1 4 -1 0.118 0.0936 82263.4 20857.3 -1 -1 1
67 1193 -1 4 165688 0.60183 0.27622 80436.4 18645 160270 160293 -1
67 4699 -1 6 -1 0.3065 0.1563 71098.3 19771.8 -1 -1 1
67 4699 -1 6 1032758 0.00805 -0.54012 70992.2 19538.3 160224 160229 -1
68 9256 -1 3 -1 -0.0003 0.0752 74862.9 56038.1 -1 -1 1
68 9256 -1 3 57777 0.34793 -0.4774 77010 58032.3 160178 160168 -1
68 1193 -1 4 -1 0.1171 0.0961 84266.8 25092.4 -1 -1 1
68 1193 -1 4 613978 -0.52666 0.29356 83997.2 25798.6 160171 160151 -1
68 4699 -1 6 -1 0.3079 0.1573 70848.4 18870.4 -1 -1 1
68 4699 -1 6 386595 0.07226 0.03428 68468.9 20594.7 160066 160068 -1
69 9256 -1 3 -1 -0.0018 0.0752 74373.6 52629.6 -1 -1 1
69 9256 -1 3 677364 0.35422 -0.46823 76848.6 55326 160202 160194 -1
70 9256 -1 3 -1 -0.0014 0.0752 75853.6 50941.5 -1 -1 1
70 9256 -1 3 26976 -0.09887 -0.31799 74994.2 50394.1 160148 160109 -1
71 6550 1364127 2 -1 -0.28659 -0.19117 211696 48740.4 100019 130034 0
71 6550 -1 2 26692 2.24095 0.08695 92521.8 50434.7 90009 90005 -1
71 13898 6182791 6 -1 -0.54032 0.15933 168234 193749 100008 100005 0
71 13898 -1 6 16870 0.18691 1.0831 52127 41747 110013 90005 -1
72 6550 -1 2 -1 -0.2844 -0.1935 89471.5 49607.1 -1 -1 1
72 6550 -1 2 244599 0.1902 -0.00821 89424.2 48958.2 160126 160126 -1
72 176 7138552 6 -1 0.71297 0.57307 233779 241766 120031 90009 0
72 176 -1 6 1261244 -0.08171 -5.01652 27995.5 75715.7 100016 110017 -1
72 13898 -1 6 -1 -0.541 0.1561 46851.1 37829 -1 -1 1
72 13898 -1 6 223102 0.01231 0.01207 44974.1 39965.8 160069 160057 -1
73 6550 -1 2 -1 -0.2846 -0.1933 88457.7 48038.6 -1 -1 1
73 6550 -1 2 28119 -0.04062 -0.2546 87723.3 47335.3 160101 160112 -1
73 12555 3045128 3 -1 -0.04339 0.06292 108319 103361 140043 150041 0
73 12555 -1 3 395735 0.18876 -0.6112 111748 24756.5 70002 80002 -1
73 176 -1 6 -1 0.7135 0.5709 112373 83567 -1 -1 1
73 176 -1 6 531843 0.05813 -0.08752 111456 83838.1 160057 160046 -1
73 13898 -1 6 -1 -0.5409 0.1536 44675.5 36307.9 -1 -1 1
73 13898 -1 6 222908 0.02175 0.01659 42324 38574.8 160080 160055 -1
74 6550 -1 2 -1 -0.2854 -0.1904 91005.7 49021.5 -1 -1 1
74 6550 -1 2 27567 -0.18755 -0.18184 91354.7 49898.3 160157 160110 -1
74 12555 -1 3 -1 -0.0428 0.0634 111344 24960.1 -1 -1 1
74 12555 -1 3 1048428 -0.31206 -0.57778 111987 25098.7 160124 160179 -1
74 176 -1 6 -1 0.7198 0.5673 114092 81976.1 -1 -1 1
74 176 -1 6 771316 -0.05061 0.48146 115923 82389.3 160134 160146 -1
74 13898 -1 6 -1 -0.5397 0.1595 49819.4 36403.3 -1 -1 1
74 13898 -1 6 887646 0.60677 -0.08686 50409.4 38455.7 160181 160206 -1
75 12555 -1 3 -1 -0.0432 0.063 110410 25192.6 -1 -1 1
75 12555 -1 3 397314 0.04047 -0.08274 110410 25902.5 160137 160115 -1
75 176 -1 6 -1 0.7143 0.5713 110949 81133.7 -1 -1 1
75 176 -1 6 307265 -0.3691 -0.08822 111829 79789.1 160241 160197 -1
76 12555 -1 3 -1 -0.043 0.0629 111712 26555.5 -1 -1 1
76 12555 -1 3 190790 -0.00179 0.07266 113485 29338.1 160052 160069 -1
77 159 272545 1 -1 0.06643 -0.37802 83566.7 56772.7 110025 130022 0
77 159 -1 1 55951 0.02361 -0.03447 84332.6 56600.2 160088 160061 -1
77 1885 2014947 2 -1 -0.36179 -0.39442 184148 54414.9 120032 110018 0
77 1885 -1 2 261404 -0.93624 -1.3425 64614.3 55039.7 100016 100009 -1
77 4863 3907258 4 -1 0.13872 -0.14365 154304 92440.6 130025 110014 0
77 4863 -1 4 156444 0.16675 -0.0819 63700.7 11462.3 130034 130033 -1
77 2063 6382035 6 -1 -0.33612 -0.59612 172360 181985 90005 90005 0
77 2063 -1 6 201250 0.51753 -1.0251 34399.9 26829.8 110011 90009 -1
78 159 -1 1 -1 0.062 -0.3791 84611.2 60985.3 -1 -1 1
78 159 -1 1 53796 -0.02147 0.00816 84511.1 60843.5 160079 160082 -1
78 1885 -1 2 -1 -0.3648 -0.3915 65876.7 57403.3 -1 -1 1
78 1885 -1 2 45445 -0.04745 -0.00986 64456.2 55917.2 160065 160045 -1
78 4863 -1 4 -1 0.1381 -0.1433 36203.5 14811.5 -1 -1 1
78 4863 -1 4 983579 0.41823 0.59403 35979.6 14779.3 160235 160189 -1
78 2063 -1 6 -1 -0.3441 -0.5916 56791.6 34636.2 -1 -1 1
78 2063 -1 6 213870 -0.04049 0.02587 56429.4 34648.2 160172 160160 -1
79 159 -1 1 -1 0.0582 -0.3805 82725.4 57972 -1 -1 1
79 159 -1 1 57609 -0.02285 0.00808 82536.6 57583.9 160078 160070 -1
79 1885 -1 2 -1 -0.3624 -0.3934 63924 54806.1 -1 -1 1
79 1885 -1 2 44252 0.46693 0.45993 64313.3 55337.7 160229 160113 -1
79 4863 -1 4 -1 0.1376 -0.1437 32798.2 14367.4 -1 -1 1
79 4863 -1 4 156938 -0.09969 0.18084 31768.4 16265.9 160255 160205 -1
79 2063 -1 6 -1 -0.3443 -0.5924 52786.6 32083.9 -1 -1 1
79 2063 -1 6 209301 0.01074 -0.02253 52156.8 31611.9 160179 160146 -1
80 159 -1 1 -1 0.066 -0.3794 81160.4 59901.3 -1 -1 1
80 159 -1 1 52986 0.0453 -0.01391 81433.9 60153.1 160084 160057 -1
80 1885 -1 2 -1 -0.361 -0.3943 63546.7 58397.8 -1 -1 1
80 1885 -1 2 495904 0.2541 -0.69843 62729.6 57517.6 160296 160241 -1
80 4863 -1 4 -1 0.1383 -0.144 31158.4 16946.5 -1 -1 1
80 4863 -1 4 171266 -0.07947 0.16863 30856.2 17927.1 160215 160153 -1
80 2063 -1 6 -1 -0.3383 -0.5915 52762 26534.8 -1 -1 1
80 2063 -1 6 1059899 -0.13867 0.3676 53948.3 24436.1 160271 160247 -1
81 831 1328616 2 -1 -0.05008 0.04317 148729 37742.5 140053 140038 0
81 831 -1 2 3456 -0.82831 -1.43556 36390.5 37837.9 80003 110016 -1
82 831 -1 2 -1 -0.0505 0.0427 29186.9 38630.9 -1 -1 1
82 831 -1 2 3756 -0.29635 -0.10963 29195.5 40819.2 160139 160133 -1
83 14976 248072 1 -1 0.31474 -0.0323 52723.8 47069.4 120037 100013 0
83 14976 -1 1 949697 -0.02245 0.68258 53931.6 46656.4 160281 160250 -1
83 831 -1 2 -1 -0.0507 0.0424 30798.3 39707 -1 -1 1
83 831 -1 2 225011 0.11075 0.07391 30156.5 38060.5 160087 160049 -1
84 14976 -1 1 -1 0.3148 -0.0285 47909.2 45599.4 -1 -1 1
84 14976 -1 1 236665 -0.05623 -0.01554 46592.2 43031.6 160136 160105 -1
84 831 -1 2 -1 -0.0508 0.0426 28930.4 38026.8 -1 -1 1
84 831 -1 2 892078 -0.09132 -0.67322 26407.5 38565.5 160236 160218 -1
85 14976 -1 1 -1 0.3142 -0.0311 51566.1 49001.2 -1 -1 1
85 14976 -1 1 30351 0.04745 -0.03265 48703.1 47087.1 160173 160152 -1
86 14976 -1 1 -1 0.3145 -0.0283 47910.8 47378.9 -1 -1 1
86 14976 -1 1 16137 0.01069 0.15286 45987.9 44855.1 160058 160054 -1
87 1223 1621327 2 -1 0.06057 -0.33776 194953 73592.8 110033 120013 0
87 1223 -1 2 289426 -0.01035 2.14125 15666.8 65377.7 100007 100012 -1
87 2899 1412119 2 -1 -0.18724 0.09071 141610 70500.4 110017 120018 0
87 2899 -1 2 719236 0.43651 1.54876 30130 73660 110014 80003 -1
87 6876 6451091 6 -1 0.18545 -0.29791 160014 203238 90009 100016 0
87 6876 -1 6 248177 -1.35417 -0.51208 73644.5 48714.5 100010 120016 -1
88 1223 -1 2 -1 0.064 -0.3371 73265.4 72989.3 -1 -1 1
88 1223 -1 2 287058 -0.0592 0.12001 76066.8 75581.2 160079 160058 -1
88 2899 -1 2 -1 -0.1883 0.0886 20862.2 67811.5 -1 -1 1
88 2899 -1 2 1233255 0.63063 0.49551 19511.6 69372.7 160235 160236 -1
88 6876 -1 6 -1 0.1856 -0.2988 38127.7 46933.1 -1 -1 1
88 6876 -1 6 239662 0.01974 0.05911 38529.7 46189.7 160076 160078 -1
89 1223 -1 2 -1 0.0632 -0.3363 73320.1 73679.4 -1 -1 1
89 1223 -1 2 303419 -0.01334 0.075 73332.7 74987.8 160102 160100 -1
89 2899 -1 2 -1 -0.188 0.0888 21111.3 68225.8 -1 -1 1
89 2899 -1 2 493639 0.10663 0.32622 22064.6 68762.9 160080 160067 -1
89 6848 2689057 3 -1 -0.09113 -0.24168 122831 133028 130033 120034 0
89 6848 -1 3 40898 -1.12283 -0.29849 118076 51801.8 100008 80003 -1
89 6876 -1 6 -1 0.1875 -0.2974 37494.1 48420.4 -1 -1 1
89 6876 -1 6 36098 -0.27672 0.37009 39203.7 47317 160194 160147 -1
90 1223 -1 2 -1 0.0611 -0.3388 75680.3 77654 -1 -1 1
90 1223 -1 2 517743 -0.06217 -0.01802 75959.4 80193.2 160067 160073 -1
90 2899 -1 2 -1 -0.1871 0.0911 24068.6 71481.5 -1 -1 1
90 2899 -1 2 297493 -0.01157 -0.14743 23319.6 73769.5 160082 160075 -1
90 6848 -1 3 -1 -0.0926 -0.2408 125183 57520 -1 -1 1
90 6848 -1 3 47280 0.61813 0.47482 125986 57366.4 160195 160188 -1
90 6876 -1 6 -1 0.1851 -0.2989 41316.1 51158.1 -1 -1 1
90 6876 -1 6 33533 0.58904 -0.3782 42667.2 48585.8 160143 160148 -1
91 6848 -1 3 -1 -0.0918 -0.2409 124539 56888.3 -1 -1 1
91 6848 -1 3 267858 0.00952 0.0275 124615 57562.6 160056 160078 -1
91 7958 5669029 5 -1 0.5557 -0.27657 118103 161739 80005 100016 0
91 7958 -1 5 121264 0.01201 0.48435 69412.2 2758.83 100010 90012 -1
91 2964 6403962 6 -1 -0.20689 -0.75259 161470 192792 100008 80004 0
91 2964 -1 6 888240 1.08687 -0.80292 19834.3 82330.7 140077 100014 -1
92 6848 -1 3 -1 -0.0888 -0.2442 120318 56808.6 -1 -1 1
92 6848 -1 3 269776 0.02007 -0.00775 120141 56777.1 160058 160065 -1
92 7958 -1 3 -1 0.5573 -0.2721 112595 83115.3 -1 -1 1
92 7958 -1 3 330668 0.05503 0.07678 111163 85329.8 160119 160095 -1
92 2964 -1 6 -1 -0.2108 -0.7523 37879.7 39201.4 -1 -1 1
92 2964 -1 6 19108 0.05895 -0.08465 39181.1 41858.6 160037 160065 -1
93 913 907626 1 -1 0.50425 0.00878 92532.4 44787.4 70003 110041 0
93 913 -1 1 231484 0.02931 0.0478 91933.4 44622.8 160058 160085 -1
93 15553 1639242 2 -1 0.04566 -0.16068 140269 80016.7 150033 120022 0
93 15553 -1 2 1283979 1.90028 0.68873 90926.7 32200.2 130055 120034 -1
93 7958 -1 3 -1 0.5526 -0.2809 114557 84323.6 -1 -1 1
93 7958 -1 3 319584 0.25862 0.28074 114255 81357.4 160187 160159 -1
93 6089 3907290 4 -1 -0.34368 0.03015 187955 97218.1 110021 100017 0
93 6089 -1 4 394210 0.14557 0.67681 8946.98 11571.2 100016 90008 -1
93 2964 -1 6 -1 -0.2115 -0.752 40563.2 41439.8 -1 -1 1
93 2964 -1 6 236133 -0.17592 0.00822 42735.8 43370.9 160090 160087 -1
94 913 -1 1 -1 0.504 0.0107 91942.5 42891.4 -1 -1 1
94 913 -1 1 12757 0.03265 0.04862 92795.5 42605 160060 160075 -1
94 15553 -1 2 -1 0.0474 -0.16 20534.1 77230.8 -1 -1 1
94 15553 -1 2 285301 -0.27446 -0.11974 20382.5 74481.8 160133 160141 -1
94 7958 -1 3 -1 0.5565 -0.2798 112717 82639.3 -1 -1 1
94 7958 -1 3 299676 0.2445 -0.24172 115677 81124 160169 160129 -1
94 6089 -1 4 -1 -0.3446 0.0247 70171.8 14681.9 -1 -1 1
94 6089 -1 4 145768 -0.10667 0.10836 72740.6 14011.4 160107 160110 -1
94 2964 -1 6 -1 -0.2097 -0.7517 41201.6 41814.6 -1 -1 1
94 2964 -1 6 917083 0.25916 -0.70438 40035.9 41593.8 160281 160275 -1
95 913 -1 1 -1 0.5043 0.0132 92985.3 45103.4 -1 -1 1
95 913 -1 1 12025 0.14969 0.76243 93859.3 45876.7 160113 160145 -1
95 15553 -1 2 -1 0.0476 -0.1598 21992 80471 -1 -1 1
95 15553 -1 2 307652 0.0489 0.11494 20695.8 77879.9 160093 160081 -1
95 6089 -1 4 -1 -0.3447 0.0276 71309.3 19965.8 -1 -1 1
95 6089 -1 4 166507 -0.09038 -0.01704 68783.1 21006.2 160077 160063 -1
95 14064 4780287 5 -1 -0.13482 0.3012 127354 169689 130032 100011 0
95 14064 -1 5 126873 -1.29079 2.47383 24214.5 1821.07 80006 70002 -1
96 913 -1 1 -1 0.5042 0.018 88734.2 42274.8 -1 -1 1
96 913 -1 1 1265366 0.14626 0.76431 90571 41029.9 160166 160129 -1
96 15553 -1 2 -1 0.0493 -0.1598 18793.1 77787.4 -1 -1 1
96 15553 -1 2 520484 0.03604 -0.34394 16396.3 75699.8 160120 160125 -1
96 6089 -1 4 -1 -0.3451 0.0212 69443.7 18250.7 -1 -1 1
96 6089 -1 4 605348 -0.28394 0.74723 70235.2 18501.9 160203 160222 -1
96 14064 -1 5 -1 -0.1362 0.3015 124169 10740.2 -1 -1 1
96 14064 -1 5 379846 0.64018 0.22976 122001 12886.1 160168 160187 -1
97 14064 -1 6 -1 -0.1325 0.3013 8366.3 12247.1 -1 -1 1
97 14064 -1 6 365812 0.00676 0.00602 8281.9 10634.1 160067 160061 -1
98 14064 -1 6 -1 -0.1321 0.302 9325.7 11414.8 -1 -1 1
98 14064 -1 6 376567 0.35039 0.74899 8484.17 10776.1 160100 160129 -1
99 15713 5293367 5 -1 -0.11585 -0.54557 105477 195966 130032 100014 0
99 15713 -1 5 9484 0.73572 -1.6559 116547 43717 90007 100011 -1
100 15713 -1 5 -1 -0.1183 -0.5444 108112 43019.9 -1 -1 1
100 15713 -1 5 904395 0.37432 0.21786 109903 44643.5 160244 160254 -1
101 12811 1341413 2 -1 0.12532 -0.07479 160272 44388.1 110016 120019 0
101 12811 -1 2 18371 -0.885 -1.15301 32802.8 45060.1 110023 90008 -1
101 15713 -1 5 -1 -0.111 -0.5451 107801 43992.3 -1 -1 1
101 15713 -1 5 9687 -0.02014 0.07109 107159 45555.7 160117 160092 -1
102 12811 -1 2 -1 0.1255 -0.075 37502.8 44997.3 -1 -1 1
102 12811 -1 2 237529 0.00909 -0.067 37576.8 45445.5 160066 160079 -1
102 15713 -1 5 -1 -0.1181 -0.546 107346 49497.3 -1 -1 1
102 15713 -1 5 23904 -0.02418 -0.2084 108812 49095.7 160198 160211 -1
103 12811 -1 2 -1 0.125 -0.0749 36805.3 42868.7 -1 -1 1
103 12811 -1 2 919254 0.25982 0.54377 35574.3 45391.3 160267 160254 -1
104 12811 -1 2 -1 0.1247 -0.0763 38663.5 43805.1 -1 -1 1
104 12811 -1 2 16914 0.23681 0.51755 37178.1 44696.1 160250 160253 -1
105 2996 53279 1 -1 -0.02928 -0.09204 115933 60056.2 130053 150052 0
105 2996 -1 1 53717 0.05222 0.03136 116917 57632 160134 160121 -1
105 110 2809552 3 -1 0.10179 0.1084 72068.5 98463.9 100014 140032 0
105 110 -1 3 387152 0.13219 -0.39052 83806.1 19704.7 80007 90007 -1
106 2996 -1 1 -1 -0.0295 -0.0917 120136 63407.6 -1 -1 1
106 2996 -1 1 996462 -0.22662 0.65663 119746 60529 160221 160236 -1
106 110 -1 3 -1 0.1018 0.1082 76420.7 23889.5 -1 -1 1
106 110 -1 3 400246 -0.09084 0.09087 76896.4 23187.5 160126 160125 -1
107 2996 -1 1 -1 -0.0285 -0.0921 117934 63474.5 -1 -1 1
107 2996 -1 1 71379 0.32057 -0.26563 120669 63185.6 160128 160074 -1
107 110 -1 3 -1 0.1017 0.1083 73154.6 22258 -1 -1 1
107 110 -1 3 405543 -0.11744 0.09288 73803.7 21570.3 160123 160115 -1
107 16820 2723694 3 -1 0.2201 -0.09774 82503 136115 100014 130035 0
107 16820 -1 3 259672 1.88272 1.43132 78333.3 55709.8 90004 90007 -1
107 4401 4041165 4 -1 0.20317 0.00652 175746 130727 140029 130022 0
107 4401 -1 4 262548 -1.30814 1.11365 52581 54100.7 110014 130024 -1
108 2996 -1 1 -1 -0.0292 -0.0914 116421 61366.3 -1 -1 1
108 2996 -1 1 283147 0.05449 -0.07754 113513 63379.2 160087 160089 -1
108 110 -1 3 -1 0.1009 0.1087 71607.3 20923.8 -1 -1 1
108 110 -1 3 396424 -0.6427 -0.32332 71883.1 19420.3 160284 160270 -1
108 16820 -1 3 -1 0.2196 -0.0984 80479.9 56834.1 -1 -1 1
108 16820 -1 3 1118611 0.49615 0.0494 81087.7 57718.8 160160 160194 -1
108 4401 -1 4 -1 0.2028 0.0076 52862.8 50725 -1 -1 1
108 4401 -1 4 950761 0.50259 -0.1401 50356.3 48670.7 160182 160151 -1
109 16820 -1 3 -1 0.2196 -0.098 83945.9 58665.1 -1 -1 1
109 16820 -1 3 978680 -0.12964 -0.5181 82059.1 56322.3 160136 160165 -1
109 4401 -1 4 -1 0.2027 0.004 57109.9 52798.2 -1 -1 1
109 4401 -1 4 261932 0.18249 -0.11275 55097.4 55319 160089 160073 -1
109 7721 4248489 4 -1 -0.16969 0.42638 153559 124388 110023 110037 0
109 7721 -1 4 253048 -0.65935 0.37002 7645.5 47664.6 70002 90010 -1
109 8875 5938498 6 -1 0.40318 -0.03861 136558 181335 110030 120023 0
109 8875 -1 6 211944 -0.19199 -0.93042 62500.1 34764.5 100013 70002 -1
110 16820 -1 3 -1 0.2205 -0.096 80423.3 57699.6 -1 -1 1
110 16820 -1 3 1116087 0.66284 0.20497 81567.1 57401.6 160187 160203 -1
110 4401 -1 4 -1 0.2025 0.0071 53937.9 51555.1 -1 -1 1
110 4401 -1 4 970679 0.32509 0.6212 56650.2 52269.9 160201 160205 -1
110 7721 -1 4 -1 -0.1751 0.4238 31596.5 44475.1 -1 -1 1
110 7721 -1 4 913275 -0.78091 -0.11906 32239.7 43610.2 160252 160225 -1
110 8875 -1 6 -1 0.4034 -0.0363 12442 26783.2 -1 -1 1
110 8875 -1 6 201081 0.00951 -0.05851 11311.6 26578.4 160074 160076 -1
111 13999 2668831 3 -1 0.03238 -0.44049 127022 125486 110020 100017 0
111 13999 -1 3 23586 -0.27703 1.2561 117546 49450.1 90007 100012 -1
111 7721 -1 4 -1 -0.1737 0.4231 34273.5 44907.8 -1 -1 1
111 7721 -1 4 926822 -0.34032 0.52275 35028.8 44478.5 160250 160168 -1
111 8875 -1 6 -1 0.4034 -0.0374 15872.2 29586.4 -1 -1 1
111 8875 -1 6 428732 0.4524 0.18172 17069.4 29008.5 160206 160178 -1
112 13999 -1 3 -1 0.0386 -0.4402 121795 46789.1 -1 -1 1
112 13999 -1 3 931318 -0.3859 0.18154 122310 46514.1 160114 160134 -1
112 7721 -1 4 -1 -0.1756 0.4247 31663.5 41559.2 -1 -1 1
112 7721 -1 4 236962 0.31781 0.07876 32405.7 44201.9 160157 160144 -1
112 8875 -1 6 -1 0.4018 -0.0351 9767 26010.1 -1 -1 1
112 8875 -1 6 1100322 0.06455 0.47762 11118.8 28874.1 160166 160134 -1
113 13999 -1 3 -1 0.0385 -0.4406 121451 47072.8 -1 -1 1
113 13999 -1 3 227857 -0.02121 -0.0854 123165 44258.3 160070 160055 -1
114 13999 -1 3 -1 0.04 -0.4398 122153 49192.5 -1 -1 1
114 13999 -1 3 964959 0.34748 -0.40351 121013 51793.9 160138 160177 -1
115 10671 5032791 5 -1 0.47218 -0.11122 94718 183342 130038 70004 0
115 10671 -1 5 1060966 -0.47448 -0.27836 9523.94 22406.5 110044 140065 -1
116 10671 -1 5 -1 0.4707 -0.1153 99231.6 29763 -1 -1 1
116 10671 -1 5 412503 -0.05572 -0.0403 99368 27103.9 160065 160080 -1
117 10671 -1 5 -1 0.4711 -0.1135 96443 29547.8 -1 -1 1
117 10671 -1 5 192875 -0.34607 0.41599 93552.8 29856.5 160116 160160 -1
117 15638 6376103 6 -1 -0.27448 -0.36361 163779 186340 120017 90012 0
117 15638 -1 6 428268 2.4935 0.79978 56101.4 33847.6 110011 70002 -1
118 10671 -1 5 -1 0.4711 -0.1105 91090.6 26726 -1 -1 1
118 10671 -1 5 1054218 -0.39902 -0.30236 90269.7 26610.6 160185 160157 -1
118 15638 -1 6 -1 -0.2762 -0.3623 40907.5 29467.4 -1 -1 1
118 15638 -1 6 197630 0.02631 0.06133 41365.1 30349 160066 160058 -1
119 4673 4087788 4 -1 0.16817 0.01802 158558 158900 120015 140038 0
119 4673 -1 4 313247 -1.97935 -1.17879 39911.7 81000.4 110015 90006 -1
119 7364 3543871 4 -1 -0.35387 0.11295 199591 121471 140030 80007 0
119 7364 -1 4 13151 0.4626 1.16377 77059.9 44921.2 90006 110016 -1
119 15638 -1 6 -1 -0.2765 -0.3633 45996 28330.7 -1 -1 1
119 15638 -1 6 1079158 -0.51452 0.59354 44036.9 31130.9 160157 160158 -1
120 4673 -1 4 -1 0.1681 0.0186 35939.1 77725.5 -1 -1 1
120 4673 -1 4 518891 -0.00393 -0.0004 37720.5 76260.5 160102 160092 -1
120 7364 -1 4 -1 -0.3539 0.1113 78403.8 40155.2 -1 -1 1
120 7364 -1 4 1321522 -0.27222 0.34246 80573.8 38451 160179 160157 -1
120 15638 -1 6 -1 -0.2742 -0.3647 42818 26873.7 -1 -1 1
120 15638 -1 6 425083 -0.5187 0.59467 41455.7 27279.4 160087 160127 -1
121 4673 -1 4 -1 0.1681 0.019 37452.7 79742.4 -1 -1 1
121 4673 -1 4 287334 0.10038 0.24995 39998.7 80638.2 160129 160125 -1
121 7364 -1 4 -1 -0.3542 0.112 80416.6 42191.6 -1 -1 1
121 7364 -1 4 907140 0.18808 -0.54302 77861.4 45005.9 160220 160218 -1
121 13508 6329221 6 -1 -0.2862 0.11807 211171 178026 110020 100014 0
121 13508 -1 6 178991 0.94598 -1.90776 62651.6 22826.2 120016 90008 -1
122 4673 -1 4 -1 0.1682 0.0195 33726.2 78627.6 -1 -1 1
122 4673 -1 4 103642 -0.00289 -0.00221 36582.3 76939.8 160102 160072 -1
122 7364 -1 4 -1 -0.3538 0.1109 78417.2 40855.8 -1 -1 1
122 7364 -1 4 911423 0.39066 -0.04598 78093 43716.7 160087 160081 -1
122 13508 -1 6 -1 -0.2863 0.1174 87267.5 21383 -1 -1 1
122 13508 -1 6 166797 0.05227 0.00055 86639.2 21155 160065 160080 -1
123 13508 -1 6 -1 -0.2855 0.1192 91835.9 20568 -1 -1 1
123 13508 -1 6 619808 0.24032 0.10653 94405.7 21849.9 160129 160148 -1
124 13508 -1 6 -1 -0.2869 0.1184 92002 22782.2 -1 -1 1
124 13508 -1 6 624843 -0.01863 0.03744 90265.6 24266.2 160079 160080 -1
125 10125 9219191 6 -1 0.00796 0.03066 163848 175003 150065 140041 0
125 10125 -1 6 1009498 -0.03979 -3.05995 37458.9 66834.9 70002 90009 -1
126 10125 -1 6 -1 0.0078 0.0305 44492.4 19639.9 -1 -1 1
126 10125 -1 6 408566 -0.03807 -0.03577 44463.8 21958 160067 160055 -1
127 14250 3869342 4 -1 -0.06466 -0.21137 186660 147911 90013 120025 0
127 14250 -1 4 281362 0.67252 0.33202 12257.2 57511.6 120024 80009 -1
127 10125 -1 6 -1 0.0079 0.0306 45505.5 24332.7 -1 -1 1
127 10125 -1 6 1041444 0.40674 0.04497 46262 22136.1 160123 160171 -1
128 14250 -1 4 -1 -0.0634 -0.2115 65419.3 67271.8 -1 -1 1
128 14250 -1 4 1199679 0.17602 -0.55857 65006.6 67421 160281 160241 -1
128 10125 -1 6 -1 0.0078 0.0308 42253.6 22770.8 -1 -1 1
128 10125 -1 6 184548 0.05738 -0.10729 43713.2 23001.1 160086 160082 -1
129 14250 -1 4 -1 -0.0667 -0.2103 68235.6 68650.5 -1 -1 1
129 14250 -1 4 1180680 0.20107 -0.61149 67612.1 69110.6 160257 160232 -1
129 7994 3545906 4 -1 0.02049 -0.37529 180737 123084 100013 130035 0
129 7994 -1 4 14596 0.15809 -0.17451 66507.7 44792.7 160090 150063 -1
130 14250 -1 4 -1 -0.0646 -0.2115 64848.3 68042.1 -1 -1 1
130 14250 -1 4 90748 0.00459 -0.07008 64031.3 67333.8 160085 160062 -1
130 7994 -1 4 -1 0.0222 -0.3763 57704.3 43738.2 -1 -1 1
130 7994 -1 4 234237 0.00747 0.01937 57791 43698.3 160063 160031 -1
130 431 6153115 5 -1 -0.76383 -1.49647 44797.7 190582 100007 80007 0
130 431 -1 5 211936 1.27192 -0.06285 74116.3 35732.9 110009 90009 -1
131 7994 -1 4 -1 0.0236 -0.3756 58500.5 45742.7 -1 -1 1
131 7994 -1 4 14463 -0.16565 0.02402 57575.7 44993.1 160056 160056 -1
131 431 -1 5 -1 -0.7545 -1.5007 46526 36026 -1 -1 1
131 431 -1 5 1897 0.11709 -0.0578 48557.9 38193.6 160098 160092 -1
132 7994 -1 4 -1 0.0202 -0.3766 59201 46189.2 -1 -1 1
132 7994 -1 4 918313 -0.42028 0.00128 61012.4 44231.3 160146 160157 -1
132 431 -1 5 -1 -0.7663 -1.4919 49864.3 42180.6 -1 -1 1
132 431 -1 5 1690 -0.23497 0.1239 47931.5 40916.1 160096 160084 -1
133 431 -1 5 -1 -0.7644 -1.4971 48034.1 37100.1 -1 -1 1
133 431 -1 5 2049 -0.16332 0.11933 45872.9 39433.8 160074 160060 -1
