18 3613 10789151 5 1287609 0.23022 0.57636 103419 28997.9 78
19 4206 5989611 3 894712 0.0687 -0.59677 67385.7 85207.3 82
19 4609 9169358 4 1846702 -0.12645 -0.24356 15777.9 80036.2 92
19 3613 -1 5 0 0.234 0.5744 107296 31765.4 -1
20 4206 -1 3 0 0.0757 -0.5958 64110.8 85352.1 -1
20 4609 -1 4 0 -0.1246 -0.2445 13823.5 79121.2 -1
20 3613 -1 5 0 0.2318 0.5746 104799 28597.5 -1
21 8312 1162121 1 1162121 0.66475 -0.3571 46321.2 63099.1 82
21 4609 -1 4 0 -0.1258 -0.2442 16802.2 80676.5 -1
21 3613 -1 5 0 0.2333 0.5742 107513 28850.9 -1
21 4206 -1 5 0 0.0724 -0.5963 67844.8 9333.8 -1
22 6088 953183 1 953183 0.61303 0.3947 85927.7 59558.2 62
22 8312 -1 1 0 0.6693 -0.352 41878.6 61864.2 -1
22 4609 -1 4 0 -0.1231 -0.2463 14440.3 79622 -1
22 4206 -1 5 0 0.0762 -0.5968 64178.4 9640.1 -1
23 6088 -1 1 0 0.6109 0.3974 83853.7 59236.7 -1
23 8312 -1 1 0 0.6689 -0.3442 39748.8 61927.4 -1
23 10201 2964080 2 539207 0.04915 0.60457 26302.9 51585.8 80
23 10204 2964080 2 539207 0.04915 0.60457 26302.9 51585.8 80
23 8740 11437946 6 382961 0.82122 0.01228 38357.8 26354.4 60
24 6088 -1 1 0 0.6123 0.3995 85950.4 61041.5 -1
24 8312 -1 1 0 0.6687 -0.3503 41686 65914.5 -1
24 10201 -1 2 0 0.0448 0.6039 30246.9 53452 -1
24 10204 -1 2 0 0.0448 0.6039 30246.9 53452 -1
24 10394 4822272 3 186480 0.29427 0.47061 59007.7 17861.2 114
24 4093 7778296 4 1601514 0.41689 -0.21393 27925.7 59761.6 138
24 8740 -1 6 0 0.821 0.0152 39353 29515.5 -1
25 6088 -1 1 0 0.6154 0.3914 86680.3 58609.9 -1
25 10201 -1 2 0 0.0523 0.6042 28927.3 51762.7 -1
25 10204 -1 2 0 0.0523 0.6042 28927.3 51762.7 -1
25 10394 -1 3 0 0.2958 0.4699 57731.1 16237.4 -1
25 4093 -1 4 0 0.417 -0.2138 25787.8 58363.6 -1
25 8740 -1 6 0 0.8217 0.0138 37633.2 24425.5 -1
26 10201 -1 2 0 0.0492 0.6046 27470.1 49069.1 -1
26 10204 -1 2 0 0.0492 0.6046 27470.1 49069.1 -1
26 10394 -1 3 0 0.2943 0.4704 56455.6 13568.7 -1
26 945 5729335 3 431287 -0.07911 0.06768 110249 40578.2 254
26 4093 -1 4 0 0.4151 -0.2162 23464 58322.3 -1
26 8740 -1 6 0 0.8217 0.0216 33791.4 28464.9 -1
27 7176 1419563 1 1419563 0.15802 0.10079 108557 53151.5 126
27 10394 -1 3 0 0.2996 0.4649 56970.2 14017.9 -1
27 945 -1 3 0 -0.0785 0.0687 111381 40782.8 -1
27 4093 -1 4 0 0.4145 -0.2168 24121.3 59171.3 -1
27 1508 7076215 4 453655 0.65927 -0.26361 63106.7 60039 98
28 7176 -1 1 0 0.1578 0.1014 107093 50093.1 -1
28 945 -1 3 0 -0.0784 0.068 110561 38915.7 -1
28 1508 -1 4 0 0.6602 -0.2656 60475 58872.3 -1
29 7176 -1 1 0 0.1577 0.1017 107373 50124.2 -1
29 945 -1 3 0 -0.0796 0.0673 109412 39768.7 -1
29 1508 -1 4 0 0.662 -0.2601 57788.6 59393.5 -1
30 7176 -1 1 0 0.1569 0.1014 108643 50712.6 -1
30 1508 -1 4 0 0.6609 -0.2577 58946.4 61919 -1
31 6472 2921151 2 736409 -0.10033 -0.0166 29325.2 70783.6 152
31 8487 6617819 3 2202779 0.27252 0.83675 82997.5 40829.5 74
32 6472 -1 2 0 -0.1005 -0.017 30002.4 72411.1 -1
32 8487 -1 3 0 0.2664 0.8383 82940.9 40523.1 -1
33 6472 -1 2 0 -0.1004 -0.0182 28625.7 69273.9 -1
33 8487 -1 3 0 0.2526 0.8445 79989.2 37500 -1
33 1536 8294734 4 1688282 -0.10268 -0.49224 14278.9 16632.5 100
33 6323 9008794 5 399466 0.14971 -0.51772 114235 31985 42
34 6472 -1 2 0 -0.1005 -0.0179 30743.5 73650 -1
34 8487 -1 3 0 0.2696 0.8389 80812.3 37274 -1
34 1536 -1 4 0 -0.1023 -0.4902 15909.9 21490.5 -1
34 6323 -1 5 0 0.1489 -0.5189 115186 36407.2 -1
35 1536 -1 4 0 -0.1124 -0.4915 15161 21965.7 -1
35 6323 -1 5 0 0.1441 -0.5217 115814 37579.4 -1
36 9780 2241447 1 2241447 0.01442 0.4272 76045.1 63120 50
36 3665 6366497 3 1204281 0.53704 0.5114 42811.8 84129.7 42
36 1536 -1 4 0 -0.1155 -0.4878 13976.3 22390.9 -1
36 6323 -1 5 0 0.1481 -0.5164 113597 36808.1 -1
37 9780 -1 1 0 0.0183 0.427 75633.9 64897.2 -1
37 3665 -1 3 0 0.5353 0.5136 41997 84910.2 -1
37 10132 6364432 3 404128 0.23885 0.35694 98867.8 35246.4 68
37 9228 6956059 3 995755 0.01021 0.27637 91025.7 70608.2 84
37 2188 9428317 5 157200 0.21393 0.07501 81403.9 11345.3 142
38 9780 -1 1 0 0.0142 0.4263 76649.2 63939.4 -1
38 3665 -1 3 0 0.5376 0.5105 41813 84347.2 -1
38 10132 -1 3 0 0.2407 0.3564 99338.3 34962.6 -1
38 9228 -1 3 0 0.0113 0.2761 92225.9 70544.2 -1
38 2188 -1 5 0 0.2137 0.074 82816.3 12094.6 -1
39 9780 -1 1 0 0.0141 0.4273 74575.9 62260 -1
39 3665 -1 3 0 0.5284 0.5199 36989.8 80847.9 -1
39 10132 -1 3 0 0.2342 0.3618 95621.9 32665.5 -1
39 9228 -1 3 0 0.0068 0.2761 88058.4 68165.8 -1
39 3742 7342460 4 557798 0.19658 0.41771 55536.3 64361.6 70
39 2188 -1 5 0 0.2121 0.0785 78380.6 6861.2 -1
40 10132 -1 3 0 0.2392 0.3585 97723.5 32850.5 -1
40 9228 -1 3 0 0.0094 0.2766 91317.5 68760.1 -1
40 3742 -1 4 0 0.1949 0.4195 56268.4 63536.9 -1
40 2188 -1 5 0 0.2122 0.0769 79994.6 9676.3 -1
41 11741 712027 1 712027 0.09668 -0.04785 116217 53873 210
41 3742 -1 4 0 0.1969 0.4195 61218.3 63036.2 -1
42 11741 -1 1 0 0.097 -0.0473 110083 52735.3 -1
42 3742 -1 4 0 0.1993 0.4162 54411.2 60180.8 -1
43 11741 -1 1 0 0.0964 -0.0477 109017 55087.1 -1
43 4090 6051188 3 802531 0.34141 -0.31301 127813 71693.5 66
44 11741 -1 1 0 0.097 -0.0466 111586 53606.9 -1
44 4090 -1 4 0 0.3444 -0.3101 8392.2 70582.9 -1
45 11955 6236976 4 279743 -0.0723 -0.17841 44062.3 60425.1 134
45 4090 -1 4 0 0.3436 -0.3122 10161.7 72293.1 -1
46 11955 -1 4 0 -0.0731 -0.1784 43764.7 61834.3 -1
46 4090 -1 4 0 0.3412 -0.3144 8801.1 74223.7 -1
47 11955 -1 4 0 -0.0716 -0.1787 42658.6 59318.3 -1
47 1484 10961780 5 586436 0.47516 -0.30833 106031 33969.8 56
48 11955 -1 4 0 -0.0712 -0.1784 44538.9 61035.2 -1
48 1484 -1 5 0 0.4753 -0.3091 107557 36736.9 -1
49 1484 -1 5 0 0.4764 -0.307 102964 39693.4 -1
49 6951 10390585 5 1087688 -0.08202 -0.23376 103692 13179 150
49 12288 13022557 6 1322701 -0.21631 -0.1841 71963.4 38435 168
50 4150 3791512 2 1584030 0.03505 0.74297 31648.9 51984.8 36
50 1484 -1 5 0 0.4753 -0.3071 102267 43105.1 -1
50 6951 -1 5 0 -0.0829 -0.233 104419 16390.9 -1
50 12288 -1 6 0 -0.217 -0.1839 73824.3 41140.1 -1
51 4150 -1 2 0 0.0228 0.7429 32376.8 48645.4 -1
51 6951 -1 5 0 -0.0819 -0.2337 104947 11003.1 -1
51 12288 -1 6 0 -0.2163 -0.1841 74059.9 37348.3 -1
52 4150 -1 2 0 0.0334 0.7438 31259.9 46823.8 -1
52 6951 -1 5 0 -0.0821 -0.2351 104540 16048.6 -1
52 12288 -1 6 0 -0.2169 -0.1833 72572 40915.6 -1
53 4150 -1 2 0 0.0348 0.7461 31783.3 47859.9 -1
54 582 5201917 3 529903 0.37933 -0.07266 125260 81746.8 88
55 582 -1 3 0 0.3792 -0.0728 122746 79536.2 -1
55 4033 9920634 5 1081925 0.06376 -0.14915 115161 10680.1 218
56 582 -1 4 0 0.3794 -0.0731 5514 81128.8 -1
56 4033 -1 5 0 0.0629 -0.1493 119323 8747.5 -1
57 4667 3973870 2 1325121 0.19479 0.4791 27949.6 41138.1 78
57 582 -1 3 0 0.3784 -0.0747 124039 79246.5 -1
57 5259 6258907 3 691896 0.00252 0.24428 107595 76432.1 164
57 4033 -1 5 0 0.0628 -0.1495 117707 11485.4 -1
58 4667 -1 2 0 0.196 0.4794 25814.8 41031.4 -1
58 5259 -1 3 0 0.0033 0.2448 106664 77052.1 -1
58 4033 -1 5 0 0.0621 -0.1503 117052 13282 -1
59 4667 -1 2 0 0.2 0.4779 25155.8 40840.6 -1
59 5259 -1 3 0 0.0034 0.2452 107047 77613.7 -1
60 4667 -1 2 0 0.1965 0.4783 23566 38031.2 -1
60 5259 -1 3 0 0.0022 0.2447 106264 75783 -1
61 475 775290 1 775290 0.15114 0.67542 117321 58719.8 22
62 475 -1 1 0 0.1487 0.6746 114282 55457.2 -1
63 475 -1 1 0 0.1519 0.6758 114236 55361.2 -1
63 12160 2747941 2 495025 -0.12085 0.25925 88019.6 84001.8 48
63 5002 9506226 6 14975 -0.26678 -0.16642 91764.2 43036.4 54
64 475 -1 1 0 0.1469 0.6804 113390 53463.4 -1
64 12160 -1 2 0 -0.1253 0.2566 88813.9 83999.4 -1
64 7456 11861575 6 1279109 0.29749 0.35025 33956.9 13690.7 74
64 5002 -1 6 0 -0.265 -0.1692 92024.9 45547.9 -1
65 12160 -1 2 0 -0.124 0.2578 87252.5 83785.2 -1
65 9252 6058839 3 1929468 0.07147 0.39642 101043 82699.1 114
65 9965 4329682 3 162152 0.90939 0.29656 103174 14033 74
65 7456 -1 6 0 0.2966 0.3507 32655.9 17388.9 -1
65 5002 -1 6 0 -0.265 -0.1703 91124.6 49821.8 -1
66 12160 -1 2 0 -0.122 0.259 88144.3 82422.6 -1
66 9252 -1 3 0 0.0741 0.3963 101461 83434.2 -1
66 9965 -1 3 0 0.9098 0.2916 100532 15089.8 -1
66 7456 -1 6 0 0.2986 0.3474 34808.3 13007 -1
66 5002 -1 6 0 -0.2663 -0.168 95113.9 46545.6 -1
67 9252 -1 3 0 0.0744 0.3959 102211 81678.7 -1
67 9965 -1 3 0 0.9097 0.2913 100583 13414.7 -1
67 7456 -1 6 0 0.3001 0.3464 33636.4 15684.7 -1
67 2347 13877635 6 410289 -0.01081 -0.33987 54421.8 33892 120
68 1776 5077074 2 1545042 0.32848 0.33173 64766.8 41147.8 160
68 4348 6449654 3 678089 0.06019 0.07806 111117 46379.5 104
68 9252 -1 3 0 0.0728 0.3962 103204 81504.2 -1
68 9965 -1 3 0 0.9103 0.2971 100099 13476.5 -1
68 2347 -1 6 0 -0.0103 -0.3392 55952 30794.9 -1
69 1776 -1 2 0 0.3323 0.3281 64316.4 42773.3 -1
69 4348 -1 3 0 0.0611 0.0774 110589 46535.8 -1
69 1127 10596885 5 1325301 -0.0087 -0.33533 129317 42172.1 140
69 2347 -1 6 0 -0.0106 -0.3401 56904.7 32285.5 -1
70 1776 -1 2 0 0.3327 0.3273 62354 42130 -1
70 4348 -1 3 0 0.0603 0.078 110745 47953.7 -1
70 1127 -1 6 0 -0.0107 -0.3353 11579.1 42089.8 -1
70 2347 -1 6 0 -0.012 -0.3394 57426.3 33252.6 -1
71 1776 -1 2 0 0.3282 0.3338 61491.8 40038.5 -1
71 4348 -1 3 0 0.0598 0.0786 106678 44734 -1
71 1970 5328781 3 1134493 0.36055 -0.22548 104755 43855.5 60
71 1127 -1 6 0 -0.0059 -0.3358 7215.1 42208.5 -1
72 1970 -1 3 0 0.3611 -0.2248 104618 45347.2 -1
72 1127 -1 6 0 -0.0092 -0.3356 5442.1 41270.7 -1
73 1970 -1 3 0 0.3609 -0.2246 107054 46661 -1
74 1778 4277899 2 1743445 -0.20284 0.26451 48045.1 81096.9 100
74 5264 5883406 3 809829 0.14042 0.09696 94719.7 11542.3 150
74 8307 5242575 3 165279 0.27114 0.43725 116589 12309 76
74 1970 -1 3 0 0.3584 -0.2279 103915 46103.4 -1
75 1778 -1 2 0 -0.2032 0.2641 51091.8 81972.4 -1
75 5264 -1 3 0 0.14 0.0976 97969.2 12378.5 -1
75 8307 -1 3 0 0.2692 0.4388 119728 12966.8 -1
76 1778 -1 2 0 -0.2018 0.2658 51757 79095.5 -1
76 5264 -1 3 0 0.1401 0.0974 96780.2 10622.7 -1
76 8307 -1 3 0 0.2697 0.4377 118079 9972.1 -1
77 1778 -1 2 0 -0.2031 0.2626 49611.2 78692.1 -1
77 5264 -1 3 0 0.1393 0.0989 95624.6 10373.3 -1
77 8307 -1 3 0 0.2652 0.4417 116814 9654.5 -1
78 6828 7484482 4 197154 0.0004 -0.40376 15597.4 15649.4 124
78 9136 7957757 4 737009 0.20808 -0.2813 55322.8 85177.8 156
79 6828 -1 4 0 0.002 -0.4038 11745.5 14095.1 -1
79 9136 -1 4 0 0.2091 -0.2805 51018.7 83671.6 -1
80 6069 4158687 2 1508383 0.02707 -0.19819 57567.2 83825.2 164
80 8478 5235947 3 127247 0.11606 0.58546 97011.7 10406.6 76
80 2493 8596441 4 1090873 -0.10949 -0.05214 81335.3 23918.5 236
80 6828 -1 4 0 -0.0025 -0.4042 13257.4 18551 -1
80 9136 -1 6 0 0.2045 -0.2831 54029.1 6294.7 -1
81 6069 -1 2 0 0.0263 -0.1982 55850.2 81058.1 -1
81 8478 -1 3 0 0.1143 0.5855 94871.4 7209.2 -1
81 2493 -1 4 0 -0.1093 -0.0525 79018.8 20858.3 -1
81 6828 -1 4 0 -0.0015 -0.4041 10886.3 15543.6 -1
81 9136 -1 4 0 0.2063 -0.2829 50118.8 84428.7 -1
82 8478 -1 1 0 0.1153 0.5885 96724.6 84454.8 -1
82 6069 -1 2 0 0.0246 -0.1991 57112.4 83037.3 -1
82 2493 -1 4 0 -0.1096 -0.052 80744.5 21351.9 -1
83 8478 -1 1 0 0.1169 0.5852 93734.4 83977.6 -1
83 6069 -1 2 0 0.0256 -0.1987 53692.7 82240 -1
83 2493 -1 4 0 -0.1088 -0.0529 78450.8 21072.8 -1
83 12259 8586760 5 198184 0.07522 -0.27118 67267.6 18894.2 158
83 8703 11206854 6 828478 0.27025 0.02651 24221.3 29560.6 128
84 12259 -1 5 0 0.0745 -0.2714 71129 21107.6 -1
84 8703 -1 6 0 0.2706 0.0258 28073 30775 -1
85 12259 -1 5 0 0.0765 -0.2704 72657.3 20135.5 -1
85 7795 11685901 5 1310557 0.57172 -0.09626 123291 32675.8 76
85 8703 -1 6 0 0.2697 0.0274 30196.5 30188.5 -1
86 12259 -1 5 0 0.0761 -0.2697 69770.6 17203.3 -1
86 7795 -1 5 0 0.5718 -0.0972 118930 29144.3 -1
86 8703 -1 6 0 0.2714 0.0265 24811.3 26693.1 -1
87 3250 1043431 1 1043431 -0.12646 -0.08325 73843.3 83795.3 92
87 3254 1043431 1 1043431 -0.12646 -0.08325 73843.3 83795.3 92
87 4433 4648899 3 675363 0.01275 -0.11713 73067.7 61480.6 104
87 7795 -1 5 0 0.5716 -0.0973 120430 28576.4 -1
88 3250 -1 1 0 -0.1265 -0.0832 67581.1 82076.4 -1
88 3254 -1 1 0 -0.1265 -0.0832 67581.1 82076.4 -1
88 3829 4533011 3 338723 0.23048 0.19645 81060.4 64271.2 44
88 4433 -1 3 0 0.0125 -0.117 68000.4 60383.3 -1
88 7795 -1 5 0 0.5711 -0.0979 113501 31806.1 -1
89 3250 -1 1 0 -0.1258 -0.0838 69830 84027.4 -1
89 3254 -1 1 0 -0.1258 -0.0838 69830 84027.4 -1
89 4293 3441006 2 1196194 -0.10287 0.26425 69333.5 66623.4 180
89 3829 -1 3 0 0.2312 0.1957 82013.4 64329.2 -1
89 4433 -1 3 0 0.0121 -0.1172 69115 60750.1 -1
90 3250 -1 1 0 -0.1269 -0.0829 72761.1 82968.9 -1
90 3254 -1 1 0 -0.1269 -0.0829 72761.1 82968.9 -1
90 4293 -1 2 0 -0.1016 0.2646 73160.9 63458.9 -1
90 3829 -1 3 0 0.2298 0.1974 84473 63614.2 -1
90 4433 -1 3 0 0.0129 -0.1177 72322 61054.9 -1
90 806 7401938 4 642771 0.09548 0.35696 54889.1 15765.3 76
91 4293 -1 2 0 -0.0995 0.2653 73280.3 65098.4 -1
91 6231 4645792 2 1401454 -0.07787 0.22917 64267.2 79984.8 86
91 3829 -1 3 0 0.2309 0.1965 84376.2 64832.6 -1
91 806 -1 4 0 0.0985 0.3565 55234.9 16473.6 -1
92 8723 779457 1 779457 0.02832 0.03252 125666 78389.7 264
92 4293 -1 2 0 -0.101 0.2653 70005.9 62732.8 -1
92 6231 -1 2 0 -0.0795 0.2288 60861.9 77663 -1
92 5271 8570307 4 1921706 0.18613 -0.33702 10165.8 77428 118
92 806 -1 4 0 0.0929 0.3582 51402.7 15298.8 -1
93 8723 -1 2 0 0.0285 0.0324 6322.5 80271.2 -1
93 6231 -1 2 0 -0.0781 0.2285 62168.9 78772.5 -1
93 5271 -1 4 0 0.1858 -0.3371 12668.2 78947.5 -1
93 806 -1 4 0 0.0927 0.3577 53955.6 16190.6 -1
93 5979 7373182 4 313201 -0.16823 -0.20585 40367.6 64046.6 64
93 7243 10117575 5 1508247 0.38137 -0.19852 116550 28320.1 60
94 8723 -1 2 0 0.0286 0.0323 5657 78650.5 -1
94 6231 -1 2 0 -0.0773 0.2293 61791.7 76503.9 -1
94 2721 6208281 3 529055 0.11605 0.00708 93725.2 64986.2 90
94 5271 -1 4 0 0.1842 -0.3374 10703 78211.5 -1
94 5979 -1 4 0 -0.1688 -0.2058 39318 62833.4 -1
94 7243 -1 5 0 0.3821 -0.1986 113223 26928.3 -1
95 8723 -1 2 0 0.0286 0.0323 7560.3 80599 -1
95 2721 -1 3 0 0.116 0.0077 96575.6 67085.3 -1
95 5271 -1 4 0 0.1858 -0.3356 12810.6 79998.4 -1
95 5979 -1 4 0 -0.1669 -0.2068 41849.6 64763.1 -1
95 7243 -1 5 0 0.3815 -0.1976 115600 30363.5 -1
96 1389 5658558 3 329320 0.3782 0.42577 101059 23941.8 28
96 2721 -1 3 0 0.1159 0.0056 94756.5 64280.7 -1
96 5979 -1 4 0 -0.1704 -0.2047 41522.4 63191 -1
96 7243 -1 5 0 0.38 -0.203 112461 29407.4 -1
97 1389 -1 3 0 0.3767 0.4276 103329 25276.1 -1
97 2721 -1 3 0 0.1161 0.0061 97094.1 65940.7 -1
98 1389 -1 3 0 0.3711 0.4322 99084.8 22510.7 -1
99 1389 -1 3 0 0.3764 0.4276 100459 22408.4 -1
102 2399 12365234 6 223874 -0.06865 -0.12868 54460.1 40316 80
103 2399 -1 6 0 -0.0684 -0.1289 53160 40301.1 -1
104 11186 12190872 5 1594776 0.26281 -0.39587 80498.3 46291.3 106
104 2399 -1 6 0 -0.0685 -0.1293 53750 40619.5 -1
105 11186 -1 5 0 0.2635 -0.3958 81564.6 44521.8 -1
105 2399 -1 6 0 -0.0687 -0.129 53634.8 38804.3 -1
106 11186 -1 5 0 0.2587 -0.3973 79977.3 47210.6 -1
107 11186 -1 5 0 0.2602 -0.3975 83079.5 48396.7 -1
108 1875 5472755 3 316971 -0.13202 0.36528 99627.2 21742.6 52
109 1875 -1 3 0 -0.1323 0.3652 102403 22965.2 -1
110 1875 -1 3 0 -0.1347 0.3636 101426 20540 -1
111 1875 -1 3 0 -0.1337 0.3627 102653 21836.8 -1
117 9883 14472143 6 1234001 -0.16715 -0.50214 55419.3 10170.9 60
117 9887 13613540 6 333989 -0.09901 -0.49318 16606.4 20985.4 140
118 9883 -1 6 0 -0.1665 -0.5011 57552.7 13096 -1
118 9887 -1 6 0 -0.0988 -0.494 18556.6 23803.4 -1
119 9883 -1 6 0 -0.1657 -0.5014 55922.2 11601.2 -1
119 9887 -1 6 0 -0.0974 -0.4922 16855.8 22238.9 -1
120 11813 6296610 3 557058 0.0738 0.01203 102367 62701.1 196
120 9883 -1 6 0 -0.1616 -0.5053 57485.2 15787.4 -1
120 9887 -1 6 0 -0.094 -0.4941 18119.2 26206.6 -1
121 11813 -1 3 0 0.0738 0.012 101310 62184.7 -1
121 3978 14026060 6 138871 0.04663 -0.05566 14157.9 6868.77 260
122 10682 3494642 2 904386 -0.19095 0.01133 77807.3 82688.3 178
122 11813 -1 3 0 0.0739 0.0118 101502 60430.9 -1
122 3978 -1 6 0 0.0461 -0.0561 13418.3 6012.9 -1
123 10682 -1 2 0 -0.1909 0.0111 78486.5 83591.1 -1
123 11813 -1 3 0 0.0737 0.0118 102674 62114.2 -1
123 3978 -1 6 0 0.0464 -0.0556 14990.7 6638.3 -1
124 10682 -1 2 0 -0.1911 0.0101 78907.1 82651.5 -1
124 3978 -1 6 0 0.0465 -0.0558 13133.2 5957.2 -1
125 10682 -1 2 0 -0.191 0.0108 79752.5 82949.8 -1
125 8825 7718009 3 1095449 0.33137 0.17806 78417.7 30047.4 76
126 8825 -1 3 0 0.3301 0.1807 75461.5 26869.4 -1
127 8825 -1 3 0 0.3308 0.1796 76076.9 28758.1 -1
127 7205 9860290 4 1026381 -0.07035 -0.18299 90681.2 22937.7 92
128 8825 -1 3 0 0.3286 0.1834 72979.1 26124.2 -1
128 13 11549415 4 1684452 -0.0734 -0.3268 57158.1 71034.3 170
128 7205 -1 4 0 -0.0683 -0.1839 88849.7 22909.8 -1
129 13 -1 4 0 -0.0827 -0.3247 61544.7 73240.1 -1
129 7205 -1 4 0 -0.0735 -0.1816 91858.2 24112.8 -1
130 13 -1 4 0 -0.0794 -0.3253 59445.3 73118.6 -1
130 7205 -1 4 0 -0.0712 -0.1824 90247.7 23805.6 -1
131 13 -1 4 0 -0.0795 -0.3249 61555.3 73860.3 -1
