18
5 3613 10789151 1287609
5 3613 1056629 -1
19
3 4206 5989611 894712
3 4206 6110846 -1
4 4609 9169358 1846702
4 4609 684564 -1
5 3613 -1 0
5 3613 357745 -1
20
3 4206 -1 0
3 4206 1746845 -1
4 4609 -1 0
4 4609 2110627 -1
5 3613 -1 0
5 3613 1289939 -1
21
1 8312 1162121 1162121
1 8312 515967 -1
4 4609 -1 0
4 4609 1923323 -1
5 3613 -1 0
5 3613 2160870 -1
5 4206 -1 0
5 4206 121335 -1
22
1 6088 953183 953183
1 6088 954760 -1
1 8312 -1 0
1 8312 963175 -1
4 4609 -1 0
4 4609 1725519 -1
5 4206 -1 0
5 4206 130572 -1
23
1 6088 -1 0
1 6088 542441 -1
1 8312 -1 0
1 8312 1274541 -1
2 10201 2964080 539207
2 10201 1181163 -1
2 10204 2964080 539207
2 10204 1181163 -1
6 8740 11437946 382961
6 8740 1025317 -1
24
1 6088 -1 0
1 6088 894260 -1
1 8312 -1 0
1 8312 399578 -1
2 10201 -1 0
2 10201 2229208 -1
2 10204 -1 0
2 10204 2229208 -1
3 10394 4822272 186480
3 10394 1645028 -1
4 4093 7778296 1601514
4 4093 2051280 -1
6 8740 -1 0
6 8740 381133 -1
25
1 6088 -1 0
1 6088 1816129 -1
2 10201 -1 0
2 10201 1390095 -1
2 10204 -1 0
2 10204 1390095 -1
3 10394 -1 0
3 10394 202214 -1
4 4093 -1 0
4 4093 750140 -1
6 8740 -1 0
6 8740 1304315 -1
26
2 10201 -1 0
2 10201 1775446 -1
2 10204 -1 0
2 10204 704691 -1
3 10394 -1 0
3 10394 1483362 -1
3 945 5729335 431287
3 945 2194965 -1
4 4093 -1 0
4 4093 1214269 -1
6 8740 -1 0
6 8740 379600 -1
27
1 7176 1419563 1419563
1 7176 1419332 -1
3 10394 -1 0
3 10394 169878 -1
3 945 -1 0
3 945 430209 -1
4 4093 -1 0
4 4093 987501 -1
4 1508 7076215 453655
4 1508 673690 -1
28
1 7176 -1 0
1 7176 275185 -1
3 945 -1 0
3 945 1749915 -1
4 1508 -1 0
4 1508 1010419 -1
29
1 7176 -1 0
1 7176 693689 -1
3 945 -1 0
3 945 432343 -1
4 1508 -1 0
4 1508 771109 -1
30
1 7176 -1 0
1 7176 743738 -1
4 1508 -1 0
4 1508 742614 -1
31
2 6472 2921151 736409
2 6472 614856 -1
3 8487 6617819 2202779
3 8487 1099945 -1
32
2 6472 -1 0
2 6472 2465836 -1
3 8487 -1 0
3 8487 29797 -1
33
2 6472 -1 0
2 6472 671994 -1
3 8487 -1 0
3 8487 1318968 -1
4 1536 8294734 1688282
4 1536 823225 -1
5 6323 9008794 399466
5 6323 1068687 -1
34
2 6472 -1 0
2 6472 1788158 -1
3 8487 -1 0
3 8487 1099675 -1
4 1536 -1 0
4 1536 189627 -1
5 6323 -1 0
5 6323 1741241 -1
35
4 1536 -1 0
4 1536 218093 -1
5 6323 -1 0
5 6323 640339 -1
36
1 9780 2241447 2241447
1 9780 884770 -1
3 3665 6366497 1204281
3 3665 2078994 -1
4 1536 -1 0
4 1536 194965 -1
5 6323 -1 0
5 6323 1091443 -1
37
1 9780 -1 0
1 9780 1045583 -1
3 3665 -1 0
3 3665 1092581 -1
3 10132 6364432 404128
3 10132 1078313 -1
3 9228 6956059 995755
3 9228 1117781 -1
5 2188 9428317 157200
5 2188 1499110 -1
38
1 9780 -1 0
1 9780 514758 -1
3 3665 -1 0
3 3665 1200275 -1
3 10132 -1 0
3 10132 400084 -1
3 9228 -1 0
3 9228 519048 -1
5 2188 -1 0
5 2188 812130 -1
39
1 9780 -1 0
1 9780 521366 -1
3 3665 -1 0
3 3665 843673 -1
3 10132 -1 0
3 10132 381858 -1
3 9228 -1 0
3 9228 1495591 -1
4 3742 7342460 557798
4 3742 565768 -1
5 2188 -1 0
5 2188 999294 -1
40
3 10132 -1 0
3 10132 595505 -1
3 9228 -1 0
3 9228 773471 -1
4 3742 -1 0
4 3742 750447 -1
5 2188 -1 0
5 2188 128312 -1
41
1 11741 712027 712027
1 11741 1782971 -1
4 3742 -1 0
4 3742 1242879 -1
42
1 11741 -1 0
1 11741 2474903 -1
4 3742 -1 0
4 3742 493400 -1
43
1 11741 -1 0
1 11741 521505 -1
3 4090 6051188 802531
3 4090 4261823 -1
44
1 11741 -1 0
1 11741 741518 -1
4 4090 -1 0
4 4090 815006 -1
45
4 11955 6236976 279743
4 11955 765947 -1
4 4090 -1 0
4 4090 1425503 -1
46
4 11955 -1 0
4 11955 1803648 -1
4 4090 -1 0
4 4090 1881128 -1
47
4 11955 -1 0
4 11955 1255765 -1
5 1484 10961780 586436
5 1484 1270026 -1
48
4 11955 -1 0
4 11955 1196757 -1
5 1484 -1 0
5 1484 1486702 -1
49
5 1484 -1 0
5 1484 649630 -1
5 6951 10390585 1087688
5 6951 181411 -1
6 12288 13022557 1322701
6 12288 658678 -1
50
2 4150 3791512 1584030
2 4150 520974 -1
5 1484 -1 0
5 1484 2199824 -1
5 6951 -1 0
5 6951 2092961 -1
6 12288 -1 0
6 12288 1369432 -1
51
2 4150 -1 0
2 4150 51741 -1
5 6951 -1 0
5 6951 783857 -1
6 12288 -1 0
6 12288 660813 -1
52
2 4150 -1 0
2 4150 692402 -1
5 6951 -1 0
5 6951 835361 -1
6 12288 -1 0
6 12288 31828 -1
53
2 4150 -1 0
2 4150 3144291 -1
54
3 582 5201917 529903
3 582 903458 -1
55
3 582 -1 0
3 582 635272 -1
5 4033 9920634 1081925
5 4033 889692 -1
56
4 582 -1 0
4 582 722108 -1
5 4033 -1 0
5 4033 2568436 -1
57
2 4667 3973870 1325121
2 4667 902588 -1
3 582 -1 0
3 582 1468988 -1
3 5259 6258907 691896
3 5259 1496770 -1
5 4033 -1 0
5 4033 110616 -1
58
2 4667 -1 0
2 4667 2227054 -1
3 5259 -1 0
3 5259 2039406 -1
5 4033 -1 0
5 4033 1050045 -1
59
2 4667 -1 0
2 4667 5088 -1
3 5259 -1 0
3 5259 365520 -1
60
2 4667 -1 0
2 4667 1996826 -1
3 5259 -1 0
3 5259 800588 -1
61
1 475 775290 775290
1 475 775302 -1
62
1 475 -1 0
1 475 1332953 -1
63
1 475 -1 0
1 475 229090 -1
2 12160 2747941 495025
2 12160 689936 -1
6 5002 9506226 14975
6 5002 455681 -1
64
1 475 -1 0
1 475 708689 -1
2 12160 -1 0
2 12160 2906581 -1
6 7456 11861575 1279109
6 7456 2424983 -1
6 5002 -1 0
6 5002 684134 -1
65
2 12160 -1 0
2 12160 2217308 -1
3 9252 6058839 1929468
3 9252 615985 -1
3 9965 4329682 162152
3 9965 167797 -1
6 7456 -1 0
6 7456 197752 -1
6 5002 -1 0
6 5002 256329 -1
66
2 12160 -1 0
2 12160 2235719 -1
3 9252 -1 0
3 9252 332565 -1
3 9965 -1 0
3 9965 592301 -1
6 7456 -1 0
6 7456 130681 -1
6 5002 -1 0
6 5002 35396 -1
67
3 9252 -1 0
3 9252 1534312 -1
3 9965 -1 0
3 9965 978421 -1
6 7456 -1 0
6 7456 1669351 -1
6 2347 13877635 410289
6 2347 2434382 -1
68
2 1776 5077074 1545042
2 1776 2677315 -1
3 4348 6449654 678089
3 4348 2693814 -1
3 9252 -1 0
3 9252 2236152 -1
3 9965 -1 0
3 9965 1299528 -1
6 2347 -1 0
6 2347 1283086 -1
69
2 1776 -1 0
2 1776 252920 -1
3 4348 -1 0
3 4348 484060 -1
5 1127 10596885 1325301
5 1127 247441 -1
6 2347 -1 0
6 2347 859992 -1
70
2 1776 -1 0
2 1776 450952 -1
3 4348 -1 0
3 4348 2472087 -1
6 1127 -1 0
6 1127 937180 -1
6 2347 -1 0
6 2347 1963830 -1
71
2 1776 -1 0
2 1776 1146965 -1
3 4348 -1 0
3 4348 1132681 -1
3 1970 5328781 1134493
3 1970 455068 -1
6 1127 -1 0
6 1127 936497 -1
72
3 1970 -1 0
3 1970 1137040 -1
6 1127 -1 0
6 1127 699604 -1
73
3 1970 -1 0
3 1970 1588466 -1
74
2 1778 4277899 1743445
2 1778 808105 -1
3 5264 5883406 809829
3 5264 267166 -1
3 8307 5242575 165279
3 8307 178234 -1
3 1970 -1 0
3 1970 1558101 -1
75
2 1778 -1 0
2 1778 653395 -1
3 5264 -1 0
3 5264 170737 -1
3 8307 -1 0
3 8307 164297 -1
76
2 1778 -1 0
2 1778 1821386 -1
3 5264 -1 0
3 5264 117983 -1
3 8307 -1 0
3 8307 167856 -1
77
2 1778 -1 0
2 1778 958360 -1
3 5264 -1 0
3 5264 821331 -1
3 8307 -1 0
3 8307 123126 -1
78
4 6828 7484482 197154
4 6828 1931098 -1
4 9136 7957757 737009
4 9136 6610088 -1
79
4 6828 -1 0
4 6828 945921 -1
4 9136 -1 0
4 9136 1532008 -1
80
2 6069 4158687 1508383
2 6069 1527538 -1
3 8478 5235947 127247
3 8478 801498 -1
4 2493 8596441 1090873
4 2493 132933 -1
4 6828 -1 0
4 6828 1065245 -1
6 9136 -1 0
6 9136 949750 -1
81
2 6069 -1 0
2 6069 1947383 -1
3 8478 -1 0
3 8478 107854 -1
4 2493 -1 0
4 2493 1058129 -1
4 6828 -1 0
4 6828 177599 -1
4 9136 -1 0
4 9136 807929 -1
82
1 8478 -1 0
1 8478 1495831 -1
2 6069 -1 0
2 6069 2533947 -1
4 2493 -1 0
4 2493 602192 -1
83
1 8478 -1 0
1 8478 1113716 -1
2 6069 -1 0
2 6069 546974 -1
4 2493 -1 0
4 2493 332718 -1
5 12259 8586760 198184
5 12259 655334 -1
6 8703 11206854 828478
6 8703 207986 -1
84
5 12259 -1 0
5 12259 331138 -1
6 8703 -1 0
6 8703 377410 -1
85
5 12259 -1 0
5 12259 1917357 -1
5 7795 11685901 1310557
5 7795 999921 -1
6 8703 -1 0
6 8703 1297724 -1
86
5 12259 -1 0
5 12259 178875 -1
5 7795 -1 0
5 7795 369233 -1
6 8703 -1 0
6 8703 813380 -1
87
1 3250 1043431 1043431
1 3250 1952138 -1
1 3254 1043431 1043431
1 3254 526729 -1
3 4433 4648899 675363
3 4433 798294 -1
5 7795 -1 0
5 7795 1262089 -1
88
1 3250 -1 0
1 3250 1102429 -1
1 3254 -1 0
1 3254 1061327 -1
3 3829 4533011 338723
3 3829 936229 -1
3 4433 -1 0
3 4433 1814783 -1
5 7795 -1 0
5 7795 590682 -1
89
1 3250 -1 0
1 3250 1383841 -1
1 3254 -1 0
1 3254 1383786 -1
2 4293 3441006 1196194
2 4293 1608252 -1
3 3829 -1 0
3 3829 1858648 -1
3 4433 -1 0
3 4433 793629 -1
90
1 3250 -1 0
1 3250 1237736 -1
1 3254 -1 0
1 3254 1237924 -1
2 4293 -1 0
2 4293 771385 -1
3 3829 -1 0
3 3829 525432 -1
3 4433 -1 0
3 4433 525627 -1
4 806 7401938 642771
4 806 132899 -1
91
2 4293 -1 0
2 4293 2702382 -1
2 6231 4645792 1401454
2 6231 1271249 -1
3 3829 -1 0
3 3829 502368 -1
4 806 -1 0
4 806 745785 -1
92
1 8723 779457 779457
1 8723 778115 -1
2 4293 -1 0
2 4293 1565618 -1
2 6231 -1 0
2 6231 842964 -1
4 5271 8570307 1921706
4 5271 1512171 -1
4 806 -1 0
4 806 1229765 -1
93
2 8723 -1 0
2 8723 973207 -1
2 6231 -1 0
2 6231 1943535 -1
4 5271 -1 0
4 5271 481784 -1
4 806 -1 0
4 806 643071 -1
4 5979 7373182 313201
4 5979 2050356 -1
5 7243 10117575 1508247
5 7243 597191 -1
94
2 8723 -1 0
2 8723 2750883 -1
2 6231 -1 0
2 6231 964682 -1
3 2721 6208281 529055
3 2721 2872409 -1
4 5271 -1 0
4 5271 699988 -1
4 5979 -1 0
4 5979 2073158 -1
5 7243 -1 0
5 7243 1240997 -1
95
2 8723 -1 0
2 8723 944497 -1
3 2721 -1 0
3 2721 1955404 -1
4 5271 -1 0
4 5271 1963138 -1
4 5979 -1 0
4 5979 1788853 -1
5 7243 -1 0
5 7243 533954 -1
96
3 1389 5658558 329320
3 1389 2582621 -1
3 2721 -1 0
3 2721 1269548 -1
4 5979 -1 0
4 5979 1009622 -1
5 7243 -1 0
5 7243 830228 -1
97
3 1389 -1 0
3 1389 344920 -1
3 2721 -1 0
3 2721 968589 -1
98
3 1389 -1 0
3 1389 344809 -1
99
3 1389 -1 0
3 1389 984906 -1
102
6 2399 12365234 223874
6 2399 1779892 -1
103
6 2399 -1 0
6 2399 886581 -1
104
5 11186 12190872 1594776
5 11186 457385 -1
6 2399 -1 0
6 2399 21335 -1
105
5 11186 -1 0
5 11186 233872 -1
6 2399 -1 0
6 2399 1327052 -1
106
5 11186 -1 0
5 11186 716327 -1
107
5 11186 -1 0
5 11186 34913 -1
108
3 1875 5472755 316971
3 1875 1685805 -1
109
3 1875 -1 0
3 1875 1168498 -1
110
3 1875 -1 0
3 1875 206675 -1
111
3 1875 -1 0
3 1875 314579 -1
117
6 9883 14472143 1234001
6 9883 2770360 -1
6 9887 13613540 333989
6 9887 2859697 -1
118
6 9883 -1 0
6 9883 162305 -1
6 9887 -1 0
6 9887 1276019 -1
119
6 9883 -1 0
6 9883 177762 -1
6 9887 -1 0
6 9887 214397 -1
120
3 11813 6296610 557058
3 11813 1829312 -1
6 9883 -1 0
6 9883 736979 -1
6 9887 -1 0
6 9887 847117 -1
121
3 11813 -1 0
3 11813 2455969 -1
6 3978 14026060 138871
6 3978 2615007 -1
122
2 10682 3494642 904386
2 10682 851708 -1
3 11813 -1 0
3 11813 304338 -1
6 3978 -1 0
6 3978 741281 -1
123
2 10682 -1 0
2 10682 1373394 -1
3 11813 -1 0
3 11813 586322 -1
6 3978 -1 0
6 3978 150662 -1
124
2 10682 -1 0
2 10682 607089 -1
6 3978 -1 0
6 3978 1716499 -1
125
2 10682 -1 0
2 10682 2714411 -1
3 8825 7718009 1095449
3 8825 811229 -1
126
3 8825 -1 0
3 8825 317388 -1
127
3 8825 -1 0
3 8825 2401602 -1
4 7205 9860290 1026381
4 7205 1218852 -1
128
3 8825 -1 0
3 8825 1464115 -1
4 13 11549415 1684452
4 13 2513499 -1
4 7205 -1 0
4 7205 340969 -1
129
4 13 -1 0
4 13 899605 -1
4 7205 -1 0
4 7205 370840 -1
130
4 13 -1 0
4 13 536016 -1
4 7205 -1 0
4 7205 325845 -1
131
4 13 -1 0
4 13 769763 -1
