16 7728 5453944 4 1262061 -0.0723 -0.39428 24262 22802.7 120
16 10395 6839349 5 1981901 -0.17789 -0.62663 84495 37780.7 68
16 4071 5774174 5 701102 0.52434 0.33656 122048 51853.8 70
17 10208 2534347 3 101015 0.15409 -0.25785 89626.7 72340.4 206
17 7728 -1 4 0 -0.0749 -0.3936 24786.1 24788.7 -1
17 10395 -1 5 0 -0.1798 -0.6265 85683.8 39822.7 -1
17 4071 -1 5 0 0.5257 0.3354 122707 53016.3 -1
18 1587 487738 1 699176 0.15182 -0.16345 124847 74684 90
18 8845 1613053 2 490947 -0.0417 0.04095 31763.2 70363.7 304
18 10208 -1 3 0 0.1514 -0.2607 90055 71213.6 -1
18 7728 -1 4 0 -0.0758 -0.3945 25294.1 23943.7 -1
18 10395 -1 5 0 -0.1808 -0.6283 86988.5 39795 -1
18 4071 -1 5 0 0.5281 0.3324 122426 50546.8 -1
19 1587 -1 2 0 0.1533 -0.162 6060.3 76243.8 -1
19 8845 -1 2 0 -0.0415 0.0412 33567.6 71858.2 -1
19 10208 -1 3 0 0.1515 -0.2612 91870.7 71930.3 -1
19 7728 -1 4 0 -0.0746 -0.3926 27003.3 24991.8 -1
19 3310 4101157 4 326687 0.64704 -0.13352 58681.2 78905.3 48
19 10395 -1 5 0 -0.1806 -0.6268 88749.8 40582.4 -1
19 4071 -1 5 0 0.525 0.3392 123544 50686.6 -1
20 3858 45334 1 51491 0.23941 0.45229 56399.8 55083.5 106
20 1587 -1 2 0 0.1532 -0.162 5735.7 77088.6 -1
20 8845 -1 2 0 -0.0416 0.0412 33783.1 72133 -1
20 10208 -1 3 0 0.1533 -0.2606 90957.5 73200.5 -1
20 3310 -1 4 0 0.6479 -0.1322 57319 79544.7 -1
20 3063 6535733 6 831871 1.5685 0.72934 63261.4 15017.7 48
21 1587 -1 1 0 0.1529 -0.1632 124310 76157.8 -1
21 3858 -1 1 0 0.2415 0.4515 54717.4 54069 -1
21 8845 -1 2 0 -0.0415 0.0414 31797.3 70468.9 -1
21 2394 1786151 2 245788 -0.11376 -0.05419 14132.2 45138.6 196
21 3310 -1 4 0 0.6462 -0.132 54682 78831.8 -1
21 3063 -1 6 0 1.5704 0.726 60242.1 13488.2 -1
22 3858 -1 1 0 0.2413 0.4521 53672.2 53320.2 -1
22 2394 -1 2 0 -0.1133 -0.0548 13806 46356.9 -1
22 3310 -1 4 0 0.6472 -0.1307 52106.4 80021.5 -1
22 9487 4802081 5 165094 -0.07556 -0.03656 121144 18145.1 112
22 3063 -1 6 0 1.5687 0.7339 55258.9 12574 -1
23 3858 -1 1 0 0.2388 0.4533 52329.2 51480.3 -1
23 2394 -1 2 0 -0.1125 -0.0559 13760.2 44645.3 -1
23 6983 3691057 3 330158 0.82111 -0.2617 88691.1 86249.7 68
23 6295 4102527 4 307788 0.2717 0.15871 28552.7 81776.1 60
23 9487 -1 5 0 -0.0754 -0.0369 120362 16451.1 -1
23 8023 4648213 5 12661 -0.1421 -0.12012 79531.1 43063.2 136
23 3063 -1 6 0 1.5619 0.734 51926.5 11089.9 -1
24 3196 1121550 2 19985 0.0411 -0.27585 92119.8 47745.6 72
24 2394 -1 2 0 -0.1138 -0.0535 16862.7 48691.1 -1
24 10544 2625097 3 195512 -0.12664 -0.60307 94447 27015 40
24 6295 -1 4 0 0.273 0.1575 31823.7 83179.1 -1
24 10478 4804737 5 383534 0.06114 -0.80312 49793.8 21109.8 66
24 6983 -1 5 0 0.5028 -0.1782 89882.2 11799.1 -1
24 8023 -1 5 0 -0.1436 -0.1186 84980.6 46973.7 -1
24 9487 -1 6 0 -0.0758 -0.0363 4898.4 19665.8 -1
25 3196 -1 2 0 0.0412 -0.2757 90234.4 45316.1 -1
25 623 1414811 2 86957 0.14128 0.15349 23968 71851.2 64
25 10544 -1 3 0 -0.1259 -0.603 93087.9 25292.9 -1
25 6738 3377352 3 1146235 0.17877 0.75893 116972 58792.5 134
25 6295 -1 4 0 0.2737 0.1565 30401.2 81000 -1
25 10478 -1 5 0 0.0614 -0.8027 48447.4 19545.9 -1
25 9487 -1 5 0 -0.0759 -0.036 124075 17410.6 -1
25 6983 -1 5 0 0.5027 -0.1784 88157.4 9698.5 -1
25 8023 -1 5 0 -0.1436 -0.1184 83799.8 44816.7 -1
26 4196 35339 1 46111 -0.11072 -0.26607 97791.7 54439.1 76
26 3196 -1 2 0 0.0423 -0.2751 89167.1 48015.9 -1
26 623 -1 2 0 0.1409 0.1536 22554.4 73161.7 -1
26 10544 -1 3 0 -0.1257 -0.602 92225.3 28179.5 -1
26 5488 2689244 3 268089 -0.12159 -0.31726 82527.7 56231.2 90
26 6738 -1 3 0 0.1768 0.7584 115263 58138.8 -1
26 1124 4030950 4 681907 0.50654 0.29352 43136.9 53886.7 126
26 6295 -1 4 0 0.2727 0.1582 28883 82155 -1
26 10478 -1 5 0 0.0629 -0.8017 46791.7 23120.8 -1
26 6983 -1 5 0 0.5019 -0.1761 85339.1 11609.5 -1
26 8023 -1 5 0 -0.1433 -0.1184 82620.2 46537.8 -1
27 4196 -1 1 0 -0.1101 -0.2663 96886.7 50647.5 -1
27 3196 -1 2 0 0.0429 -0.275 89287.3 44301.5 -1
27 623 -1 2 0 0.1402 0.1543 22512.6 68841.8 -1
27 10544 -1 3 0 -0.1221 -0.6031 91245.7 25320.8 -1
27 5488 -1 3 0 -0.1206 -0.3176 81456.9 53089.4 -1
27 6738 -1 3 0 0.1744 0.7622 113930 54208.5 -1
27 1124 -1 4 0 0.5058 0.2937 40865.5 50106.9 -1
27 3852 3542785 4 12015 0.1721 0.44907 54631.1 44713.6 76
27 10478 -1 5 0 0.0636 -0.8032 45979.9 20612 -1
27 5130 5932155 6 189784 0.68533 0.10356 27459.1 21595.8 26
28 4196 -1 1 0 -0.1121 -0.2659 98547.3 54543.9 -1
28 623 -1 2 0 0.1412 0.1532 22242.2 71394.5 -1
28 5488 -1 3 0 -0.1215 -0.3186 83162.7 59315.2 -1
28 6738 -1 3 0 0.179 0.7637 114734 56956.7 -1
28 1124 -1 4 0 0.5092 0.2881 40926.2 53994 -1
28 3852 -1 4 0 0.1761 0.4476 55675 47998.8 -1
28 5130 -1 6 0 0.6861 0.1002 28458.6 19765.7 -1
29 4196 -1 1 0 -0.1112 -0.2659 99065.4 52760 -1
29 5488 -1 3 0 -0.121 -0.3178 83292.9 56966.4 -1
29 1124 -1 4 0 0.5101 0.289 40921.6 51345 -1
29 3852 -1 4 0 0.1767 0.4481 55944 45196.7 -1
29 11033 5058312 5 421428 -0.23164 0.27661 76584.3 34665.7 100
29 5130 -1 6 0 0.6865 0.102 17660.2 16555.1 -1
30 3852 -1 4 0 0.1724 0.4499 55349.6 45602.9 -1
30 11033 -1 5 0 -0.2328 0.2755 76546.3 39752.5 -1
30 5130 -1 6 0 0.6835 0.1012 25390.5 22877.8 -1
31 1115 903305 1 905228 0.39749 0.11057 111378 41397.6 110
31 11033 -1 5 0 -0.2328 0.2752 76169 37800.4 -1
32 1115 -1 1 0 0.3981 0.1082 110887 43461.5 -1
32 9955 3079212 3 656323 -0.11512 0.07679 115223 36559 218
32 5210 4171823 4 415173 0.0224 0.19334 18303.1 27905.6 114
32 11033 -1 5 0 -0.2305 0.2782 78048.7 39429 -1
33 1115 -1 1 0 0.3968 0.1101 107324 41676.4 -1
33 9955 -1 3 0 -0.1153 0.0766 113416 34379.8 -1
33 5210 -1 4 0 0.0209 0.1935 17686.8 24515.3 -1
33 1966 6154589 6 190769 -0.01635 0.15397 29794.9 22035.2 136
33 6328 6118390 6 154340 0.4974 -0.0433 64999.8 11243.5 76
34 3492 85418 1 259724 -0.041 -0.05098 63989.3 67043.8 260
34 1115 -1 1 0 0.3952 0.1172 108249 44012.3 -1
34 9955 -1 3 0 -0.1158 0.0756 115292 35196.1 -1
34 5210 -1 4 0 0.0193 0.1943 19745.2 26170.8 -1
34 10781 5075353 5 219677 0.0226 0.09042 72323.4 39098.3 176
34 1966 -1 6 0 -0.0167 0.1538 33386.7 24829.9 -1
34 6328 -1 6 0 0.498 -0.0407 67185.8 14763.6 -1
35 3492 -1 1 0 -0.0413 -0.0507 60483.1 64502.8 -1
35 9955 -1 3 0 -0.1154 0.0764 113797 33426.3 -1
35 5210 -1 4 0 0.0203 0.1941 17266.9 24878.4 -1
35 7378 3596580 4 77632 -0.19033 -0.38435 59353.1 70187.3 126
35 10781 -1 5 0 0.0226 0.0904 70632.9 37475.1 -1
35 8322 5058294 5 639683 -0.02121 -0.93067 117435 34726.7 26
35 1966 -1 6 0 -0.0168 0.1537 30615.8 22962.7 -1
35 6328 -1 6 0 0.4977 -0.0416 63981.5 13033.6 -1
36 3492 -1 1 0 -0.0414 -0.0504 63155.3 66925.7 -1
36 7378 -1 4 0 -0.1945 -0.3821 61020 72021 -1
36 10781 -1 5 0 0.0226 0.0901 70962.8 38584.6 -1
36 8322 -1 5 0 -0.0231 -0.9302 117877 38292.2 -1
36 1966 -1 6 0 -0.0168 0.1538 31703.8 23655.6 -1
36 6328 -1 6 0 0.4983 -0.0397 63807.9 14229 -1
37 3492 -1 1 0 -0.0413 -0.0509 61772.4 65225.2 -1
37 7378 -1 4 0 -0.189 -0.3861 59235.7 71437 -1
37 10781 -1 5 0 0.0225 0.0902 68919.8 37338.8 -1
37 8322 -1 5 0 -0.0214 -0.9304 115843 37924 -1
37 450 5520629 6 1833 -0.19691 -0.21871 41440.6 36373.8 84
38 7224 2770830 3 368741 0.20409 -0.15034 75690 9570.6 156
38 7378 -1 4 0 -0.1904 -0.384 60772.2 74478.9 -1
38 8322 -1 5 0 -0.0191 -0.9266 116973 39167.8 -1
38 450 -1 6 0 -0.1968 -0.2187 42028.4 37428 -1
39 7224 -1 3 0 0.2037 -0.1505 78082.3 8832.8 -1
39 2069 2428407 3 143 -0.07391 -0.15193 60911.9 38008.2 138
39 450 -1 6 0 -0.1978 -0.2191 46861.7 38358.7 -1
40 3284 1568660 2 249523 -0.14087 -0.10763 80518.7 50787.6 208
40 3815 1811851 2 513310 0.28944 0.19722 21662 71778.7 52
40 7224 -1 3 0 0.2032 -0.152 76823.6 9501.2 -1
40 2069 -1 3 0 -0.0742 -0.1516 60682.6 38739.4 -1
40 450 -1 6 0 -0.1978 -0.2195 45552.5 38676.3 -1
41 3284 -1 2 0 -0.1423 -0.1058 79503 51723.5 -1
41 3815 -1 2 0 0.2922 0.194 20561.8 73217.7 -1
41 7224 -1 3 0 0.2021 -0.1528 75999.2 10268.5 -1
41 2069 -1 3 0 -0.0755 -0.1511 60303.8 39631.9 -1
42 3284 -1 2 0 -0.1411 -0.1066 81146.7 51657.5 -1
42 3815 -1 2 0 0.2902 0.1957 21060.6 72019.1 -1
42 2069 -1 3 0 -0.075 -0.1515 62257.4 41360.9 -1
43 3284 -1 2 0 -0.1421 -0.1061 82791.7 51652.3 -1
43 3815 -1 2 0 0.2919 0.1937 22447.3 72120.1 -1
44 9343 2329508 2 793464 0.04659 -0.11069 25581.2 84334.8 266
44 10856 6895457 6 25200 0.01556 0.22365 34681.1 46518.7 124
45 9343 -1 2 0 0.0459 -0.111 24286.9 83187.1 -1
45 10856 -1 6 0 0.016 0.2237 35276.9 44739.5 -1
46 9343 -1 4 0 0.0467 -0.1109 28979.5 7818.3 -1
46 9589 5121027 4 470566 0.34857 -0.5847 52586.3 54451.2 44
46 10856 -1 6 0 0.0186 0.224 38706.5 48452.7 -1
46 8782 7843427 6 140219 -0.1975 0.08245 45529.4 10757.7 148
47 8782 -1 4 0 -0.2003 0.0765 41808.8 84238.7 -1
47 9343 -1 4 0 0.0484 -0.1101 26458.8 5480.4 -1
47 9589 -1 4 0 0.357 -0.5798 49168.8 52817.6 -1
47 10856 -1 6 0 0.0149 0.2237 34346.9 44258.2 -1
48 2899 1583796 2 265795 -0.04057 0.14433 60367.5 52288.1 178
48 9589 -1 4 0 0.3543 -0.582 48965.7 54385.9 -1
48 5414 5218786 5 137296 0.12963 0.37079 89311.5 13662.5 88
48 8782 -1 6 0 -0.199 0.0805 43366.1 9512 -1
49 2899 -1 2 0 -0.0403 0.1445 58731.1 50096.3 -1
49 8782 -1 4 0 -0.1996 0.0791 40496.9 84440.9 -1
49 9589 -1 4 0 0.3494 -0.5828 46631.1 53887.9 -1
49 5414 -1 5 0 0.1285 0.3711 87114.8 11583.8 -1
49 11357 5508006 5 639297 0.17647 -0.24087 80636.9 34081.6 106
50 2899 -1 2 0 -0.0408 0.1446 64366.1 51803.7 -1
50 5414 -1 5 0 0.1292 0.3703 93311.1 11828.6 -1
50 11357 -1 5 0 0.1754 -0.242 86762.5 36359.8 -1
51 2899 -1 2 0 -0.0399 0.1443 63939.3 49812.2 -1
51 1751 2664777 3 20010 0.1732 -0.21615 64468.6 41804.2 26
51 5414 -1 5 0 0.1297 0.3705 92884.4 9882.6 -1
51 11357 -1 5 0 0.1762 -0.2414 86286.8 34918.6 -1
51 4089 5330740 5 662324 0.06158 0.18681 61889.2 48414.6 102
52 11369 1641177 2 458987 0.12204 0.48637 82651.5 75118.6 40
52 1751 -1 3 0 0.1733 -0.2159 62230.4 44970.6 -1
52 11357 -1 5 0 0.1748 -0.2424 83472.6 38125.1 -1
52 4089 -1 5 0 0.0616 0.1868 59409 50483.7 -1
53 11369 -1 2 0 0.1194 0.4877 82523.9 73117.6 -1
53 1751 -1 3 0 0.1737 -0.2157 61489.2 43169 -1
53 4089 -1 5 0 0.0608 0.1869 57432 48663.5 -1
54 11369 -1 2 0 0.1175 0.4857 79340.4 71153.8 -1
54 3542 2977272 3 508369 -0.1687 0.03925 51312 67870.4 130
54 3679 3016056 3 361663 -0.02819 0.06455 120911 12266.7 190
54 1751 -1 3 0 0.1749 -0.2153 57686.5 42904.4 -1
54 9693 4256532 4 509486 0.56808 0.04063 74221.8 76610.8 128
54 4089 -1 5 0 0.0613 0.1872 54923.8 47553.6 -1
55 11369 -1 2 0 0.1186 0.4847 80254.1 72272.1 -1
55 3542 -1 3 0 -0.1683 0.0405 53204.9 68282.9 -1
55 3679 -1 3 0 -0.0277 0.0647 122212 12149.8 -1
55 9693 -1 4 0 0.5685 0.0336 74626.4 76557.6 -1
56 3542 -1 3 0 -0.1685 0.0398 51388.7 67865.9 -1
56 3679 -1 3 0 -0.028 0.0646 120259 11904.7 -1
56 9693 -1 4 0 0.5684 0.0349 70454.5 76805.1 -1
56 2115 5005779 5 390443 0.44285 0.04499 122654 25249.6 44
56 4606 6180240 6 219903 0.12896 0.36835 74468.2 37664.6 86
57 3542 -1 3 0 -0.1683 0.0406 54987.8 69754.2 -1
57 3679 -1 3 0 -0.0278 0.0646 123530 13547.5 -1
57 9693 -1 4 0 0.5696 0.0328 73590.3 78170.5 -1
57 2115 -1 6 0 0.4431 0.0442 5014.6 26976.1 -1
57 4606 -1 6 0 0.13 0.3681 76910.7 38948.3 -1
58 1936 2813249 3 132878 0.07029 0.15065 69704.4 12388.9 182
58 2274 4051363 4 94907 0.41037 0.3366 75536.5 75921.8 34
58 2115 -1 6 0 0.4433 0.0461 9028.1 27138 -1
58 4606 -1 6 0 0.1297 0.369 81902.4 38274.1 -1
59 5851 65357 1 254447 0.28798 -0.13377 79284.2 65721 64
59 1936 -1 3 0 0.0705 0.1505 66728.6 9794.8 -1
59 2274 -1 4 0 0.4112 0.3353 72465.1 72766.7 -1
59 2115 -1 6 0 0.443 0.0463 5550.4 24424.5 -1
59 4606 -1 6 0 0.1307 0.3682 78713.7 35146.4 -1
60 5851 -1 1 0 0.287 -0.1362 78776.7 69387.3 -1
60 1936 -1 3 0 0.0725 0.1497 67146.3 12800.7 -1
60 2274 -1 4 0 0.41 0.3364 71416.9 76621.3 -1
60 9177 5197211 5 112922 0.2225 -0.0993 92339.5 10931 126
61 5851 -1 1 0 0.2867 -0.1362 76535.7 66845.3 -1
61 1936 -1 3 0 0.0705 0.1505 64200.5 10431.3 -1
61 2274 -1 4 0 0.4083 0.3389 68856.5 73756.9 -1
61 4026 3920258 4 159083 0.2953 -0.31967 48632.6 12265.2 96
61 9177 -1 5 0 0.2228 -0.0985 87216.5 9100.2 -1
61 7277 5064315 5 420598 0.106 -0.26075 101198 35761 174
62 5851 -1 1 0 0.2881 -0.1347 74931.5 70318.2 -1
62 12037 1776983 2 454061 0.87929 -0.2262 13942.6 66883.4 52
62 4026 -1 4 0 0.2958 -0.3195 48413.7 16366.7 -1
62 6107 5510448 5 430533 -0.11337 -0.14291 123378 37677.1 160
62 7277 5512916 5 433727 0.07963 -0.36808 102655 39486.8 202
62 9177 -1 5 0 0.2221 -0.0988 88177.7 12138.1 -1
62 7277 -1 5 0 0.1054 -0.2608 102575 39282.5 -1
63 12037 -1 2 0 0.8846 -0.206 11176.9 60904.3 -1
63 9177 -1 3 0 0.2234 -0.0961 84391.6 85916.7 -1
63 4026 -1 4 0 0.3007 -0.3151 46891.4 11997.5 -1
63 6107 -1 5 0 -0.1114 -0.1447 120275 33499.1 -1
63 7277 -1 5 0 0.0845 -0.3672 99365.5 35218.4 -1
63 633 5056732 5 206103 0.03206 0.14026 86587.6 27435 94
63 7277 -1 5 0 0.1084 -0.2593 99269.4 34924.2 -1
64 12037 -1 2 0 0.877 -0.2237 10441.6 63015.2 -1
64 4026 -1 4 0 0.2942 -0.3209 48366.8 13730.2 -1
64 3933 4670257 5 43128 -0.07208 -0.18916 123042 51572.3 128
64 6107 -1 5 0 -0.1146 -0.1426 125424 34727.2 -1
64 7277 -1 5 0 0.0768 -0.3683 104086 37473.9 -1
64 633 -1 5 0 0.0348 0.1397 91278.5 28664.9 -1
64 7277 -1 5 0 0.1033 -0.2618 103924 36901.6 -1
65 12037 -1 2 0 0.8762 -0.2297 8926.2 64198.9 -1
65 7399 4426163 4 1114537 0.29651 -0.44208 68609 54399.5 168
65 3933 -1 5 0 -0.0703 -0.1899 119673 52591 -1
65 7277 -1 5 0 0.0801 -0.3673 100732 38466.3 -1
65 633 -1 5 0 0.0334 0.14 88057.7 29119.7 -1
65 9035 4664262 5 34268 0.00107 0.03655 71471.3 50237.7 292
65 6107 -1 6 0 -0.1127 -0.1437 3233.3 35727.6 -1
66 10210 4033455 4 265719 0.00571 0.02552 42999.9 53267 242
66 7399 -1 4 0 0.2972 -0.4417 69671.3 52965.8 -1
66 3933 -1 5 0 -0.07 -0.1903 123614 54219.4 -1
66 633 -1 5 0 0.0338 0.1395 91631.6 29689.8 -1
66 9035 -1 5 0 0.0011 0.0365 75175.1 51175.2 -1
67 10210 -1 4 0 0.0058 0.0255 42743.3 54267.3 -1
67 7399 -1 4 0 0.2951 -0.4429 69169.7 54255.9 -1
67 3933 -1 5 0 -0.071 -0.19 123477 55612.5 -1
67 9035 -1 5 0 0.0013 0.0365 74962.8 52571 -1
68 10210 -1 4 0 0.0058 0.0254 44605.4 54851.1 -1
68 212 3922796 4 304633 -0.04114 0.17479 23010.4 81382.7 124
68 7399 -1 4 0 0.296 -0.4421 70262.9 56109.5 -1
68 9035 -1 5 0 0.0011 0.0364 75379.3 52860.4 -1
69 7758 1841442 2 575875 -0.11211 -0.42181 58261.4 77617.8 76
69 9870 3305993 3 435874 0.01015 -0.18933 109617 39644.9 150
69 10210 -1 4 0 0.0055 0.0256 41616.6 53642.9 -1
69 212 -1 4 0 -0.0432 0.1743 19755 79811.5 -1
70 7758 -1 2 0 -0.1134 -0.422 55295.7 79226.7 -1
70 6357 3139962 3 491551 -0.01113 -0.10879 79039.2 53070.5 164
70 9870 -1 3 0 0.0089 -0.1897 105445 40908.5 -1
70 212 -1 4 0 -0.0415 0.1745 16844.6 81287.4 -1
70 2395 6593656 6 187586 0.19613 -0.31558 56501.8 23732 94
71 7758 -1 2 0 -0.1131 -0.422 57999.7 81059.7 -1
71 6357 -1 3 0 -0.0117 -0.1086 81945.2 53658.1 -1
71 10490 3415345 3 1073037 0.6347 0.35972 82198.4 11546.1 34
71 9870 -1 3 0 0.0078 -0.1893 108264 41425.2 -1
71 212 -1 4 0 -0.0406 0.1747 19292.6 82919.5 -1
71 2395 -1 6 0 0.196 -0.3155 59440.8 25804.5 -1
72 5775 1828069 2 534687 0.24548 -0.30924 68831.9 83415.3 78
72 7758 -1 2 0 -0.1134 -0.423 59985.2 80370.4 -1
72 6357 -1 3 0 -0.0108 -0.1087 83180.6 51024.4 -1
72 10490 -1 3 0 0.6305 0.3645 81600.7 7335.9 -1
72 9870 -1 3 0 0.0094 -0.1893 109525 39273.4 -1
72 6628 4347936 4 835367 -0.26212 -0.49985 67792.8 78837.9 178
72 7440 3775856 4 239715 -0.08744 -0.06803 22909.4 44030.4 124
72 2395 -1 6 0 0.1958 -0.3169 59953.1 23594.7 -1
73 6357 -1 3 0 -0.0112 -0.1087 84642.8 54279.5 -1
73 10490 -1 3 0 0.6304 0.3658 82411.5 10203.6 -1
73 5775 -1 4 0 0.2425 -0.3117 69775.9 6744 -1
73 6628 -1 4 0 -0.2647 -0.4986 69454.6 79645.3 -1
73 7440 -1 4 0 -0.0878 -0.0676 24230.5 44715.3 -1
73 2395 -1 6 0 0.1957 -0.3156 61985.2 27345.3 -1
74 10490 -1 3 0 0.6308 0.3647 76897.7 7070.1 -1
74 5775 -1 4 0 0.243 -0.3113 65810.4 6230.3 -1
74 6628 -1 4 0 -0.2639 -0.4982 66777.9 79750.5 -1
74 7440 -1 4 0 -0.0876 -0.0677 21077.1 43506.6 -1
75 5775 -1 2 0 0.2452 -0.31 65069.4 84061.4 -1
75 8950 3872532 3 789277 0.32354 -0.18444 125093 81884.8 128
75 6628 -1 4 0 -0.2609 -0.4991 66323.9 78237.7 -1
75 7440 -1 4 0 -0.0875 -0.0682 20677.1 41377 -1
76 9807 4678853 4 253199 -0.18469 -0.27017 56506.8 46811.7 80
76 8950 -1 4 0 0.3245 -0.1827 5734.6 84201.6 -1
77 9807 -1 4 0 -0.1837 -0.2705 55555.8 45785.9 -1
77 10728 5507086 4 213293 0.15491 0.14938 63881.4 34902.8 100
77 8950 -1 4 0 0.3248 -0.1823 4293.5 82970.3 -1
77 6364 6878204 5 671363 0.37843 -0.30016 50959 44787.9 78
78 7670 67945 1 79776 -0.10678 0.13059 82250 61833.2 94
78 8950 -1 3 0 0.3243 -0.1838 123549 84794.5 -1
78 9807 -1 4 0 -0.1851 -0.2705 55497.2 47586.1 -1
78 10728 -1 4 0 0.1552 0.149 62701.6 35290.1 -1
78 6364 -1 5 0 0.3781 -0.3006 49736.2 47145.6 -1
78 7446 5752288 6 14145 -0.00993 -0.35962 65614.6 45786.7 64
79 7670 -1 1 0 -0.1059 0.1313 84813.3 62440.9 -1
79 9807 -1 4 0 -0.1885 -0.2678 60301.8 48010.6 -1
79 10728 -1 4 0 0.1579 0.1464 67047.9 35275 -1
79 11647 3557880 4 249141 0.05956 -0.18305 34837.5 50539.5 172
79 1238 3739171 4 204671 -0.03513 -0.27226 20273.4 26483.7 106
79 833 3587325 4 58645 -0.05184 -0.02481 51543.2 61220 374
79 6364 -1 5 0 0.3762 -0.3047 53333.2 48698.2 -1
79 7446 -1 6 0 -0.0133 -0.3596 71200.9 46274.1 -1
80 7670 -1 1 0 -0.1078 0.1294 84464.2 59628.9 -1
80 10319 3030614 3 632037 0.02351 -0.13324 67039.4 27960.6 256
80 3521 3089169 3 440749 0.703 -0.80684 75462.8 39089.8 46
80 2488 3884875 4 104807 0.42572 -0.20634 68957.1 73158 80
80 10728 -1 4 0 0.1554 0.1493 64162.5 34504.5 -1
80 11647 -1 4 0 0.063 -0.1823 31910.7 50121.1 -1
80 1238 -1 4 0 -0.0303 -0.273 18021.5 26067.3 -1
80 833 -1 4 0 -0.0515 -0.0257 48754.7 60659.8 -1
80 6364 -1 5 0 0.3801 -0.3009 49052.1 47527.9 -1
80 4756 6124759 6 158212 0.09887 -0.59188 33078.6 15393.6 24
80 7446 -1 6 0 -0.0088 -0.3598 67050.9 46997.7 -1
81 7670 -1 1 0 -0.1067 0.1309 85169.7 62223 -1
81 10319 -1 3 0 0.0235 -0.1333 67394.3 28511.9 -1
81 3521 -1 3 0 0.702 -0.8074 75273.8 40189.5 -1
81 9038 2827672 3 182759 0.13754 0.29273 129376 23717.9 44
81 2488 -1 4 0 0.4264 -0.2043 68356.3 73075.3 -1
81 11647 -1 4 0 0.0637 -0.1819 31687.4 49861 -1
81 1238 -1 4 0 -0.0298 -0.2752 17959.4 25824.9 -1
81 833 -1 4 0 -0.0514 -0.0261 48587.4 60345.7 -1
81 4756 -1 6 0 0.0961 -0.5925 33335.9 17647.6 -1
81 7446 -1 6 0 -0.0102 -0.361 67545.8 48916.8 -1
82 10319 -1 3 0 0.024 -0.1334 66244.8 25781.1 -1
82 1214 4075670 3 2227941 -0.17966 -0.6515 101903 52754.8 94
82 3521 -1 3 0 0.7045 -0.8051 72574.6 38977.7 -1
82 2488 -1 4 0 0.4249 -0.2087 67276.3 73850.7 -1
82 11647 -1 4 0 0.0616 -0.1817 31288 50883.3 -1
82 1238 -1 4 0 -0.0317 -0.2726 17546.3 27170.3 -1
82 833 -1 4 0 -0.0517 -0.0255 48555.3 60844.6 -1
82 9038 -1 4 0 0.1378 0.2928 7984.9 23039 -1
82 4756 -1 6 0 0.0963 -0.5942 32913 17334.3 -1
83 10319 -1 3 0 0.0219 -0.1336 69066 30675.7 -1
83 1214 -1 3 0 -0.1892 -0.6486 105279 57540.3 -1
83 3521 -1 3 0 0.695 -0.8146 75038.9 44336.5 -1
83 2488 -1 4 0 0.4229 -0.2113 69616.3 74891.6 -1
83 9038 -1 4 0 0.1399 0.2918 10214.3 24074.2 -1
83 4756 -1 6 0 0.092 -0.5954 35593.8 18955.3 -1
84 9272 1615432 2 473932 0.02946 -0.28865 25830.9 66216.3 82
84 1214 -1 3 0 -0.1835 -0.6523 103229 58619 -1
84 9038 -1 4 0 0.1401 0.292 8331.9 22377.2 -1
85 9272 -1 2 0 0.0289 -0.2886 25112.5 64407.6 -1
85 1214 -1 3 0 -0.1828 -0.6502 103003 58132.2 -1
85 7580 5701401 5 203970 0.23385 -0.0021 57933.1 25973.7 204
86 9272 -1 2 0 0.029 -0.2895 26515 69722.9 -1
86 7580 -1 5 0 0.234 -0.0011 59553 29069.7 -1
87 9272 -1 2 0 0.0298 -0.2894 25143 66712.6 -1
87 9868 4817887 4 187254 -0.12314 0.1803 37145.5 16359.9 94
87 7580 -1 5 0 0.2338 -0.0004 57933.2 26874.2 -1
88 9868 -1 4 0 -0.1231 0.1804 37806.1 14468.4 -1
88 7580 -1 5 0 0.2341 -0.0055 58010.7 25049.5 -1
89 11034 806460 1 1255707 0.21544 -0.17729 92541.6 84639.9 130
89 9868 -1 4 0 -0.1227 0.1809 38935.1 15081.4 -1
90 11034 -1 3 0 0.2148 -0.1781 90465 6565.4 -1
90 9868 -1 4 0 -0.1247 0.1793 36323.6 15057.7 -1
91 4069 4457418 1 699231 0.92275 1.27669 56459.1 53379 45
91 11034 -1 3 0 0.2154 -0.1768 92918.3 7875.1 -1
92 11034 -1 1 0 0.2155 -0.1773 92086.1 84907.3 -1
92 10102 1793985 2 274661 -0.07562 0.33972 74527.1 51696.8 48
92 4069 -1 4 0 0.0913 0.5406 57123.3 48887 -1
93 10102 -1 2 0 -0.0746 0.3402 73285.5 53302.5 -1
93 4069 -1 4 0 0.0961 0.541 57051.1 50038.7 -1
94 10102 -1 2 0 -0.0753 0.3402 73410.7 50210 -1
94 8981 2492643 3 68962 0.01547 -0.36755 118084 65761.4 54
94 4069 -1 4 0 0.095 0.5411 56148.6 47494 -1
95 10102 -1 2 0 -0.0803 0.3403 75323.4 49054.9 -1
95 8981 -1 3 0 0.0176 -0.3674 118140 64455.7 -1
95 1853 3054467 3 619986 -0.1505 0.11008 112429 22729.5 180
96 8981 -1 3 0 0.0181 -0.3675 118068 69257 -1
96 1853 -1 3 0 -0.1506 0.11 112843 26217.5 -1
96 7448 4551572 4 1031048 0.29535 -0.47094 67099.3 22841 68
96 6975 5051428 5 192919 0.24658 -0.14235 102509 29242.5 62
96 9037 4869613 5 234852 0.14293 -0.01443 62304 43125.9 164
97 3974 72215 1 76334 0.05651 0.32196 49954.2 61546.1 48
97 8981 -1 3 0 0.0148 -0.368 117808 67334 -1
97 1853 -1 3 0 -0.1496 0.1111 112327 23966.9 -1
97 7448 -1 4 0 0.292 -0.4723 66472.4 20873.6 -1
97 6975 -1 5 0 0.2461 -0.1431 102754 31028.2 -1
97 9037 -1 5 0 0.1428 -0.015 62700 44928.3 -1
97 4059 5632724 5 1024360 0.13435 -0.52014 109757 22274.8 80
98 3974 -1 1 0 0.0555 0.322 51560.4 62047.4 -1
98 1853 -1 3 0 -0.1499 0.1098 114058 24554 -1
98 7448 -1 4 0 0.2943 -0.4709 67256.3 23827.4 -1
98 6975 -1 5 0 0.2469 -0.1416 103488 32963 -1
98 9037 -1 5 0 0.1429 -0.0147 63691.5 46340.1 -1
98 4059 -1 5 0 0.1366 -0.5203 110827 25313.4 -1
99 3974 -1 1 0 0.056 0.3217 48127.8 61489.2 -1
99 7448 -1 4 0 0.2893 -0.4737 64137.3 24143.6 -1
99 6975 -1 5 0 0.2459 -0.1431 100194 33184.3 -1
99 9037 -1 5 0 0.1426 -0.0151 60544.6 46637.1 -1
99 4059 -1 5 0 0.1346 -0.5209 107592 25820 -1
100 3974 -1 1 0 0.0542 0.3225 48299.2 57639.8 -1
100 2071 5293857 5 660173 0.47892 -0.05286 81732.1 41019.8 44
100 4059 -1 5 0 0.1354 -0.5177 107147 25437.4 -1
101 2071 -1 5 0 0.4788 -0.0562 85544.7 41619.7 -1
102 2071 -1 5 0 0.4783 -0.056 83227.9 41871.7 -1
103 2071 -1 5 0 0.4788 -0.0568 84204.7 43868 -1
103 9179 5695035 5 1231641 0.53735 -0.56305 60122.7 22230.7 60
104 6645 2372219 3 165943 0.05543 0.18991 113711 26111.7 94
104 9179 -1 5 0 0.54 -0.5608 57900.8 22657.3 -1
105 6645 -1 3 0 0.0567 0.1891 112593 22089.6 -1
105 1081 2720908 4 305478 -0.09326 0.21062 28018.7 65618.2 46
105 9179 -1 5 0 0.545 -0.5578 55877 19875.1 -1
106 1452 2785653 3 300586 0.0274 -0.06223 102979 85153.3 298
106 6645 -1 3 0 0.0566 0.1889 114526 25060.9 -1
106 6746 2673904 3 245837 -0.15278 0.11643 123115 50742.2 220
106 7408 4309361 4 511936 0.10839 -0.38285 19156.6 81446 34
106 1081 -1 4 0 -0.0936 0.2099 31003 69376.9 -1
106 9179 -1 5 0 0.5401 -0.5585 55881.5 24526.9 -1
107 1452 -1 3 0 0.0278 -0.062 99517.9 82486.3 -1
107 6645 -1 3 0 0.0554 0.1892 111388 22278.8 -1
107 6746 -1 3 0 -0.1534 0.1155 119997 48064 -1
107 10926 2800265 3 399852 0.33496 -0.18454 47685.7 23395.1 156
107 7408 -1 4 0 0.1139 -0.3812 14946.9 78570.6 -1
107 1081 -1 4 0 -0.0962 0.2088 27128.5 66187.2 -1
108 1452 -1 3 0 0.0271 -0.0621 101449 84638.3 -1
108 2210 3168235 3 744508 0.1325 0.47866 87219.7 70310.3 120
108 6746 -1 3 0 -0.1522 0.1173 122022 49548.8 -1
108 10926 -1 3 0 0.3331 -0.1883 48230.4 26398.4 -1
108 7408 -1 4 0 0.1071 -0.3833 16793 82815.3 -1
108 1081 -1 4 0 -0.0928 0.2102 29292.9 68665.1 -1
109 1452 -1 3 0 0.0268 -0.0625 99426.8 82561.4 -1
109 2210 -1 3 0 0.1355 0.4774 85020.6 67871.1 -1
109 6746 -1 3 0 -0.1516 0.1186 119927 47193.4 -1
109 10926 -1 3 0 0.3319 -0.1907 45596.7 24758.2 -1
109 7408 -1 4 0 0.1104 -0.3812 15529.8 77998.5 -1
110 7890 1403084 2 69811 0.17337 -0.24488 61883.8 64716.4 130
110 2210 -1 3 0 0.1318 0.4794 87822.7 66630 -1
110 6590 2855720 3 209285 0.26345 0.07351 100111 33103.9 52
110 10926 -1 3 0 0.3334 -0.1876 48135.3 25163.7 -1
111 4770 496171 1 539700 0.30288 -0.0254 50690.3 78343.7 80
111 7890 -1 2 0 0.1758 -0.2429 60669.5 63916.9 -1
111 2210 -1 3 0 0.134 0.4788 85500.6 64526.2 -1
111 6590 -1 3 0 0.2638 0.0724 97543.1 31299.8 -1
111 10512 2681943 3 257223 0.17691 -0.28005 57270 50558.8 84
112 4770 -1 1 0 0.3031 -0.0257 47824.2 77614.2 -1
112 7890 -1 2 0 0.18 -0.2427 58076.3 63954.8 -1
112 6590 -1 3 0 0.2627 0.0774 95098.5 32670.5 -1
112 10512 -1 3 0 0.1827 -0.2755 54701 52239.4 -1
113 4770 -1 1 0 0.303 -0.0274 48536 79907.3 -1
113 7890 -1 2 0 0.1775 -0.2434 57919 66787.5 -1
113 6590 -1 3 0 0.2625 0.0751 96004.3 34909.6 -1
113 10512 -1 3 0 0.1797 -0.2781 55917.6 55213.1 -1
113 31 3799656 4 267448 0.14011 0.17953 10726.4 55367.1 100
113 11838 5975172 6 237159 -0.12622 -0.16541 37658.1 43414.9 130
114 4770 -1 1 0 0.3032 -0.024 50898.9 78497.1 -1
114 10512 -1 3 0 0.1787 -0.2781 57702.6 53749.6 -1
114 31 -1 4 0 0.1391 0.18 12695.6 51522.7 -1
114 11838 -1 6 0 -0.1266 -0.165 39392.4 44182.5 -1
115 31 -1 4 0 0.1401 0.1788 13396.5 51825.2 -1
115 11838 -1 6 0 -0.1275 -0.1648 40894.9 44621.3 -1
116 31 -1 4 0 0.1412 0.1774 13617.1 52931.4 -1
116 11838 -1 6 0 -0.1274 -0.165 43151.5 46371.3 -1
120 7229 4887140 5 32798 0.14993 -0.30857 55880.8 48179.9 38
121 8545 1402224 2 85422 0.33275 -0.2741 13066.8 63350.2 80
121 7229 -1 5 0 0.1485 -0.3093 59369.7 50122.9 -1
122 4470 60810 1 69628 0.03645 0.04951 87205.9 58609.6 194
122 8545 -1 2 0 0.3332 -0.2726 10999.7 63680.8 -1
122 3754 4879373 5 24482 -0.04651 -0.2156 109292 46570.6 88
122 7229 -1 5 0 0.1508 -0.3082 57396.8 49620.7 -1
122 8337 5244675 5 163061 -0.17067 0.25418 123423 18779 108
123 4470 -1 1 0 0.0368 0.0493 87992.8 58683.4 -1
123 8545 -1 2 0 0.3309 -0.2737 11951.3 63624.1 -1
123 2127 2939419 3 272834 -0.09105 0.35851 128804 59337.1 66
123 3754 -1 5 0 -0.048 -0.2152 111219 46461.9 -1
123 7229 -1 5 0 0.149 -0.3098 59187.9 49938 -1
123 8337 -1 6 0 -0.1691 0.2553 4414.6 18461.2 -1
124 4470 -1 1 0 0.0366 0.0494 86439.4 61061 -1
124 8545 -1 2 0 0.3312 -0.2743 9681.4 66683.5 -1
124 9023 3329737 3 902295 0.01718 0.43207 122693 42184.1 146
124 2127 -1 4 0 -0.0904 0.3586 8023.2 61067.9 -1
124 3754 -1 5 0 -0.048 -0.2156 109843 49824.7 -1
124 8337 -1 5 0 -0.1694 0.2557 124289 20147.3 -1
125 4470 -1 1 0 0.0361 0.0497 85333.6 57011.3 -1
125 23 1609153 2 459102 0.09444 -0.12433 31674.8 60536.3 154
125 9023 -1 3 0 0.0138 0.432 121303 39358 -1
125 2127 -1 4 0 -0.0942 0.3589 6335.9 57914.8 -1
125 3754 -1 5 0 -0.0465 -0.216 107850 47177.5 -1
125 8337 -1 5 0 -0.1701 0.2545 122541 17186.9 -1
126 23 -1 2 0 0.095 -0.1239 31054.8 61678.1 -1
126 9023 -1 3 0 0.0188 0.432 122561 40951.4 -1
126 2701 3825311 4 59565 -0.10357 0.00385 49955.3 59230.8 350
126 2127 -1 4 0 -0.0935 0.3592 7352 58290.4 -1
127 23 -1 2 0 0.0943 -0.1242 30986.8 59849.2 -1
127 9023 -1 3 0 0.016 0.4324 122306 38577.9 -1
127 10341 2501456 3 79645 0.07351 -0.18785 122980 67338.6 156
127 2701 -1 4 0 -0.1037 0.0032 49672.9 57273.5 -1
128 23 -1 2 0 0.0933 -0.1252 30676.6 61724.6 -1
128 10341 -1 3 0 0.0692 -0.1896 124612 69473.4 -1
128 2701 -1 4 0 -0.1035 0.0049 50320.5 58692.7 -1
129 10341 -1 3 0 0.0759 -0.1869 122047 67164.5 -1
129 2701 -1 4 0 -0.1036 0.0029 50275.5 59030.3 -1
130 11150 443905 1 664910 0.00858 0.03828 51977.8 41058.9 216
130 10834 2239663 2 485335 -0.09606 0.03166 14880.9 56491.5 218
130 10341 -1 3 0 0.0731 -0.1875 124200 67277.9 -1
130 1682 6317424 5 602873 0.21817 -0.12547 114312 25811.9 66
131 11150 -1 1 0 0.0088 0.0382 52945.9 44677.4 -1
131 10834 -1 2 0 -0.0961 0.0314 16719.2 59794.7 -1
131 1682 -1 5 0 0.2164 -0.1286 117583 27914.2 -1
132 11150 -1 1 0 0.0089 0.0381 48928.5 43960.5 -1
132 10834 -1 2 0 -0.0959 0.0323 12295.4 59633.1 -1
132 1682 -1 5 0 0.2169 -0.1281 110393 28972.7 -1
133 11150 -1 1 0 0.0089 0.0381 52706.9 43611.5 -1
133 10834 -1 2 0 -0.0961 0.0315 16335 59630.4 -1
133 1682 -1 5 0 0.2172 -0.127 114281 28975 -1
