16
4 7728 5453944 1262061
4 7728 1097485 -1
5 10395 6839349 1981901
5 10395 218785 -1
5 4071 5774174 701102
5 4071 38516 -1
17
3 10208 2534347 101015
3 10208 310816 -1
4 7728 -1 0
4 7728 186166 -1
5 10395 -1 0
5 10395 11938 -1
5 4071 -1 0
5 4071 267499 -1
18
1 1587 487738 699176
1 1587 712154 -1
2 8845 1613053 490947
2 8845 484145 -1
3 10208 -1 0
3 10208 1216450 -1
4 7728 -1 0
4 7728 188220 -1
5 10395 -1 0
5 10395 439873 -1
5 4071 -1 0
5 4071 31802 -1
19
2 1587 -1 0
2 1587 528851 -1
2 8845 -1 0
2 8845 83013 -1
3 10208 -1 0
3 10208 1225811 -1
4 7728 -1 0
4 7728 405103 -1
4 3310 4101157 326687
4 3310 528074 -1
5 10395 -1 0
5 10395 439079 -1
5 4071 -1 0
5 4071 18825 -1
20
1 3858 45334 51491
1 3858 45710 -1
2 1587 -1 0
2 1587 754495 -1
2 8845 -1 0
2 8845 1242326 -1
3 10208 -1 0
3 10208 1181452 -1
4 3310 -1 0
4 3310 686264 -1
6 3063 6535733 831871
6 3063 991785 -1
21
1 1587 -1 0
1 1587 327092 -1
1 3858 -1 0
1 3858 513516 -1
2 8845 -1 0
2 8845 276717 -1
2 2394 1786151 245788
2 2394 264049 -1
4 3310 -1 0
4 3310 1327378 -1
6 3063 -1 0
6 3063 372868 -1
22
1 3858 -1 0
1 3858 260096 -1
2 2394 -1 0
2 2394 36330 -1
4 3310 -1 0
4 3310 101643 -1
5 9487 4802081 165094
5 9487 819783 -1
6 3063 -1 0
6 3063 755572 -1
23
1 3858 -1 0
1 3858 464453 -1
2 2394 -1 0
2 2394 923134 -1
3 6983 3691057 330158
3 6983 3019199 -1
4 6295 4102527 307788
4 6295 540050 -1
5 9487 -1 0
5 9487 367036 -1
5 8023 4648213 12661
5 8023 910906 -1
6 3063 -1 0
6 3063 158567 -1
24
2 3196 1121550 19985
2 3196 919208 -1
2 2394 -1 0
2 2394 954741 -1
3 10544 2625097 195512
3 10544 415134 -1
4 6295 -1 0
4 6295 353151 -1
5 10478 4804737 383534
5 10478 171637 -1
5 6983 -1 0
5 6983 155931 -1
5 8023 -1 0
5 8023 233584 -1
6 9487 -1 0
6 9487 184486 -1
25
2 3196 -1 0
2 3196 903424 -1
2 623 1414811 86957
2 623 1233347 -1
3 10544 -1 0
3 10544 177577 -1
3 6738 3377352 1146235
3 6738 1112789 -1
4 6295 -1 0
4 6295 336365 -1
5 10478 -1 0
5 10478 171241 -1
5 9487 -1 0
5 9487 370742 -1
5 6983 -1 0
5 6983 140435 -1
5 8023 -1 0
5 8023 909866 -1
26
1 4196 35339 46111
1 4196 35505 -1
2 3196 -1 0
2 3196 249397 -1
2 623 -1 0
2 623 503031 -1
3 10544 -1 0
3 10544 846250 -1
3 5488 2689244 268089
3 5488 261091 -1
3 6738 -1 0
3 6738 49303 -1
4 1124 4030950 681907
4 1124 40354 -1
4 6295 -1 0
4 6295 510470 -1
5 10478 -1 0
5 10478 1064113 -1
5 6983 -1 0
5 6983 359735 -1
5 8023 -1 0
5 8023 249986 -1
27
1 4196 -1 0
1 4196 28469 -1
2 3196 -1 0
2 3196 233585 -1
2 623 -1 0
2 623 71585 -1
3 10544 -1 0
3 10544 397542 -1
3 5488 -1 0
3 5488 948264 -1
3 6738 -1 0
3 6738 34762 -1
4 1124 -1 0
4 1124 252174 -1
4 3852 3542785 12015
4 3852 14399 -1
5 10478 -1 0
5 10478 620554 -1
6 5130 5932155 189784
6 5130 185645 -1
28
1 4196 -1 0
1 4196 253840 -1
2 623 -1 0
2 623 82932 -1
3 5488 -1 0
3 5488 54113 -1
3 6738 -1 0
3 6738 50998 -1
4 1124 -1 0
4 1124 983821 -1
4 3852 -1 0
4 3852 27456 -1
6 5130 -1 0
6 5130 821516 -1
29
1 4196 -1 0
1 4196 1127510 -1
3 5488 -1 0
3 5488 59102 -1
4 1124 -1 0
4 1124 45943 -1
4 3852 -1 0
4 3852 234238 -1
5 11033 5058312 421428
5 11033 637855 -1
6 5130 -1 0
6 5130 178151 -1
30
4 3852 -1 0
4 3852 236686 -1
5 11033 -1 0
5 11033 219503 -1
6 5130 -1 0
6 5130 189602 -1
31
1 1115 903305 905228
1 1115 217841 -1
5 11033 -1 0
5 11033 439994 -1
32
1 1115 -1 0
1 1115 437198 -1
3 9955 3079212 656323
3 9955 436297 -1
4 5210 4171823 415173
4 5210 201146 -1
5 11033 -1 0
5 11033 439569 -1
33
1 1115 -1 0
1 1115 1533635 -1
3 9955 -1 0
3 9955 432368 -1
4 5210 -1 0
4 5210 201176 -1
6 1966 6154589 190769
6 1966 392635 -1
6 6328 6118390 154340
6 6328 593486 -1
34
1 3492 85418 259724
1 3492 1205541 -1
1 1115 -1 0
1 1115 230223 -1
3 9955 -1 0
3 9955 201368 -1
4 5210 -1 0
4 5210 407023 -1
5 10781 5075353 219677
5 10781 1322065 -1
6 1966 -1 0
6 1966 862670 -1
6 6328 -1 0
6 6328 791074 -1
35
1 3492 -1 0
1 3492 1196871 -1
3 9955 -1 0
3 9955 203446 -1
4 5210 -1 0
4 5210 416945 -1
4 7378 3596580 77632
4 7378 523286 -1
5 10781 -1 0
5 10781 1324204 -1
5 8322 5058294 639683
5 8322 1069338 -1
6 1966 -1 0
6 1966 1088687 -1
6 6328 -1 0
6 6328 1051179 -1
36
1 3492 -1 0
1 3492 1153926 -1
4 7378 -1 0
4 7378 303473 -1
5 10781 -1 0
5 10781 441276 -1
5 8322 -1 0
5 8322 434789 -1
6 1966 -1 0
6 1966 185757 -1
6 6328 -1 0
6 6328 381733 -1
37
1 3492 -1 0
1 3492 1139320 -1
4 7378 -1 0
4 7378 314803 -1
5 10781 -1 0
5 10781 1261447 -1
5 8322 -1 0
5 8322 435821 -1
6 450 5520629 1833
6 450 428092 -1
38
3 7224 2770830 368741
3 7224 368498 -1
4 7378 -1 0
4 7378 96112 -1
5 8322 -1 0
5 8322 431086 -1
6 450 -1 0
6 450 2128 -1
39
3 7224 -1 0
3 7224 135304 -1
3 2069 2428407 143
3 2069 441967 -1
6 450 -1 0
6 450 886365 -1
40
2 3284 1568660 249523
2 3284 1134495 -1
2 3815 1811851 513310
2 3815 1437773 -1
3 7224 -1 0
3 7224 390567 -1
3 2069 -1 0
3 2069 440 -1
6 450 -1 0
6 450 222846 -1
41
2 3284 -1 0
2 3284 478022 -1
2 3815 -1 0
2 3815 316342 -1
3 7224 -1 0
3 7224 1085924 -1
3 2069 -1 0
3 2069 662965 -1
42
2 3284 -1 0
2 3284 681756 -1
2 3815 -1 0
2 3815 536094 -1
3 2069 -1 0
3 2069 460934 -1
43
2 3284 -1 0
2 3284 482821 -1
2 3815 -1 0
2 3815 1009736 -1
44
2 9343 2329508 793464
2 9343 355449 -1
6 10856 6895457 25200
6 10856 48963 -1
45
2 9343 -1 0
2 9343 758583 -1
6 10856 -1 0
6 10856 251740 -1
46
4 9343 -1 0
4 9343 985621 -1
4 9589 5121027 470566
4 9589 751195 -1
6 10856 -1 0
6 10856 28722 -1
6 8782 7843427 140219
6 8782 105087 -1
47
4 8782 -1 0
4 8782 767178 -1
4 9343 -1 0
4 9343 117895 -1
4 9589 -1 0
4 9589 465866 -1
6 10856 -1 0
6 10856 15933 -1
48
2 2899 1583796 265795
2 2899 44234 -1
4 9589 -1 0
4 9589 465733 -1
5 5414 5218786 137296
5 5414 144599 -1
6 8782 -1 0
6 8782 363230 -1
49
2 2899 -1 0
2 2899 949118 -1
4 8782 -1 0
4 8782 522525 -1
4 9589 -1 0
4 9589 681854 -1
5 5414 -1 0
5 5414 416258 -1
5 11357 5508006 639297
5 11357 643430 -1
50
2 2899 -1 0
2 2899 263327 -1
5 5414 -1 0
5 5414 117351 -1
5 11357 -1 0
5 11357 2197473 -1
51
2 2899 -1 0
2 2899 36464 -1
3 1751 2664777 20010
3 1751 1324409 -1
5 5414 -1 0
5 5414 125372 -1
5 11357 -1 0
5 11357 412347 -1
5 4089 5330740 662324
5 4089 952901 -1
52
2 11369 1641177 458987
2 11369 79345 -1
3 1751 -1 0
3 1751 239499 -1
5 11357 -1 0
5 11357 439061 -1
5 4089 -1 0
5 4089 35990 -1
53
2 11369 -1 0
2 11369 526000 -1
3 1751 -1 0
3 1751 15932 -1
5 4089 -1 0
5 4089 246950 -1
54
2 11369 -1 0
2 11369 270671 -1
3 3542 2977272 508369
3 3542 1204699 -1
3 3679 3016056 361663
3 3679 366510 -1
3 1751 -1 0
3 1751 236998 -1
4 9693 4256532 509486
4 9693 693912 -1
5 4089 -1 0
5 4089 251109 -1
55
2 11369 -1 0
2 11369 1184141 -1
3 3542 -1 0
3 3542 1204530 -1
3 3679 -1 0
3 3679 146408 -1
4 9693 -1 0
4 9693 1191641 -1
56
3 3542 -1 0
3 3542 709414 -1
3 3679 -1 0
3 3679 980144 -1
4 9693 -1 0
4 9693 315288 -1
5 2115 5005779 390443
5 2115 393440 -1
6 4606 6180240 219903
6 4606 440663 -1
57
3 3542 -1 0
3 3542 90529 -1
3 3679 -1 0
3 3679 379662 -1
4 9693 -1 0
4 9693 513969 -1
6 2115 -1 0
6 2115 202160 -1
6 4606 -1 0
6 4606 219595 -1
58
3 1936 2813249 132878
3 1936 1045703 -1
4 2274 4051363 94907
4 2274 572185 -1
6 2115 -1 0
6 2115 1502619 -1
6 4606 -1 0
6 4606 1099917 -1
59
1 5851 65357 254447
1 5851 720517 -1
3 1936 -1 0
3 1936 778444 -1
4 2274 -1 0
4 2274 737664 -1
6 2115 -1 0
6 2115 406501 -1
6 4606 -1 0
6 4606 430500 -1
60
1 5851 -1 0
1 5851 1696257 -1
3 1936 -1 0
3 1936 556671 -1
4 2274 -1 0
4 2274 518021 -1
5 9177 5197211 112922
5 9177 359794 -1
61
1 5851 -1 0
1 5851 277135 -1
3 1936 -1 0
3 1936 128147 -1
4 2274 -1 0
4 2274 1219609 -1
4 4026 3920258 159083
4 4026 851374 -1
5 9177 -1 0
5 9177 122742 -1
5 7277 5064315 420598
5 7277 658598 -1
62
1 5851 -1 0
1 5851 561779 -1
2 12037 1776983 454061
2 12037 1432839 -1
4 4026 -1 0
4 4026 377775 -1
5 6107 5510448 430533
5 6107 1311671 -1
5 7277 5512916 433727
5 7277 877463 -1
5 9177 -1 0
5 9177 1354406 -1
5 7277 -1 0
5 7277 434047 -1
63
2 12037 -1 0
2 12037 56614 -1
3 9177 -1 0
3 9177 1520965 -1
4 4026 -1 0
4 4026 156848 -1
5 6107 -1 0
5 6107 411140 -1
5 7277 -1 0
5 7277 642365 -1
5 633 5056732 206103
5 633 196754 -1
5 7277 -1 0
5 7277 642365 -1
64
2 12037 -1 0
2 12037 1025576 -1
4 4026 -1 0
4 4026 157283 -1
5 3933 4670257 43128
5 3933 21205 -1
5 6107 -1 0
5 6107 1503945 -1
5 7277 -1 0
5 7277 441171 -1
5 633 -1 0
5 633 619491 -1
5 7277 -1 0
5 7277 637043 -1
65
2 12037 -1 0
2 12037 66600 -1
4 7399 4426163 1114537
4 7399 265267 -1
5 3933 -1 0
5 3933 45615 -1
5 7277 -1 0
5 7277 1099180 -1
5 633 -1 0
5 633 1314962 -1
5 9035 4664262 34268
5 9035 249217 -1
6 6107 -1 0
6 6107 229885 -1
66
4 10210 4033455 265719
4 10210 45481 -1
4 7399 -1 0
4 7399 262557 -1
5 3933 -1 0
5 3933 1813471 -1
5 633 -1 0
5 633 1681427 -1
5 9035 -1 0
5 9035 1776550 -1
67
4 10210 -1 0
4 10210 681317 -1
4 7399 -1 0
4 7399 270100 -1
5 3933 -1 0
5 3933 939408 -1
5 9035 -1 0
5 9035 55878 -1
68
4 10210 -1 0
4 10210 270687 -1
4 212 3922796 304633
4 212 728970 -1
4 7399 -1 0
4 7399 283617 -1
5 9035 -1 0
5 9035 37257 -1
69
2 7758 1841442 575875
2 7758 3018698 -1
3 9870 3305993 435874
3 9870 437408 -1
4 10210 -1 0
4 10210 1130992 -1
4 212 -1 0
4 212 832398 -1
70
2 7758 -1 0
2 7758 587298 -1
3 6357 3139962 491551
3 6357 43646 -1
3 9870 -1 0
3 9870 656924 -1
4 212 -1 0
4 212 107963 -1
6 2395 6593656 187586
6 2395 179388 -1
71
2 7758 -1 0
2 7758 1261544 -1
3 6357 -1 0
3 6357 270148 -1
3 10490 3415345 1073037
3 10490 150230 -1
3 9870 -1 0
3 9870 9162 -1
4 212 -1 0
4 212 495778 -1
6 2395 -1 0
6 2395 623512 -1
72
2 5775 1828069 534687
2 5775 2781175 -1
2 7758 -1 0
2 7758 535623 -1
3 6357 -1 0
3 6357 925529 -1
3 10490 -1 0
3 10490 345822 -1
3 9870 -1 0
3 9870 436604 -1
4 6628 4347936 835367
4 6628 813754 -1
4 7440 3775856 239715
4 7440 920362 -1
6 2395 -1 0
6 2395 395193 -1
73
3 6357 -1 0
3 6357 962512 -1
3 10490 -1 0
3 10490 352242 -1
4 5775 -1 0
4 5775 151896 -1
4 6628 -1 0
4 6628 535098 -1
4 7440 -1 0
4 7440 14294 -1
6 2395 -1 0
6 2395 397792 -1
74
3 10490 -1 0
3 10490 132528 -1
4 5775 -1 0
4 5775 135854 -1
4 6628 -1 0
4 6628 316190 -1
4 7440 -1 0
4 7440 23254 -1
75
2 5775 -1 0
2 5775 1069630 -1
3 8950 3872532 789277
3 8950 774697 -1
4 6628 -1 0
4 6628 283046 -1
4 7440 -1 0
4 7440 5196 -1
76
4 9807 4678853 253199
4 9807 42203 -1
4 8950 -1 0
4 8950 341342 -1
77
4 9807 -1 0
4 9807 255559 -1
4 10728 5507086 213293
4 10728 857452 -1
4 8950 -1 0
4 8950 548948 -1
5 6364 6878204 671363
5 6364 32790 -1
78
1 7670 67945 79776
1 7670 1157034 -1
3 8950 -1 0
3 8950 536495 -1
4 9807 -1 0
4 9807 251441 -1
4 10728 -1 0
4 10728 884655 -1
5 6364 -1 0
5 6364 33913 -1
6 7446 5752288 14145
6 7446 234913 -1
79
1 7670 -1 0
1 7670 1010483 -1
4 9807 -1 0
4 9807 246184 -1
4 10728 -1 0
4 10728 212837 -1
4 11647 3557880 249141
4 11647 249026 -1
4 1238 3739171 204671
4 1238 636756 -1
4 833 3587325 58645
4 833 997285 -1
5 6364 -1 0
5 6364 29250 -1
6 7446 -1 0
6 7446 244488 -1
80
1 7670 -1 0
1 7670 1160114 -1
3 10319 3030614 632037
3 10319 200274 -1
3 3521 3089169 440749
3 3521 661539 -1
4 2488 3884875 104807
4 2488 485169 -1
4 10728 -1 0
4 10728 636353 -1
4 11647 -1 0
4 11647 33350 -1
4 1238 -1 0
4 1238 432541 -1
4 833 -1 0
4 833 277463 -1
5 6364 -1 0
5 6364 1170637 -1
6 4756 6124759 158212
6 4756 396642 -1
6 7446 -1 0
6 7446 31744 -1
81
1 7670 -1 0
1 7670 1344120 -1
3 10319 -1 0
3 10319 627678 -1
3 3521 -1 0
3 3521 440351 -1
3 9038 2827672 182759
3 9038 174212 -1
4 2488 -1 0
4 2488 732914 -1
4 11647 -1 0
4 11647 255494 -1
4 1238 -1 0
4 1238 622950 -1
4 833 -1 0
4 833 279597 -1
6 4756 -1 0
6 4756 1183932 -1
6 7446 -1 0
6 7446 37948 -1
82
3 10319 -1 0
3 10319 1985032 -1
3 1214 4075670 2227941
3 1214 50955 -1
3 3521 -1 0
3 3521 2424490 -1
4 2488 -1 0
4 2488 291720 -1
4 11647 -1 0
4 11647 1340284 -1
4 1238 -1 0
4 1238 631839 -1
4 833 -1 0
4 833 87193 -1
4 9038 -1 0
4 9038 189525 -1
6 4756 -1 0
6 4756 1042168 -1
83
3 10319 -1 0
3 10319 622721 -1
3 1214 -1 0
3 1214 685439 -1
3 3521 -1 0
3 3521 463975 -1
4 2488 -1 0
4 2488 512355 -1
4 9038 -1 0
4 9038 187328 -1
6 4756 -1 0
6 4756 161956 -1
84
2 9272 1615432 473932
2 9272 492237 -1
3 1214 -1 0
3 1214 518793 -1
4 9038 -1 0
4 9038 198218 -1
85
2 9272 -1 0
2 9272 76824 -1
3 1214 -1 0
3 1214 239469 -1
5 7580 5701401 203970
5 7580 1212545 -1
86
2 9272 -1 0
2 9272 277995 -1
5 7580 -1 0
5 7580 417094 -1
87
2 9272 -1 0
2 9272 273308 -1
4 9868 4817887 187254
4 9868 801987 -1
5 7580 -1 0
5 7580 1752145 -1
88
4 9868 -1 0
4 9868 994622 -1
5 7580 -1 0
5 7580 1433759 -1
89
1 11034 806460 1255707
1 11034 806968 -1
4 9868 -1 0
4 9868 148550 -1
90
3 11034 -1 0
3 11034 742760 -1
4 9868 -1 0
4 9868 148479 -1
91
1 4069 4457418 699231
1 4069 1209512 -1
3 11034 -1 0
3 11034 133206 -1
92
1 11034 -1 0
1 11034 1985566 -1
2 10102 1793985 274661
2 10102 270554 -1
4 4069 -1 0
4 4069 33784 -1
93
2 10102 -1 0
2 10102 1158874 -1
4 4069 -1 0
4 4069 36479 -1
94
2 10102 -1 0
2 10102 27269 -1
3 8981 2492643 68962
3 8981 78516 -1
4 4069 -1 0
4 4069 950525 -1
95
2 10102 -1 0
2 10102 44325 -1
3 8981 -1 0
3 8981 479827 -1
3 1853 3054467 619986
3 1853 1016561 -1
96
3 8981 -1 0
3 8981 86065 -1
3 1853 -1 0
3 1853 608700 -1
4 7448 4551572 1031048
4 7448 1029148 -1
5 6975 5051428 192919
5 6975 195268 -1
5 9037 4869613 234852
5 9037 916910 -1
97
1 3974 72215 76334
1 3974 273386 -1
3 8981 -1 0
3 8981 82411 -1
3 1853 -1 0
3 1853 179822 -1
4 7448 -1 0
4 7448 882282 -1
5 6975 -1 0
5 6975 208836 -1
5 9037 -1 0
5 9037 15290 -1
5 4059 5632724 1024360
5 4059 408796 -1
98
1 3974 -1 0
1 3974 1204436 -1
3 1853 -1 0
3 1853 176256 -1
4 7448 -1 0
4 7448 614601 -1
5 6975 -1 0
5 6975 204937 -1
5 9037 -1 0
5 9037 24677 -1
5 4059 -1 0
5 4059 394908 -1
99
1 3974 -1 0
1 3974 1147977 -1
4 7448 -1 0
4 7448 391766 -1
5 6975 -1 0
5 6975 419799 -1
5 9037 -1 0
5 9037 237776 -1
5 4059 -1 0
5 4059 180229 -1
100
1 3974 -1 0
1 3974 62687 -1
5 2071 5293857 660173
5 2071 12189 -1
5 4059 -1 0
5 4059 179939 -1
101
5 2071 -1 0
5 2071 905807 -1
102
5 2071 -1 0
5 2071 232656 -1
103
5 2071 -1 0
5 2071 236391 -1
5 9179 5695035 1231641
5 9179 1018594 -1
104
3 6645 2372219 165943
3 6645 1049995 -1
5 9179 -1 0
5 9179 168841 -1
105
3 6645 -1 0
3 6645 637899 -1
4 1081 2720908 305478
4 1081 531574 -1
5 9179 -1 0
5 9179 770704 -1
106
3 1452 2785653 300586
3 1452 1427469 -1
3 6645 -1 0
3 6645 1053607 -1
3 6746 2673904 245837
3 6746 243125 -1
4 7408 4309361 511936
4 7408 512714 -1
4 1081 -1 0
4 1081 74322 -1
5 9179 -1 0
5 9179 615542 -1
107
3 1452 -1 0
3 1452 296618 -1
3 6645 -1 0
3 6645 634702 -1
3 6746 -1 0
3 6746 249585 -1
3 10926 2800265 399852
3 10926 184777 -1
4 7408 -1 0
4 7408 102379 -1
4 1081 -1 0
4 1081 457749 -1
108
3 1452 -1 0
3 1452 791409 -1
3 2210 3168235 744508
3 2210 84049 -1
3 6746 -1 0
3 6746 22091 -1
3 10926 -1 0
3 10926 1262065 -1
4 7408 -1 0
4 7408 321484 -1
4 1081 -1 0
4 1081 76963 -1
109
3 1452 -1 0
3 1452 541207 -1
3 2210 -1 0
3 2210 70601 -1
3 6746 -1 0
3 6746 242883 -1
3 10926 -1 0
3 10926 198884 -1
4 7408 -1 0
4 7408 804497 -1
110
2 7890 1403084 69811
2 7890 1165321 -1
3 2210 -1 0
3 2210 283848 -1
3 6590 2855720 209285
3 6590 208704 -1
3 10926 -1 0
3 10926 404530 -1
111
1 4770 496171 539700
1 4770 496382 -1
2 7890 -1 0
2 7890 57235 -1
3 2210 -1 0
3 2210 1204622 -1
3 6590 -1 0
3 6590 191686 -1
3 10512 2681943 257223
3 10512 35775 -1
112
1 4770 -1 0
1 4770 316497 -1
2 7890 -1 0
2 7890 73908 -1
3 6590 -1 0
3 6590 194667 -1
3 10512 -1 0
3 10512 45929 -1
113
1 4770 -1 0
1 4770 504198 -1
2 7890 -1 0
2 7890 1179707 -1
3 6590 -1 0
3 6590 210745 -1
3 10512 -1 0
3 10512 43724 -1
4 31 3799656 267448
4 31 46706 -1
6 11838 5975172 237159
6 11838 16390 -1
114
1 4770 -1 0
1 4770 518806 -1
3 10512 -1 0
3 10512 44068 -1
4 31 -1 0
4 31 43199 -1
6 11838 -1 0
6 11838 238435 -1
115
4 31 -1 0
4 31 38777 -1
6 11838 -1 0
6 11838 14609 -1
116
4 31 -1 0
4 31 249872 -1
6 11838 -1 0
6 11838 952562 -1
120
5 7229 4887140 32798
5 7229 1111236 -1
121
2 8545 1402224 85422
2 8545 88670 -1
5 7229 -1 0
5 7229 32406 -1
122
1 4470 60810 69628
1 4470 697079 -1
2 8545 -1 0
2 8545 81096 -1
5 3754 4879373 24482
5 3754 27051 -1
5 7229 -1 0
5 7229 30211 -1
5 8337 5244675 163061
5 8337 572893 -1
123
1 4470 -1 0
1 4470 497132 -1
2 8545 -1 0
2 8545 1196408 -1
3 2127 2939419 272834
3 2127 1137200 -1
5 3754 -1 0
5 3754 8990 -1
5 7229 -1 0
5 7229 262261 -1
6 8337 -1 0
6 8337 390938 -1
124
1 4470 -1 0
1 4470 1449923 -1
2 8545 -1 0
2 8545 94670 -1
3 9023 3329737 902295
3 9023 229537 -1
4 2127 -1 0
4 2127 73613 -1
5 3754 -1 0
5 3754 463652 -1
5 8337 -1 0
5 8337 178560 -1
125
1 4470 -1 0
1 4470 488738 -1
2 23 1609153 459102
2 23 281755 -1
3 9023 -1 0
3 9023 435702 -1
4 2127 -1 0
4 2127 290309 -1
5 3754 -1 0
5 3754 10436 -1
5 8337 -1 0
5 8337 394381 -1
126
2 23 -1 0
2 23 68549 -1
3 9023 -1 0
3 9023 902251 -1
4 2701 3825311 59565
4 2701 58949 -1
4 2127 -1 0
4 2127 63760 -1
127
2 23 -1 0
2 23 283087 -1
3 9023 -1 0
3 9023 1307786 -1
3 10341 2501456 79645
3 10341 1178580 -1
4 2701 -1 0
4 2701 53025 -1
128
2 23 -1 0
2 23 68394 -1
3 10341 -1 0
3 10341 507906 -1
4 2701 -1 0
4 2701 282701 -1
129
3 10341 -1 0
3 10341 487002 -1
4 2701 -1 0
4 2701 281478 -1
130
1 11150 443905 664910
1 11150 444067 -1
2 10834 2239663 485335
2 10834 63959 -1
3 10341 -1 0
3 10341 268367 -1
5 1682 6317424 602873
5 1682 202427 -1
131
1 11150 -1 0
1 11150 677473 -1
2 10834 -1 0
2 10834 84617 -1
5 1682 -1 0
5 1682 203095 -1
132
1 11150 -1 0
1 11150 688029 -1
2 10834 -1 0
2 10834 706950 -1
5 1682 -1 0
5 1682 393591 -1
133
1 11150 -1 0
1 11150 449495 -1
2 10834 -1 0
2 10834 698715 -1
5 1682 -1 0
5 1682 409978 -1
