16 14570 1119925 2 17059 -0.12011 -0.18074 30423.3 45332.2 132
17 14570 -1 2 0 -0.1175 -0.1829 30426.8 42068.7 -1
17 15747 4606744 5 412456 0.71324 0.07353 67153.3 29127.5 36
18 14570 -1 2 0 -0.1204 -0.1809 28170.9 44232.1 -1
18 13049 2534833 3 312823 0.29275 0.31793 93486.3 79362.8 60
18 15747 -1 5 0 0.7128 0.0716 64897.1 30345.4 -1
19 14570 -1 2 0 -0.117 -0.1828 29211.4 44254.7 -1
19 13049 -1 3 0 0.2887 0.3215 93386.1 77851.3 -1
19 1626 2508661 3 80389 0.00414 -0.30614 89352.2 66950.4 78
19 15747 -1 5 0 0.7121 0.0796 62712.1 29273.7 -1
19 9355 5052538 5 416746 -0.02586 -0.03698 56928.3 27343.5 220
20 2472 2025562 1 2025562 0.07163 -0.66531 119972 60449.5 16
20 13049 -1 3 0 0.2956 0.3175 93927.2 76130.4 -1
20 1626 -1 3 0 -0.0019 -0.3065 90710.3 67446.5 -1
20 18354 10596831 5 442239 -0.56398 -0.20172 60895.1 42262.5 86
20 15747 -1 5 0 0.711 0.0788 61306.4 29846.5 -1
20 9355 -1 5 0 -0.026 -0.0369 58041.2 28333.1 -1
21 2472 -1 1 0 0.0644 -0.6656 118010 57612.1 -1
21 7628 1352360 2 250357 -0.26777 -0.11528 43760.8 47733.3 72
21 13049 -1 3 0 0.2878 0.3227 89530.7 75950.6 -1
21 1626 -1 3 0 0.0047 -0.3061 86717.3 67722.7 -1
21 18354 -1 5 0 -0.5634 -0.2041 58916.9 40471.7 -1
21 9355 -1 5 0 -0.0259 -0.0371 55677.6 26396.6 -1
22 10749 9746 1 9746 0.30587 0.28126 99952.4 44634.6 46
22 2472 -1 1 0 0.0649 -0.6663 121546 63856 -1
22 7628 -1 2 0 -0.2692 -0.1121 49077.8 50799.6 -1
22 1628 2819517 3 399544 -0.30115 0.20665 111093 24236.9 50
22 7873 2557714 3 137542 0.12017 0.30121 110659 8847.45 104
22 1626 -1 3 0 -0.004 -0.3064 93428.9 71085.5 -1
22 18354 -1 5 0 -0.5654 -0.1951 66714.6 44957.8 -1
22 9355 -1 5 0 -0.0265 -0.0366 62001.7 30550.9 -1
23 10749 -1 1 0 0.3048 0.2827 99102.9 40932.2 -1
23 2472 -1 1 0 0.0686 -0.6721 120828 61029.6 -1
23 7873 -1 1 0 0.115 0.303 109315 83930.8 -1
23 7628 -1 2 0 -0.2685 -0.1129 47192.7 48013.3 -1
23 9686 2486684 2 722544 -0.72276 -0.63912 17532.9 48098.9 20
23 1628 -1 3 0 -0.3037 0.2029 109299 20891.2 -1
23 18354 -1 5 0 -0.5647 -0.1983 64536.1 42529.4 -1
23 4924 7016655 5 173343 -0.61233 0.27658 105272 17801 134
24 10749 -1 1 0 0.3011 0.2853 96596.6 42148.1 -1
24 7628 -1 2 0 -0.2692 -0.1139 46412 51484.8 -1
24 9686 -1 2 0 -0.7217 -0.6412 18228.2 53282.9 -1
24 1628 -1 3 0 -0.305 0.2008 108154 23549.3 -1
24 7873 -1 3 0 0.1136 0.3037 106293 7741.9 -1
24 9003 4435061 5 240773 -0.49024 -0.38711 97819.7 48746.4 38
24 4924 -1 5 0 -0.6141 0.27 104171 18161.5 -1
24 10708 5677740 6 383714 0.15337 -0.23616 65579.7 11468.8 108
24 5024 5688382 6 395260 0.12783 0.25006 63852.8 20632.1 40
25 10749 -1 1 0 0.304 0.2806 97390.7 42184.8 -1
25 9686 -1 2 0 -0.7199 -0.6429 20036.8 53491.9 -1
25 1628 -1 3 0 -0.3026 0.2056 110602 23022 -1
25 7873 -1 3 0 0.1181 0.3024 108182 7156.4 -1
25 3045 2423257 3 215737 -0.11908 0.39349 117413 39225.4 54
25 9003 -1 5 0 -0.4936 -0.3828 101628 49731.5 -1
25 4924 -1 5 0 -0.6119 0.2767 107805 18546.2 -1
25 10708 -1 6 0 0.1513 -0.2375 67772 11570.7 -1
25 5024 -1 6 0 0.1299 0.2493 66143.2 20350.7 -1
26 9686 -1 2 0 -0.7225 -0.6382 20920 53384.3 -1
26 17578 2602115 3 394595 0.38676 -0.22371 98817.6 17235.4 76
26 3045 -1 3 0 -0.1244 0.3919 115452 36898 -1
26 4815 3395588 4 311428 -0.1732 0.20038 44092 69340.2 110
26 9003 -1 5 0 -0.4924 -0.3829 100917 48896.2 -1
26 4924 -1 5 0 -0.6128 0.2749 107512 15995 -1
26 10708 -1 6 0 0.1517 -0.2385 64322.3 10690.3 -1
26 5024 -1 6 0 0.1294 0.2481 62740.5 18209.3 -1
27 2255 1463922 2 354138 -0.09811 0.32623 83062.6 83146.4 748
27 7377 1454077 2 343470 0.05931 0.23871 70513.3 81053.2 88
27 17578 -1 3 0 0.385 -0.2271 99984.6 19497 -1
27 3045 -1 3 0 -0.1216 0.3926 117193 38511.6 -1
27 4815 -1 4 0 -0.1726 0.2005 44717.9 71048 -1
27 9003 -1 5 0 -0.4962 -0.3794 103844 45932.1 -1
27 10708 -1 6 0 0.1506 -0.2373 66227.4 10780.2 -1
27 5024 -1 6 0 0.131 0.2486 64691.8 17901.2 -1
28 13637 332459 1 332459 1.25178 0.20985 73755.1 83424.8 42
28 385 1406226 2 308584 0.57173 -0.1021 49434.5 74694.1 52
28 2255 -1 2 0 -0.1019 0.3248 82549.6 80997.6 -1
28 7377 -1 2 0 0.0568 0.2394 69585.3 78998.4 -1
28 13734 2622510 3 194238 -0.24838 0.34304 89253.4 30654.3 32
28 17578 -1 3 0 0.3859 -0.2246 98099.9 17576.3 -1
28 3045 -1 3 0 -0.1236 0.3915 116659 34878.4 -1
28 15598 3654821 4 322453 -0.11258 -0.2548 68590.1 76621.3 142
28 4815 -1 4 0 -0.1716 0.2012 44141.7 67813.6 -1
29 13637 -1 1 0 1.2499 0.2234 73622.6 82763.6 -1
29 385 -1 2 0 0.572 -0.1021 49589.1 75081.4 -1
29 2255 -1 2 0 -0.1018 0.325 83266.6 81037.9 -1
29 7377 -1 2 0 0.0568 0.2394 70169.1 79109.1 -1
29 13734 -1 3 0 -0.2483 0.3432 89399 30861.7 -1
29 17578 -1 3 0 0.3864 -0.2259 97717.4 18247.3 -1
29 15598 -1 4 0 -0.1126 -0.255 69239.9 78198.3 -1
29 4815 -1 4 0 -0.1715 0.2012 44840 69004.9 -1
29 3583 4435768 5 241480 0.38201 0.58056 86395.8 49101.5 62
30 385 -1 2 0 0.5715 -0.1037 48319.1 77259.2 -1
30 2255 -1 2 0 -0.1004 0.3263 83660.7 82023 -1
30 7377 -1 2 0 0.0571 0.2395 70140.6 80375.4 -1
30 10860 2905741 3 279894 -0.22374 0.02931 62966.3 59165.2 82
30 13637 -1 3 0 1.2515 0.2155 70576.6 6281.8 -1
30 13734 -1 3 0 -0.2491 0.3428 90419.4 31285.2 -1
30 2638 2997919 3 347543 0.1392 -0.28162 86299.5 9268.49 76
30 10398 3806542 4 25995 -0.09249 -0.16489 65386.7 50984.6 140
30 15598 -1 4 0 -0.1096 -0.2557 70626.9 78743.9 -1
30 3583 -1 5 0 0.3844 0.5787 86263.4 49400.5 -1
31 13637 -1 1 0 1.2529 0.2121 69657.2 82342.9 -1
31 385 -1 2 0 0.5713 -0.1013 46936 74955.1 -1
31 10860 -1 3 0 -0.2237 0.0298 61667.4 57967.3 -1
31 13734 -1 3 0 -0.2474 0.3444 89080.4 29764.8 -1
31 2638 -1 3 0 0.1387 -0.2825 84594.8 8270.2 -1
31 10398 -1 4 0 -0.0931 -0.1646 63765.9 50477.9 -1
31 15598 -1 4 0 -0.1101 -0.2555 69127.4 78293.1 -1
31 4376 3423482 4 98040 0.07856 0.05198 80456.4 71833.6 142
31 3583 -1 5 0 0.3823 0.5803 85671.2 44710.9 -1
32 10860 -1 3 0 -0.223 0.0325 64352.4 60362.8 -1
32 2638 -1 3 0 0.1353 -0.2826 85791.2 11247.9 -1
32 10398 -1 4 0 -0.0947 -0.1634 64769.5 53926.7 -1
32 4926 3399493 4 94178 0.00361 -0.41781 88009.1 74180.4 96
32 4376 -1 4 0 0.079 0.0512 81237.3 74555.4 -1
32 3583 -1 5 0 0.3854 0.5794 85027 47149.9 -1
33 10860 -1 3 0 -0.2235 0.0288 66343 56774.1 -1
33 2638 -1 3 0 0.1394 -0.2807 88194.1 8285.6 -1
33 10398 -1 4 0 -0.0937 -0.1634 67510.3 50440.4 -1
33 4926 -1 4 0 0.0062 -0.4175 90519.4 71054.6 -1
33 17788 4159180 4 403915 -0.45831 0.37223 56920.6 22481.3 50
33 18745 3848625 4 63608 0.83154 -0.07919 45376.5 61917.1 28
33 4376 -1 4 0 0.0787 0.0516 83685.4 70996.3 -1
34 14931 56684 1 56684 -0.02631 -0.2049 71414.6 65193.2 132
34 12220 2712929 3 762319 -0.51263 0.23621 51280.9 15433.1 108
34 3692 3458906 4 385013 0.10458 0.10236 52595.6 12503.9 132
34 4926 -1 4 0 0.0063 -0.418 86809.8 72269.6 -1
34 17788 -1 4 0 -0.4589 0.3735 54768.3 21080.9 -1
34 18745 -1 4 0 0.8334 -0.0814 38817.3 62057.5 -1
34 4376 -1 4 0 0.0787 0.0519 79736.1 70683.1 -1
35 14931 -1 1 0 -0.0287 -0.2046 72839.8 68861.1 -1
35 12220 -1 3 0 -0.5109 0.2389 53973.3 16735.2 -1
35 3692 -1 4 0 0.1053 0.1016 54260.1 13018 -1
35 4926 -1 4 0 0.003 -0.4187 88984.6 72948.3 -1
35 17788 -1 4 0 -0.4548 0.3764 56951.8 21362 -1
35 18745 -1 4 0 0.8331 -0.086 40265.5 62839.5 -1
36 14931 -1 1 0 -0.0274 -0.2043 72267.6 66969 -1
36 9638 284807 1 284807 -0.09216 -0.02524 45366.6 59834.1 198
36 9982 271233 1 271233 0.35319 -0.13781 61233 52073 32
36 12220 -1 3 0 -0.5108 0.2391 53523 13783.5 -1
36 3692 -1 4 0 0.1046 0.102 52198.2 10932.4 -1
36 17788 -1 4 0 -0.4572 0.3712 56436.2 18514.2 -1
36 18745 -1 4 0 0.8303 -0.0839 35858.8 61225.7 -1
36 2807 5104693 6 29246 0.61008 -0.74146 23949.9 49348 40
37 14931 -1 1 0 -0.0276 -0.2038 72013.2 66946.8 -1
37 9638 -1 1 0 -0.0922 -0.0252 45158.5 59688.3 -1
37 9982 -1 1 0 0.353 -0.138 60657.5 52011.2 -1
37 15409 1332273 2 224326 -0.07716 0.24004 34130.2 40299.5 182
37 12220 -1 3 0 -0.5147 0.2303 53742.8 11289.8 -1
37 3692 -1 4 0 0.1025 0.1043 53133.5 9368.8 -1
37 16010 3161272 4 73469 0.09015 -0.08072 82533 74605.2 186
37 2807 -1 6 0 0.6106 -0.7405 22781.4 50204.1 -1
38 9638 -1 1 0 -0.0924 -0.0244 46378.5 62395.6 -1
38 9982 -1 1 0 0.3523 -0.1415 60617 54900.7 -1
38 15409 -1 2 0 -0.0764 0.2404 35951.8 41291.7 -1
38 15886 2825096 3 404921 -0.13371 -0.35486 109765 22901.4 118
38 2407 3371300 4 64807 -0.11091 -0.91712 38016.4 65499.2 26
38 2759 3737211 4 428891 -0.20101 -0.08557 80958.1 35044 92
38 16010 -1 4 0 0.089 -0.0821 84454.7 77463.1 -1
38 2807 -1 6 0 0.6053 -0.7472 23986 54483.1 -1
39 9638 -1 1 0 -0.0923 -0.0252 47364.6 57655.4 -1
39 9982 -1 1 0 0.3532 -0.1387 61302.9 50370.8 -1
39 147 1194424 2 93191 0.07094 -0.07965 87370.6 80566.8 116
39 15409 -1 2 0 -0.0793 0.2395 35827.7 38157.6 -1
39 15886 -1 3 0 -0.1298 -0.3563 109578 22903.8 -1
39 2407 -1 4 0 -0.0982 -0.919 36505.8 65238.8 -1
39 2759 -1 4 0 -0.1998 -0.0883 79958.5 34685.6 -1
39 16010 -1 4 0 0.0902 -0.0809 82624.4 77154 -1
39 17626 4568140 5 371641 -0.58292 -0.15132 107536 7473.98 34
39 2807 -1 6 0 0.6145 -0.7407 20947.6 52029.9 -1
40 15409 -1 2 0 -0.078 0.2397 34271.9 42129.7 -1
40 15886 -1 3 0 -0.1345 -0.3547 109094 27441.6 -1
40 2407 -1 4 0 -0.1164 -0.9171 36238.8 71889.9 -1
40 2759 -1 4 0 -0.2013 -0.084 79247.2 38751.7 -1
40 147 -1 4 0 0.0699 -0.0806 86181.9 7989.9 -1
40 16010 -1 4 0 0.0884 -0.0818 82092.7 81138.1 -1
40 17626 -1 5 0 -0.5833 -0.1475 108298 12106.1 -1
40 12866 5685741 6 162226 -0.16419 0.06203 43316.3 14757.6 122
41 14375 62075 1 62075 0.39719 -0.12997 79163.1 63861.2 116
41 15886 -1 3 0 -0.135 -0.3557 109309 25162.6 -1
41 2407 -1 4 0 -0.1152 -0.917 37461.8 70132.9 -1
41 2759 -1 4 0 -0.201 -0.0839 80582.3 36396 -1
41 13489 3116620 4 28041 -0.45979 -0.25646 48222.4 46626.6 96
41 147 -1 4 0 0.0701 -0.0804 87344.5 5647.3 -1
41 17626 -1 5 0 -0.5831 -0.1467 110067 11414.3 -1
41 12866 -1 6 0 -0.1643 0.0617 44646.1 13961.5 -1
41 2141 5266605 6 186484 -0.20896 -0.08676 16147.7 23255.5 160
41 7272 5712538 6 640899 0.68522 -0.32732 21750.3 28655.6 66
42 14375 -1 1 0 0.3972 -0.1293 79761.5 62759.5 -1
42 12133 1852940 2 974587 -0.49028 -0.59668 55227.9 65504.7 60
42 147 -1 2 0 0.0699 -0.0804 89077.4 83370.5 -1
42 13489 -1 4 0 -0.4598 -0.2546 52090.7 46199.5 -1
42 15761 4226609 5 238394 0.06672 0.19005 116885 47884.7 124
42 17626 -1 5 0 -0.5822 -0.1486 114090 10145.5 -1
42 12866 -1 6 0 -0.1641 0.0625 47278.7 12443.3 -1
42 2141 -1 6 0 -0.2091 -0.0862 18982.7 22335.4 -1
42 7272 -1 6 0 0.6834 -0.3296 21424.3 28583.9 -1
43 14375 -1 1 0 0.3973 -0.1312 81364.4 64235.5 -1
43 832 70712 1 70712 0.03008 -0.45668 72465.5 63904.6 44
43 12133 -1 2 0 -0.4921 -0.5954 56315.6 66126.3 -1
43 13489 -1 4 0 -0.4613 -0.2527 54466 48258.6 -1
43 4283 3665264 4 340736 -0.01542 0.29804 24349.8 85191.3 70
43 15761 -1 5 0 0.0683 0.1899 119740 49067.5 -1
43 12866 -1 6 0 -0.1642 0.0623 49168 12855.7 -1
43 2141 -1 6 0 -0.2094 -0.0839 20956.8 23000.9 -1
43 7272 -1 6 0 0.6833 -0.3323 22696.1 29439.3 -1
44 14375 -1 1 0 0.3945 -0.1319 77613 62717.2 -1
44 832 -1 1 0 0.0298 -0.4575 69726.8 63310.9 -1
44 12133 -1 2 0 -0.4884 -0.6011 55221.2 66732.8 -1
44 13106 2374656 3 167136 0.58925 -0.69139 113712 18591.4 40
44 16229 2997522 3 1010754 0.35016 -0.28553 99878.1 67447.4 56
44 2440 2625863 3 418343 -0.1701 0.03396 81443.2 26506.2 96
44 10026 3176665 4 92334 0.01254 -0.13174 35320.2 75368.3 402
44 10027 3176665 4 92334 0.01254 -0.13174 35320.2 75368.3 402
44 10028 3176665 4 92334 0.01254 -0.13174 35320.2 75368.3 402
44 10029 3176665 4 92334 0.01254 -0.13174 35320.2 75368.3 402
44 10030 3176665 4 92334 0.01254 -0.13174 35320.2 75368.3 402
44 10031 3176665 4 92334 0.01254 -0.13174 35320.2 75368.3 402
44 10033 3176665 4 92334 0.01254 -0.13174 35320.2 75368.3 402
44 10034 3176665 4 92334 0.01254 -0.13174 35320.2 75368.3 402
44 10036 3176665 4 92334 0.01254 -0.13174 35320.2 75368.3 402
44 10037 3176665 4 92334 0.01254 -0.13174 35320.2 75368.3 402
44 10038 3176665 4 92334 0.01254 -0.13174 35320.2 75368.3 402
44 10041 3176665 4 92334 0.01254 -0.13174 35320.2 75368.3 402
44 10043 3176665 4 92334 0.01254 -0.13174 35320.2 75368.3 402
44 10044 3176665 4 92334 0.01254 -0.13174 35320.2 75368.3 402
44 10045 3176665 4 92334 0.01254 -0.13174 35320.2 75368.3 402
44 10046 3176665 4 92334 0.01254 -0.13174 35320.2 75368.3 402
44 10047 3176665 4 92334 0.01254 -0.13174 35320.2 75368.3 402
44 10048 3176665 4 92334 0.01254 -0.13174 35320.2 75368.3 402
44 10049 3176665 4 92334 0.01254 -0.13174 35320.2 75368.3 402
44 10050 3176665 4 92334 0.01254 -0.13174 35320.2 75368.3 402
44 10051 3176665 4 92334 0.01254 -0.13174 35320.2 75368.3 402
44 10052 3176665 4 92334 0.01254 -0.13174 35320.2 75368.3 402
44 10053 3176665 4 92334 0.01254 -0.13174 35320.2 75368.3 402
44 10054 3176665 4 92334 0.01254 -0.13174 35320.2 75368.3 402
44 10055 3176665 4 92334 0.01254 -0.13174 35320.2 75368.3 402
44 10056 3176665 4 92334 0.01254 -0.13174 35320.2 75368.3 402
44 10057 3176665 4 92334 0.01254 -0.13174 35320.2 75368.3 402
44 10058 3176665 4 92334 0.01254 -0.13174 35320.2 75368.3 402
44 10059 3176665 4 92334 0.01254 -0.13174 35320.2 75368.3 402
44 10060 3176665 4 92334 0.01254 -0.13174 35320.2 75368.3 402
44 10061 3176665 4 92334 0.01254 -0.13174 35320.2 75368.3 402
44 10062 3176665 4 92334 0.01254 -0.13174 35320.2 75368.3 402
44 10063 3176665 4 92334 0.01254 -0.13174 35320.2 75368.3 402
44 10064 3176665 4 92334 0.01254 -0.13174 35320.2 75368.3 402
44 10065 3176665 4 92334 0.01254 -0.13174 35320.2 75368.3 402
44 10066 3176665 4 92334 0.01254 -0.13174 35320.2 75368.3 402
44 10067 3176665 4 92334 0.01254 -0.13174 35320.2 75368.3 402
44 10068 3176665 4 92334 0.01254 -0.13174 35320.2 75368.3 402
44 10069 3176665 4 92334 0.01254 -0.13174 35320.2 75368.3 402
44 10070 3176665 4 92334 0.01254 -0.13174 35320.2 75368.3 402
44 10071 3176665 4 92334 0.01254 -0.13174 35320.2 75368.3 402
44 10072 3176665 4 92334 0.01254 -0.13174 35320.2 75368.3 402
44 10073 3176665 4 92334 0.01254 -0.13174 35320.2 75368.3 402
44 10074 3176665 4 92334 0.01254 -0.13174 35320.2 75368.3 402
44 10075 3176665 4 92334 0.01254 -0.13174 35320.2 75368.3 402
44 10076 3176665 4 92334 0.01254 -0.13174 35320.2 75368.3 402
44 10077 3176665 4 92334 0.01254 -0.13174 35320.2 75368.3 402
44 10078 3176665 4 92334 0.01254 -0.13174 35320.2 75368.3 402
44 10079 3176665 4 92334 0.01254 -0.13174 35320.2 75368.3 402
44 10080 3176665 4 92334 0.01254 -0.13174 35320.2 75368.3 402
44 10081 3176665 4 92334 0.01254 -0.13174 35320.2 75368.3 402
44 10082 3176665 4 92334 0.01254 -0.13174 35320.2 75368.3 402
44 10083 3176665 4 92334 0.01254 -0.13174 35320.2 75368.3 402
44 10084 3176665 4 92334 0.01254 -0.13174 35320.2 75368.3 402
44 10085 3176665 4 92334 0.01254 -0.13174 35320.2 75368.3 402
44 13489 -1 4 0 -0.4601 -0.2572 52114.5 48007.4 -1
44 4283 -1 4 0 -0.0182 0.298 20444 83152.4 -1
44 14676 4173502 5 146066 0.13301 -0.27433 89275.5 16365.6 112
44 15761 -1 5 0 0.0657 0.191 113918 45825.2 -1
44 2141 -1 6 0 -0.2095 -0.084 17926.8 22597 -1
44 7272 -1 6 0 0.6826 -0.3261 17102.7 29727.1 -1
45 832 -1 1 0 0.0336 -0.4568 69294.1 64945.8 -1
45 12133 -1 2 0 -0.4851 -0.6008 54573.6 69695.2 -1
45 13106 -1 3 0 0.5915 -0.6889 112280 19898.5 -1
45 16229 -1 3 0 0.3509 -0.2845 98487.8 68367.2 -1
45 2440 -1 3 0 -0.1702 0.0333 80620.7 27107.6 -1
45 4289 2571972 3 340336 -0.02996 -0.1559 57105.6 82428.2 178
45 10026 -1 4 0 0.0119 -0.1318 33950.5 78220.8 -1
45 10027 -1 4 0 0.0119 -0.1318 33950.5 78220.8 -1
45 10028 -1 4 0 0.0119 -0.1318 33950.5 78220.8 -1
45 10029 -1 4 0 0.0119 -0.1318 33950.5 78220.8 -1
45 10030 -1 4 0 0.0119 -0.1318 33950.5 78220.8 -1
45 10031 -1 4 0 0.0119 -0.1318 33950.5 78220.8 -1
45 10033 -1 4 0 0.0119 -0.1318 33950.5 78220.8 -1
45 10034 -1 4 0 0.0119 -0.1318 33950.5 78220.8 -1
45 10036 -1 4 0 0.0119 -0.1318 33950.5 78220.8 -1
45 10037 -1 4 0 0.0119 -0.1318 33950.5 78220.8 -1
45 10038 -1 4 0 0.0119 -0.1318 33950.5 78220.8 -1
45 10041 -1 4 0 0.0119 -0.1318 33950.5 78220.8 -1
45 10043 -1 4 0 0.0119 -0.1318 33950.5 78220.8 -1
45 10044 -1 4 0 0.0119 -0.1318 33950.5 78220.8 -1
45 10045 -1 4 0 0.0119 -0.1318 33950.5 78220.8 -1
45 10046 -1 4 0 0.0119 -0.1318 33950.5 78220.8 -1
45 10047 -1 4 0 0.0119 -0.1318 33950.5 78220.8 -1
45 10048 -1 4 0 0.0119 -0.1318 33950.5 78220.8 -1
45 10049 -1 4 0 0.0119 -0.1318 33950.5 78220.8 -1
45 10050 -1 4 0 0.0119 -0.1318 33950.5 78220.8 -1
45 10051 -1 4 0 0.0119 -0.1318 33950.5 78220.8 -1
45 10052 -1 4 0 0.0119 -0.1318 33950.5 78220.8 -1
45 10053 -1 4 0 0.0119 -0.1318 33950.5 78220.8 -1
45 10054 -1 4 0 0.0119 -0.1318 33950.5 78220.8 -1
45 10055 -1 4 0 0.0119 -0.1318 33950.5 78220.8 -1
45 10056 -1 4 0 0.0119 -0.1318 33950.5 78220.8 -1
45 10057 -1 4 0 0.0119 -0.1318 33950.5 78220.8 -1
45 10058 -1 4 0 0.0119 -0.1318 33950.5 78220.8 -1
45 10059 -1 4 0 0.0119 -0.1318 33950.5 78220.8 -1
45 10060 -1 4 0 0.0119 -0.1318 33950.5 78220.8 -1
45 10061 -1 4 0 0.0119 -0.1318 33950.5 78220.8 -1
45 10062 -1 4 0 0.0119 -0.1318 33950.5 78220.8 -1
45 10063 -1 4 0 0.0119 -0.1318 33950.5 78220.8 -1
45 10064 -1 4 0 0.0119 -0.1318 33950.5 78220.8 -1
45 10065 -1 4 0 0.0119 -0.1318 33950.5 78220.8 -1
45 10066 -1 4 0 0.0119 -0.1318 33950.5 78220.8 -1
45 10067 -1 4 0 0.0119 -0.1318 33950.5 78220.8 -1
45 10068 -1 4 0 0.0119 -0.1318 33950.5 78220.8 -1
45 10069 -1 4 0 0.0119 -0.1318 33950.5 78220.8 -1
45 10070 -1 4 0 0.0119 -0.1318 33950.5 78220.8 -1
45 10071 -1 4 0 0.0119 -0.1318 33950.5 78220.8 -1
45 10072 -1 4 0 0.0119 -0.1318 33950.5 78220.8 -1
45 10073 -1 4 0 0.0119 -0.1318 33950.5 78220.8 -1
45 10074 -1 4 0 0.0119 -0.1318 33950.5 78220.8 -1
45 10075 -1 4 0 0.0119 -0.1318 33950.5 78220.8 -1
45 10076 -1 4 0 0.0119 -0.1318 33950.5 78220.8 -1
45 10077 -1 4 0 0.0119 -0.1318 33950.5 78220.8 -1
45 10078 -1 4 0 0.0119 -0.1318 33950.5 78220.8 -1
45 10079 -1 4 0 0.0119 -0.1318 33950.5 78220.8 -1
45 10080 -1 4 0 0.0119 -0.1318 33950.5 78220.8 -1
45 10081 -1 4 0 0.0119 -0.1318 33950.5 78220.8 -1
45 10082 -1 4 0 0.0119 -0.1318 33950.5 78220.8 -1
45 10083 -1 4 0 0.0119 -0.1318 33950.5 78220.8 -1
45 10084 -1 4 0 0.0119 -0.1318 33950.5 78220.8 -1
45 10085 -1 4 0 0.0119 -0.1318 33950.5 78220.8 -1
45 4283 -1 4 0 -0.0165 0.2986 19135.9 85721.8 -1
45 14676 -1 5 0 0.1323 -0.2747 89683.8 15336.9 -1
45 15761 -1 5 0 0.066 0.191 114458 44331.2 -1
45 4716 5530261 6 233096 -0.15099 -0.12802 74466.8 41859.7 112
46 832 -1 1 0 0.0304 -0.4556 68343.7 65874.8 -1
46 13106 -1 3 0 0.5887 -0.6904 111065 21837 -1
46 16229 -1 3 0 0.3501 -0.2855 97878.5 69446.6 -1
46 2440 -1 3 0 -0.1698 0.0336 81140.7 27483.9 -1
46 4289 -1 3 0 -0.0303 -0.1561 57442.7 83301 -1
46 10026 -1 4 0 0.0114 -0.1316 34404.7 77370.6 -1
46 10027 -1 4 0 0.0114 -0.1316 34404.7 77370.6 -1
46 10028 -1 4 0 0.0114 -0.1316 34404.7 77370.6 -1
46 10029 -1 4 0 0.0114 -0.1316 34404.7 77370.6 -1
46 10030 -1 4 0 0.0114 -0.1316 34404.7 77370.6 -1
46 10031 -1 4 0 0.0114 -0.1316 34404.7 77370.6 -1
46 10033 -1 4 0 0.0114 -0.1316 34404.7 77370.6 -1
46 10034 -1 4 0 0.0114 -0.1316 34404.7 77370.6 -1
46 10036 -1 4 0 0.0114 -0.1316 34404.7 77370.6 -1
46 10037 -1 4 0 0.0114 -0.1316 34404.7 77370.6 -1
46 10038 -1 4 0 0.0114 -0.1316 34404.7 77370.6 -1
46 10041 -1 4 0 0.0114 -0.1316 34404.7 77370.6 -1
46 10043 -1 4 0 0.0114 -0.1316 34404.7 77370.6 -1
46 10044 -1 4 0 0.0114 -0.1316 34404.7 77370.6 -1
46 10045 -1 4 0 0.0114 -0.1316 34404.7 77370.6 -1
46 10046 -1 4 0 0.0114 -0.1316 34404.7 77370.6 -1
46 10047 -1 4 0 0.0114 -0.1316 34404.7 77370.6 -1
46 10048 -1 4 0 0.0114 -0.1316 34404.7 77370.6 -1
46 10049 -1 4 0 0.0114 -0.1316 34404.7 77370.6 -1
46 10050 -1 4 0 0.0114 -0.1316 34404.7 77370.6 -1
46 10051 -1 4 0 0.0114 -0.1316 34404.7 77370.6 -1
46 10052 -1 4 0 0.0114 -0.1316 34404.7 77370.6 -1
46 10053 -1 4 0 0.0114 -0.1316 34404.7 77370.6 -1
46 10054 -1 4 0 0.0114 -0.1316 34404.7 77370.6 -1
46 10055 -1 4 0 0.0114 -0.1316 34404.7 77370.6 -1
46 10056 -1 4 0 0.0114 -0.1316 34404.7 77370.6 -1
46 10057 -1 4 0 0.0114 -0.1316 34404.7 77370.6 -1
46 10058 -1 4 0 0.0114 -0.1316 34404.7 77370.6 -1
46 10059 -1 4 0 0.0114 -0.1316 34404.7 77370.6 -1
46 10060 -1 4 0 0.0114 -0.1316 34404.7 77370.6 -1
46 10061 -1 4 0 0.0114 -0.1316 34404.7 77370.6 -1
46 10062 -1 4 0 0.0114 -0.1316 34404.7 77370.6 -1
46 10063 -1 4 0 0.0114 -0.1316 34404.7 77370.6 -1
46 10064 -1 4 0 0.0114 -0.1316 34404.7 77370.6 -1
46 10065 -1 4 0 0.0114 -0.1316 34404.7 77370.6 -1
46 10066 -1 4 0 0.0114 -0.1316 34404.7 77370.6 -1
46 10067 -1 4 0 0.0114 -0.1316 34404.7 77370.6 -1
46 10068 -1 4 0 0.0114 -0.1316 34404.7 77370.6 -1
46 10069 -1 4 0 0.0114 -0.1316 34404.7 77370.6 -1
46 10070 -1 4 0 0.0114 -0.1316 34404.7 77370.6 -1
46 10071 -1 4 0 0.0114 -0.1316 34404.7 77370.6 -1
46 10072 -1 4 0 0.0114 -0.1316 34404.7 77370.6 -1
46 10073 -1 4 0 0.0114 -0.1316 34404.7 77370.6 -1
46 10074 -1 4 0 0.0114 -0.1316 34404.7 77370.6 -1
46 10075 -1 4 0 0.0114 -0.1316 34404.7 77370.6 -1
46 10076 -1 4 0 0.0114 -0.1316 34404.7 77370.6 -1
46 10077 -1 4 0 0.0114 -0.1316 34404.7 77370.6 -1
46 10078 -1 4 0 0.0114 -0.1316 34404.7 77370.6 -1
46 10079 -1 4 0 0.0114 -0.1316 34404.7 77370.6 -1
46 10080 -1 4 0 0.0114 -0.1316 34404.7 77370.6 -1
46 10081 -1 4 0 0.0114 -0.1316 34404.7 77370.6 -1
46 10082 -1 4 0 0.0114 -0.1316 34404.7 77370.6 -1
46 10083 -1 4 0 0.0114 -0.1316 34404.7 77370.6 -1
46 10084 -1 4 0 0.0114 -0.1316 34404.7 77370.6 -1
46 10085 -1 4 0 0.0114 -0.1316 34404.7 77370.6 -1
46 4283 -1 4 0 -0.015 0.2988 19681.8 83843.7 -1
46 14676 -1 5 0 0.1301 -0.2767 89712.8 15166.5 -1
46 4716 -1 6 0 -0.1517 -0.1271 75783.1 39964.9 -1
47 13106 -1 3 0 0.5899 -0.6887 110904 22540.9 -1
47 16229 -1 3 0 0.3495 -0.2849 97902.5 69793.7 -1
47 2440 -1 3 0 -0.1698 0.0335 81614.8 27580.8 -1
47 4289 -1 3 0 -0.0303 -0.1561 57791.5 83525.1 -1
47 10026 -1 4 0 0.0123 -0.1317 34374.5 78329 -1
47 10027 -1 4 0 0.0123 -0.1317 34374.5 78329 -1
47 10028 -1 4 0 0.0123 -0.1317 34374.5 78329 -1
47 10029 -1 4 0 0.0123 -0.1317 34374.5 78329 -1
47 10030 -1 4 0 0.0123 -0.1317 34374.5 78329 -1
47 10031 -1 4 0 0.0123 -0.1317 34374.5 78329 -1
47 10033 -1 4 0 0.0123 -0.1317 34374.5 78329 -1
47 10034 -1 4 0 0.0123 -0.1317 34374.5 78329 -1
47 10036 -1 4 0 0.0123 -0.1317 34374.5 78329 -1
47 10037 -1 4 0 0.0123 -0.1317 34374.5 78329 -1
47 10038 -1 4 0 0.0123 -0.1317 34374.5 78329 -1
47 10041 -1 4 0 0.0123 -0.1317 34374.5 78329 -1
47 10043 -1 4 0 0.0123 -0.1317 34374.5 78329 -1
47 10044 -1 4 0 0.0123 -0.1317 34374.5 78329 -1
47 10045 -1 4 0 0.0123 -0.1317 34374.5 78329 -1
47 10046 -1 4 0 0.0123 -0.1317 34374.5 78329 -1
47 10047 -1 4 0 0.0123 -0.1317 34374.5 78329 -1
47 10048 -1 4 0 0.0123 -0.1317 34374.5 78329 -1
47 10049 -1 4 0 0.0123 -0.1317 34374.5 78329 -1
47 10050 -1 4 0 0.0123 -0.1317 34374.5 78329 -1
47 10051 -1 4 0 0.0123 -0.1317 34374.5 78329 -1
47 10052 -1 4 0 0.0123 -0.1317 34374.5 78329 -1
47 10053 -1 4 0 0.0123 -0.1317 34374.5 78329 -1
47 10054 -1 4 0 0.0123 -0.1317 34374.5 78329 -1
47 10055 -1 4 0 0.0123 -0.1317 34374.5 78329 -1
47 10056 -1 4 0 0.0123 -0.1317 34374.5 78329 -1
47 10057 -1 4 0 0.0123 -0.1317 34374.5 78329 -1
47 10058 -1 4 0 0.0123 -0.1317 34374.5 78329 -1
47 10059 -1 4 0 0.0123 -0.1317 34374.5 78329 -1
47 10060 -1 4 0 0.0123 -0.1317 34374.5 78329 -1
47 10061 -1 4 0 0.0123 -0.1317 34374.5 78329 -1
47 10062 -1 4 0 0.0123 -0.1317 34374.5 78329 -1
47 10063 -1 4 0 0.0123 -0.1317 34374.5 78329 -1
47 10064 -1 4 0 0.0123 -0.1317 34374.5 78329 -1
47 10065 -1 4 0 0.0123 -0.1317 34374.5 78329 -1
47 10066 -1 4 0 0.0123 -0.1317 34374.5 78329 -1
47 10067 -1 4 0 0.0123 -0.1317 34374.5 78329 -1
47 10068 -1 4 0 0.0123 -0.1317 34374.5 78329 -1
47 10069 -1 4 0 0.0123 -0.1317 34374.5 78329 -1
47 10070 -1 4 0 0.0123 -0.1317 34374.5 78329 -1
47 10071 -1 4 0 0.0123 -0.1317 34374.5 78329 -1
47 10072 -1 4 0 0.0123 -0.1317 34374.5 78329 -1
47 10073 -1 4 0 0.0123 -0.1317 34374.5 78329 -1
47 10074 -1 4 0 0.0123 -0.1317 34374.5 78329 -1
47 10075 -1 4 0 0.0123 -0.1317 34374.5 78329 -1
47 10076 -1 4 0 0.0123 -0.1317 34374.5 78329 -1
47 10077 -1 4 0 0.0123 -0.1317 34374.5 78329 -1
47 10078 -1 4 0 0.0123 -0.1317 34374.5 78329 -1
47 10079 -1 4 0 0.0123 -0.1317 34374.5 78329 -1
47 10080 -1 4 0 0.0123 -0.1317 34374.5 78329 -1
47 10081 -1 4 0 0.0123 -0.1317 34374.5 78329 -1
47 10082 -1 4 0 0.0123 -0.1317 34374.5 78329 -1
47 10083 -1 4 0 0.0123 -0.1317 34374.5 78329 -1
47 10084 -1 4 0 0.0123 -0.1317 34374.5 78329 -1
47 10085 -1 4 0 0.0123 -0.1317 34374.5 78329 -1
47 14676 -1 5 0 0.1314 -0.2749 89745.9 18572.5 -1
47 4716 -1 6 0 -0.1508 -0.1282 75840.4 44193.4 -1
48 2497 1066001 1 1039663 -0.46608 -0.35329 55727.2 81023.7 122
48 8057 2211480 3 224712 0.05575 0.16217 41575.4 37082.3 116
48 4289 -1 3 0 -0.0316 -0.1557 57330.3 83299.6 -1
48 1264 3187328 4 82591 0.14907 0.28447 24465.5 71065 32
48 4716 -1 6 0 -0.152 -0.1266 74765.1 39204.5 -1
49 2497 -1 1 0 -0.4624 -0.3579 52590.6 81769.7 -1
49 13592 1433618 2 337779 0.02332 0.18891 81058.8 85455.4 56
49 8057 -1 3 0 0.0546 0.1626 39411.6 35276.7 -1
49 742 2296860 3 89340 0.31839 -0.10579 109038 72386.9 62
49 1264 -1 4 0 0.1504 0.2831 21799.3 70522.7 -1
49 10651 3679799 4 340214 -0.43085 -0.08877 29563.8 83376.9 76
49 15446 5229358 5 1035070 0.36656 -0.72456 42453.7 25553.4 94
49 2925 6005200 6 929949 -0.2325 -0.88141 73543.9 48316.1 82
49 2926 5310897 6 13739 -0.15909 -0.83788 56297.7 44899.7 26
50 14994 2226593 3 239825 0.26272 -0.27169 112640 47036.2 74
50 2497 -1 3 0 -0.4583 -0.3628 58781 5864.2 -1
50 8057 -1 3 0 0.0532 0.1634 44342.1 36620.6 -1
50 742 -1 3 0 0.3192 -0.1023 113020 75015.7 -1
50 1264 -1 4 0 0.1506 0.2838 27023.3 72236.8 -1
50 13592 -1 4 0 0.0256 0.1888 86405.6 8500.4 -1
50 15446 -1 5 0 0.3686 -0.7221 47163.9 29152.2 -1
50 10651 -1 6 0 -0.4311 -0.0884 36241.9 9282.9 -1
50 2925 -1 6 0 -0.2299 -0.8839 80031.3 52522.3 -1
50 2926 -1 6 0 -0.1571 -0.8384 62605.4 48884 -1
51 2497 -1 1 0 -0.4589 -0.3599 57238.2 82992.7 -1
51 859 231708 1 231708 0.28176 -0.31537 75717.3 41798.7 10
51 13592 -1 2 0 0.0244 0.1884 84238.9 85045.3 -1
51 14994 -1 3 0 0.2613 -0.2729 110607 46769.2 -1
51 8057 -1 3 0 0.054 0.163 42421.2 36342.1 -1
51 742 -1 3 0 0.3189 -0.1039 111084 74603.1 -1
51 1264 -1 4 0 0.1492 0.284 24267.2 71271.1 -1
51 10651 -1 4 0 -0.4308 -0.0914 33730.6 85305 -1
51 15446 -1 5 0 0.3682 -0.7218 44195.8 26456 -1
51 18312 4410706 5 216418 0.4409 0.23695 107036 40202.8 80
51 2831 5471264 6 390477 -0.49459 -0.63741 87349.7 20951.6 42
51 2925 -1 6 0 -0.2258 -0.8817 77526.5 50161.8 -1
51 2926 -1 6 0 -0.1548 -0.8383 60054.2 46429.9 -1
52 14531 91362 1 91362 -0.10831 -0.17518 103707 71293.9 132
52 859 -1 1 0 0.2807 -0.3148 77738 44573.2 -1
52 11804 2647496 3 439976 0.00544 -0.27864 79551.2 41160.7 122
52 14994 -1 3 0 0.2622 -0.2724 112965 48902.7 -1
52 1520 2408256 3 200736 0.36452 -0.18404 128587 32347 24
52 3338 1998268 3 11500 -0.32767 0.20892 80751.6 42038.2 20
52 5913 2620810 3 413290 0.16941 -0.31792 114062 29401.6 50
52 742 -1 3 0 0.3192 -0.1032 113202 76299.7 -1
52 5646 3290946 4 198536 0.16376 -0.61766 12308.3 27623.2 14
52 10651 -1 4 0 -0.4316 -0.0886 38556.4 87909.4 -1
52 13592 -1 4 0 0.0256 0.1882 87386.9 9597.8 -1
52 15446 -1 5 0 0.3704 -0.7239 47076.9 31852.1 -1
52 18312 -1 5 0 0.4407 0.2373 109695 42921 -1
52 2831 -1 6 0 -0.4957 -0.6358 92125.5 26105.5 -1
52 2925 -1 6 0 -0.2278 -0.8864 81664.9 56126.6 -1
52 2926 -1 6 0 -0.1569 -0.8416 63970.4 52273.6 -1
53 14531 -1 1 0 -0.1085 -0.175 102132 69246.7 -1
53 859 -1 1 0 0.2806 -0.3155 75793.3 42695 -1
53 11804 -1 3 0 0.0032 -0.2786 77487.8 40806.1 -1
53 14994 -1 3 0 0.2603 -0.2742 110745 48270.7 -1
53 3338 -1 3 0 -0.326 0.2117 78966.3 41269.6 -1
53 5913 -1 3 0 0.1668 -0.3192 111762 28804.9 -1
53 11975 2415433 3 207913 0.12862 -0.2426 62060.3 34105.1 88
53 1520 -1 4 0 0.3645 -0.1839 6173.4 30485.3 -1
53 5646 -1 4 0 0.1644 -0.6175 10584.8 25534.2 -1
53 18312 -1 5 0 0.443 0.2335 109097 37336.5 -1
53 2831 -1 6 0 -0.5003 -0.6329 91575.4 20769.1 -1
54 14531 -1 1 0 -0.1078 -0.1764 102208 72501.4 -1
54 859 -1 1 0 0.283 -0.3151 74748.4 46273.6 -1
54 15605 1173409 2 74148 -0.01209 0.26911 38016.7 64360.6 28
54 11804 -1 3 0 0.0055 -0.2764 76977.8 40160.5 -1
54 1520 -1 3 0 0.3647 -0.1832 124532 31058.5 -1
54 3338 -1 3 0 -0.3282 0.211 79513.1 39095.1 -1
54 3662 2414089 3 146391 -0.51844 0.06683 126279 15259.7 72
54 5913 -1 3 0 0.1686 -0.3175 110802 28639.2 -1
54 11975 -1 3 0 0.1308 -0.2416 61231.1 33194.1 -1
54 5646 -1 4 0 0.1676 -0.6115 9302.4 26905.3 -1
54 18312 -1 5 0 0.4406 0.236 105945 41671.5 -1
54 2831 -1 6 0 -0.4961 -0.6355 91666.7 27943.1 -1
55 14531 -1 1 0 -0.1069 -0.1755 99012.7 70558.4 -1
55 15605 -1 2 0 -0.0119 0.2691 36351.7 64002.6 -1
55 11804 -1 3 0 0.0047 -0.2782 74740.6 40085.4 -1
55 1520 -1 3 0 0.3641 -0.1841 121980 30750.4 -1
55 3338 -1 3 0 -0.3272 0.21 77553.9 38594.3 -1
55 3662 -1 3 0 -0.5187 0.0687 124422 14737.6 -1
55 5913 -1 3 0 0.1685 -0.3175 108401 28489.8 -1
55 11975 -1 3 0 0.1305 -0.2418 58873 33114 -1
55 5646 -1 4 0 0.1645 -0.6166 6814.2 27334.8 -1
56 15605 -1 2 0 -0.0129 0.2688 40122.3 64534 -1
56 13311 2040685 3 53917 -0.42355 0.28441 66593.8 58994 24
56 11975 -1 3 0 0.1314 -0.2416 62142.5 34139.4 -1
56 3662 -1 4 0 -0.5181 0.0656 9799.6 15257.9 -1
57 15605 -1 2 0 -0.009 0.2693 39354.8 62375 -1
57 13311 -1 3 0 -0.4179 0.2921 67193.4 58105.7 -1
57 3662 -1 4 0 -0.5172 0.0719 9493.2 13832.7 -1
58 11545 1264403 1 1169701 0.47118 0.18671 107289 77312.5 98
58 3990 323110 1 323110 0.26258 -0.65129 68322.1 86166.7 40
58 1835 1119785 2 17019 0.81883 0.21575 37186.6 45042.8 38
58 5793 1807800 2 708645 0.49127 0.43378 81703.3 73109.8 72
58 13311 -1 3 0 -0.4254 0.2832 65782 54795.6 -1
59 11545 -1 1 0 0.4723 0.184 108792 78291.7 -1
59 1835 -1 2 0 0.8193 0.2135 37862.8 46860.1 -1
59 5793 -1 2 0 0.4926 0.4324 82726.9 74593.1 -1
59 13311 -1 3 0 -0.4222 0.2882 68732.6 56161.1 -1
59 3990 -1 3 0 0.2585 -0.6524 70259.7 8770.3 -1
59 4009 2327588 3 94852 -0.302 -0.18591 47726.1 74046.8 116
59 16944 3359235 4 271980 -0.35088 -0.20764 54552.1 60573.2 66
59 7069 3892227 4 794873 -0.58461 -0.48396 28961.7 9435.82 38
59 6569 4573203 5 378915 -0.04274 -0.08372 95796.6 13923.9 228
60 11545 -1 1 0 0.473 0.1826 108768 77291.1 -1
60 1835 -1 2 0 0.8185 0.2162 36017.8 45040 -1
60 1943 1600753 2 493274 0.22077 0.35852 72870.1 67804.5 64
60 5793 -1 2 0 0.4908 0.4326 81820.2 72264.5 -1
60 3990 -1 3 0 0.2626 -0.6508 70409.8 13087.7 -1
60 4009 -1 3 0 -0.3011 -0.1876 49372.6 76801 -1
60 10880 3638058 4 590846 -0.46945 0.22277 62387.5 14564.6 68
60 16944 -1 4 0 -0.3507 -0.208 56338.4 63553.4 -1
60 7069 -1 4 0 -0.5853 -0.4838 31498.3 13283.5 -1
60 6569 -1 5 0 -0.0431 -0.0836 96460.5 10371.6 -1
61 11545 -1 1 0 0.4745 0.1802 111107 79082.3 -1
61 1835 -1 2 0 0.8183 0.2171 37609.5 47592.9 -1
61 1943 -1 2 0 0.2201 0.3586 74900.1 70283.4 -1
61 5793 -1 2 0 0.4908 0.4344 83617.1 74704.1 -1
61 3990 -1 3 0 0.2491 -0.6565 71017.3 16414.9 -1
61 11332 2737395 3 693413 0.88932 0.02432 122401 77240.4 28
61 17762 2760829 3 544392 0.00614 -0.06134 94999.4 82326.2 190
61 4009 -1 3 0 -0.3041 -0.1819 51604.3 80109.9 -1
61 10880 -1 4 0 -0.4668 0.2283 64648 15549.7 -1
61 16944 -1 4 0 -0.3532 -0.2039 59072.4 64958.9 -1
61 7069 -1 4 0 -0.5905 -0.4765 33857.4 15215.6 -1
61 5533 4016109 5 42573 0.59355 -1.04758 47153.3 51753 18
61 6569 -1 5 0 -0.0431 -0.0833 98834.5 15534.1 -1
61 2741 5426241 6 383469 -0.06504 -0.13165 17431.1 13401.7 238
62 1943 -1 2 0 0.22 0.3587 70027.6 69008.8 -1
62 11332 -1 3 0 0.8883 0.0355 114961 74888.3 -1
62 17762 -1 3 0 0.0072 -0.0612 89682.1 79755.5 -1
62 4009 -1 3 0 -0.3009 -0.1882 47131 77109.3 -1
62 10880 -1 4 0 -0.4662 0.2294 62356.8 13064.4 -1
62 16944 -1 4 0 -0.3537 -0.2033 56425.3 63679.2 -1
62 7069 -1 4 0 -0.5909 -0.4748 31870.9 14703.7 -1
62 5533 -1 5 0 0.601 -1.044 40866.2 53715.9 -1
62 6569 -1 5 0 -0.0425 -0.0839 94444.5 15389.8 -1
62 2174 4664857 6 31130 0.14914 -0.13064 49200.6 50388 106
62 2741 -1 6 0 -0.0643 -0.1325 13786.7 13482.5 -1
63 1943 -1 2 0 0.2182 0.3605 70052.1 67116.4 -1
63 11332 -1 3 0 0.8867 0.0453 113258 73829.9 -1
63 17762 -1 3 0 0.0076 -0.0611 88681.3 78623 -1
63 10880 -1 4 0 -0.4687 0.2256 62399.4 11058.1 -1
63 5533 -1 5 0 0.6025 -1.0424 39411.7 53020.3 -1
63 2174 -1 6 0 0.1495 -0.1304 47602 49250.8 -1
63 2741 -1 6 0 -0.064 -0.1325 12458 12275.2 -1
64 7476 1014284 1 1014284 0.48735 -0.49074 124643 80950.1 92
64 11332 -1 3 0 0.8896 0.0246 111368 74631.2 -1
64 17762 -1 3 0 0.006 -0.0614 88947.1 80227 -1
64 11565 3141998 4 55670 0.26203 -0.30616 80200.3 60309.9 74
64 6026 4635277 5 440989 0.2341 0.04295 69540.7 40857.5 52
64 5533 -1 5 0 0.5899 -1.0523 37196.9 58092.4 -1
64 2174 -1 6 0 0.1479 -0.1324 46543.2 50320.3 -1
64 2741 -1 6 0 -0.0655 -0.1318 11492 13712.4 -1
65 7476 -1 2 0 0.49 -0.4879 5883.9 80140.3 -1
65 11565 -1 4 0 0.2649 -0.3051 81083.2 62240.1 -1
65 6026 -1 5 0 0.234 0.043 71793.9 40401 -1
65 2221 4430507 5 15467 -0.21943 -0.05843 50950.6 42940.7 148
65 2174 -1 6 0 0.1481 -0.1321 48627 50070.2 -1
66 17083 278656 1 278656 0.09597 -0.22253 120811 61293.7 160
66 7476 -1 1 0 0.4932 -0.4863 124390 81780.5 -1
66 11565 -1 4 0 0.2684 -0.3014 79281.5 62279.8 -1
66 14296 4377915 5 183487 0.0773 -0.19506 46337.3 24403 172
66 6026 -1 5 0 0.2337 0.0442 70205.6 39370.6 -1
66 2221 -1 5 0 -0.2187 -0.0592 51022.7 42207.8 -1
67 17083 -1 1 0 0.095 -0.223 121075 63653 -1
67 7476 -1 1 0 0.4901 -0.4871 124397 84363.9 -1
67 11565 -1 4 0 0.2654 -0.3033 80315.6 65088.9 -1
67 14296 -1 5 0 0.0773 -0.1949 47883.6 26189.4 -1
67 6026 -1 5 0 0.2335 0.0442 71618.9 40965.6 -1
67 2221 -1 5 0 -0.2189 -0.0592 52810.3 43885 -1
68 17083 -1 1 0 0.0957 -0.2226 121801 60889.5 -1
68 1258 3704984 3 1262511 0.22617 -0.66299 101512 29580.1 30
68 1260 3704984 3 1262511 0.22617 -0.66299 101512 29580.1 30
68 14296 -1 5 0 0.0788 -0.1948 45188.4 23911.2 -1
68 2221 -1 5 0 -0.2183 -0.0596 50720.4 41294.2 -1
69 17083 -1 1 0 0.093 -0.2238 119942 61640.3 -1
69 2377 1131775 2 30029 0.05454 0.28889 63128.6 48501.5 62
69 1258 -1 3 0 0.2195 -0.6653 100189 29215.7 -1
69 1260 -1 3 0 0.2195 -0.6653 100189 29215.7 -1
69 2081 3352824 4 32982 -0.23804 -0.02214 31913.9 49222.9 112
69 14296 -1 5 0 0.0777 -0.1949 45769.1 25312.1 -1
70 2377 -1 2 0 0.0559 0.289 62898 49073.6 -1
70 10365 2813584 3 385312 -0.29944 -0.0243 97389 18679.5 170
70 1258 -1 3 0 0.2152 -0.6675 99983.3 33216.2 -1
70 1260 -1 3 0 0.2152 -0.6675 99983.3 33216.2 -1
70 2081 -1 4 0 -0.2381 -0.0188 33501.6 50704.6 -1
70 11788 4440959 5 25919 0.07169 -0.23772 96053.2 51013.5 66
70 12466 4975305 5 373774 -0.34666 -0.09951 48228.2 15011.4 130
70 12956 4781152 5 145360 0.24594 0.13882 114499 12780.5 46
71 2377 -1 2 0 0.0498 0.2894 60616.6 46357.7 -1
71 10365 -1 3 0 -0.2988 -0.0308 95360.1 16908.6 -1
71 1258 -1 3 0 0.2296 -0.6627 97210.3 32017.6 -1
71 1260 -1 3 0 0.2296 -0.6627 97210.3 32017.6 -1
71 12956 -1 3 0 0.2434 0.143 112297 88383.3 -1
71 2081 -1 4 0 -0.238 -0.0231 30099.1 50705.6 -1
71 11788 -1 5 0 0.0748 -0.2369 92306.6 48348.1 -1
71 12466 -1 5 0 -0.3452 -0.104 45308.1 11600.4 -1
71 15018 5244917 5 422199 -0.0491 0.12429 84258 28198.8 156
71 14898 6315937 6 604895 -0.52912 -0.23122 56574.3 22854.1 118
72 2377 -1 2 0 0.0561 0.2881 59994.4 47251.2 -1
72 10365 -1 3 0 -0.2992 -0.0246 96602.5 20301.1 -1
72 2103 3887391 4 571272 -0.21106 -0.60119 48276.9 8797.86 54
72 2081 -1 4 0 -0.238 -0.0214 33219.3 51369.8 -1
72 11788 -1 5 0 0.0707 -0.2379 96304.9 51672.4 -1
72 12466 -1 5 0 -0.3465 -0.0975 49897 15274.2 -1
72 12956 -1 5 0 0.2465 0.1384 113990 11981.4 -1
72 2870 4976122 5 357836 -0.15474 -0.1131 50964.2 8599.85 138
72 15018 -1 5 0 -0.047 0.1251 88279.5 30604.1 -1
72 14898 -1 6 0 -0.5322 -0.2225 61292.9 24797.7 -1
73 2103 -1 2 0 -0.2045 -0.6037 48496 84289.4 -1
73 11896 1635298 2 316603 0.11403 0.16041 9663.58 80167.2 132
73 10365 -1 3 0 -0.2991 -0.0297 98269.5 17970.5 -1
73 2870 -1 3 0 -0.1525 -0.1161 50734.8 84445.5 -1
73 16671 2905274 3 472325 0.84033 -0.26308 83253.5 56887.1 114
73 11788 -1 5 0 0.0744 -0.2374 94914.5 49935.7 -1
73 12466 -1 5 0 -0.3453 -0.1028 49341.9 12798.5 -1
73 12956 -1 5 0 0.2449 0.1416 112987 10159.7 -1
73 15018 -1 5 0 -0.0486 0.1247 87272.3 28458.7 -1
73 14898 -1 6 0 -0.5294 -0.2291 61072.8 24081.6 -1
74 11896 -1 2 0 0.1157 0.1592 11020.3 82043.8 -1
74 2870 -1 3 0 -0.1522 -0.1161 52623.7 82762.5 -1
74 16671 -1 3 0 0.8417 -0.2646 81966.4 55668.5 -1
74 10532 3312318 4 1038 -0.34507 0.22873 56732.8 36641 72
74 2103 -1 4 0 -0.2052 -0.6007 51865 7350.1 -1
74 9386 3798710 4 490772 -0.12327 -0.33792 78657.3 67157.2 128
74 15018 -1 5 0 -0.0484 0.1253 90348.3 28768.9 -1
74 14898 -1 6 0 -0.5292 -0.2258 66522.2 25381.7 -1
75 11896 -1 2 0 0.1155 0.1593 9729.2 81829.2 -1
75 2870 -1 3 0 -0.1535 -0.1137 52126 84958.2 -1
75 16671 -1 3 0 0.8388 -0.274 80335.6 57663.7 -1
75 10532 -1 4 0 -0.3407 0.2355 55529.6 38308.9 -1
75 2103 -1 4 0 -0.2168 -0.6014 49992.4 9792.4 -1
75 9386 -1 4 0 -0.1298 -0.3354 77874.5 68878.3 -1
75 12364 7829930 6 1200083 0.4614 0.00553 50905.4 17492.3 226
75 14658 6877087 6 24388 -0.11083 0.31659 33699.4 42064.5 138
75 295 6999937 6 151357 -0.12773 -0.06313 56666 15275.5 130
76 11896 -1 2 0 0.1158 0.1589 9865.5 83736.6 -1
76 351 2279838 3 72318 0.14884 -0.31555 123977 68826.1 76
76 16671 -1 3 0 0.8389 -0.2703 78127.8 59402 -1
76 10532 -1 4 0 -0.3411 0.2376 57178.8 39417.8 -1
76 17398 3096265 4 5835 0.07034 0.29898 13309.6 39050.7 68
76 17399 3096265 4 5835 0.07034 0.29898 13309.6 39050.7 68
76 6755 3459171 4 141096 -0.0942 -0.38441 41779.8 8945.03 76
76 9386 -1 4 0 -0.1294 -0.3362 78884.4 71525 -1
76 12364 -1 6 0 0.4608 0.0072 51047.4 18864.9 -1
76 14658 -1 6 0 -0.1119 0.3156 35109.8 42707 -1
76 295 -1 6 0 -0.1274 -0.0636 58210.9 16835.7 -1
77 351 -1 3 0 0.1486 -0.3155 123538 66201.2 -1
77 10532 -1 4 0 -0.3421 0.2347 56009.3 36603 -1
77 17398 -1 4 0 0.0685 0.2994 11802.2 35926.1 -1
77 17399 -1 4 0 0.0685 0.2994 11802.2 35926.1 -1
77 6755 -1 4 0 -0.092 -0.385 40581.3 6554.5 -1
77 9386 -1 4 0 -0.1268 -0.3369 77348.5 69314.9 -1
77 12364 -1 6 0 0.4613 0.0039 49126.1 17323.3 -1
77 14658 -1 6 0 -0.1099 0.3172 33837.9 41018.3 -1
77 295 -1 6 0 -0.1277 -0.0629 56755.8 15294.9 -1
78 351 -1 3 0 0.1482 -0.3153 122277 68517.6 -1
78 12552 3779952 4 29273 -0.11173 -0.36304 74939.6 46562.8 202
78 17398 -1 4 0 0.0673 0.3001 10703.5 36627.4 -1
78 17399 -1 4 0 0.0673 0.3001 10703.5 36627.4 -1
78 6755 -1 4 0 -0.0907 -0.3858 39993.5 8959.7 -1
78 12364 -1 6 0 0.4615 0.008 45873.4 16603.4 -1
78 14658 -1 6 0 -0.1132 0.3144 31920.3 39235.4 -1
78 295 -1 6 0 -0.1273 -0.0642 55132.3 14855.4 -1
79 351 -1 3 0 0.1478 -0.3151 126271 70286.7 -1
79 12552 -1 4 0 -0.1079 -0.3643 78748 47864.4 -1
79 17398 -1 4 0 0.0644 0.3007 14488.2 36694.6 -1
79 17399 -1 4 0 0.0644 0.3007 14488.2 36694.6 -1
79 6755 -1 4 0 -0.087 -0.387 44196.9 9914.2 -1
80 17864 2956313 2 1380296 -0.18168 -0.4531 57106 79155.8 54
80 12552 -1 4 0 -0.106 -0.3644 76120.1 49112.2 -1
80 3344 4655642 4 455714 -0.00243 -0.10742 69068.4 44857.7 182
81 17864 -1 2 0 -0.1849 -0.4517 59142 79982.7 -1
81 7906 1652063 2 334996 0.26668 0.06031 58589.5 85123.8 52
81 12552 -1 4 0 -0.114 -0.3611 78231.3 49117.2 -1
81 3344 -1 4 0 -0.005 -0.1073 70992.1 44819.3 -1
82 17864 -1 2 0 -0.1861 -0.4524 59981.8 82530.8 -1
82 1543 2620138 3 120371 -0.00243 0.33148 68514.1 1921.04 40
82 3344 -1 4 0 -0.0047 -0.1075 71479.9 44243.6 -1
82 7906 -1 4 0 0.2673 0.0579 58767.8 6709.6 -1
82 17065 5763904 6 26363 0.07725 -0.04527 70155.2 47046.9 212
83 1543 -1 1 0 -0.0032 0.3316 67357.2 79199.7 -1
83 17864 -1 2 0 -0.1872 -0.451 58319 80667 -1
83 7906 -1 2 0 0.267 0.0581 55845.6 83633.7 -1
83 9713 2759637 3 321970 0.03012 -0.14484 47643.7 81653.2 196
83 3344 -1 4 0 -0.0045 -0.1075 69236.9 42831.5 -1
83 17065 -1 6 0 0.0771 -0.0454 67569.9 45467.3 -1
84 1543 -1 1 0 -0.0049 0.3316 68180.9 79355.6 -1
84 2106 1149261 1 1127150 0.42503 0.07124 83892.6 65792.4 96
84 1725 1580122 2 261938 0.06433 0.11672 81283.5 55086.8 140
84 10911 2922843 3 494571 0.07099 -0.31933 114442 77953.4 94
84 9713 -1 3 0 0.0312 -0.1446 48671.5 82883.1 -1
84 16352 3769996 4 239024 -0.09565 -0.1851 39573.8 41819.1 146
84 6719 3754347 4 222315 -0.1917 -0.11131 55152.8 40163.8 206
84 7906 -1 4 0 0.2667 0.0591 57504.1 6229.6 -1
84 8629 5329667 5 680124 -0.29789 -0.40388 87009.7 50205.6 128
84 15911 6158895 6 196625 0.32991 -0.312 17167.9 30263.1 104
84 17065 -1 6 0 0.0774 -0.0451 69426.4 47275.4 -1
85 1543 -1 1 0 -0.0048 0.332 69772.8 78607.5 -1
85 2106 -1 1 0 0.4251 0.0707 85122.2 65248.5 -1
85 1725 -1 2 0 0.0637 0.1171 82107.2 53670.4 -1
85 10911 -1 3 0 0.0688 -0.3197 116098 79726.4 -1
85 9713 -1 3 0 0.0301 -0.1448 50396 84950.1 -1
85 16352 -1 4 0 -0.0947 -0.1856 39881 42982.3 -1
85 6719 -1 4 0 -0.191 -0.1123 55546.1 41349.1 -1
85 8629 -1 5 0 -0.2989 -0.4029 89205.2 45009 -1
85 15911 -1 6 0 0.3291 -0.3132 16867.2 24970.9 -1
85 17065 -1 6 0 0.0773 -0.0452 69373.4 41633.3 -1
86 2106 -1 1 0 0.4245 0.0734 82118.2 64035.7 -1
86 1725 -1 2 0 0.0631 0.1169 81040 53359.4 -1
86 10911 -1 3 0 0.0664 -0.3198 115033 78991.3 -1
86 6626 3237116 3 588092 -0.43364 -0.50992 100671 18359.9 62
86 9713 -1 3 0 0.0289 -0.146 49517.3 84155.7 -1
86 14661 3547151 4 16037 0.03509 -0.25823 49495.4 44011.3 126
86 16352 -1 4 0 -0.0946 -0.1852 38361.7 42556.5 -1
86 6719 -1 4 0 -0.1909 -0.113 54269.9 40736.2 -1
86 905 3900659 4 138405 0.06311 0.18946 80616.3 11039 122
86 8629 -1 5 0 -0.3002 -0.4023 87810 45840.8 -1
86 15911 -1 6 0 0.329 -0.3121 14734.8 25016.7 -1
87 2106 -1 1 0 0.4269 0.0626 82473.6 65923.9 -1
87 1725 -1 2 0 0.0649 0.1163 80900.2 53717.4 -1
87 10911 -1 3 0 0.0638 -0.3187 116368 80539.1 -1
87 6626 -1 3 0 -0.438 -0.5063 101897 20206.8 -1
87 14661 -1 4 0 0.0316 -0.2587 51495.4 44881.3 -1
87 16352 -1 4 0 -0.0969 -0.184 40454.1 43511.3 -1
87 6719 -1 4 0 -0.1929 -0.1086 56404.1 41417.1 -1
87 905 -1 4 0 0.0656 0.1885 82124.7 11128.3 -1
87 8629 -1 5 0 -0.3052 -0.3984 90776.1 47577.5 -1
87 15911 -1 6 0 0.3254 -0.3177 17779 26412.5 -1
88 6626 -1 3 0 -0.4321 -0.5112 99084.6 21110.2 -1
88 14661 -1 4 0 0.0355 -0.258 47890.8 45697 -1
88 2157 3916506 4 398789 -0.25565 0.26155 77893.9 22828.6 80
88 5834 3866993 4 373494 0.26339 -0.13337 81638 16001.5 156
88 905 -1 4 0 0.0628 0.1897 78988.7 11029.4 -1
89 6626 -1 3 0 -0.4375 -0.5075 103020 21590.4 -1
89 14661 -1 4 0 0.0339 -0.2587 50844.5 45608.4 -1
89 2157 -1 4 0 -0.2537 0.2631 80907 22099.4 -1
89 5834 -1 4 0 0.2623 -0.1351 84174.7 15577.6 -1
89 905 -1 4 0 0.064 0.1894 81657.9 10358.9 -1
90 11472 2917833 3 34654 -0.00316 -0.18589 55966 50513.4 176
90 11687 3139746 3 276279 -0.22926 -0.18294 116103 66452.3 106
90 4236 4102754 3 1370560 0.05421 -0.54745 46112.3 82967.9 54
90 12085 4272207 4 303467 -0.39963 0.1356 80049.8 78586.5 92
90 2157 -1 4 0 -0.2536 0.2631 79303.4 21665.9 -1
90 5834 -1 4 0 0.2625 -0.1344 81182.6 16225.5 -1
91 11472 -1 3 0 -0.0034 -0.1861 56203.3 48175.5 -1
91 11687 -1 3 0 -0.2293 -0.1829 116518 64125.6 -1
91 4236 -1 3 0 0.0544 -0.5471 46302 80919.1 -1
91 12085 -1 4 0 -0.4005 0.1331 80073.4 76418.7 -1
91 2157 -1 4 0 -0.2552 0.2628 79550.5 19377.9 -1
91 5834 -1 4 0 0.2635 -0.1339 81031.8 14273.9 -1
92 11472 -1 3 0 -0.0031 -0.1855 57035.1 50760.4 -1
92 11687 -1 3 0 -0.229 -0.1838 118038 66718.4 -1
92 4236 -1 3 0 0.0542 -0.5472 46990.3 84533.7 -1
92 6173 2975049 3 525009 -0.43482 -0.1397 124541 81522.2 50
92 12085 -1 4 0 -0.3999 0.1334 83769.3 77734.5 -1
92 13426 6542095 6 1018274 -0.34424 -0.33372 44516.3 14691.4 98
93 11472 -1 3 0 -0.0022 -0.1858 54814.9 51554.4 -1
93 11687 -1 3 0 -0.2284 -0.184 115967 67635.2 -1
93 4236 -1 3 0 0.0564 -0.5462 44656.4 85601 -1
93 6173 -1 3 0 -0.4344 -0.1408 122604 82416.5 -1
93 12085 -1 4 0 -0.4003 0.1315 81591.9 77816.4 -1
93 13426 -1 6 0 -0.3452 -0.3327 43323.7 13841.8 -1
94 4104 1628363 2 309199 0.24562 0.34626 63793.8 77702.7 128
94 12201 3037716 3 167940 0.20979 -0.10589 53685.7 18046.3 168
94 7484 3190728 3 316652 -0.14051 0.24944 120393 85003.8 110
94 5819 4252977 4 476727 0.24632 0.17145 71507.1 65854.7 34
94 6173 -1 4 0 -0.4349 -0.1412 6889.7 83169.6 -1
94 13426 -1 6 0 -0.3449 -0.3325 47819.7 13443.5 -1
95 4104 -1 2 0 0.2478 0.3448 62423.8 75261.2 -1
95 5763 1624915 2 303598 -0.10569 -0.07794 54174.4 76504.1 232
95 12201 -1 3 0 0.2107 -0.1041 51229.1 12329.4 -1
95 7484 -1 3 0 -0.1427 0.2483 117702 79561.2 -1
95 18056 2823645 3 150914 -0.11701 -0.0448 68024.8 12993.6 148
95 5819 -1 4 0 0.2453 0.1731 69340.7 62349.6 -1
95 6173 -1 4 0 -0.4341 -0.1421 5165.9 79494.9 -1
95 450 5077703 5 221159 -0.07869 -0.18512 62269.8 40352.4 154
95 13426 -1 6 0 -0.3454 -0.3336 45251.6 15127.8 -1
96 15495 252771 1 252771 0.35323 0.06705 121001 54192.9 102
96 4104 -1 2 0 0.2481 0.3413 62634.6 76206.6 -1
96 5763 -1 2 0 -0.1057 -0.0781 55353.5 78618.9 -1
96 12201 -1 3 0 0.2099 -0.1052 50509.1 16045.3 -1
96 7484 -1 3 0 -0.141 0.2502 118456 81920.3 -1
96 18056 -1 3 0 -0.1173 -0.044 68197.4 16413.4 -1
96 5819 -1 4 0 0.2491 0.1691 69712.5 63806.9 -1
96 450 -1 5 0 -0.0789 -0.1854 62485.9 41942.7 -1
97 15495 -1 1 0 0.3529 0.0681 119442 53442 -1
97 4104 -1 2 0 0.2469 0.3452 59943.8 74274.2 -1
97 5763 -1 2 0 -0.1054 -0.0787 52941.7 77007.4 -1
97 12201 -1 3 0 0.2108 -0.1045 47723 14900 -1
97 7484 -1 3 0 -0.1427 0.2488 115515 80922.3 -1
97 18056 -1 3 0 -0.117 -0.045 65680.3 15322.9 -1
97 6334 3036077 3 386379 0.05762 0.37715 61345.9 17351.5 40
97 5819 -1 4 0 0.2483 0.1696 66680.2 62601.3 -1
97 450 -1 5 0 -0.078 -0.1859 59694.5 39916.7 -1
98 15495 -1 1 0 0.3524 0.0667 121633 54970.2 -1
98 5763 -1 2 0 -0.1054 -0.0781 56847.2 79171 -1
98 18056 -1 3 0 -0.1174 -0.0443 70404.3 17582.5 -1
98 6334 -1 3 0 0.0601 0.3768 65586.4 18424.4 -1
98 450 -1 5 0 -0.0791 -0.1858 64185.8 43182.4 -1
99 15495 -1 1 0 0.3525 0.0643 120825 54616.9 -1
99 6334 -1 3 0 0.0658 0.3754 65193.7 18667.1 -1
99 7253 7460203 6 839951 0.25069 -0.40523 74534.1 6699.06 180
100 4416 481719 1 481719 0.11656 -0.28331 89731.1 50314.6 76
100 6334 -1 3 0 0.057 0.378 62783.7 15923.9 -1
100 10905 4902512 4 453972 -0.19962 0.00876 55102.5 58948.9 98
100 4579 4629736 4 156060 0.08922 0.10408 28678.2 11852 162
100 7253 -1 6 0 0.2536 -0.4044 69530.1 12821.2 -1
101 4416 -1 1 0 0.1151 -0.284 91854.2 52858.5 -1
101 3444 2904481 3 34705 0.47502 -0.03576 87506 48132.5 26
101 10905 -1 4 0 -0.1997 0.0088 58605.8 59900.5 -1
101 4579 -1 4 0 0.0892 0.1042 31967.3 12698.4 -1
101 2475 5642693 5 360708 0.10935 0.19996 60684 9035.12 84
101 7253 -1 6 0 0.2523 -0.4064 74081.9 9799.1 -1
102 4416 -1 1 0 0.1176 -0.2833 89708.2 50310.7 -1
102 2475 -1 3 0 0.1071 0.201 58271.4 88047 -1
102 3444 -1 3 0 0.4748 -0.0258 83643.1 45414 -1
102 10905 -1 4 0 -0.2001 0.0052 57542.2 58322.6 -1
102 14082 3972069 4 218209 -0.51968 -0.11369 19994.2 33766.2 72
102 4579 -1 4 0 0.0875 0.1057 30897.7 10342.6 -1
102 10574 6172944 6 211649 0.10698 -0.26212 39676.4 35265.3 112
102 7253 -1 6 0 0.2547 -0.4014 69226.9 13345.8 -1
103 4416 -1 1 0 0.112 -0.2852 89707.5 52283.6 -1
103 4341 323481 1 323481 0.13819 0.49093 98569.7 79141.9 118
103 4825 61193 1 61193 0.24407 0.10114 57921.8 51569.4 126
103 3444 -1 3 0 0.4744 -0.0299 83488.9 47474.3 -1
103 10905 -1 4 0 -0.1993 0.0086 58813 59420.7 -1
103 14082 -1 4 0 -0.5217 -0.104 21086.8 35648.3 -1
103 4579 -1 4 0 0.0896 0.1042 31054.3 11852.7 -1
103 2475 -1 5 0 0.1091 0.2003 58569.7 11808.8 -1
103 10574 -1 6 0 0.104 -0.2636 42445.7 36456.7 -1
104 4341 -1 1 0 0.1324 0.4933 99096.9 79836.7 -1
104 4825 -1 1 0 0.2429 0.1042 58434.9 52677.4 -1
104 3444 -1 3 0 0.4757 -0.0318 84528.2 46781.9 -1
104 14082 -1 4 0 -0.5225 -0.1026 24097.7 35107 -1
104 2475 -1 5 0 0.1099 0.1998 58878.3 7741.2 -1
104 10574 -1 6 0 0.1041 -0.2633 43808.7 33500.2 -1
105 4341 -1 1 0 0.1314 0.4901 97591.1 77224.3 -1
105 4825 -1 1 0 0.2426 0.1047 56900.5 50338.1 -1
105 14082 -1 4 0 -0.522 -0.1056 22788 33084.5 -1
105 6194 7730060 5 886748 0.57268 -0.86716 70013.7 41834.9 90
105 10574 -1 6 0 0.106 -0.2628 40974.4 36572.6 -1
106 4341 -1 1 0 0.132 0.494 98808.8 78102.8 -1
106 4825 -1 1 0 0.2426 0.1043 57820.4 52136.1 -1
106 8488 5242863 5 165567 0.00595 -0.12786 68054.6 18333.6 258
106 6194 -1 5 0 0.5707 -0.8679 70037.4 41431.6 -1
106 5032 6835076 6 433031 -0.06391 0.27009 6771.47 31485.9 72
107 10193 3643127 3 309267 -0.08142 -0.35357 104577 80709.3 70
107 8488 -1 5 0 0.006 -0.1279 68539.9 17723.2 -1
107 6194 -1 5 0 0.5695 -0.8677 70062.8 41424.2 -1
107 5032 -1 6 0 -0.063 0.2702 6644.9 31385.1 -1
108 9620 2198948 2 432052 -0.1596 -0.24722 30941.8 32300.5 122
108 10193 -1 3 0 -0.0763 -0.3538 99910.3 80650.4 -1
108 71 4514380 4 525283 -0.26735 0.09693 25003.3 83500.8 46
108 5032 -1 5 0 -0.0632 0.2696 124129 28147.7 -1
108 8488 -1 5 0 0.0058 -0.128 65735.9 16239 -1
108 6194 -1 5 0 0.5671 -0.8719 65540.9 42231.9 -1
109 9620 -1 2 0 -0.1636 -0.2448 32319.4 43977 -1
109 10193 -1 3 0 -0.0809 -0.3531 102802 82389.5 -1
109 18200 2696285 3 45044 -0.15007 -0.19451 69941.5 56219.8 134
109 71 -1 4 0 -0.2683 0.0939 27143.9 85606 -1
109 8488 -1 5 0 0.0057 -0.1277 68087.8 23107.4 -1
109 5032 -1 6 0 -0.0622 0.27 9356.8 35607.5 -1
109 113 6620493 6 439437 -0.0619 -0.16845 84408.6 40702.8 60
110 9620 -1 2 0 -0.1587 -0.2487 33416 44100.4 -1
110 10193 -1 3 0 -0.078 -0.3543 101466 83847.4 -1
110 18200 -1 3 0 -0.1481 -0.1958 69047.6 56882.3 -1
110 71 -1 4 0 -0.2681 0.0956 26665.7 85503.8 -1
110 113 -1 6 0 -0.0605 -0.169 79588 36296.7 -1
111 9620 -1 2 0 -0.1609 -0.2465 33486.8 44972.6 -1
111 14518 3003487 3 319706 -0.16788 -0.28764 99447.4 83286.2 54
111 18200 -1 3 0 -0.149 -0.1956 72086.3 57705.6 -1
111 71 -1 4 0 -0.2674 0.0976 28264.3 86155.9 -1
111 113 -1 6 0 -0.0607 -0.1688 81726.2 41260.4 -1
112 14518 -1 3 0 -0.1651 -0.2896 94856.4 81801.1 -1
112 18200 -1 3 0 -0.1475 -0.1974 67699.6 55753.6 -1
112 113 -1 6 0 -0.0605 -0.1689 78148.7 34915.6 -1
113 14518 -1 3 0 -0.1675 -0.2884 97018.6 83961.7 -1
113 1568 6379237 6 646882 -0.26556 -0.29219 76570.3 31930.6 50
114 14518 -1 3 0 -0.1636 -0.2902 96059.4 83869.4 -1
114 18479 3997591 4 467956 0.07011 -0.03749 31730.5 60678.8 250
114 1568 -1 6 0 -0.2632 -0.2935 76098.7 32744.4 -1
115 18479 -1 4 0 0.0703 -0.0372 30952.4 57841.8 -1
115 1568 -1 6 0 -0.2637 -0.2929 74426.8 37709.1 -1
116 18479 -1 4 0 0.07 -0.0382 36003.9 60771.3 -1
116 1568 -1 6 0 -0.2675 -0.2908 81176.4 34296.8 -1
117 3242 312777 1 312777 0.06919 -0.13137 125232 81534.3 150
117 4331 553129 1 553129 -0.03132 -0.34672 63121.5 70869.7 82
117 18479 -1 4 0 0.0701 -0.0376 32151.9 60688.9 -1
117 4906 5914905 5 616857 -0.36573 -0.02468 105160 29816.7 36
118 7690 275255 1 275255 -0.1675 0.28579 80696.1 72196.2 40
118 4331 -1 1 0 -0.0331 -0.3478 64101.4 73710.5 -1
118 3242 -1 2 0 0.0692 -0.1315 5755.9 83053 -1
118 13705 3770585 4 18938 -0.72904 -0.01311 43309.8 45831.4 46
118 4906 -1 5 0 -0.3658 -0.0245 109311 31227.7 -1
118 2710 6445364 6 487946 -0.06031 -0.11165 16130 46816.6 174
119 7690 -1 1 0 -0.169 0.2851 80249.9 70566.6 -1
119 4331 -1 1 0 -0.0306 -0.3464 63533.4 72521.8 -1
119 3242 -1 2 0 0.0695 -0.1312 4600.5 81869.4 -1
119 11671 3074467 3 427432 0.35254 -0.14276 55860 31929.6 60
119 13705 -1 4 0 -0.7288 -0.0176 42479.4 44440 -1
119 4906 -1 5 0 -0.3655 -0.0259 108268 36126.7 -1
119 2710 -1 6 0 -0.0599 -0.1119 15034.3 51584.6 -1
120 7690 -1 1 0 -0.1692 0.285 77087.4 67591.4 -1
120 3242 -1 1 0 0.0696 -0.1307 121546 80531.5 -1
120 4331 -1 1 0 -0.0306 -0.346 60025.3 71119.5 -1
120 14656 2089323 2 317149 -0.08557 -0.03873 71719.1 78744.9 278
120 12672 3856558 3 545278 -0.00253 -0.05109 49635.2 70362.1 158
120 11671 -1 3 0 0.3513 -0.1473 50958.6 30459.7 -1
120 13705 -1 4 0 -0.7272 -0.0237 40639 41856 -1
120 17053 4857554 4 1010 -0.03503 -0.16009 56491.9 40686.7 154
120 4906 -1 5 0 -0.3659 -0.0249 105361 34731.1 -1
120 2710 -1 6 0 -0.0597 -0.112 10757.4 50475 -1
121 7690 -1 1 0 -0.1677 0.2857 80171.5 69348.3 -1
121 6820 61980 1 61980 -0.11863 -0.20725 76589 58479.2 98
121 14656 -1 2 0 -0.0859 -0.0379 74060.2 80401.4 -1
121 12672 -1 3 0 -0.0032 -0.0511 53064.1 76499.1 -1
121 11671 -1 3 0 0.3493 -0.1506 53541.3 36668 -1
121 13705 -1 4 0 -0.7273 -0.015 44446.9 46961.3 -1
121 17053 -1 4 0 -0.0369 -0.1597 59708.7 45731.2 -1
121 2710 -1 6 0 -0.0605 -0.1116 15191.7 48335.8 -1
121 13316 6830043 6 205196 0.10507 -0.08874 13144.2 29333.1 228
122 6820 -1 1 0 -0.1194 -0.207 77634.9 58040.1 -1
122 14656 -1 2 0 -0.0859 -0.0379 73969.1 77723.7 -1
122 12672 -1 3 0 -0.0032 -0.0512 53313.7 75254.7 -1
122 4960 2429288 3 1016 0.21478 0.00226 60488.4 37596.3 124
122 11671 -1 3 0 0.349 -0.1502 52810.8 35693.5 -1
122 17053 -1 4 0 -0.0379 -0.1594 59395.6 44281.4 -1
122 5132 3853745 4 294008 -0.11668 0.02867 74958.3 74876 196
122 13316 -1 6 0 0.1047 -0.0891 12347.7 27028.7 -1
123 6820 -1 1 0 -0.1161 -0.2084 76143.5 58936.2 -1
123 14656 -1 2 0 -0.0853 -0.0389 75771.4 80193.7 -1
123 10263 1324711 2 199 -0.31132 -0.09122 62297.2 40434.9 34
123 9450 1384867 2 65156 -0.20929 -0.1844 24304.4 60334.1 100
123 12672 -1 3 0 -0.0032 -0.0511 54329.3 75271 -1
123 4960 -1 3 0 0.2146 0.002 61316.7 37569.5 -1
123 700 2734326 3 284128 -0.02667 0.05503 89466.7 75969.5 150
123 17053 -1 4 0 -0.0359 -0.16 59577.1 46346.7 -1
123 5132 -1 4 0 -0.117 0.0273 74839.4 76974.5 -1
123 6368 3565287 4 35218 -0.18848 -0.1939 17189.2 47877.9 150
123 13316 -1 6 0 0.1055 -0.0879 11374.2 29063.7 -1
124 6820 -1 1 0 -0.1167 -0.2077 75060 59810.6 -1
124 10263 -1 2 0 -0.3111 -0.092 61497.3 41878.6 -1
124 9450 -1 2 0 -0.2093 -0.1845 23191.4 62040.6 -1
124 4960 -1 3 0 0.215 0.0052 58635.3 39161.3 -1
124 700 -1 3 0 -0.0273 0.0548 87128.7 77735.1 -1
124 5132 -1 4 0 -0.1168 0.0287 74433.6 77864.4 -1
124 6368 -1 4 0 -0.1907 -0.1921 16688 50153.9 -1
124 13316 -1 6 0 0.1048 -0.0889 12247.4 31438.3 -1
125 10263 -1 2 0 -0.3113 -0.0917 63089 41721.8 -1
125 9450 -1 2 0 -0.2101 -0.1836 24803.2 62132.6 -1
125 4960 -1 3 0 0.2143 0.0036 60407.8 37640.8 -1
125 700 -1 3 0 -0.0272 0.0548 89211.5 76072.4 -1
125 5132 -1 4 0 -0.1169 0.0288 76299 77462.7 -1
125 6368 -1 4 0 -0.1899 -0.1931 18732.4 49681.9 -1
125 8353 6576020 6 420719 0.14139 -0.0541 69209.3 26060.8 200
126 10263 -1 2 0 -0.3126 -0.0915 64193.6 41326.9 -1
126 9450 -1 2 0 -0.2096 -0.1834 25580.9 61905.1 -1
126 13208 2800947 3 151923 0.00151 0.34828 55019.7 15442.4 168
126 700 -1 3 0 -0.0267 0.055 90420.9 75027.5 -1
126 6368 -1 4 0 -0.1913 -0.1915 19439.7 48287.9 -1
126 8353 -1 6 0 0.1409 -0.0552 68200.7 25444.4 -1
127 13208 -1 3 0 -0.0017 0.3482 53791.4 12383.2 -1
127 8353 -1 6 0 0.1411 -0.0545 67221.3 21329.3 -1
128 13208 -1 3 0 0.0002 0.3474 54495.7 15465.2 -1
128 4889 3137026 3 708754 -0.01166 -0.60723 118914 67054.9 76
128 10242 6289257 6 356016 0.13444 0.07371 50243.7 9692.69 116
128 8353 -1 6 0 0.1415 -0.0544 68227.1 23237.5 -1
129 13208 -1 3 0 0.001 0.3487 54583.1 13603.6 -1
129 4889 -1 3 0 -0.0131 -0.6072 119141 65798.4 -1
129 9596 3648399 3 533481 0.21933 0.1474 52639.2 69421.8 92
129 10242 -1 6 0 0.1344 0.0737 48580.6 11448.9 -1
130 4889 -1 3 0 -0.0071 -0.6057 118285 67833.2 -1
130 9596 -1 3 0 0.2178 0.1492 51034.5 68306.7 -1
130 10242 -1 6 0 0.1339 0.0746 47722.5 6900.5 -1
131 4889 -1 3 0 -0.0144 -0.6033 120082 71174.9 -1
131 9596 -1 3 0 0.22 0.1465 52664.7 71707.9 -1
131 10242 -1 6 0 0.1342 0.074 49820.6 13327.4 -1
132 9596 -1 3 0 0.219 0.1478 48252.5 69403.1 -1
