17 14017 9935778 6 1105698 -0.64491 -0.00661 58541.9 36642 66
18 783 2895697 2 248214 0.20228 0.50766 51209.2 45148.2 54
18 3521 6583068 3 1702069 0.08442 -0.386 69586.2 82332.7 100
18 7216 8564966 4 1496414 -0.61014 0.53356 27367.6 23919 70
18 14017 -1 6 0 -0.6454 -0.0031 62411.7 37967.1 -1
19 3668 474355 1 474355 -0.13868 0.58661 60568.1 46981.7 82
19 783 -1 2 0 0.207 0.5058 47279.4 41817.3 -1
19 3521 -1 3 0 0.0837 -0.3862 66561.8 81820.5 -1
19 7216 -1 4 0 -0.6086 0.5343 24782.4 20437.7 -1
19 2806 6680846 4 54592 -0.15304 -0.05031 16630.6 48643.7 116
19 14017 -1 6 0 -0.6451 -0.0006 60022.5 35575.6 -1
20 3668 -1 1 0 -0.1402 0.5867 60670 46759.9 -1
20 783 -1 2 0 0.2088 0.505 47168.7 43611.8 -1
20 3521 -1 3 0 0.0873 -0.3851 66273.6 84778.1 -1
20 3301 10242302 4 1129313 -0.04984 -0.03599 34801.8 60699 172
20 7216 -1 4 0 -0.6101 0.534 26649.2 22091.2 -1
20 2806 -1 4 0 -0.153 -0.0503 17220.4 51874 -1
20 6206 14245988 6 173602 0.08204 0.18101 33014.9 12924.8 104
20 14017 -1 6 0 -0.6457 -0.0016 61893.3 33049.2 -1
21 3668 -1 1 0 -0.1407 0.5876 59798.2 44277 -1
21 783 -1 2 0 0.2097 0.5039 44726.7 39200.4 -1
21 3521 -1 3 0 0.0892 -0.3856 63344.8 88362.9 -1
21 3301 -1 4 0 -0.0501 -0.0356 33046.6 56463.9 -1
21 7216 -1 4 0 -0.607 0.5379 25062.2 17446.4 -1
21 2806 -1 4 0 -0.1536 -0.0495 15483.5 47779.4 -1
21 717 9745941 4 695073 0.22228 0.48078 11952.6 41975.6 16
21 6206 -1 6 0 0.0816 0.1811 31392.2 10159.1 -1
22 3668 -1 1 0 -0.1408 0.5856 64417.6 43548.5 -1
22 14348 7164071 4 1459642 0.4083 0.17228 74998 67308.5 164
22 3301 -1 4 0 -0.0495 -0.0364 38023.3 61077 -1
22 2806 -1 4 0 -0.1525 -0.0519 20879.1 52153 -1
22 717 -1 4 0 0.215 0.4834 16348.8 44705.7 -1
22 12366 7463762 5 178946 0.37614 -0.18807 93558.6 18813.3 60
22 6206 -1 6 0 0.081 0.1817 35743.2 11935.9 -1
23 14348 -1 4 0 0.4105 0.1662 75427.1 64596.7 -1
23 3301 -1 4 0 -0.05 -0.0356 38754.5 59084.3 -1
23 717 -1 4 0 0.2222 0.4813 16612.6 42601.7 -1
23 12366 -1 5 0 0.3749 -0.1906 94841.2 23810.5 -1
23 6206 -1 6 0 0.0813 0.181 35846.8 15790.3 -1
24 8785 5121480 2 1812315 -0.38802 0.25823 29176.8 50165.6 116
24 4468 6002344 3 451687 0.25951 -0.02057 120031 49901.5 162
24 14348 -1 4 0 0.4117 0.1623 67789.7 65931.1 -1
24 717 -1 4 0 0.2277 0.4788 9356 43641.7 -1
24 12366 -1 5 0 0.3739 -0.1911 85912.6 20769.6 -1
25 8785 -1 2 0 -0.3898 0.2555 32077.4 46925.8 -1
25 4468 -1 3 0 0.2592 -0.0228 122651 47126.4 -1
25 14348 -1 4 0 0.4099 0.1666 69818.6 63496.5 -1
25 12366 -1 5 0 0.3743 -0.1909 87752.9 23353.1 -1
25 340 15045094 6 908337 -0.47798 0.77508 86791.5 45138.7 120
26 8785 -1 2 0 -0.3907 0.2559 34699.7 47552.1 -1
26 4468 -1 3 0 0.2594 -0.0226 123529 47535.7 -1
26 14369 5928435 4 408377 0.799 0.01329 81903.9 32012.8 130
26 7062 6135697 4 835345 -0.00539 -0.1147 28155 30524 246
26 10722 6874179 5 30867 -0.01767 0.21332 69112.4 45664.4 178
26 340 -1 6 0 -0.4804 0.7755 89035.8 43975.6 -1
27 8785 -1 2 0 -0.3911 0.254 36406.3 47269 -1
27 4468 -1 3 0 0.2594 -0.0224 123443 49651.9 -1
27 14369 -1 4 0 0.798 0.0174 82953.2 32935.4 -1
27 7062 -1 4 0 -0.0048 -0.1148 29883.3 31282.3 -1
27 12178 5995573 4 256440 0.7322 0.02855 28024.5 53566.9 974
27 10722 -1 5 0 -0.0168 0.213 70297.6 44249 -1
27 340 -1 6 0 -0.4777 0.7741 90936.2 42305.6 -1
28 14369 -1 4 0 0.7983 0.0119 81091.6 33224.4 -1
28 7062 -1 4 0 -0.0056 -0.1147 30526.2 32347.7 -1
28 12178 -1 4 0 0.7333 0.0236 26387.5 54181.5 -1
28 1018 7796810 5 253264 0.86184 0.163 65496.9 47675.2 86
28 10722 -1 5 0 -0.0167 0.2127 71763.7 45938.7 -1
28 340 -1 6 0 -0.474 0.7757 93284 39900.8 -1
29 9570 4696537 3 502249 -0.12078 0.28179 84079.6 69565.1 142
29 14369 -1 4 0 0.7964 0.0041 80275 33712.7 -1
29 7062 -1 4 0 -0.0064 -0.1147 30393.5 33326.2 -1
29 12178 -1 4 0 0.7335 0.018 25809.2 55083 -1
29 81 6966255 4 1000883 -0.14918 -0.1592 21551.6 69747.6 184
29 1018 -1 5 0 0.8627 0.1588 64155.9 46678 -1
29 10722 -1 5 0 -0.0156 0.2127 71143.3 44863.8 -1
30 5422 2202327 1 2202327 0.18545 -0.20698 54834.2 76959.2 162
30 6496 947303 1 947303 0.52744 0.20888 116430 71022.2 138
30 9570 -1 3 0 -0.1241 0.2804 83898.7 69337.2 -1
30 6142 9540429 4 2109386 -0.58344 -0.17422 72540.3 56708.8 80
30 12178 -1 4 0 0.7315 0.0225 23700.3 54087.1 -1
30 81 -1 4 0 -0.1485 -0.1598 21505.3 69169.9 -1
30 1018 -1 5 0 0.8613 0.167 62657.5 47698.7 -1
31 5422 -1 1 0 0.1852 -0.2071 52468.8 75334.2 -1
31 6496 -1 1 0 0.5275 0.2087 113749 69037 -1
31 9125 6410777 3 1112729 -0.20464 -0.12219 95582.7 45332.2 166
31 9570 -1 3 0 -0.1249 0.2804 82254.8 67422.1 -1
31 6142 -1 4 0 -0.5835 -0.1738 70971 54972.2 -1
31 81 -1 4 0 -0.1484 -0.1592 19596.1 67447.2 -1
31 1018 -1 5 0 0.861 0.1656 59340.2 45905.5 -1
32 5422 -1 1 0 0.1851 -0.2066 54023.7 76994 -1
32 6496 -1 1 0 0.527 0.2103 114036 69496.5 -1
32 1111 3202567 2 331059 0.11184 0.00984 81932.7 72698.5 206
32 11862 4535401 3 158298 0.11967 -0.35934 61729.9 13982 180
32 9125 -1 3 0 -0.2046 -0.1215 98583.5 46956 -1
32 9570 -1 3 0 -0.1237 0.2793 84965.3 67740 -1
32 6142 -1 4 0 -0.5821 -0.1759 75802.1 57042.2 -1
32 81 -1 4 0 -0.1489 -0.1591 22972 69514.5 -1
32 4478 9827711 6 179759 0.00058 -0.28937 55112.2 20397 168
33 5422 -1 1 0 0.1851 -0.2065 54026.7 77135.2 -1
33 6496 -1 1 0 0.5279 0.2115 113755 69369.1 -1
33 1111 -1 2 0 0.1118 0.0106 81538.5 73580.4 -1
33 11862 -1 3 0 0.119 -0.3593 61450.4 15165.3 -1
33 9125 -1 3 0 -0.2045 -0.1208 98642 47867 -1
33 6142 -1 4 0 -0.5827 -0.1736 75399.6 58630.3 -1
33 897 7301797 4 1341493 -0.1439 0.51143 19939.5 41823.4 98
33 4478 -1 6 0 0.0008 -0.2893 53249.4 20210.9 -1
34 1111 -1 2 0 0.112 0.0091 78361.3 71374.8 -1
34 11862 -1 3 0 0.118 -0.3583 58575.3 14175.2 -1
34 1747 6019061 3 941765 0.04153 0.38425 126243 50853.5 136
34 7141 5925617 3 671671 0.38156 -0.04304 117844 78429.4 130
34 9125 -1 3 0 -0.2041 -0.1201 96637 46154.4 -1
34 897 -1 4 0 -0.1477 0.5103 17438.3 38448.4 -1
34 4478 -1 6 0 0.0002 -0.2892 50165 14906 -1
35 1111 -1 2 0 0.1117 0.0102 78771.3 71015.7 -1
35 11862 -1 3 0 0.1193 -0.3586 58696.8 13008.2 -1
35 7141 -1 3 0 0.3817 -0.0419 117575 77167.8 -1
35 1747 -1 4 0 0.0349 0.3848 5533.3 48174.5 -1
35 897 -1 4 0 -0.15 0.5067 17693.3 35519.8 -1
35 4478 -1 6 0 0.0022 -0.2894 50300.1 19812.6 -1
35 9056 11752584 6 1347492 -0.1305 -0.41605 30347.4 47630.7 88
36 1747 -1 3 0 0.036 0.3843 122550 51685.1 -1
36 7141 -1 3 0 0.3825 -0.0371 112193 80947.9 -1
36 897 -1 4 0 -0.1486 0.5115 16775.8 37184.2 -1
36 2306 12208527 6 529952 0.00857 0.00197 18645.9 51621.3 274
36 9056 -1 6 0 -0.1327 -0.4153 30282.2 49082.3 -1
37 7141 -1 3 0 0.3823 -0.0442 114552 79543.6 -1
37 1747 -1 4 0 0.0375 0.3844 3896.3 49895.3 -1
37 2306 -1 6 0 0.0086 0.002 18126.7 52493.5 -1
37 9056 -1 6 0 -0.1318 -0.414 29880.3 50325.3 -1
38 13413 3169828 2 1069165 0.35033 0.00105 91864.7 78486.8 178
38 9023 7163593 4 985289 -0.20575 -0.12824 73025.5 68355.5 138
38 13268 8363541 5 115948 -0.25571 -0.25225 119661 11841.4 66
38 2306 -1 6 0 0.0086 0.002 21575.6 53036.2 -1
38 9056 -1 6 0 -0.133 -0.4122 33691.4 51900.2 -1
39 13413 -1 2 0 0.3505 -0.0032 90084.5 75331.2 -1
39 9023 -1 4 0 -0.2076 -0.1252 70841.1 67278.1 -1
39 12067 8138005 4 851667 -0.13895 -0.19775 66656.3 35404.9 134
39 13268 -1 5 0 -0.2558 -0.2521 116474 7231.2 -1
39 2306 -1 6 0 0.0086 0.0019 20172.1 49186.3 -1
40 13413 -1 2 0 0.3503 0.0001 92360.9 79621 -1
40 9023 -1 4 0 -0.2059 -0.127 74891.4 71470.1 -1
40 12067 -1 4 0 -0.1363 -0.1999 70881.3 39732.6 -1
40 13268 -1 5 0 -0.2552 -0.2531 121190 12873.7 -1
41 13413 -1 2 0 0.3506 0.0033 92518.7 77306.4 -1
41 12860 6250531 3 731731 -0.08222 -0.47834 58147.6 71856.9 138
41 9023 -1 4 0 -0.2056 -0.1278 75970 69399.7 -1
41 12067 -1 4 0 -0.136 -0.1998 71947.4 37717.6 -1
41 13268 -1 5 0 -0.2539 -0.2553 121073 11830.8 -1
42 15140 5635577 3 1229530 -0.15639 -0.05824 71117.5 72291.8 204
42 12860 -1 3 0 -0.0837 -0.4782 57017.5 72922.1 -1
42 12067 -1 4 0 -0.1378 -0.1988 69595.3 37197 -1
42 11677 9656071 6 196531 -0.08167 0.52081 44343.1 17825.5 158
43 15140 -1 3 0 -0.1571 -0.0566 73093.7 73242.6 -1
43 12860 -1 3 0 -0.0892 -0.4764 58945.8 74373 -1
43 11677 -1 6 0 -0.0802 0.521 45615.3 17810.2 -1
44 15140 -1 3 0 -0.1566 -0.0583 72577.1 71037.4 -1
44 12860 -1 3 0 -0.0843 -0.4786 58195.8 73185.6 -1
44 14299 6135140 4 394164 -0.09213 -0.07677 38187.1 29003.5 288
44 8067 6219326 4 701721 0.20932 0.1303 53950.3 55101.4 134
44 11677 -1 6 0 -0.0834 0.5213 45379.1 14433.9 -1
45 15140 -1 3 0 -0.1567 -0.0581 72390.4 74217.3 -1
45 14299 -1 4 0 -0.0925 -0.0763 36853.9 32208.9 -1
45 8067 -1 4 0 0.2098 0.1293 52493.2 58054.6 -1
45 11677 -1 6 0 -0.0829 0.5211 44146.8 15422.3 -1
46 13699 2225768 2 240187 0.00842 -0.28544 85555.1 44841.8 134
46 8003 4891114 3 1121157 -0.4517 0.32131 61665.4 85973.1 94
46 14299 -1 4 0 -0.0919 -0.0773 39989.5 30939.1 -1
46 1556 5872951 4 569450 0.04177 -0.05956 82202.1 13386.4 230
46 5517 5478648 4 175890 0.13637 -0.09589 38311.2 17760.5 220
46 8067 -1 4 0 0.2082 0.131 54457.4 56288.1 -1
46 7183 8213822 6 48962 -0.57107 -0.18863 49832.4 46354.9 62
47 13699 -1 2 0 0.006 -0.2856 83572.1 43091.3 -1
47 8003 -1 3 0 -0.4509 0.3223 61145.3 85094.3 -1
47 14299 -1 4 0 -0.0922 -0.0766 37767.3 29519.3 -1
47 1556 -1 4 0 0.0415 -0.0598 79772.9 11735.6 -1
47 5517 -1 4 0 0.1359 -0.0965 35840.2 16363 -1
47 8067 -1 4 0 0.209 0.13 52110.8 54614.6 -1
47 7183 -1 6 0 -0.5719 -0.1851 47823.1 45284.4 -1
48 13699 -1 2 0 0.0076 -0.2851 82469.7 47305.4 -1
48 8003 -1 3 0 -0.4502 0.3239 60803.6 87889.6 -1
48 1556 -1 4 0 0.0414 -0.06 78841.5 15891.7 -1
48 5517 -1 4 0 0.1359 -0.0963 34611.3 20611.6 -1
48 7183 -1 6 0 -0.5719 -0.1863 48394.5 49119.4 -1
49 13699 -1 2 0 0.0041 -0.2853 82675 48224.7 -1
49 12306 5511753 3 875961 -0.10975 -0.4025 100939 40283.8 150
49 1556 -1 4 0 0.0408 -0.0605 79617.9 16139.9 -1
49 5517 -1 4 0 0.135 -0.0977 35374.9 21372 -1
49 8003 -1 5 0 -0.4484 0.3275 63116.4 10458.8 -1
49 7183 -1 6 0 -0.5732 -0.1832 50235.5 50118.3 -1
50 13221 4254147 3 280611 0.02993 -0.12877 90515.8 60998.2 250
50 9821 4228985 3 255449 -0.36512 0.7945 59591.1 55961.9 82
50 9891 4774562 3 801026 -0.02355 0.24697 72753.9 23637.3 156
50 12306 -1 3 0 -0.1062 -0.404 101373 40759.7 -1
50 5987 7003950 5 189262 -0.06262 0.01611 98796.3 19766.7 126
51 13221 -1 3 0 0.0302 -0.1288 89681.2 61165.3 -1
51 9821 -1 3 0 -0.3668 0.7943 59098.1 55333.4 -1
51 9891 -1 3 0 -0.0239 0.2468 72028.2 23481.5 -1
51 12306 -1 3 0 -0.1057 -0.4045 100677 41171.5 -1
51 5987 -1 5 0 -0.0626 0.0162 98045.2 19813.3 -1
52 9491 4493385 2 965112 -0.08706 -0.09808 66314.7 67558.4 190
52 13221 -1 3 0 0.0302 -0.1287 88849.9 61579.7 -1
52 9821 -1 3 0 -0.3649 0.7958 59148.7 53686.1 -1
52 9891 -1 3 0 -0.0236 0.248 71292.8 23029.2 -1
52 12306 -1 3 0 -0.1057 -0.4054 100138 42229.2 -1
52 12535 8262822 4 265668 0.11152 -0.36575 60577.8 66572.4 72
52 5987 -1 5 0 -0.0625 0.0161 96798.4 19137.3 -1
52 5678 11037201 6 441126 -0.01231 -0.18306 68968.4 38242.2 166
53 9491 -1 2 0 -0.0875 -0.0976 70221 68328.6 -1
53 13221 -1 3 0 0.0295 -0.1291 93128.4 61681.4 -1
53 9821 -1 3 0 -0.362 0.7936 63736.3 53133.1 -1
53 9891 -1 3 0 -0.0229 0.2465 75482.2 22887.8 -1
53 12535 -1 4 0 0.1091 -0.3665 64286.2 66673.4 -1
53 5987 -1 5 0 -0.0624 0.0165 101112 19219.4 -1
53 5678 -1 6 0 -0.0132 -0.183 73155.7 39024.1 -1
54 9491 -1 2 0 -0.0875 -0.0972 67596.1 68817.2 -1
54 11300 5596824 3 541609 0.21077 -0.32648 54691.7 77153.2 52
54 4126 5887365 3 810069 -0.10035 0.08324 76207.8 24602.4 176
54 12535 -1 4 0 0.1098 -0.366 61380.5 66282.6 -1
54 5678 -1 6 0 -0.0134 -0.1821 71834.3 38983.7 -1
55 9491 -1 2 0 -0.087 -0.0982 67354.3 67683.9 -1
55 11300 -1 3 0 0.2109 -0.3263 53361.1 75626.5 -1
55 4126 -1 3 0 -0.1004 0.0832 75173.2 22742.2 -1
55 12535 -1 4 0 0.1124 -0.3653 59921.2 65335.5 -1
55 5678 -1 6 0 -0.0126 -0.183 69022.2 37793.1 -1
56 11300 -1 3 0 0.2047 -0.3295 55524.1 78986.2 -1
56 4126 -1 3 0 -0.099 0.0853 77166.2 24553.2 -1
56 5828 8871694 6 485737 -0.28241 0.02321 21421.2 50667.1 78
57 3069 2454636 1 2454636 0.19588 0.35778 55698.7 68961.9 120
57 11300 -1 3 0 0.2081 -0.3283 55110.1 76488.6 -1
57 4126 -1 3 0 -0.0997 0.0844 77547.6 21921.6 -1
57 5828 -1 6 0 -0.2826 0.0215 20715.9 48943.1 -1
58 3069 -1 1 0 0.1973 0.3574 55072.5 67890.6 -1
58 2209 6382217 4 420561 0.1726 0.02474 36167.5 32457.5 210
58 5828 -1 6 0 -0.2829 0.0228 21580 43478.4 -1
59 3069 -1 1 0 0.193 0.3587 54918.4 68919.3 -1
59 2209 -1 4 0 0.1726 0.0246 35814.4 34399.4 -1
59 5828 -1 6 0 -0.283 0.0199 22593.5 50327.1 -1
59 15214 8149611 6 199300 -0.22805 -0.01907 15792.6 25129 122
60 3069 -1 1 0 0.1962 0.3556 53421.2 67386.1 -1
60 2209 -1 4 0 0.1727 0.0265 36752.3 33963.5 -1
60 8485 7946506 5 220186 -0.13293 -0.01935 96116.7 22500.1 190
60 15214 -1 6 0 -0.2283 -0.0175 16206.3 23864.9 -1
61 2209 -1 4 0 0.1726 0.0264 37967.5 35426 -1
61 8485 -1 5 0 -0.1329 -0.0196 97495 24116.1 -1
61 15214 -1 6 0 -0.2281 -0.0179 18319.1 25537.8 -1
62 10776 680283 1 680283 -0.10372 -0.41519 84171.1 60104.4 144
62 2243 5464922 3 829130 -0.70771 0.07282 111075 30706.5 30
62 13480 6583122 4 201499 0.02391 -0.47833 88797.2 25771.2 150
62 8485 -1 5 0 -0.1329 -0.0195 96124.1 24712.4 -1
62 1592 9670009 6 172775 -0.0166 -0.40889 17955.5 14899.3 56
62 15214 -1 6 0 -0.2284 -0.0173 16484.8 25990.6 -1
63 10776 -1 1 0 -0.1027 -0.4155 82783.1 57534.7 -1
63 2243 -1 3 0 -0.7084 0.0681 110156 28485.3 -1
63 484 3989958 3 222924 0.21242 -0.24149 121357 55737.6 174
63 13480 -1 4 0 0.0275 -0.4781 87611.7 24035.9 -1
63 8485 -1 5 0 -0.1329 -0.0196 94982.8 22385.3 -1
63 576 7635364 5 1233556 -0.09762 0.40984 59369.2 11641.5 86
63 1592 -1 6 0 -0.0167 -0.4092 15507.5 12882.8 -1
64 10776 -1 1 0 -0.1029 -0.4161 84964.7 61544.4 -1
64 5021 2737659 2 747970 -0.03842 -0.01203 11259.9 85682.5 278
64 2243 -1 3 0 -0.7079 0.073 114327 30301.7 -1
64 9452 4158070 3 121357 0.12525 -0.04301 119085 9016.46 248
64 484 -1 3 0 0.2116 -0.243 123289 58327.6 -1
64 13480 -1 4 0 0.0277 -0.4785 89590.1 27964.2 -1
64 12779 7865605 5 573261 -0.21963 0.50668 110327 10016.4 120
64 576 -1 5 0 -0.0982 0.4101 61741.9 12761.7 -1
64 1592 -1 6 0 -0.0153 -0.4088 18747.8 16378.5 -1
65 10776 -1 1 0 -0.097 -0.4182 85346.6 60276.4 -1
65 12779 -1 3 0 -0.2194 0.5071 110720 85425.3 -1
65 2243 -1 3 0 -0.7083 0.0675 114842 29779 -1
65 9452 -1 3 0 0.1256 -0.0426 119043 8610.2 -1
65 484 -1 3 0 0.2131 -0.2414 122876 58118.8 -1
65 13480 -1 4 0 0.0339 -0.479 89074.6 28536.5 -1
65 5021 -1 4 0 -0.0383 -0.0125 11640.7 5724.5 -1
65 2320 6851231 4 449423 0.02227 -0.07011 15758.3 36835.1 246
65 576 -1 5 0 -0.0991 0.4101 61714.8 11131.5 -1
65 1592 -1 6 0 -0.014 -0.4099 17954.4 15595 -1
66 5021 -1 2 0 -0.0383 -0.0121 10609.2 83092.6 -1
66 12779 -1 3 0 -0.2209 0.508 110633 83271.8 -1
66 9452 -1 3 0 0.1256 -0.0427 118159 8000.9 -1
66 484 -1 3 0 0.2134 -0.241 121647 58070.1 -1
66 576 -1 3 0 -0.0988 0.4095 61610.1 86269.4 -1
66 8190 8294041 4 1137846 0.07688 -0.0543 43115.4 73909.1 238
66 2320 -1 4 0 0.0216 -0.0704 15561.9 36863.3 -1
67 5021 -1 2 0 -0.0384 -0.012 12121.9 84222.1 -1
67 12779 -1 3 0 -0.221 0.5066 110591 84973.6 -1
67 9452 -1 3 0 0.1256 -0.0419 117898 10149.3 -1
67 8190 -1 4 0 0.077 -0.0543 44209 74203.2 -1
67 2320 -1 4 0 0.0216 -0.0705 16723.7 37140.3 -1
67 4089 11259758 6 884414 0.13899 -0.0422 55891.3 40398.9 236
68 8190 -1 4 0 0.0766 -0.0546 44833.5 72767 -1
68 2320 -1 4 0 0.0213 -0.0706 17341.2 35864.8 -1
68 4089 -1 6 0 0.1387 -0.0428 56391.8 35447.9 -1
69 8190 -1 4 0 0.0771 -0.0542 44332.1 74571.8 -1
69 4089 -1 6 0 0.1392 -0.0414 54999.6 40808.6 -1
70 9858 3654633 2 854705 0.66954 0.41035 10778.8 83741.1 88
70 3121 5181329 3 324785 0.27589 0.28883 69253 24447.2 18
70 5827 7500147 4 406503 -0.01793 -0.04438 89373.2 34167.8 182
70 4089 -1 6 0 0.1394 -0.0414 50974.4 35923.2 -1
71 9858 -1 2 0 0.6727 0.4045 8552.6 82284.9 -1
71 3121 -1 3 0 0.2798 0.2848 67552 23908.6 -1
71 5827 -1 4 0 -0.0178 -0.0444 87840.4 31136.6 -1
72 1623 307328 1 307328 0.13819 -0.0462 54716.1 77079.7 252
72 5800 270539 1 270539 0.04556 0.14306 123340 61362 170
72 1338 1577335 2 475161 0.16154 -0.13969 19876.4 70357.4 170
72 9858 -1 2 0 0.6752 0.4027 10157.9 84551.1 -1
72 3121 -1 3 0 0.2823 0.2815 70063.7 25372.5 -1
72 5827 -1 4 0 -0.0184 -0.0442 90568.4 35167.6 -1
73 1623 -1 1 0 0.1384 -0.0458 54328.9 77141.8 -1
73 5800 -1 1 0 0.0453 0.1431 123065 61492.6 -1
73 1338 -1 2 0 0.1614 -0.1398 17770 71181.3 -1
73 9858 -1 2 0 0.6756 0.402 7638.7 84937 -1
73 3121 -1 3 0 0.2815 0.2828 67955.4 24778 -1
73 5827 -1 4 0 -0.0182 -0.0443 89667.1 34028.1 -1
74 1623 -1 1 0 0.1384 -0.045 52586.7 74674.4 -1
74 5800 -1 1 0 0.0443 0.1435 121636 58924.3 -1
74 1338 -1 2 0 0.1634 -0.1377 17250.4 69229.1 -1
74 3253 5078068 3 221524 0.26717 -0.22845 62233.3 39251.6 84
74 14021 9675566 5 403982 0.25702 -0.20695 74147.2 33526 156
75 1623 -1 1 0 0.1387 -0.0442 54499.4 76338.5 -1
75 5800 -1 1 0 0.0432 0.1437 123703 60903.9 -1
75 1338 -1 2 0 0.1634 -0.138 19194.7 70607.8 -1
75 11833 4781768 2 1362235 -0.06858 0.26425 37876.2 82241.1 192
75 14734 6651348 2 3342084 0.32816 0.51581 64617.3 45992.3 42
75 3253 -1 3 0 0.2677 -0.2278 63285.6 40154.1 -1
75 14021 -1 5 0 0.2583 -0.2057 75740.3 34092.9 -1
76 11833 -1 2 0 -0.0665 0.265 37424 82333.3 -1
76 14734 -1 2 0 0.3331 0.5139 62692.6 45148.4 -1
76 3253 -1 3 0 0.2692 -0.2254 62051 40713.6 -1
76 14021 -1 5 0 0.2575 -0.2066 73970.3 31663.8 -1
76 10233 11197181 6 816911 -0.57929 0.54981 15519.3 10737 118
77 11833 -1 2 0 -0.0672 0.2651 36761.4 79997.7 -1
77 14734 -1 2 0 0.3314 0.5161 61839 42691.7 -1
77 3253 -1 3 0 0.2697 -0.224 60719.2 39329.6 -1
77 14021 -1 5 0 0.2575 -0.2062 72013.3 29524.9 -1
77 10233 -1 6 0 -0.58 0.5489 14255.6 8723 -1
78 11833 -1 2 0 -0.0659 0.2645 39769.8 82195.2 -1
78 14734 -1 2 0 0.335 0.5116 63608.6 44094 -1
78 10233 -1 6 0 -0.5788 0.5501 20256.4 10733.6 -1
79 10233 -1 6 0 -0.5773 0.5544 17870.3 9914 -1
80 6875 1683683 1 1683683 0.20575 0.3043 83409.6 55897.6 168
81 6875 -1 1 0 0.2082 0.3021 85099.9 53855 -1
82 6875 -1 1 0 0.2028 0.3047 82303.1 50774.4 -1
83 6875 -1 1 0 0.2067 0.3033 84825.7 52820.6 -1
84 3743 1337194 1 1337194 -0.01728 -0.12698 122078 82888.4 196
84 14553 5203366 3 198734 -0.02562 0.12367 60859.5 21166 296
84 4948 7177620 4 513342 0.1186 -0.15691 62052 85672.4 182
84 6374 8148463 4 1523894 -0.45866 0.14446 36853.1 35442.8 72
85 3743 -1 1 0 -0.017 -0.1271 121159 81314.5 -1
85 14553 -1 3 0 -0.0268 0.1233 59328.5 19243.3 -1
85 4948 -1 4 0 0.1204 -0.1556 59625 84932 -1
85 6374 -1 4 0 -0.4604 0.1394 35467.9 34171.8 -1
85 10957 7963840 4 458272 -0.16056 -0.34806 85648.4 55406.4 230
85 2720 10782125 5 1263895 -0.14986 -0.0564 119588 11948.5 92
86 3743 -1 1 0 -0.0176 -0.1271 121606 83164.7 -1
86 14553 -1 3 0 -0.0248 0.124 60760.7 22171.2 -1
86 6374 -1 4 0 -0.4599 0.1454 37794.5 36281.9 -1
86 10957 -1 4 0 -0.1636 -0.3457 87420.5 58339.6 -1
86 6755 8799127 5 1072807 0.25007 -0.24198 63643.1 34400.7 50
86 2720 -1 5 0 -0.1502 -0.0554 121596 13067.4 -1
86 1435 9499806 6 7470 0.05393 -0.10662 34632.4 36479 140
86 4948 -1 6 0 0.1187 -0.1557 60961.5 7276.3 -1
87 3743 -1 1 0 -0.0166 -0.1273 120800 80907.6 -1
87 14553 -1 3 0 -0.027 0.1234 58862.3 18887.1 -1
87 4948 -1 4 0 0.1208 -0.1553 58680.9 85896.3 -1
87 6374 -1 4 0 -0.4617 0.1357 36723.5 34035.1 -1
87 10957 -1 4 0 -0.1586 -0.3487 85793.7 57156.6 -1
87 6755 -1 5 0 0.2513 -0.2405 62878.2 32900.1 -1
87 2720 -1 5 0 -0.1498 -0.0563 121269 11735.5 -1
87 1435 -1 6 0 0.0544 -0.1063 32192.1 37602.1 -1
88 6637 6376168 4 191734 -0.5841 -0.33604 67663.2 18613.8 110
88 10957 -1 4 0 -0.1583 -0.3489 88681.9 59106.6 -1
88 6755 -1 5 0 0.2512 -0.2408 61922.3 32237.5 -1
88 2720 -1 5 0 -0.1501 -0.0562 121506 10562.2 -1
88 1435 -1 6 0 0.0548 -0.1066 32891.3 36045.8 -1
89 6637 -1 4 0 -0.5837 -0.3372 68663.9 19982.6 -1
89 6755 -1 5 0 0.2516 -0.241 62869.9 33079.6 -1
89 1435 -1 6 0 0.0544 -0.1061 34303.8 37731.4 -1
89 10182 11474896 6 300857 0.1209 -0.36601 91153.4 19806.9 140
90 11777 2894437 2 466198 -0.11723 -0.19768 60362.2 42287.3 108
90 6637 -1 4 0 -0.5851 -0.3359 68854.5 18558.2 -1
90 10182 -1 6 0 0.1202 -0.3674 90496.5 15995.2 -1
91 11777 -1 2 0 -0.1177 -0.1975 59971.4 44617.6 -1
91 6637 -1 4 0 -0.5881 -0.3297 69348.3 19770.7 -1
91 10182 -1 6 0 0.1208 -0.3668 90490.1 22683.9 -1
92 11777 -1 2 0 -0.1174 -0.1975 61273.6 44415 -1
92 10356 5823788 3 967244 0.15559 -0.07231 71810.1 60406.3 190
92 12692 5784046 3 927502 0.25268 -0.02522 109576 53639.4 110
92 6971 10611451 5 2002123 0.41606 -0.41315 112571 50587.1 26
92 10182 -1 6 0 0.1204 -0.3667 90512.4 23075.5 -1
93 1913 809617 1 809617 0.17128 -0.38112 69620 73417.8 178
93 11777 -1 2 0 -0.1168 -0.1975 60312.3 45245.9 -1
93 10356 -1 3 0 0.1557 -0.0723 71215.5 61410.1 -1
93 12692 -1 3 0 0.2526 -0.0251 108884 54619.4 -1
93 6971 -1 5 0 0.4165 -0.4126 112536 51584.7 -1
94 4796 1683191 1 1683191 -0.12406 0.20024 70775.1 57484.7 136
94 1913 -1 1 0 0.1757 -0.3792 70354.8 75876.3 -1
94 10356 -1 3 0 0.1548 -0.0742 73458.1 63127.7 -1
94 12692 -1 3 0 0.2526 -0.0272 110851 55909.4 -1
94 7621 6146754 3 1069458 -0.19918 -0.00365 69063.1 32902.4 208
94 6971 -1 5 0 0.4141 -0.4151 114390 53610.1 -1
94 14261 11218580 6 179365 -0.07433 -0.33308 91565.4 19684 142
95 4796 -1 1 0 -0.1228 0.2008 69607.7 54219.2 -1
95 1913 -1 1 0 0.1732 -0.3806 69056 73092.4 -1
95 10356 -1 3 0 0.1554 -0.0728 71655.3 60737.8 -1
95 12692 -1 3 0 0.2532 -0.0259 109021 53773.7 -1
95 7621 -1 3 0 -0.1991 -0.0051 67777.5 30426.5 -1
95 14349 7808969 4 1020117 -0.11651 -0.48763 59481.3 78621.6 122
95 6971 -1 5 0 0.4153 -0.414 112167 51863.6 -1
95 14261 -1 6 0 -0.0741 -0.3332 88971.8 17991.4 -1
96 4796 -1 1 0 -0.1198 0.2029 72067 53010.4 -1
96 1913 -1 1 0 0.1664 -0.3845 71029 73484.8 -1
96 7621 -1 3 0 -0.1992 -0.004 69575.8 30409.7 -1
96 14349 -1 4 0 -0.1233 -0.4854 62243.3 78925 -1
96 12675 8371892 5 411806 0.14595 -0.05751 71553.3 34359.7 228
96 14261 -1 6 0 -0.0774 -0.3322 90964.1 12376.8 -1
97 4796 -1 1 0 -0.1218 0.2014 72826.9 55004.4 -1
97 7621 -1 3 0 -0.1991 -0.0066 72302.5 31124.5 -1
97 14349 -1 4 0 -0.1159 -0.4874 62262.9 81307.3 -1
97 12675 -1 5 0 0.1463 -0.0565 72129.3 37274.7 -1
97 14261 -1 6 0 -0.0747 -0.3327 91984.9 15765.2 -1
98 7324 7589949 3 2291901 0.08451 -0.41387 67876.9 59758.2 142
98 9676 6524962 3 1007496 0.29107 0.20095 98074.2 9746.21 80
98 10288 8983111 4 1198089 -0.10679 0.06422 64153 21291.5 234
98 14349 -1 4 0 -0.116 -0.4883 60198.5 83457 -1
98 12675 -1 5 0 0.1464 -0.0555 67724.2 38210.3 -1
99 7324 -1 3 0 0.0859 -0.4137 68268.5 60617.7 -1
99 9676 -1 3 0 0.2901 0.2021 98472 10201.7 -1
99 10288 -1 4 0 -0.107 0.0642 65789 21316.9 -1
99 12675 -1 5 0 0.1465 -0.0562 68564.3 38403.2 -1
100 7324 -1 3 0 0.0846 -0.4142 68195.1 60324.3 -1
100 9676 -1 3 0 0.2914 0.2012 97544.4 7820.2 -1
100 10288 -1 4 0 -0.1067 0.0649 64491 20009.3 -1
100 9653 6764504 4 160112 0.12502 -0.24494 18840.5 12378.2 114
101 7324 -1 3 0 0.0837 -0.4139 69085.5 61814.2 -1
101 9676 -1 3 0 0.2915 0.1999 98143.5 8736.3 -1
101 10288 -1 4 0 -0.1064 0.0648 65685.6 20887 -1
101 9653 -1 4 0 0.1242 -0.2454 19830 13653.2 -1
102 9653 -1 4 0 0.1268 -0.2443 17597.5 12200.8 -1
103 9653 -1 4 0 0.1268 -0.2442 18438.8 12822.9 -1
104 10758 2900758 2 1137387 0.0261 0.03443 81112.1 66887.2 224
104 14098 6068620 4 586115 0.26297 0.42246 47964.8 11591.7 104
105 10758 -1 2 0 0.0259 0.0346 79855.5 64647.5 -1
105 1036 4789438 3 950184 0.26309 -0.25714 103395 12179.6 88
105 14098 -1 4 0 0.2591 0.4245 46888.2 8584.2 -1
106 10758 -1 2 0 0.0261 0.0343 80314.2 65612.1 -1
106 1036 -1 3 0 0.2606 -0.2595 102822 12845.5 -1
106 14098 -1 4 0 0.2584 0.4219 46949.4 9164.4 -1
106 12406 9016085 5 1289765 -0.07365 0.21603 89076.2 31633.6 116
106 13736 11058195 6 1346880 -0.39127 -0.2384 36447.7 50007.6 102
107 10758 -1 2 0 0.0261 0.0344 81847.1 64198.9 -1
107 1036 -1 3 0 0.2613 -0.2586 104093 12577.9 -1
107 2084 5121610 3 1148074 0.0991 -0.12586 106375 48186.3 164
107 14098 -1 4 0 0.2589 0.4279 48320.2 6981.1 -1
107 12450 6990873 4 805012 0.12344 -0.00837 74099.6 16451.5 242
107 12406 -1 5 0 -0.073 0.2164 91196.3 30695.3 -1
107 13736 -1 6 0 -0.3919 -0.2375 38388.7 49228.6 -1
108 1036 -1 3 0 0.2603 -0.2594 104013 15301.2 -1
108 2084 -1 3 0 0.0983 -0.1266 106973 50555.7 -1
108 12450 -1 4 0 0.1234 -0.0092 74529.3 18189.7 -1
108 12406 -1 5 0 -0.0729 0.217 91927 31027.2 -1
108 13736 -1 6 0 -0.3935 -0.2356 41102 51367.5 -1
109 2084 -1 3 0 0.0993 -0.1261 104904 48931.8 -1
109 12450 -1 4 0 0.1234 -0.0085 72708.1 15945.9 -1
109 12406 -1 5 0 -0.0736 0.2151 89652.5 29254.6 -1
109 13736 -1 6 0 -0.3917 -0.237 39494.6 48586.2 -1
110 1861 270749 1 270749 0.28745 -0.13418 59097.7 44168 140
110 3451 565328 1 565328 0.00372 -0.16061 119986 58232.6 240
110 2084 -1 3 0 0.0988 -0.1255 104479 50077 -1
110 12450 -1 4 0 0.1238 -0.0098 73757.6 17311 -1
110 9814 8738205 5 97000 0.55585 0.1124 83523.1 10945 66
111 1861 -1 1 0 0.2907 -0.1278 58150.1 39508.1 -1
111 3451 -1 1 0 0.0074 -0.1604 118948 54969.1 -1
111 9814 -1 3 0 0.5548 0.1212 79439.6 86889.5 -1
112 1861 -1 1 0 0.2891 -0.1317 56273.9 41530.2 -1
112 3451 -1 1 0 0.0041 -0.1602 118088 55729.4 -1
112 13507 5023840 2 2028272 -0.48571 -0.41216 50343.6 84682.2 26
112 9814 -1 5 0 0.5509 0.1079 78575.9 5572 -1
113 1861 -1 1 0 0.2872 -0.133 57699.8 43897.5 -1
113 3451 -1 1 0 0.004 -0.1608 119696 58287.6 -1
113 9314 554508 1 554508 -0.15502 -0.19303 74204.1 78892.6 100
113 13507 -1 4 0 -0.4854 -0.4122 53333.2 8255.8 -1
113 14353 10123084 4 1097733 -0.25988 0.07633 72060.3 75990.4 138
113 9814 -1 5 0 0.5534 0.1143 79955.7 12192.4 -1
113 11531 12603152 5 461792 -0.09506 -0.16777 83071.1 48255 164
114 9314 -1 1 0 -0.155 -0.1932 73746.9 78080.6 -1
114 7864 3391086 2 1206122 -0.06935 -0.05088 90968.2 59717 188
114 1015 6770872 4 145439 0.16467 -0.2943 91745.7 13715.1 108
114 13507 -1 4 0 -0.483 -0.4148 53842 9030.5 -1
114 14353 -1 4 0 -0.2602 0.0756 71628.1 75370.8 -1
114 11531 -1 5 0 -0.0948 -0.1681 82147.7 48039.6 -1
115 9314 -1 1 0 -0.1527 -0.1939 74876.3 78687.9 -1
115 7864 -1 2 0 -0.0691 -0.0512 91876.2 61280 -1
115 1015 -1 4 0 0.1665 -0.2932 92811.1 14145.8 -1
115 13507 -1 4 0 -0.4806 -0.4183 55478.7 9331.7 -1
115 14353 -1 4 0 -0.2605 0.0743 72663.1 75376.7 -1
115 11531 -1 5 0 -0.0938 -0.1696 82842.9 48187.2 -1
116 9314 -1 1 0 -0.1543 -0.1937 75459 80971.3 -1
116 15170 2717653 2 503574 -0.0202 0.19925 29906.3 65245.5 98
116 7864 -1 2 0 -0.0696 -0.0506 91435.9 61399.8 -1
116 2709 5231719 3 1258183 -0.05429 -0.18449 63455.9 65695.6 184
116 1015 -1 4 0 0.1641 -0.2942 91345.6 16502.5 -1
116 14353 -1 4 0 -0.2601 0.0766 72844.2 76846.4 -1
116 11531 -1 5 0 -0.0954 -0.1673 83890.2 45469.9 -1
117 15170 -1 2 0 -0.0209 0.1992 28010 62472.1 -1
117 7864 -1 2 0 -0.0696 -0.0503 89591.3 59034.4 -1
117 2709 -1 3 0 -0.0544 -0.1844 61474.7 62982.4 -1
117 14870 6139872 3 1283328 -0.4143 -0.11946 119334 32754.9 200
117 1015 -1 4 0 0.1651 -0.2936 88672.9 15001.3 -1
117 1784 7989774 4 1147744 -0.39494 0.24544 21383.3 51282.1 66
118 15170 -1 2 0 -0.0201 0.1989 29468.3 63812 -1
118 14302 6458424 3 1992995 0.43239 0.14763 87640.6 64839.6 134
118 2709 -1 3 0 -0.0552 -0.1844 63433.6 65657.2 -1
118 14870 -1 3 0 -0.4146 -0.1169 122206 35038.1 -1
118 1784 -1 4 0 -0.3953 0.2449 25049.2 52114.8 -1
119 15170 -1 2 0 -0.0198 0.1991 27138.3 61997 -1
119 14302 -1 3 0 0.4309 0.1512 84862.6 63236.7 -1
119 2709 -1 3 0 -0.0533 -0.184 61045.9 64135.9 -1
119 14870 -1 3 0 -0.4138 -0.1222 120379 33937.1 -1
119 3679 7197000 3 2153052 -0.30291 -0.39524 102902 79711.7 90
119 1784 -1 4 0 -0.3951 0.2446 22904.7 48822.7 -1
119 4095 8010213 4 947441 0.48103 -0.3845 25687.9 47285.5 110
120 14302 -1 3 0 0.4321 0.1482 86964.6 65002.9 -1
120 1658 4114936 3 165018 0.49253 0.01401 55473.8 15861.4 84
120 2368 4352548 3 379012 -0.17642 -0.18257 59272 27457.1 140
120 14870 -1 3 0 -0.4147 -0.1188 124756 36218.9 -1
120 3679 -1 3 0 -0.3051 -0.3927 107304 82974.9 -1
120 6556 5777353 4 39373 0.06864 -0.17871 24913.1 45821.8 264
120 1784 -1 4 0 -0.3962 0.2438 27480.1 51572.6 -1
120 4095 -1 4 0 0.4829 -0.3851 27631.7 51935.1 -1
121 14302 -1 3 0 0.4318 0.1483 86506.5 62732.8 -1
121 1658 -1 3 0 0.4922 0.0154 55090.4 13634 -1
121 2368 -1 3 0 -0.1759 -0.1829 59411.1 25401.3 -1
121 3679 -1 3 0 -0.3043 -0.3924 107410 81196.4 -1
121 6556 -1 4 0 0.0681 -0.179 24417.3 43845.3 -1
121 4095 -1 4 0 0.4816 -0.3852 26814.9 50124.4 -1
122 14144 3160424 2 735387 -0.02644 -0.12733 91587.1 53433.9 138
122 1658 -1 3 0 0.4928 0.0165 55170.4 16003.3 -1
122 2368 -1 3 0 -0.1761 -0.182 61411.3 28307.9 -1
122 3679 -1 3 0 -0.307 -0.3915 109951 84427.3 -1
122 2377 6651925 4 449535 0.08217 0.13822 93551.1 64545.9 108
122 4272 7336237 4 1179608 -0.1705 0.10962 36001.6 78208.5 42
122 6556 -1 4 0 0.0677 -0.1788 25666.6 47047.2 -1
122 4095 -1 4 0 0.4809 -0.3829 27012.9 53875.1 -1
122 6911 10121929 6 186463 -0.0091 -0.07162 19157.9 18342.2 156
123 14144 -1 2 0 -0.0255 -0.1275 90779.1 52223.9 -1
123 1658 -1 3 0 0.4912 0.01 53505.3 14475.8 -1
123 2368 -1 3 0 -0.1774 -0.1805 60370.1 26883 -1
123 2377 -1 4 0 0.0816 0.1386 92115.7 62514.3 -1
123 4272 -1 4 0 -0.171 0.1088 34724.8 75984.3 -1
123 6556 -1 4 0 0.0686 -0.1793 24316.1 45017.6 -1
123 13828 9680205 5 1070877 0.12031 -0.02028 94923.1 33181.6 222
123 6911 -1 6 0 -0.0093 -0.0716 18170.4 17605.3 -1
124 14144 -1 2 0 -0.0252 -0.1277 89213 52629 -1
124 14046 6224153 4 707579 0.22018 0.43577 45794.4 47128.8 42
124 2377 -1 4 0 0.0818 0.1381 90405.8 61932.6 -1
124 4272 -1 4 0 -0.1709 0.1089 33798.2 75530.8 -1
124 13828 -1 5 0 0.1202 -0.0203 92402 33020 -1
124 6911 -1 6 0 -0.0092 -0.0716 15750.2 17622.7 -1
125 14144 -1 2 0 -0.026 -0.128 91181.4 53507.5 -1
125 14046 -1 4 0 0.2216 0.435 47752.6 48111.5 -1
125 2377 -1 4 0 0.0827 0.1385 92533.6 63016.6 -1
125 4272 -1 4 0 -0.1711 0.1093 36174.5 76838.1 -1
125 14047 8220240 4 1832446 -0.32734 -0.32197 46671.3 46593.3 168
125 13828 -1 5 0 0.1203 -0.0204 94848.5 33583.5 -1
125 6911 -1 6 0 -0.009 -0.0718 18817.6 18606.5 -1
126 9297 4878250 3 309704 0.11444 0.02015 94014.4 56046.5 280
126 14046 -1 4 0 0.217 0.4382 45012.7 46121.1 -1
126 14047 -1 4 0 -0.324 -0.3258 45593.5 46922.9 -1
126 9719 10338631 5 2391559 0.53495 -0.14717 88252.4 33834.9 120
126 13828 -1 5 0 0.1205 -0.0202 92364 33707.6 -1
127 9297 -1 3 0 0.1147 0.0187 96256 56744.7 -1
127 14046 -1 4 0 0.2228 0.4356 47424 45958.4 -1
127 14047 -1 4 0 -0.328 -0.3226 48465.9 47374.3 -1
127 9719 -1 5 0 0.5331 -0.1533 90557.5 34439.7 -1
128 258 3202080 2 823384 -0.25444 -0.08376 46935.8 74920.6 120
128 8879 3245139 2 867112 -0.32248 -0.13043 80260.3 79510.7 86
128 9297 -1 3 0 0.1146 0.0198 94060.6 55916.6 -1
128 6079 7503719 4 881159 -0.02095 -0.13637 70987.4 39940.9 260
128 14047 -1 4 0 -0.3256 -0.323 47742.7 47694.2 -1
128 2664 9441834 5 1067620 0.30792 0.0774 55097.7 16971.9 118
128 9719 -1 5 0 0.5348 -0.1488 86650.1 33903.5 -1
129 258 -1 2 0 -0.2545 -0.0831 47467.7 76248.5 -1
129 8879 -1 2 0 -0.3223 -0.1297 80845.3 80795.4 -1
129 9297 -1 3 0 0.1145 0.02 94817.4 55380.4 -1
129 6079 -1 4 0 -0.0215 -0.1362 71646.7 39378.6 -1
129 13105 7006146 4 971648 0.14941 -0.13721 58985.8 16844.9 198
129 2664 -1 5 0 0.3081 0.0771 55837.6 16731.9 -1
129 9719 -1 5 0 0.5337 -0.1475 87209 33806.4 -1
130 258 -1 2 0 -0.2556 -0.0794 49147 77107.1 -1
130 8879 -1 2 0 -0.3236 -0.1262 82756.6 81408 -1
130 508 6687653 4 731542 0.08763 -0.08314 17224.9 61108.9 166
130 6079 -1 4 0 -0.0231 -0.1359 73006.3 40754.6 -1
130 9657 6539797 4 379498 -0.13604 -0.11086 44341.5 82984.6 112
130 13105 -1 4 0 0.1475 -0.1395 59590.7 18386 -1
130 2664 -1 5 0 0.3086 0.0744 56547.9 18073.4 -1
131 258 -1 2 0 -0.2542 -0.0838 47874 75577.9 -1
131 8879 -1 2 0 -0.3211 -0.1313 81450.2 80420.7 -1
131 508 -1 4 0 0.0894 -0.0812 14924.4 58786.1 -1
131 6079 -1 4 0 -0.0205 -0.1366 71198.2 39662 -1
131 9657 -1 4 0 -0.1338 -0.1136 41759 81233.8 -1
131 13105 -1 4 0 0.1501 -0.136 58118.5 17031.7 -1
131 2664 -1 5 0 0.3072 0.0785 53343 15426.6 -1
132 508 -1 4 0 0.0876 -0.0831 17400.6 63132 -1
132 9657 -1 4 0 -0.1362 -0.1114 45247.9 85172.1 -1
132 13105 -1 4 0 0.1479 -0.1387 59649.7 20686 -1
133 508 -1 4 0 0.0887 -0.0821 15380.7 60823.8 -1
133 9657 -1 4 0 -0.1348 -0.1129 43189.6 83170 -1
