groupid:  10057, ntrk:  2
vertex track :          0   3  81    3396646 -0.2517 -0.3682   54445.9  143870.5     215.3    13   633.9
   82 3      1 -0.2523 -0.3685   59074.6   67137.4   -2867.9 -0.2536 -0.3716   57079.3  145968.9 -135761.5
       45.5       9.6   59056.8   67094.4   59055.2   67092.1   59302.2   67389.9   59041.0   67105.2
   83 3      2 -0.2488 -0.3701   56376.9   65704.4   -3720.2 -0.2536 -0.3716   57295.4  146285.6 -136613.8
       57.9      22.6   56363.4   65643.7   56375.8   65662.1   56600.2   65974.7   56325.8   65668.9
   84 3      3 -0.2514 -0.3675   59295.4   68100.7   -6588.0 -0.2536 -0.3716   58022.7  147351.1 -139481.6
       95.6      44.5   59278.1   67996.7   59333.3   68077.3   59522.3   68414.4   59204.6   68046.9
vertex track :         21   3  81    3807058 -0.5295  0.1414   53895.7  144693.4     216.2  2212   331.4
   82 3      1 -0.5291  0.1764   51589.9   63650.5   -2392.2 -0.5264  0.1422   57126.2  145282.8 -135283.4
       72.6      47.5   51505.9   63628.4   51532.7   63619.5   51883.3   63882.7   51536.0   63718.5
   83 3      2 -0.5108  0.1268   53374.3   67798.9   -3211.3 -0.5264  0.1422   57557.3  145166.3 -136102.5
      153.9     125.3   53194.7   67714.4   53386.2   67666.8   53763.3   68093.6   53255.1   67957.6
   84 3      3 -0.5327  0.1463   52862.7   65342.6   -6074.2 -0.5264  0.1422   59064.3  144759.1 -138965.4
      314.4     263.7   52489.7   65171.6   52984.1   65035.8   53445.2   65723.7   52629.4   65680.2
