groupid:   1243, ntrk:  3
vertex track :          0   3  71    2224797  0.0129 -0.4068   81295.7  121532.8     176.9    13  2461.4
   72 3      1  0.0110 -0.4067   83067.3   46811.5   -2867.7  0.0119 -0.4040   80696.8  123621.1 -117131.8
       40.5       3.8   83072.3   46771.2   83072.4   46766.7   83272.4   47061.5   83064.6   46771.0
   73 3      2  0.0078 -0.4075   81761.3   44151.8   -3718.7  0.0119 -0.4040   80686.6  123965.0 -117982.9
       48.2       6.8   81769.0   44103.7   81768.8   44114.6   81963.5   44409.5   81755.4   44103.5
   74 3      3  0.0116 -0.4071   82726.1   47061.6   -6587.7  0.0119 -0.4040   80652.5  125124.2 -120851.9
       76.4      12.9   82741.2   46985.6   82739.2   47052.9   82921.0   47347.3   82715.3   46984.9
vertex track :         56   3  71    3102787 -1.7600  2.1875   79104.7  124752.7     178.8   211   688.4
   72 3      1 -1.7141  2.1316   82675.3   38267.7   -2839.5 -1.7588  2.2226   83863.0  118931.1 -117112.8
      399.0      39.6   82394.4   38553.9   82534.6   38379.6   83164.5   38193.7   82456.1   38603.5
   73 3      2 -1.8532  2.0129   83656.0   39249.4   -3658.8 -1.7588  2.2226   85304.1  117110.1 -117932.1
      545.3      94.8   83217.0   39586.3   83566.4   39206.7   84303.3   39124.5   83356.5   39714.7
   74 3      3 -1.8794  2.2310   89763.0   29456.8   -6201.6 -1.7588  2.2226   89776.5  111458.5 -120474.9
      913.1     178.4   89038.3   30040.2   89820.2   29112.1   90695.9   29085.7   89311.2   30270.1
vertex track :         95   3  72    2660913  0.4921  1.9156   82125.2  119606.2     277.6  2212   475.4
   69 3     -2  0.4623  1.9252   82812.5   51294.0    6584.8  0.4953  1.9145   82680.8  130558.6 -110582.2
      917.8     369.2   82667.9   52272.6   82336.3   50892.1   83167.7   50527.3   83385.8   52100.2
   70 3     -1  0.4714  1.9180   83174.3   46220.9    3720.7  0.4953  1.9145   81262.2  125075.3 -113446.3
      461.9     175.9   83113.7   46711.4   82992.2   46217.1   83445.3   45942.3   83455.3   46627.5
   71 3      0  0.4866  1.9144   81288.0   43889.4    2867.5  0.4953  1.9145   80839.5  123441.9 -114299.5
      249.4      65.9   81285.6   44147.4   81264.9   44065.9   81501.0   43843.3   81413.4   44114.9
