groupid:   1260, ntrk:  3
vertex track :          0   3  19    4631442  0.3527  0.7367   68213.4  163935.1     141.7    13   381.7
   20 3      1  0.3529  0.7374   71407.5   84009.9   -2865.9  0.3618  0.7334   69824.7  161880.0  -20777.7
       81.7      19.7   71425.0   84092.1   71428.5   84099.5   71600.3   84138.4   71460.5   84075.1
   21 3      2  0.3573  0.7357   71226.1   82315.2   -3716.7  0.3618  0.7334   69516.9  161256.1  -21628.5
      110.6      48.1   71231.2   82435.8   71209.5   82391.2   71431.4   82405.4   71317.7   82393.7
   22 3      3  0.3528  0.7372   71270.2   80109.9   -6584.1  0.3618  0.7334   68479.4  159153.2  -24495.9
      189.3      95.7   71265.6   80322.0   71176.2   80135.2   71485.1   80108.5   71438.2   80239.3
vertex track :        113   3  20    3223307  0.1778 -0.4704   72254.5  162345.5     325.9   211   152.5
   17 3     -2  0.1835 -0.4660   68185.8   79240.0    6585.6  0.1796 -0.4721   71034.3  159043.5  -14064.0
      276.0     234.5   68505.1   79069.1   68341.4   79484.9   68076.7   79620.5   68068.7   78897.3
   18 3     -1  0.1788 -0.4691   69244.6   81787.4    3718.9  0.1796 -0.4721   70519.3  160396.9  -16930.8
      134.7     110.8   69396.1   81700.9   69337.7   81854.2   69303.3   82083.3   69189.1   81622.0
   19 3      0  0.1801 -0.4693   68777.2   82791.6    2869.1  0.1796 -0.4721   70366.7  160798.0  -17780.5
       63.7      40.9   68838.3   82746.8   68830.5   82767.2   68926.4   83046.0   68761.9   82717.5
vertex track :        133   3  20    3429924  0.3232  0.8178   72441.6  162381.4     324.9   211   173.8
   17 5     -2  0.3512  0.7564   75682.8    9554.7    6243.1  0.3202  0.8164   71992.0  166867.4  -14405.5
      345.3     237.5   75612.8    9967.9   75395.7    9500.4   75963.1    9352.3   76043.6    9767.9
   18 5     -1  0.3835  0.7480   76614.6    7822.9    3360.4  0.3202  0.8164   71068.9  164513.8  -17288.2
      164.2     105.8   76595.4    8017.3   76526.0    7882.1   76844.3    7839.2   76783.7    7920.7
   19 5      0  0.3603  0.8190   76849.6    4993.9    2535.9  0.3202  0.8164   70804.9  163840.7  -18112.7
       86.6      37.0   76850.6    5088.1   76856.5    5101.5   77059.0    5110.5   76918.4    5058.3
