groupid:   1694, ntrk:  2
vertex track :          0   3 119    3889189  0.1591 -0.2071  202424.1   86405.3     185.5    13   803.3
  120 4      1  0.1582 -0.2076   81816.2    9918.6   -2863.6  0.1563 -0.2071  201665.7   88386.0 -205995.3
       27.9       6.6   81838.3    9900.5   81837.8    9901.2   82004.1   10146.6   81827.8    9892.4
  121 4      2  0.1590 -0.2064   82678.5    9288.8   -3720.1  0.1563 -0.2071  201531.9   88563.3 -206851.8
       36.2      16.0   82713.3    9269.8   82702.5    9283.9   82853.9    9517.5   82688.0    9250.3
  122 4      3  0.1569 -0.2085   83178.2   11598.1   -6585.1  0.1563 -0.2071  201084.3   89156.5 -209716.8
       60.8      31.6   83240.0   11568.5   83199.8   11621.9   83326.5   11837.5   83189.5   11530.5
vertex track :        140   3 120    4503366 -0.1797  0.9275  203862.5   87436.9     294.5  2212   641.5
  117 4     -2 -0.1781  0.9282   84121.6   13889.2    6583.6 -0.1780  0.9275  201197.4   92013.4 -199616.0
      212.6     103.5   83979.8   14078.5   84022.6   13855.8   84473.2   13910.8   84183.2   14117.5
  118 4     -1 -0.1790  0.9280   83062.6   10994.0    3716.5 -0.1780  0.9275  201707.6   89354.2 -202483.1
      119.3      49.2   82991.7   11101.8   82999.3   11062.4   83343.4   11097.1   83088.4   11120.4
  119 4      0 -0.1847  0.9261   82092.9    8776.6    2868.6 -0.1780  0.9275  201858.5   88567.7 -203331.1
       86.7      18.8   82057.5    8857.9   82052.7    8882.4   82338.1    8906.2   82094.4    8865.3
