groupid:   1908, ntrk:  3
vertex track :          0   3  95    3325065 -0.3255 -0.6459  209137.1  119082.7     331.7    13  1016.7
   96 4      1 -0.3101 -0.6536   88635.4   43327.1   -2869.6 -0.3312 -0.6458  208032.5  120749.2 -161488.1
       72.2       8.7   88612.3   43258.2   88609.1   43251.3   88868.2   43605.4   88596.7   43265.6
   97 4      2 -0.3116 -0.6528   88805.8   43986.7   -3716.3 -0.3312 -0.6458  208313.0  121295.9 -162334.8
       86.7      18.2   88784.8   43900.6   88794.1   43920.0   89036.4   44282.1   88752.0   43916.3
   98 4      3 -0.3132 -0.6529   86548.8   45160.8   -6585.1 -0.3312 -0.6458  209263.1  123148.5 -165203.6
      136.9      35.0   86521.2   45022.2   86573.8   45131.9   86786.1   45508.7   86458.0   45052.5
vertex track :         19   3  95    3763593  0.3492  0.2624  211220.5  121890.1     336.8     0   719.8
   96 4      1  0.3524  0.2543   88513.1   47778.7   -3065.8  0.3519  0.2625  207884.4  120595.5 -161686.7
       47.5       9.7   88545.9   47814.3   88542.9   47812.2   88690.7   47953.2   88557.3   47798.6
   97 4      2  0.3088  0.2675   89900.9   46032.2   -3889.1  0.3519  0.2625  207594.6  120379.4 -162510.0
       59.1      21.7   89931.3   46087.3   89906.8   46066.1   90080.7   46187.4   89959.7   46054.5
   98 4      3  0.3495  0.2813   90328.3   45474.5   -6766.0  0.3519  0.2625  206582.3  119624.1 -165386.9
       95.2      41.4   90376.6   45566.4   90301.6   45506.1   90490.4   45592.8   90428.4   45501.9
vertex track :        164   3  96    4409566 -0.6881  0.1979  211051.1  116699.0     182.3   211   227.0
   93 4     -2 -0.6911  0.1857   81570.9   40034.2    6585.1 -0.6978  0.1947  204467.3  119737.2 -154933.1
      230.7     160.2   81306.5   39939.4   81607.0   39858.6   82044.7   40339.3   81389.7   40248.9
   94 4     -1 -0.6901  0.1911   88496.2   41164.3    3714.5 -0.6978  0.1947  206470.5  119178.4 -157803.8
      121.1      77.1   88358.9   41122.2   88447.4   41097.7   88842.8   41416.5   88400.0   41270.9
   95 4      0 -0.6893  0.1917   87172.2   43085.4    2868.1 -0.6978  0.1947  207061.2  119013.6 -158650.2
       73.3      29.4   87093.7   43076.7   87090.1   43077.7   87459.9   43304.3   87109.5   43133.4
