groupid:   2189, ntrk:  6
vertex track :          0   3  27    2527530  0.2299  0.4202   66778.3  142095.4     317.0    13   741.5
   28 3      1  0.2284  0.4203   65794.3   60370.2   -2862.6  0.2378  0.4207   64974.5  141224.7  -35411.8
       49.4       9.0   65810.1   60417.9   65810.8   60419.3   65988.9   60532.9   65825.8   60409.3
   29 3      2  0.2256  0.4226   64513.5   61780.6   -3720.0  0.2378  0.4207   64770.7  140864.1  -36269.3
       61.5      20.4   64524.5   61844.5   64513.9   61824.7   64712.7   61927.1   64560.5   61825.3
   30 3      3  0.2271  0.4198   64358.0   59130.9   -6583.0  0.2378  0.4207   64089.9  139659.7  -39132.3
       99.5      39.6   64370.5   59237.3   64323.5   59150.4   64555.7   59235.0   64440.2   59199.6
vertex track :         63   3  27    3157220 -3.8509 -4.3537   59919.1  134479.3     310.6     0 10001.0
   28 3      1 -3.9087 -4.5371   71560.5   70796.7   -3124.3 -3.7885 -4.2865   71856.7  149646.9  -35633.1
     1527.0      26.9   70584.2   69622.3   71756.7   70983.2   72742.8   72176.6   70543.4   69657.4
   29 3      2 -3.9428 -4.3254   75420.7   72607.0   -3949.2 -3.7885 -4.2865   74981.7  153182.7  -36458.0
     1879.0      37.5   74182.6   71193.1   75886.3   73062.1   76864.9   74226.7   74127.1   71243.6
   30 3      3 -4.2546 -4.3949   86998.2   85448.7   -6675.9 -3.7885 -4.2865   85311.9  164871.0  -39184.7
     3050.2      64.1   84922.7   83212.6   88272.4   86672.6   89279.4   87890.4   84830.6   83301.8
vertex track :         76   3  27    3180661 -0.0504  1.1419   66340.4  143231.9     319.1   211   192.2
   28 3      1 -0.0536  1.1412   66249.6   59238.6   -2865.3 -0.0410  1.1422   65426.1  140064.7  -35412.7
      149.6      63.4   66179.2   59385.0   66182.0   59325.8   66529.9   59303.2   66305.9   59391.0
   29 3      2 -0.0625  1.1409   65213.2   60036.2   -3714.7 -0.0410  1.1422   65461.0  139094.6  -36262.1
      270.7     154.5   65044.1   60298.0   65060.6   59997.0   65592.2   59985.5   65352.7   60314.9
   30 3      3 -0.0566  1.1398   65848.3   55388.9   -6582.7 -0.0410  1.1422   65578.7  135818.9  -39130.1
      504.5     302.0   65521.7   55877.8   65559.8   55109.4   66384.9   55111.2   66124.9   55907.8
vertex track :         82   3  27    3377949  0.5654 -1.6826   66823.9  141808.0     316.9  2212   602.0
   28 3      1  0.6743 -1.7376   65887.0   70349.3   -3158.8  0.5705 -1.6975   63792.4  148174.1  -35708.6
      243.9      56.1   66027.5   70142.3   65992.7   70232.1   65957.1   70764.7   65922.9   70101.7
   29 3      2  0.6205 -1.6573   66004.3   69996.4   -3996.8  0.5705 -1.6975   63314.3  149596.5  -36546.5
      368.0     129.9   66255.0   69697.4   66127.2   70038.6   65964.1   70503.8   66011.6   69606.2
   30 3      3  0.5652 -1.6720   64461.1   75371.7   -6798.7  0.5705 -1.6975   61715.6  154352.7  -39348.5
      636.2     243.7   64895.8   74847.0   64606.9   75701.3   64237.1   76104.7   64434.0   74690.9
vertex track :         96   3  27    3390035  0.4432  2.1353   67167.5  145189.4     320.7   211   554.0
   28 3      1  0.4378  2.1404   65535.1   58051.4   -2869.3  0.4559  2.1411   64674.4  138835.0  -35421.2
      283.5      38.0   65554.7   58336.7   65533.0   58230.7   65726.0   57978.1   65629.2   58321.5
   29 3      2  0.4230  2.1368   64094.2   57989.7   -3725.1  0.4559  2.1411   64284.2  137002.7  -36277.0
      390.5      90.4   64081.4   58390.3   64018.6   58073.0   64317.5   57801.3   64258.7   58355.2
   30 3      3  0.4267  2.1389   63377.9   50572.4   -6597.2  0.4559  2.1411   62974.8  130853.3  -39149.1
      673.7     176.1   63337.0   51267.5   63163.0   50395.3   63629.2   50089.4   63682.4   51198.6
vertex track :        107   3  28    2746526 -0.0733  1.1212   65872.3  137602.8     193.9   211   171.3
   25 3     -2 -0.0853  1.1244   64132.8   67847.0    6590.2 -0.0645  1.1247   65127.1  147288.6  -28977.2
      518.5     320.0   63774.5   68339.8   63835.0   67541.9   64701.1   67565.3   64412.7   68388.2
   26 3     -1 -0.0778  1.1188   64901.9   65247.2    3721.7 -0.0645  1.1247   65312.3  144062.3  -31845.7
      261.0     154.0   64730.1   65496.9   64750.0   65211.1   65283.5   65208.7   65037.4   65518.2
   27 3      0 -0.0721  1.1206   66323.3   64542.4    2869.5 -0.0645  1.1247   65367.3  143103.8  -32698.0
      133.9      58.3   66256.5   64672.4   66258.5   64640.4   66600.0   64623.7   66372.9   64679.8
