groupid:   2346, ntrk:  2
vertex track :          0   3 111    6321668 -0.2162 -0.3121  168148.0  169865.6     378.2    13   601.2
  112 6      1 -0.2150 -0.3126   48593.0   15806.8   -2869.4 -0.2221 -0.3198  167711.4  170823.5 -191442.2
       40.8      10.2   48578.2   15767.4   48579.4   15769.0   48817.5   16056.0   48561.4   15779.0
  113 6      2 -0.2153 -0.3127   48178.3   15294.3   -3717.0 -0.2221 -0.3198  167899.7  171094.6 -192289.9
       53.0      23.9   48168.0   15237.1   48182.9   15258.8   48398.5   15561.3   48128.5   15264.2
  114 6      3 -0.2169 -0.3109   48380.2   11972.9   -6584.9 -0.2221 -0.3198  168536.6  172011.9 -195157.8
       87.8      46.4   48368.0   11874.3   48422.9   11953.1   48602.2   12281.1   48291.9   11927.4
vertex track :         94   3 111    7052957  1.0286  3.0894  170659.4  176725.1     382.3   211   283.8
  112 6      1  0.8996  3.0877   46266.5   11223.4   -2923.0  1.0243  3.0623  166151.5  166581.9 -191463.4
      709.7     140.3   46330.3   11944.0   46122.2   11229.6   46413.6   10715.8   46599.7   11865.5
  113 6      2  0.8746  2.7612   49003.0    9903.9   -3744.9  1.0243  3.0623  165309.6  164065.0 -192285.3
     1302.9     333.4   49078.6   11246.6   48475.4    9342.4   49138.3    8773.9   49714.2   11045.3
  114 4      3  1.2729  2.9976   45505.3   78291.7   -6214.5  1.0243  3.0623  162779.9  156502.3 -194755.0
     2278.5     602.3   45841.5   80624.4   44327.6   77059.4   45380.3   76172.1   46950.2   80153.6
