groupid:   2825, ntrk:  2
vertex track :          0   3  63    4556382  0.3127 -0.1276   82140.2  166633.2     142.5    13   637.5
   64 5      1  0.3130 -0.1276   79766.0    8875.9   -2867.7  0.3145 -0.1239   79864.0  169113.1 -101755.3
       34.8       8.5   79801.4    8870.7   79802.7    8870.1   79940.8    9091.0   79795.0    8854.9
   65 5      2  0.3132 -0.1268   77305.4    7639.8   -3717.3  0.3145 -0.1239   79596.8  169218.4 -102604.9
       45.5      20.7   77355.3    7641.9   77336.7    7649.4   77465.8    7847.6   77339.8    7603.6
   66 5      3  0.3125 -0.1279   78900.4    7544.6   -6585.5  0.3145 -0.1239   78694.9  169573.7 -105473.1
       76.7      41.1   78987.0    7553.6   78910.6    7584.8   79024.2    7745.5   78955.9    7477.6
vertex track :         55   3  63    4557292 -0.2082 -0.1357   80873.2  166612.6     141.3   211   279.4
   64 3      1 -0.2082 -0.1512   83338.3   85750.7   -3598.2 -0.2091 -0.1340   80320.6  169214.8 -102485.2
       40.6      26.6   83321.1   85705.3   83343.0   85721.2   83565.2   86005.9   83289.8   85748.4
   65 5      2 -0.2012 -0.1411   83533.0    6419.9   -4421.5 -0.2091 -0.1340   80492.8  169325.1 -103308.5
       71.2      60.2   83509.3    6329.6   83583.6    6381.8   83766.5    6719.9   83440.1    6428.3
   66 5      3 -0.2101 -0.1448   82880.8    6430.5   -6893.5 -0.2091 -0.1340   81009.8  169656.3 -105780.5
      119.4     104.8   82841.9    6276.5   82994.4    6381.5   83129.4    6794.3   82723.0    6449.0
