groupid:   3475, ntrk:  3
vertex track :          0   3  61    3565891 -0.0011 -0.2566  142126.8  129956.5     279.8    13  1799.8
   62 4      1 -0.0009 -0.2566   23962.1   53783.7   -2868.4 -0.0009 -0.2529  143521.8  131761.0  -98268.9
       27.4       3.6   23965.5   53756.3   23965.5   53757.3   24168.6   54020.9   23958.4   53756.3
   63 4      2 -0.0021 -0.2560   23679.8   52541.6   -3716.8 -0.0009 -0.2529  143522.6  131975.6  -99117.3
       33.3       7.6   23687.1   52508.2   23687.2   52521.0   23882.4   52784.7   23671.9   52508.3
   64 4      3 -0.0019 -0.2570   22887.7   54754.7   -6587.1 -0.0009 -0.2529  143525.2  132701.5 -101987.6
       53.5      14.8   22902.1   54701.1   22902.5   54754.0   23083.3   55018.0   22872.6   54701.3
vertex track :         71   3  61    4061087  1.3945  1.1603  142778.1  130626.2     278.5  2212   292.0
   62 4      1  1.4325  1.1794   17402.9   47642.6   -2863.7  1.4508  1.1663  139631.6  127966.0  -98267.6
      453.3     195.0   17629.0   48081.3   17229.8   47752.7   17388.3   47415.1   17876.9   47780.2
   63 4      2  1.4265  1.2517   14898.4   48195.4   -3701.2  1.4508  1.1663  138416.6  126989.2  -99105.1
     1015.8     475.7   15348.2   49222.8   14120.7   48145.8   14660.0   47379.1   15975.6   48507.7
   64 4      3  1.3274  1.2194   12675.7   40916.6   -7356.5  1.4508  1.1663  133113.5  122726.1 -102760.4
     2242.3    1061.6   13608.8   43215.3   10585.0   40437.5   11954.0   38829.1   15045.1   41651.7
vertex track :         76   3  61    4061825 -0.4288  0.7712  141923.1  130445.1     281.6  2212   595.0
   62 4      1 -0.4305  0.7710   24988.2   51331.5   -2866.5 -0.4208  0.7746  144643.8  129014.6  -98269.6
       93.4      26.3   24919.6   51400.2   24920.3   51399.0   25266.3   51473.6   24965.6   51425.9
   63 4      2 -0.4261  0.7731   25040.1   49212.0   -3719.2 -0.4208  0.7746  145002.6  128354.1  -99122.2
      132.5      63.6   24920.4   49297.4   24958.9   49227.6   25369.3   49337.4   25031.8   49358.8
   64 4      3 -0.4290  0.7725   25808.4   47680.8   -6586.3 -0.4208  0.7746  146209.1  126133.3 -101989.4
      229.5     124.5   25588.1   47821.0   25720.9   47581.9   26238.3   47751.3   25805.8   47941.9
