groupid:   3578, ntrk:  3
vertex track :          0   3 123    3947831 -0.5219 -0.1540  206686.6  105265.6     185.1    13  1239.2
  124 4      1 -0.5217 -0.1559   89150.6   27658.3   -2866.9 -0.5243 -0.1531  208934.3  105828.2 -213238.5
       53.2       6.3   89101.4   27637.1   89093.8   27634.8   89409.2   27889.4   89097.9   27649.1
  125 4      2 -0.5182 -0.1643   88272.8   27815.2   -3717.5 -0.5243 -0.1531  209380.2  105958.4 -214089.1
       63.9      12.9   88215.8   27783.6   88228.7   27787.7   88539.2   28056.6   88208.0   27808.2
  126 4      3 -0.5231 -0.1511   92033.9   28197.7   -6585.7 -0.5243 -0.1531  210884.0  106397.4 -216957.3
      101.5      25.1   91943.4   28145.4   92028.5   28170.0   92333.9   28459.9   91929.4   28193.7
vertex track :         71   3 124    3942685  1.7634  0.7945  208664.6  105929.1     309.0     0 10001.0
  121 4     -2  1.7592  0.8144   99449.1   31134.0    6584.9  1.7646  0.7961  218560.6  110278.6 -206734.6
      403.0      20.6   99806.2   31322.0   99444.1   31154.4   99303.8   31156.8   99823.5   31284.6
  122 4     -1  1.7631  0.7910   96001.5   30595.4    3718.4  1.7646  0.7961  213502.5  107996.6 -209601.0
      239.6      11.0   96215.6   30703.6   96148.6   30673.5   95999.2   30698.1   96224.7   30683.4
  123 4      0  1.7503  0.8203   91803.7   28678.8    2867.9  1.7646  0.7961  212001.7  107319.5 -210451.5
      195.4       8.0   91977.3   28768.9   91990.9   28775.3   91841.9   28799.4   91984.1   28754.5
vertex track :         96   3 124    4128584  0.4549 -2.0676  208595.6  109284.0     315.3     0     nan
  121 4     -2  0.3680 -2.1733   88509.7   20334.6    6279.2  0.4598 -2.0805  210154.9   96240.4 -207041.9
        nan       nan      -nan       nan       nan       nan       nan       nan       nan       nan
  122 4     -1  0.4308 -2.0102   90135.9   24065.8    3633.9  0.4598 -2.0805  208938.6  101743.9 -209687.2
        nan       nan      -nan       nan       nan       nan       nan       nan       nan       nan
  123 4      0  0.3189 -2.2715   90762.7   27024.5    2816.5  0.4598 -2.0805  208562.7  103444.6 -210504.6
        nan       nan      -nan       nan       nan       nan       nan       nan       nan       nan
