groupid:    361, ntrk:  4
vertex track :          0   3  47    3797710 -0.1933  0.3856  161669.4  135565.5     408.2    13  1159.7
   48 4      1 -0.1940  0.3853   40420.7   53418.5   -2868.1 -0.1887  0.3864  162506.9  133580.0  -72771.9
       45.1       6.3   40394.8   53455.9   40394.6   53456.3   40656.5   53591.4   40406.1   53461.6
   49 4      2 -0.1936  0.3865   42948.4   54099.3   -3718.1 -0.1887  0.3864  162667.3  133251.6  -73621.9
       54.5      13.3   42912.0   54142.1   42920.2   54125.8   43194.5   54267.0   42935.9   54154.0
   50 4      3 -0.1941  0.3860   39903.3   51306.4   -6586.8 -0.1887  0.3864  163208.8  132143.2  -76490.6
       86.3      25.5   39841.8   51372.1   39878.6   51298.9   40174.7   51451.2   39887.3   51395.0
vertex track :         40   3  47    4006683  4.4992 -3.3694  166097.4  132056.8     399.5     0 10001.0
   48 4      1  4.7911 -3.5357   34440.8   65082.0   -3087.3  4.4932 -3.4357  150623.9  143265.7  -72986.5
     1455.2      26.5   35627.4   64239.2   34291.7   65224.9   33468.9   66131.3   35596.0   64196.6
   49 4      2  4.5924 -3.8378   32559.6   67062.7   -3906.3  4.4932 -3.4357  146944.3  146079.3  -73805.4
     1782.9      36.6   33951.2   65947.6   32179.5   67428.2   31382.7   68384.1   33904.2   65891.4
   50 4      3  4.1858 -2.9435   19717.6   76632.8   -6859.3  4.4932 -3.4357  133675.7  156225.2  -76758.5
     2972.4      64.4   22186.0   74975.7   18202.2   77777.1   17463.3   78496.9   22111.9   74870.3
vertex track :         49   3  47    4008987 -1.5396  0.0025  157817.7  134417.7     411.5  2212   573.5
   48 4      1 -1.5415 -0.0018   40744.0   53455.7   -2868.2 -1.5446  0.0241  163072.4  133678.7  -72774.7
      191.4      48.2   40552.7   53407.2   40611.8   53407.3   41143.8   53714.1   40552.6   53503.7
   49 4      2 -1.5400  0.0056   44341.9   54456.3   -3718.4 -1.5446  0.0241  164385.6  133658.2  -73624.9
      291.7     114.9   44049.8   54342.5   44309.9   54341.6   44842.6   54780.1   44050.6   54572.2
   50 4      3 -1.5403  0.0053   45327.1   52850.0   -6584.3 -1.5446  0.0241  168812.4  133589.1  -76490.8
      516.3     221.8   44810.1   52630.0   45519.2   52627.5   46052.6   53280.1   44811.6   53073.6
vertex track :        156   3  48    3793171 -0.7471 -0.1123  162111.6  133595.1     242.9     0     nan
   45 4     -2 -0.7465 -0.1040   41320.1   53581.2    6584.0 -0.7517 -0.1035  159140.6  134197.9  -66243.2
        nan       nan      -nan       nan       nan       nan       nan       nan       nan       nan
   46 4     -1 -0.7466 -0.1052   39647.7   54744.4    3717.5 -0.7517 -0.1035  161295.3  134494.6  -69109.6
        nan       nan      -nan       nan       nan       nan       nan       nan       nan       nan
   47 4      0 -0.7459 -0.1130   41735.5   56341.9    2868.5 -0.7517 -0.1035  161933.5  134582.4  -69958.7
        nan       nan      -nan       nan       nan       nan       nan       nan       nan       nan
