groupid:   3638, ntrk:  3
vertex track :          0   3  77    2208786 -0.1225  0.0154   56475.8  117766.6     280.2    13  1870.9
   78 3      1 -0.1226  0.0152   57591.2   39016.4   -2867.4 -0.1231  0.0185   57569.8  119005.0 -128287.3
       15.9       2.9   57575.0   39015.5   57580.9   39014.8   57817.2   39227.3   57575.8   39021.2
   79 3      2 -0.1227  0.0148   57980.2   38709.6   -3716.9 -0.1231  0.0185   57674.4  118989.3 -129136.9
       20.2       6.8   57959.4   38705.3   57973.7   38703.6   58211.0   38923.9   57961.0   38718.7
   80 3      3 -0.1223  0.0160   57277.5   40515.3   -6583.9 -0.1231  0.0185   58027.3  118936.4 -132003.8
       33.7      13.2   57242.4   40506.6   57283.5   40501.2   57522.5   40734.1   57245.9   40532.8
vertex track :         21   3  77    2650643 -1.2034  0.0852   55409.6  117842.9     278.3     0 10001.0
   78 3      1 -1.1919  0.0819   59369.6   38287.3   -2394.7 -1.2087  0.0932   59342.8  118895.1 -127813.1
      110.1       6.0   59259.4   38288.8   59228.8   38290.9   59688.7   38495.8   59260.2   38300.8
   79 3      2 -1.2285  0.0970   58415.8   40063.9   -3223.3 -1.2087  0.0932   60344.2  118817.9 -128641.6
      130.6       8.1   58284.9   40066.1   58287.3   40065.9   58755.4   40271.8   58286.2   40082.2
   80 3      3 -1.1439  0.0721   63310.9   37123.4   -6766.1 -1.2087  0.0932   64626.5  118487.8 -132184.5
      230.4      16.5   63079.9   37121.4   63299.7   37107.5   63750.8   37335.4   63082.0   37154.3
vertex track :        110   3  78    3313171 -1.8686 -2.6589   58244.7  119889.2     204.3     0  5246.0
   75 3     -2 -1.8637 -2.6435   47118.1   22195.6    6585.0 -1.8532 -2.6129   46876.4  104202.8 -121155.6
      966.4      39.8   46593.8   21382.8   47316.2   22407.4   47850.5   23215.8   46528.7   21428.7
   76 3     -1 -1.8860 -2.6381   51926.2   33455.7    3720.5 -1.8532 -2.6129   52184.8  111687.6 -124020.1
      556.3      20.6   51619.4   32991.2   51870.4   33342.3   52441.0   34127.6   51585.8   33015.2
   77 3      0 -1.8566 -2.6694   53208.4   34707.1    2868.6 -1.8532 -2.6129   53763.4  113913.4 -124872.0
      439.3      12.9   52968.2   34339.1   53080.0   34499.8   53656.7   35282.5   52946.9   34353.8
