groupid:   3802, ntrk:  2
vertex track :          0   3 117    3699096 -0.2946 -0.1103  150198.2   94149.8     340.4    13  1955.4
  118 4      1 -0.2949 -0.1100   29026.5   14886.1   -2867.1 -0.2937 -0.1125  147341.2   93489.5 -202090.8
       33.1       3.8   28996.9   14870.9   28997.0   14871.0   29265.9   15111.1   28994.2   14878.1
  119 4      2 -0.2945 -0.1114   28089.7   13149.7   -3719.0 -0.2937 -0.1125  147591.4   93585.3 -202942.6
       39.7       7.6   28055.2   13128.5   28067.7   13133.2   28333.8   13380.8   28049.8   13142.7
  120 4      3 -0.2948 -0.1104   28807.6   15451.3   -6586.6 -0.2937 -0.1125  148433.8   93907.9 -205810.2
       62.9      14.5   28753.8   15415.6   28809.7   15436.6   29071.2   15696.8   28743.6   15442.8
vertex track :         21   3 117    3482618  0.4890  0.1015  152611.3   94801.2     339.6  2212   604.5
  118 4      1  0.4823  0.0526   32619.6   15144.5   -3207.2  0.4977  0.1003  147069.8   93427.1 -202437.0
       59.7      22.8   32676.4   15173.6   32659.0   15171.7   32773.2   15325.4   32681.4   15128.3
  119 4      2  0.5082  0.1033   34132.6   18595.3   -4035.7  0.4977  0.1003  146657.4   93343.9 -203265.6
       85.8      52.1   34206.2   18663.4   34144.9   18650.9   34269.4   18737.3   34227.0   18561.4
  120 4      3  0.5295  0.0962   30054.4   14276.8   -6899.5  0.4977  0.1003  145232.2   93056.6 -206129.4
      146.0      98.0   30180.5   14399.3   30004.4   14367.3   30138.8   14364.3   30215.6   14206.4
