groupid:   4414, ntrk:  6
vertex track :          0   3 105    5041301  0.4596 -0.2410   77194.4  180381.9     287.6    13   763.5
  106 5      1  0.4593 -0.2406   75672.7   26922.6   -2867.6  0.4628 -0.2446   72891.4  182532.8 -179891.8
       52.6       8.9   75723.4   26906.2   75726.7   26904.4   75832.4   27148.9   75715.1   26890.3
  107 5      2  0.4602 -0.2377   72914.0   23140.1   -3717.4  0.4628 -0.2446   72498.1  182740.7 -180741.6
       64.9      20.2   72981.0   23128.3   72962.3   23138.0   73057.5   23361.7   72962.5   23092.4
  108 5      3  0.4572 -0.2421   73000.8   27954.9   -6588.9  0.4628 -0.2446   71169.2  183443.1 -183613.1
      104.8      39.4   73111.8   27940.7   73022.6   27987.9   73100.2   28179.0   73075.0   27871.1
vertex track :         27   3 105    5224585 -1.5098  2.3237   76498.6  181301.6     287.7   211   700.8
  106 5      1 -1.7488  2.4622   80920.9   16173.9   -2837.2 -1.5011  2.3100   78345.0  175464.6 -179858.6
      401.5      40.0   80655.8   16478.0   80753.5   16340.4   81394.3   16082.2   80721.0   16524.4
  107 5      2 -1.5535  2.3535   84110.9   19971.4   -3654.1 -1.5011  2.3100   79571.4  173577.3 -180675.5
      543.3      94.3   83732.9   20372.9   84005.3   19960.3   84697.3   19782.3   83890.3   20476.8
  108 3      3 -1.4064  2.1922   87035.0   85605.0   -6556.7 -1.5011  2.3100   83928.4  166872.5 -183578.1
      950.9     186.7   86364.4   86304.6   87095.9   85164.3   87914.1   85117.7   86678.6   86506.2
vertex track :         30   3 105    5225365 -0.7947 -0.7846   74331.1  179156.4     286.4  2212   394.4
  106 5      1 -0.7917 -0.7852   76367.1   27237.7   -2867.6 -0.7995 -0.7925   73999.5  183028.0 -179893.2
      149.0      66.4   76308.1   27085.6   76353.4   27130.6   76635.3   27599.0   76214.5   27179.9
  107 5      2 -0.7850 -0.7904   74658.7   23898.3   -3717.7 -0.7995 -0.7925   74679.1  183701.7 -180743.3
      275.9     162.1   74579.3   23588.2   74803.3   23813.8   74947.3   24417.6   74349.2   23816.8
  108 5      3 -0.7956 -0.7842   78296.4   30264.2   -6586.9 -0.7995 -0.7925   76973.1  185975.7 -183612.5
      518.2     317.8   78150.5   29674.1   78721.5   30236.9   78651.6   31063.5   77704.3   30126.7
vertex track :         99   3 105    5484495 -0.5623  0.8001   74106.2  183522.0     291.4     0 10001.0
  106 5      1 -0.5483  0.7867   75844.1   22528.6   -2840.4 -0.5625  0.7976   73016.7  182416.1 -179859.1
       96.4       6.2   75783.9   22604.1   75779.0   22611.2   76113.7   22663.9   75794.1   22611.2
  107 5      2 -0.4867  0.8396   77901.3   27736.7   -3656.2 -0.5625  0.7976   73475.6  181765.4 -180674.9
      112.8       8.0   77837.8   27830.3   77848.7   27811.4   78174.3   27853.9   77851.6   27838.3
  108 5      3 -0.5895  0.7755   78520.0   21042.3   -6535.2 -0.5625  0.7976   75095.0  179469.1 -183553.8
      176.7      13.9   78402.0   21174.5   78492.1   21056.0   78847.5   21120.8   78424.2   21191.4
vertex track :        115   3 106    5702895 -2.1120  1.2914   80755.7  180185.3     283.4     0     nan
  103 5     -2 -2.1055  1.3059   64093.9   33152.9    6584.8 -2.1131  1.2934   64861.6  187563.7 -173274.6
        nan       nan      -nan       nan       nan       nan       nan       nan       nan       nan
  104 5     -1 -2.1205  1.2743   70876.1   26048.3    3717.9 -2.1131  1.2934   70919.6  183855.8 -176141.4
        nan       nan      -nan       nan       nan       nan       nan       nan       nan       nan
  105 5      0 -2.1162  1.2952   74885.1   25479.8    2868.1 -2.1131  1.2934   72715.4  182756.7 -176991.2
        nan       nan      -nan       nan       nan       nan       nan       nan       nan       nan
vertex track :        125   3 106    5716157 -1.1356 -0.3504   79347.5  183451.6     288.3   211   239.7
  103 5     -2 -1.0736 -0.3413   74358.4   25954.1    6555.7 -1.1421 -0.3494   69610.7  180497.4 -173301.6
      382.6     209.0   74057.2   25639.0   74560.9   25799.1   74868.6   26478.8   73930.6   26037.3
  104 5     -1 -1.1116 -0.3205   76307.4   29306.8    3655.4 -1.1421 -0.3494   72923.1  181510.7 -176201.9
      196.3      97.8   76145.9   29158.4   76289.7   29199.9   76677.8   29664.8   76091.8   29346.4
  105 5      0 -1.0799 -0.3063   76087.1   28569.3    2830.1 -1.1421 -0.3494   73865.6  181799.0 -177027.2
      119.3      36.7   75982.3   28501.5   75985.1   28502.3   76400.8   28846.8   75962.3   28572.0
