groupid:   4716, ntrk:  5
vertex track :          0   3  29    2452085  0.1801 -0.0607   89335.7  122797.3     275.6    13   971.5
   30 3      1  0.1800 -0.0610   89745.5   42915.6   -2868.3  0.1820 -0.0616   89407.5  123334.3  -39385.8
       21.7       5.5   89767.9   42913.9   89764.5   42915.0   89933.4   43127.3   89764.3   42903.4
   31 3      2  0.1799 -0.0609   89912.5   44320.9   -3716.9  0.1820 -0.0616   89253.0  123386.6  -40234.4
       28.5      13.2   89943.7   44324.3   89927.6   44329.7   90091.6   44527.5   89935.3   44299.3
   32 3      3  0.1796 -0.0618   88929.8   44022.2   -6588.5  0.1820 -0.0616   88730.4  123563.6  -43105.9
       47.9      25.8   88983.6   44031.0   88930.6   44049.3   89086.3   44223.3   88966.8   43982.2
vertex track :          7   3  29    2452183 -0.4356  0.7807   87974.0  124697.5     279.4  2212   440.8
   30 3      1 -0.4753  0.8114   89809.6   44277.0   -2728.4 -0.4300  0.7851   89919.6  122691.5  -39248.5
      102.8      42.7   89720.9   44344.1   89724.9   44337.2   90107.9   44420.7   89794.5   44387.2
   31 3      2 -0.4438  0.7572   89075.5   43006.6   -3560.7 -0.4300  0.7851   90277.5  122038.1  -40080.7
      173.6     105.6   88896.6   43102.9   88979.0   42962.4   89464.0   43121.0   89078.9   43209.8
   32 3      3 -0.4327  0.7588   91288.7   40798.0   -6788.5 -0.4300  0.7851   91665.5  119503.8  -43308.5
      342.9     224.2   90924.1   40984.8   91173.0   40548.4   91862.8   40821.9   91313.5   41206.9
vertex track :          8   3  29    2452333 -0.5202 -0.9795   87646.2  120560.0     272.6  2212   562.6
   30 3      1 -0.5209 -0.9802   89968.7   43185.4   -2867.8 -0.5255 -0.9739   89921.2  123973.8  -39377.9
      121.1      34.4   89942.2   43062.3   89946.5   43070.4   90204.7   43517.5   89881.5   43094.5
   31 3      2 -0.5235 -0.9787   90720.2   45350.9   -3720.1 -0.5255 -0.9739   90369.0  124803.8  -40230.2
      179.5      83.3   90709.1   45153.3   90768.4   45264.4   90940.9   45757.5   90562.1   45231.9
   32 3      3 -0.5256 -0.9786   92024.8   48011.6   -6585.4 -0.5255 -0.9739   91874.8  127594.4  -43095.5
      316.6     163.3   92018.8   47655.4   92208.1   48007.7   92240.1   48576.7   91731.1   47810.0
vertex track :         76   3  29    3528175 -2.4119 -2.8331   83219.9  116296.7     269.6     0     nan
   30 3      1 -2.4209 -2.7902   90726.7   46224.3   -2727.7 -2.4211 -2.7985   91061.1  125072.9  -39224.6
        nan       nan      -nan       nan       nan       nan       nan       nan       nan       nan
   31 3      2 -2.2856 -2.8578   91709.8   48022.3   -3558.5 -2.4211 -2.7985   93072.6  127398.0  -40055.5
        nan       nan      -nan       nan       nan       nan       nan       nan       nan       nan
   32 3      3 -2.3760 -2.6986   99694.4   56154.2   -6813.3 -2.4211 -2.7985  100952.6  136506.4  -43310.2
        nan       nan      -nan       nan       nan       nan       nan       nan       nan       nan
vertex track :         91   3  30    2671411  1.3514  0.7840   87826.1  121354.7     147.5     0     nan
   27 3     -2  1.3574  0.7722   98294.7   48601.3    6588.6  1.3671  0.7728   97248.8  127517.8  -32520.4
        nan       nan      -nan       nan       nan       nan       nan       nan       nan       nan
   28 3     -1  1.3553  0.7783   94085.3   44552.0    3716.5  1.3671  0.7728   93322.3  125298.2  -35392.5
        nan       nan      -nan       nan       nan       nan       nan       nan       nan       nan
   29 3      0  1.3492  0.7861   91988.0   45882.7    2866.9  1.3671  0.7728   92160.8  124641.7  -36242.0
        nan       nan      -nan       nan       nan       nan       nan       nan       nan       nan
