groupid:   5228, ntrk:  6
vertex track :          0   3  41    3838436  0.0080 -0.1226  200363.3  146920.1     382.2    13  2925.5
   42 4      1  0.0070 -0.1223   81311.3   66366.5   -2867.4  0.0035 -0.1262  198866.6  145321.3  -62013.0
       16.1       2.1   81314.2   66350.5   81313.9   66357.0   81518.3   66592.3   81310.1   66350.3
   43 4      2  0.0071 -0.1223   78520.4   65688.8   -3718.4  0.0035 -0.1262  198863.7  145428.6  -62864.1
       19.9       4.6   78526.1   65669.2   78525.3   65683.3   78724.7   65918.3   78517.0   65668.7
   44 4      3  0.0071 -0.1232   80549.6   67857.3   -6585.9  0.0035 -0.1262  198853.7  145790.5  -65731.5
       32.5       8.8   80560.2   67825.3   80558.0   67864.4   80749.0   68099.1   80542.8   67824.3
vertex track :         10   3  41    3836829  0.2729  0.6600  201028.5  148902.3     384.2   211   256.9
   42 4      1  0.2001  0.6487   80224.0   68841.6   -2799.7  0.2783  0.6576  198684.1  144807.2  -61939.8
       80.2      31.5   80217.5   68927.4   80212.3   68910.5   80440.7   68966.3   80277.7   68908.9
   43 4      2  0.3757  0.6982   83136.0   69876.5   -3638.6  0.2783  0.6576  198450.7  144255.6  -62778.6
      124.6      76.2   83127.9   70022.3   83088.7   69949.4   83354.4   69941.3   83262.1   69950.1
   44 4      3  0.2072  0.6256   79252.7   66161.5   -6481.3  0.2783  0.6576  197659.7  142386.3  -65621.4
      222.4     148.4   79181.7   66419.3   79085.4   66128.5   79533.8   66114.4   79463.4   66326.0
vertex track :         41   3  41    4264624 -1.0082 -3.5159  200094.3  146028.3     381.3   211   495.1
   42 4      1 -1.0408 -3.5097   83981.3   74995.1   -2869.7 -1.0726 -3.5792  202083.6  155651.8  -62017.7
      710.4      87.0   83862.8   74289.3   84048.1   74914.3   84308.8   75907.3   83695.9   74338.8
   43 4      2 -1.0265 -3.5043   82035.4   77188.2   -3717.5 -1.0726 -3.5792  202993.0  158686.3  -62865.5
     1105.7     208.0   81924.2   76068.6   82330.3   77454.9   82355.6   78514.3   81525.0   76185.5
   44 6      3 -1.0324 -3.4921   86959.9    7844.4   -6583.6 -1.0726 -3.5792  206067.1  168944.8  -65731.6
     1994.9     403.1   86780.9    5817.1   87695.2    8909.8   87347.9   10078.2   86007.8    6045.6
vertex track :         61   3  41    4712621  3.3470 -3.0355  202543.0  145023.9     380.7     0  1250.8
   42 4      1  3.2685 -2.5675   72807.0   75584.6   -2800.7  3.3097 -3.0734  190510.1  152767.2  -61943.6
      918.8      47.1   73558.6   75054.1   72799.9   75650.0   72268.6   76322.5   73500.4   74979.9
   43 4      2  3.2091 -3.3333   73458.8   79853.4   -3637.7  3.3097 -3.0734  187739.9  155339.6  -62780.6
     1215.1     107.9   74379.2   79052.9   73367.7   80103.6   72751.5   80860.6   74223.8   78903.3
   44 4      3  3.4311 -2.8265   60319.6   86250.6   -6463.6  3.3097 -3.0734  178386.9  164024.8  -65606.6
     2086.0     208.5   62062.3   85085.2   59562.7   87144.3   58790.4   87623.2   61797.1   84763.3
vertex track :        164   3  42    4914338  1.4128  2.1419  197650.0  139776.9     376.8     0  1622.8
   39 4     -2  1.4117  2.1437   84764.5   75225.3    6587.2  1.4279  2.1406  204109.8  152765.2  -55349.4
      647.0      67.3   85064.2   75802.7   84649.0   75172.1   84676.3   74860.1   85176.6   75728.7
   40 4     -1  1.4228  2.1385   79003.5   67758.1    3718.6  1.4279  2.1406  200013.7  146624.7  -58217.9
      368.7      32.1   79181.0   68082.9   79071.3   67918.1   79037.5   67645.5   79234.5   68047.3
   41 4      0  1.4122  2.1409   80736.8   67783.3    2868.7  1.4279  2.1406  198800.2  144805.5  -59067.8
      288.6      14.3   80883.7   68032.1   80862.5   67999.8   80801.2   67746.6   80907.6   68016.3
vertex track :        201   3  42    5179110  3.1034 -2.9021  194728.8  151392.9     392.9     0  1193.4
   39 4     -2  3.5924 -3.5493   98340.0   53242.5    6576.6  3.0751 -2.9217  211434.5  133105.2  -55369.4
     1685.6     177.7   99664.0   52184.2   98020.2   53808.3   97229.6   54507.3   99414.2   51931.4
   40 4     -1  3.8013 -2.7627   89045.5   63498.5    3616.7  3.0751 -2.9217  202332.4  141753.2  -58329.3
      883.7      81.0   89807.9   63044.4   89176.5   63503.3   88496.8   64159.7   89712.7   62913.4
   41 4      0  2.9115 -2.9386   83867.2   62356.7    2798.5  3.0751 -2.9217  199816.4  144143.7  -59147.5
      642.9      31.7   84342.2   61922.3   84048.7   62218.6   83605.1   62998.1   84297.2   61877.7
