groupid:   5497, ntrk:  3
vertex track :          0   3 107    4319052  0.0663  0.3604  187715.8  162996.5     236.1    13   624.1
  108 6      1  0.0694  0.3599   69151.8    9536.7   -2866.4  0.0691  0.3580  188027.9  164353.9 -183569.3
       38.3       9.2   69149.9    9576.0   69150.0    9576.5   69363.6    9707.7   69168.0    9572.5
  109 4      2  0.0679  0.3614   68166.1   84606.6   -3716.7  0.0691  0.3580  187969.1  164049.5 -184419.6
       49.7      22.0   68153.6   84659.5   68149.5   84637.7   68388.6   84764.1   68196.9   84651.4
  110 4      3  0.0696  0.3590   68560.5   84664.2   -6585.1  0.0691  0.3580  187770.8  163022.5 -187288.0
       83.0      43.3   68533.8   84753.9   68516.9   84666.4   68797.3   84784.8   68618.8   84737.4
vertex track :         39   3 107    4935326 -0.0528 -0.4755  187425.4  160611.7     236.1  2212   460.5
  108 4      1 -0.0753 -0.4349   67259.4   78030.3   -2973.3 -0.0582 -0.4811  188115.5  164615.1 -183683.8
       60.2      31.9   67280.6   77965.6   67285.3   77992.8   67448.1   78304.6   67217.7   77976.5
  109 4      2 -0.0567 -0.4742   66859.2   80242.1   -3800.1 -0.0582 -0.4811  188163.6  165012.8 -184510.6
      102.5      76.7   66923.2   80131.3   66935.6   80235.2   67005.1   80562.5   66770.9   80149.5
  110 4      3 -0.0988 -0.4730   67396.6   77796.5   -6868.1 -0.0582 -0.4811  188342.3  166488.7 -187578.6
      194.6     154.9   67508.4   77574.4   67567.2   77856.0   67494.7   78228.2   67205.2   77637.7
vertex track :        107   3 108    3889141  0.6063  0.8727  188600.5  164919.3     406.9   211   194.0
  105 6     -2  0.6106  0.8748   73367.7   12421.6    6584.4  0.6096  0.8675  191283.0  169244.2 -177263.2
      400.3     246.5   73394.6   12891.0   73064.6   12418.2   73551.4   12163.1   73799.0   12608.8
  106 6     -1  0.6089  0.8744   71718.2   12164.3    3717.1  0.6096  0.8675  189534.9  166756.9 -180130.5
      199.9     115.1   71738.0   12394.1   71637.4   12249.7   71909.0   12145.4   71926.9   12262.6
  107 4      0  0.5985  0.8797   68850.0   84947.2    2866.8  0.6096  0.8675  189016.5  166019.3 -180980.8
      109.8      42.0   68877.1   85061.6   68879.2   85064.7   69033.6   85043.6   68946.5   85014.4
