groupid:   5573, ntrk:  5
vertex track :          0   3  23    5483194  0.4767 -0.7444  104282.9  186004.4     303.7    13   826.0
   24 5      1  0.4710 -0.7486  101552.5   28687.7   -2865.7  0.4668 -0.7520  103031.0  188444.0  -28105.2
       88.4      11.2  101609.1   28618.9  101613.9   28611.3  101706.5   28965.8  101590.1   28607.0
   25 5      2  0.4712 -0.7473  101913.2   32806.4   -3717.5  0.4668 -0.7520  102633.4  189084.6  -28957.0
      107.6      24.6  101991.5   32728.6  101975.7   32753.6  102045.5   33093.5  101949.8   32702.3
   26 5      3  0.4744 -0.7458   99802.6   32893.0   -6584.9  0.4668 -0.7520  101294.9  191240.8  -31824.4
      171.5      47.7   99934.9   32773.9   99850.5   32906.7   99880.8   33221.3   99854.4   32722.7
vertex track :          1   3  23    4811623 -0.9568 -1.4852  103946.2  185823.5     303.7   211   201.1
   24 5      1 -1.0232 -1.3685  107185.4   28821.6   -3081.1 -0.9682 -1.4759  107451.3  190879.9  -28320.6
      293.6     101.1  107090.6   28525.9  107227.3   28708.7  107489.2   29325.9  106928.6   28647.0
   25 5      2 -1.0960 -1.4493  111222.2   39189.4   -3919.2 -0.9682 -1.4759  108262.8  192116.9  -29158.7
      545.9     239.2  111083.7   38609.7  111512.1   39176.2  111569.6   39977.6  110702.2   38898.2
   26 5      3 -0.9211 -1.4544  108974.4   35963.3   -6664.9 -0.9682 -1.4759  110921.1  196169.2  -31904.3
      990.2     448.9  108823.8   34886.6  109690.0   36254.3  109334.1   37248.6  108065.4   35366.9
vertex track :         16   3  23    4828013 -0.7591 -0.6072  103733.5  186059.4     304.5     0     nan
   24 5      1 -0.7622 -0.6026  104793.6   28307.7   -2865.3 -0.7593 -0.5997  106373.0  188022.5  -28104.6
        nan       nan      -nan       nan       nan       nan       nan       nan       nan       nan
   25 5      2 -0.7632 -0.6014  106185.4   32270.4   -3714.5 -0.7593 -0.5997  107017.8  188531.8  -28953.8
        nan       nan      -nan       nan       nan       nan       nan       nan       nan       nan
   26 5      3 -0.7589 -0.6044  107446.3   32033.9   -6585.6 -0.7593 -0.5997  109197.9  190253.6  -31824.9
        nan       nan      -nan       nan       nan       nan       nan       nan       nan       nan
vertex track :        108   3  23    5482634 -0.5149  0.5187  103847.7  186558.5     306.6   211   616.0
   24 5      1 -0.5245  0.5593  105793.3   23733.5   -3072.7 -0.5020  0.5188  105781.9  184864.4  -28313.0
       76.6      13.8  105730.8   23779.9  105725.5   23785.6  106065.3   23897.6  105750.9   23798.9
   25 5      2 -0.5415  0.5369  109420.7   32562.8   -3893.2 -0.5020  0.5188  106193.8  184438.8  -29133.4
       95.0      30.8  109331.5   32607.8  109352.8   32586.7  109719.4   32728.3  109374.9   32651.5
   26 5      3 -0.4943  0.5191  106131.3   23672.1   -6644.6 -0.5020  0.5188  107575.1  183011.3  -31884.8
      150.0      57.7  105986.1   23741.0  106089.2   23632.7  106486.1   23813.8  106069.7   23820.6
vertex track :        159   3  24    4826524 -1.3999 -1.4883  105968.4  190381.9     308.9     0     nan
   21 5     -2 -1.4113 -1.4736   98630.4   18263.2    6587.8 -1.3880 -1.4646   98149.5  180585.1  -21709.0
        nan       nan      -nan       nan       nan       nan       nan       nan       nan       nan
   22 5     -1 -1.4003 -1.4832  103667.4   23141.4    3720.9 -1.3880 -1.4646  102128.7  184784.0  -24575.9
        nan       nan      -nan       nan       nan       nan       nan       nan       nan       nan
   23 5      0 -1.4070 -1.4818  103043.9   25529.6    2867.2 -1.3880 -1.4646  103313.6  186034.3  -25429.6
        nan       nan      -nan       nan       nan       nan       nan       nan       nan       nan
