groupid:    566, ntrk:  3
vertex track :          0   3  25    2535852  0.1411 -0.1369   75749.8  140459.9     306.4    13 10000.6
   26 3      1  0.1390 -0.1387   77398.0   63703.5   -2868.3  0.1467 -0.1424   77682.7  143008.7  -31852.0
       21.8       1.7   77414.7   63689.3   77413.0   63691.0   77591.5   63927.5   77412.3   63686.9
   27 3      2  0.1386 -0.1404   78633.3   63986.0   -3718.8  0.1467 -0.1424   77557.9  143129.7  -32702.5
       26.1       2.4   78653.3   63969.1   78645.8   63976.7   78823.4   64212.7   78649.9   63965.7
   28 3      3  0.1378 -0.1393   77976.3   62625.4   -6579.3  0.1467 -0.1424   77138.3  143537.0  -35563.1
       41.5       4.3   78008.6   62598.9   77979.1   62628.7   78154.2   62861.7   78002.4   62592.8
vertex track :         26   3  25    2912862 -1.7214  0.9728   71126.9  143166.6     311.6  2212   637.4
   26 3      1 -1.7645  0.9966   75228.8   57044.9   -2808.9 -1.6684  0.9934   78792.1  142267.8  -31758.9
      255.5      50.2   74981.6   57126.9   75056.0   57084.9   75684.1   57174.0   75031.0   57214.3
   27 3      2 -1.8033  0.9355   77160.9   57589.7   -3638.2 -1.6684  0.9934   80175.6  141444.1  -32588.2
      385.3     121.2   76763.1   57659.5   77068.4   57501.1   77766.9   57730.8   76874.7   57874.7
   28 3      3 -1.6286  0.9147   82731.1   57339.1   -6659.6 -1.6684  0.9934   85216.4  138442.7  -35609.6
      709.0     245.1   81992.9   57472.6   82887.3   56970.3   83677.7   57416.5   82232.9   57900.0
vertex track :         76   3  26    3160076  0.2274  1.0015   78543.0  143129.6     173.5     0  3457.0
   23 3     -2  0.2217  1.0021   80931.5   70082.7    6584.8  0.2352  1.0057   79260.9  149556.0  -25061.3
      176.6      17.1   80952.9   70258.8   80923.2   70124.4   81120.3   70117.6   80986.3   70251.4
   24 3     -1  0.2141  1.0028   77382.3   68392.3    3718.6  0.2352  1.0057   78586.8  146673.6  -27927.4
      110.2       9.0   77396.6   68501.9   77395.5   68496.9   77578.3   68493.6   77414.1   68498.2
   25 3      0  0.2122  1.0060   77480.1   66198.5    2867.5  0.2352  1.0057   78386.6  145817.7  -28778.6
       92.7       5.8   77493.6   66290.4   77499.9   66320.3   77676.9   66317.6   77504.9   66288.0
