groupid:   5741, ntrk:  3
vertex track :          0   3  63     253329 -0.0604 -0.0312   69310.8   50856.3     206.8    13 10000.6
   64 1      1 -0.0602 -0.0314   68377.2   53551.7   -2866.8 -0.0610 -0.0349   67940.8   52405.3 -101805.3
       11.9       0.7   68367.0   53545.5   68375.5   53550.0   68597.4   53767.8   68366.3   53546.8
   65 1      2 -0.0601 -0.0316   67163.7   51845.9   -3718.8 -0.0610 -0.0349   67992.8   52435.0 -102657.3
       14.9       1.4   67151.1   51837.7   67164.9   51845.0   67386.2   52064.0   67149.8   51840.2
   66 1      3 -0.0603 -0.0315   68896.9   51781.0   -6585.6 -0.0610 -0.0349   68167.6   52534.9 -105524.1
       25.2       2.7   68875.8   51766.9   68907.8   51783.6   69128.0   52005.0   68873.3   51771.6
vertex track :        130   3  64     479062 -2.0984  0.3967   70834.3   53059.3     228.2     0  1584.9
   61 1     -2 -2.1012  0.3909   54986.1   53361.2    6582.8 -2.0953  0.4201   57103.7   54552.0  -95631.5
      488.0      56.3   54496.0   53395.1   55014.3   53298.7   55684.0   53537.8   54516.7   53505.9
   62 1     -1 -2.0991  0.4027   62945.6   53611.6    3717.5 -2.0953  0.4201   63107.4   53348.3  -98496.8
      286.6      27.6   62658.9   53638.6   62781.1   53615.1   63440.2   53795.1   62669.3   53692.7
   63 1      0 -2.0945  0.4097   65156.6   51795.6    2869.7 -2.0953  0.4201   64883.7   52992.1  -99344.6
      229.3      12.8   64929.1   51827.0   64939.3   51825.0   65592.0   51974.5   64934.0   51852.2
vertex track :        132   3  64     479476 -0.5901  0.0424   69590.3   53375.8     228.3   211   174.4
   61 1     -2 -0.5955  0.0300   66470.1   56369.1    7177.2 -0.5897  0.0506   65072.0   52564.3  -95034.8
      288.7     230.8   66170.1   56153.2   66621.8   56130.4   66979.5   56795.1   66193.3   56614.1
   62 1     -1 -0.5855  0.0396   66936.4   54434.9    4085.4 -0.5897  0.0506   66895.4   52407.9  -98126.6
      145.5     111.4   66783.8   54333.6   66951.1   54322.3   67298.5   54746.3   66798.8   54555.9
   63 1      0 -0.5775  0.0253   67080.9   55645.9    3260.9 -0.5897  0.0506   67381.6   52366.2  -98951.1
       77.1      45.0   67001.9   55604.3   67034.7   55602.9   67369.3   55897.5   67005.9   55694.2
