groupid:    595, ntrk:  2
vertex track :          0   3  39    5893008 -0.0945  0.1857  194283.8  170475.8     360.6    13   852.1
   40 6      1 -0.0941  0.1860   73022.0   13362.7   -2871.3 -0.0954  0.1825  194710.0  169774.9  -58128.7
       24.0       6.5   73005.3   13381.2   73007.3   13377.4   73248.6   13554.4   73017.0   13387.1
   41 6      2 -0.0942  0.1858   76136.0    9960.8   -3718.3 -0.0954  0.1825  194790.9  169620.3  -58975.7
       31.7      15.5   76107.9    9982.1   76116.8    9964.6   76374.1   10149.7   76135.5    9996.1
   42 6      3 -0.0940  0.1863   77471.3    8745.7   -6585.9 -0.0954  0.1825  195064.5  169096.8  -61843.3
       53.3      30.1   77420.4    8779.7   77448.7    8723.7   77732.0    8921.8   77474.1    8806.8
vertex track :         39   3  39    6079583  0.6998 -0.7333  196704.3  167599.8     357.8  2212   434.6
   40 6      1  0.7108 -0.6766   74047.4   16238.6   -2994.9  0.7015 -0.7379  194474.7  169962.0  -58256.4
      130.6      55.5   74180.2   16188.8   74140.3   16226.8   74125.2   16497.8   74103.7   16108.4
   41 6      2  0.6893 -0.6768   71780.9    8350.2   -3825.0  0.7015 -0.7379  193892.4  170574.6  -59086.5
      222.5     130.9   72031.4    8287.7   71858.5    8457.4   71741.0    8622.0   71847.9    8100.8
   42 6      3  0.8353 -0.6986   69414.5   12413.4   -6654.9  0.7015 -0.7379  191907.2  172662.8  -61916.5
      402.0     250.0   69883.3   12347.3   69442.0   12716.4   69156.5   12688.8   69562.5   11963.7
