groupid:   6611, ntrk:  4
vertex track :          0   3  19    5951438  0.2713 -0.1556  165555.6  195445.4     216.9    13  1417.2
   20 6      1  0.2702 -0.1575   49472.5   36261.7   -2867.8  0.2718 -0.1613  167752.4  195391.0  -21014.9
       32.2       4.4   49502.6   36249.4   49503.7   36248.7   49652.8   36484.0   49498.1   36241.7
   21 6      2  0.2702 -0.1568   48033.0   34173.7   -3718.5  0.2718 -0.1613  167521.1  195528.2  -21865.6
       39.1       9.7   48071.7   34162.4   48060.7   34168.8   48204.5   34394.8   48062.0   34145.7
   22 6      3  0.2705 -0.1564   48286.1   35423.9   -6587.7  0.2718 -0.1613  166741.1  195991.0  -24734.8
       63.0      18.9   48350.1   35408.8   48297.9   35439.0   48432.4   35648.9   48331.2   35376.0
vertex track :         30   3  19    6371792 -0.5808 -2.8368  163373.1  188480.4     215.2   211   455.1
   20 6      1 -0.7592 -2.7553   40893.4   36202.8   -2433.4 -0.6046 -2.8582  167961.2  195527.7  -20602.2
      395.8      52.6   40838.9   35807.2   40889.8   35991.8   41157.1   36805.6   40737.5   35835.1
   21 6      2 -0.5387 -3.0146   41543.9   38461.3   -3263.9 -0.6046 -2.8582  168463.4  197901.4  -21432.7
      615.7     136.7   41570.2   37831.2   41673.7   38410.3   41727.1   39298.4   41301.0   37879.3
   22 6      3 -0.6240 -2.9317   41687.8   46098.5   -6264.4 -0.6046 -2.8582  170277.5  206477.6  -24433.3
     1198.0     292.5   41724.5   44865.8   42092.3   46593.7   41860.4   47538.2   41152.2   44987.6
vertex track :         89   3  20    6184160  1.8596  2.8345  170325.6  195599.6     408.4     0   912.5
   17 6     -2  1.8267  2.8501   57470.3   51885.0    6588.4  1.8480  2.8213  179414.0  212898.4  -14186.8
     1161.8     167.9   57955.8   52953.7   57085.6   51595.9   57196.5   51029.1   58238.5   52772.6
   18 6     -1  1.8113  2.8630   52112.9   46765.3    3717.6  1.8480  2.8213  174108.9  204799.2  -17057.6
      626.8      78.7   52381.5   47337.0   52091.7   46878.9   52056.1   46406.4   52514.5   47252.9
   19 6      0  1.8321  2.8553   48928.5   41246.4    2867.1  1.8480  2.8213  172537.2  202399.8  -17908.1
      451.9      30.2   49147.0   41643.1   49043.7   41482.1   48921.7   41062.7   49197.9   41610.4
vertex track :         96   3  20    6382479 -1.9540  1.7241  174692.2  191690.4     397.1  2212   644.3
   17 6     -2 -1.9445  1.7035   42566.1   44074.4    6007.0 -1.9509  1.7035  161438.2  201128.8  -14770.5
      943.3     266.9   41680.8   44495.2   42691.4   43609.8   43659.5   43865.2   42032.5   44896.6
   18 6     -1 -1.9059  1.6767   49742.1   39588.5    3258.0 -1.9509  1.7035  166801.4  196445.9  -17519.6
      463.5     118.7   49315.7   39805.6   49611.5   39545.3   50376.6   39583.1   49472.5   39983.8
   19 6      0 -1.9111  1.4611   52016.9   35966.1    2439.9 -1.9509  1.7035  168397.5  195052.3  -18337.7
      280.0      40.5   51769.8   36103.9   51813.4   36070.6   52472.0   36039.6   51819.0   36168.3
