groupid:   6956, ntrk:  2
vertex track :          0   3  21    2933941 -0.1613 -0.2525   74720.0  146700.4     167.0    13  2365.1
   22 3      1 -0.1589 -0.2539   76396.5   68894.9   -2866.7 -0.1624 -0.2558   73661.9  148148.6  -24210.9
       30.5       3.2   76383.0   68867.4   76382.0   68865.7   76619.8   69132.2   76377.6   68870.7
   23 3      2 -0.1600 -0.2535   75556.2   68854.7   -3717.8 -0.1624 -0.2558   73800.1  148366.3  -25062.0
       36.6       6.1   75541.8   68820.5   75547.3   68829.2   75780.4   69098.7   75531.4   68827.0
   24 3      3 -0.1587 -0.2537   73102.2   70677.4   -6578.3 -0.1624 -0.2558   74264.6  149098.2  -27922.5
       58.5      11.9   73081.2   70621.5   73109.9   70667.5   73333.0   70943.1   73061.1   70634.1
vertex track :        164   3  22    3345287 -1.0860  0.0380   77348.6  147638.9     306.9   211   124.7
   19 3     -2 -1.0847  0.0478   66525.1   70040.8    6586.5 -1.0828  0.0445   68221.3  148004.3  -17899.6
      750.0     492.6   65754.1   69581.6   67024.9   69525.6   67505.0   70709.9   65797.5   70565.9
   20 3     -1 -1.0859  0.0420   72357.8   69725.6    3718.5 -1.0828  0.0445   71326.9  147876.8  -20767.6
      362.7     233.3   71986.4   69506.4   72483.1   69487.2   72938.1   70154.7   72004.4   69972.7
   21 3      0 -1.0859  0.0489   73272.1   68591.1    2866.6 -1.0828  0.0445   72249.4  147838.9  -21619.6
      159.3      86.4   73109.1   68512.0   73199.3   68507.9   73644.0   68880.4   73116.9   68684.6
