groupid:     71, ntrk:  2
vertex track :          0   3  47    5331755 -0.3527 -0.2934   53859.6  208255.6     358.7    13  1562.7
   48 5      1 -0.3535 -0.2920   54047.4   52309.3   -2868.4 -0.3592 -0.2871   55834.3  209983.7  -72646.2
       47.2       5.4   54014.4   52275.1   54013.0   52273.9   54290.0   52553.2   54007.5   52283.4
   49 5      2 -0.3547 -0.2893   55738.2   54470.9   -3718.4 -0.3592 -0.2871   56139.7  210227.8  -73496.3
       56.4      10.5   55701.0   54427.1   55714.0   54437.7   55984.9   54724.4   55687.8   54443.4
   50 5      3 -0.3551 -0.2893   54292.8   51916.4   -6584.2 -0.3592 -0.2871   57169.0  211050.6  -76362.0
       88.8      19.9   54236.5   51844.9   54299.6   51896.4   54558.7   52197.7   54211.4   51875.8
vertex track :         60   3  47    5116931  4.2185  3.7252   65928.2  219013.6     367.2     0 10001.0
   48 5      1  4.0000  3.4546   56234.9   55734.5   -2846.2  4.3082  3.7390   53092.2  207769.7  -72638.4
     1350.5      24.3   57241.1   56635.7   56037.0   55595.7   55442.8   55046.9   57272.9   56598.8
   49 5      2  4.8177  3.9268   52388.1   50808.5   -3658.8  4.3082  3.7390   49591.2  204731.3  -73451.0
     1675.1      34.2   53664.9   51893.3   52079.8   50601.4   51326.1   49937.6   53708.1   51840.3
   50 5      3  4.3184  3.2063   42005.3   39105.5   -6549.2  4.3082  3.7390   37138.6  193924.1  -76341.4
     2840.5      61.3   44249.4   40847.9   40595.1   38134.7   39975.6   37576.2   44322.4   40749.6
