groupid:   7169, ntrk:  5
vertex track :          0   3  91    3596014 -0.0681 -0.1960  153789.0  141710.4     268.6    13  2694.3
   92 4      1 -0.0697 -0.1956   33652.8   63934.0   -2867.8 -0.0747 -0.1978  154324.8  142591.8 -154241.5
       22.7       2.5   33647.6   63911.8   33648.2   63913.5   33868.0   64166.0   33642.8   63913.5
   93 4      2 -0.0684 -0.1959   31516.9   62185.3   -3718.3 -0.0747 -0.1978  154388.3  142760.0 -155092.1
       27.4       5.2   31512.7   62157.7   31516.4   62168.3   31731.0   62422.7   31503.0   62161.1
   94 4      3 -0.0703 -0.1958   36881.3   64747.9   -6585.4 -0.0747 -0.1978  154602.4  143327.2 -157959.2
       44.1       9.9   36875.8   64703.1   36890.8   64744.9   37096.8   65002.6   36857.1   64709.8
vertex track :         16   3  91    3806099 -4.5547 -3.6633  147572.6  136860.7     272.7  2212   575.0
   92 4      1 -4.3814 -3.5350   44408.2   64326.0   -2842.6 -4.7387 -3.6504  162528.2  148619.1 -154253.4
     2124.4     269.5   42924.1   62782.3   45310.7   64707.9   46098.0   66076.2   42585.6   63201.8
   93 4      2 -4.0638 -4.3883   45675.0   71355.7   -3679.1 -4.7387 -3.6504  166492.2  151672.6 -155089.9
     4281.4     658.6   43249.2   67766.8   48213.8   73128.0   48306.7   75150.1   42282.8   68661.8
   94 4      3 -4.3458 -3.1820   55707.3   77863.9   -6516.3 -4.7387 -3.6504  179936.9  162029.5 -157927.1
     8213.4    1291.1   49843.1   71970.0   62184.3   81006.2   61777.1   83964.7   48317.6   74053.4
vertex track :         42   3  91    4226318  2.3607  1.5629  156336.0  143597.6     267.6  2212   485.7
   92 4      1  2.3784  1.5436   29321.7   60898.0   -2868.6  2.3638  1.4935  149266.0  139123.0 -154227.2
      557.4     129.7   29718.6   61310.3   29283.0   61027.6   29137.2   60697.3   29859.9   61092.6
   93 4      2  2.3680  1.5531   25187.5   57686.4   -3717.0  2.3638  1.4935  147260.7  137855.9 -155075.5
     1070.4     317.2   25908.7   58538.7   24615.7   57690.7   24678.7   57045.6   26256.6   58008.2
   94 4      3  2.3779  1.5416   23839.1   55491.0   -6584.7  2.3638  1.4935  140482.2  133573.0 -157943.2
     2036.4     622.8   25209.0   57121.3   22291.0   55229.5   22681.6   54072.1   25886.6   56076.1
vertex track :         47   3  91    4227653  0.8933  1.2536  154231.7  142452.4     268.8  2212   343.3
   92 4      1  0.9652  1.2134   35316.5   56145.1   -2824.6  0.9072  1.2231  151740.2  138920.3 -154194.7
      267.3     115.4   35392.6   56426.1   35262.5   56262.6   35451.4   56075.3   35573.2   56282.4
   93 4      2  0.9082  1.2329   32258.5   58650.8   -3657.0  0.9072  1.2231  150985.0  137902.1 -155027.1
      554.5     283.1   32359.5   59265.1   31892.5   58631.1   32368.4   58247.6   32815.3   58929.3
   94 4      3  1.0015  1.2491   26433.6   51214.2   -6384.7  0.9072  1.2231  148510.4  134565.9 -157754.8
     1047.4     546.2   26662.6   52373.0   25562.5   51001.1   26415.5   50266.6   27514.9   51689.7
vertex track :        117   3  92    4486557  0.9207  2.9516  151401.7  142605.4     413.7  2212   797.6
   89 4     -2  0.9312  2.9463   39706.1   80015.5    6585.1  0.9570  2.8929  159603.3  158539.2 -147757.6
     1206.5     263.3   39818.6   81245.3   39286.9   79563.1   39804.5   78998.6   40320.7   81086.6
   90 4     -1  0.9482  2.9479   39249.2   73002.5    3719.1  0.9570  2.8929  156860.6  150247.8 -150623.7
      626.1     123.1   39323.7   73636.2   39139.4   73063.2   39385.5   72581.7   39558.0   73560.9
   91 4      0  0.9362  2.9476   37141.4   69570.9    2866.2  0.9570  2.8929  156044.4  147780.5 -151476.6
      406.5      45.6   37220.9   69972.1   37171.5   69816.3   37272.8   69382.6   37307.9   69944.5
