groupid:   7265, ntrk:  3
vertex track :          0   3  61    3564452 -0.3527  0.1252  161452.8  127645.8     256.1    13   660.6
   62 4      1 -0.3531  0.1251   44300.3   50417.1   -2865.2 -0.3487  0.1301  164044.4  128052.1  -98319.0
       39.0       8.9   44260.6   50421.8   44260.0   50422.0   44549.7   50622.6   44266.5   50438.5
   63 4      2 -0.3522  0.1262   44292.9   48770.6   -3716.6 -0.3487  0.1301  164341.4  127941.3  -99170.3
       50.1      21.0   44238.6   48767.8   44259.0   48760.5   44556.8   48983.6   44252.8   48807.3
   64 4      3 -0.3516  0.1276   44784.2   49571.0   -6585.0 -0.3487  0.1301  165341.7  127568.1 -102038.7
       83.0      41.2   44692.1   49560.6   44774.4   49530.8   45086.0   49791.5   44720.2   49638.1
vertex track :          8   3  61    3341556 -0.3179 -0.2120  161503.8  127152.8     256.0  2212   505.5
   62 4      1 -0.3385 -0.2033   41083.2   48248.7   -2840.4 -0.3173 -0.2056  163984.4  128603.2  -98293.6
       46.3      24.2   41056.0   48204.0   41064.3   48209.0   41320.1   48503.1   41031.0   48245.6
   63 4      2 -0.3087 -0.2447   40068.5   49927.2   -3673.8 -0.3173 -0.2056  164248.8  128774.5  -99127.0
       78.0      59.4   40044.3   49832.2   40101.7   49877.8   40302.5   50232.0   39970.5   49925.3
   64 4      3 -0.3386 -0.1888   42629.5   46696.1   -7316.1 -0.3173 -0.2056  165404.6  129523.3 -102769.3
      162.7     133.1   42552.2   46500.6   42765.3   46619.5   42916.5   47101.4   42422.5   46733.1
vertex track :        112   3  62    3785047 -0.3447 -3.5548  164363.1  132629.0     404.9     0   866.5
   59 4     -2 -0.2925 -3.5591   42892.0   29548.1    6587.1 -0.3634 -3.5477  161711.4  110544.3  -91841.9
     1302.9     190.3   42975.0   28233.9   43127.0   30083.6   43018.8   31068.6   42595.7   28265.1
   60 4     -1 -0.3297 -3.5596   41457.0   40522.0    3719.5 -0.3634 -3.5477  162753.5  120717.4  -94709.4
      697.9      89.2   41481.5   39818.9   41541.0   40461.2   41642.2   41431.6   41303.8   39835.4
   61 4      0 -0.3469 -3.5516   41654.8   42583.7    2866.6 -0.3634 -3.5477  163063.5  123743.2  -95562.3
      494.7      34.0   41640.6   42088.0   41663.9   42327.0   41878.7   43285.9   41572.8   42094.7
