groupid:   7506, ntrk:  3
vertex track :          0   3 123    6613076 -0.0409 -0.4631  192338.2  196457.9     175.8    13   664.9
  124 6      1 -0.0452 -0.4628   74443.4   42156.1   -2866.2 -0.0426 -0.4675  193690.9  198447.9 -213078.1
       46.8       9.2   74448.0   42108.6   74447.6   42104.6   74648.8   42413.1   74429.8   42110.4
  125 6      2 -0.0368 -0.4635   71835.2   41218.0   -3718.0 -0.0426 -0.4675  193727.2  198846.1 -213929.9
       59.1      21.6   71852.1   41157.3   71853.7   41177.8   72028.3   41488.1   71809.0   41160.8
  126 6      3 -0.0427 -0.4629   75741.1   44779.2   -6586.9 -0.0426 -0.4675  193849.5  200187.3 -216798.9
       97.3      42.7   75774.6   44678.4   75783.5   44775.0   75917.5   45089.6   75689.7   44686.2
vertex track :         31   3 123    6236378  0.9154  3.7423  195675.1  209307.0     172.8  2212   592.2
  124 6      1  0.5554  3.6423   71681.3   39471.7   -3015.1  0.9273  3.7386  194034.2  197971.4 -213191.1
      884.1     143.2   71673.1   40367.3   71523.2   39384.2   71900.1   38789.8   71956.1   40324.2
  125 6      2  0.8874  3.8420   74490.4   39252.4   -3839.1  0.9273  3.7386  193270.1  194890.8 -214015.1
     1604.5     344.6   74515.7   40893.3   73979.9   38573.5   74676.0   37825.4   75187.3   40738.2
  126 6      3  1.0751  3.5485   71137.3   26547.3   -6649.3  0.9273  3.7386  190664.2  184384.6 -216825.3
     2995.3     668.0   71366.4   29607.6   69855.2   24619.6   71119.2   23700.6   72645.1   29220.2
vertex track :         98   3 124    6191392  0.8136 -0.6570  192451.8  199515.7     396.4     0  1409.5
  121 6     -2  0.8225 -0.6522   76150.0   38849.7    6586.3  0.8192 -0.6562  196133.9  195146.4 -206854.5
      178.1      29.7   76308.0   38762.3   76201.6   38846.7   76202.7   39146.4   76271.1   38715.7
  122 6     -1  0.8135 -0.6576   77871.7   39884.6    3721.6  0.8192 -0.6562  193787.3  197026.2 -209719.1
      108.9      14.3   77965.4   39827.2   77966.9   39826.0   77988.9   40151.2   77947.4   39805.0
  123 6      0  0.8147 -0.6531   71905.0   37951.2    2871.0  0.8192 -0.6562  193090.5  197584.4 -210569.7
       90.4       6.8   71979.8   37899.9   72009.7   37875.9   72041.0   38211.8   71971.3   37889.3
