groupid:   7535, ntrk:  4
vertex track :          0   3  77    1816076 -0.2652 -0.2884  174943.8   56332.3     319.3    13  1256.3
   78 2      1 -0.2661 -0.2878   55479.5   57204.2   -2867.6 -0.2643 -0.2835  176567.5   57638.1 -128381.3
       40.4       5.5   55456.1   57170.7   55455.1   57169.7   55712.6   57447.3   55448.0   57178.2
   79 2      2 -0.2622 -0.2913   57186.3   56992.1   -3720.8 -0.2643 -0.2835  176793.0   57880.1 -129234.6
       48.9      11.8   57162.3   56947.9   57172.7   56959.5   57420.0   57246.1   57144.8   56963.6
   80 2      3 -0.2641 -0.2903   55929.1   59119.5   -6585.6 -0.2643 -0.2835  177550.2   58692.3 -132099.3
       77.9      22.7   55893.5   59046.7   55942.8   59100.9   56174.5   59402.1   55859.9   59077.2
vertex track :         14   3  77    1376002  1.2184  0.3670  176949.0   57300.3     319.9     0     nan
   78 2      1  1.1933  0.3284   52847.8   56012.2   -2840.6  1.2293  0.3627  173854.3   56542.4 -128360.3
        nan       nan      -nan       nan       nan       nan       nan       nan       nan       nan
   79 2      2  1.2523  0.4566   50855.3   56902.0   -3656.0  1.2293  0.3627  172851.8   56246.6 -129175.7
        nan       nan      -nan       nan       nan       nan       nan       nan       nan       nan
   80 2      3  1.1401  0.3897   48600.8   53632.6   -6806.1  1.2293  0.3627  168979.3   55103.9 -132325.8
        nan       nan      -nan       nan       nan       nan       nan       nan       nan       nan
vertex track :         57   3  77    1843789 -3.5880  2.5878  167387.4   62420.4     335.1     0  9998.9
   78 2      1 -3.5840  2.5961   57448.4   55047.3   -2868.5 -3.6105  2.6504  179716.0   54386.9 -128406.8
      869.4      19.4   56733.0   55541.7   57388.5   55066.8   58370.3   54765.6   56755.7   55573.1
   79 2      2 -3.6177  2.5488   62020.0   52472.3   -3725.5 -3.6105  2.6504  182810.1   52115.6 -129263.8
     1083.5      26.9   61118.8   53074.4   62130.6   52361.5   63127.7   52082.8   61149.8   53118.4
   80 2      3 -3.5928  2.5561   70984.4   45804.3   -6585.4 -3.6105  2.6504  193135.6   44535.9 -132123.6
     1810.8      47.4   69481.4   46815.4   71677.9   45252.7   72693.8   45005.8   69536.4   46892.7
vertex track :         74   3  77    2279699 -0.1320 -0.6538  174951.9   56317.3     319.3  2212   283.8
   78 2      1 -0.1133 -0.6809   54725.1   57997.7   -2850.7 -0.1301 -0.6472  176145.7   58771.2 -128364.4
      126.7      90.3   54793.4   57857.9   54811.2   57964.9   54866.6   58346.9   54615.2   57887.5
   79 2      2 -0.1012 -0.6749   53807.7   59724.4   -3670.5 -0.1301 -0.6472  176252.4   59301.7 -129184.2
      273.6     218.6   53983.3   59421.5   54043.2   59820.9   53842.0   60236.8   53551.0   59486.3
   80 2      3 -0.1632 -0.6425   55547.3   59356.9   -6796.6 -0.1301 -0.6472  176659.2   61324.8 -132310.3
      552.3     448.0   55845.5   58711.3   56083.2   59646.9   55459.0   60211.8   54977.2   58932.0
