groupid:   7667, ntrk:  2
vertex track :          0   3  47      52728  0.2943  0.1212  117716.4   65170.5     241.1    13   959.0
   48 1      1  0.2938  0.1217  115277.6   62715.9   -2866.9  0.3012  0.1214  115816.3   64393.8  -72447.0
       33.1       6.1  115305.9   62734.2  115306.4   62734.4  115459.6   62907.7  115310.6   62722.9
   49 1      2  0.2961  0.1161  115087.3   62861.8   -3718.6  0.3012  0.1214  115559.7   64290.5  -73298.7
       41.3      14.1  115120.6   62890.0  115105.9   62884.2  115264.3   63043.7  115130.9   62863.7
   50 1      3  0.2950  0.1168  112292.4   61833.7   -6583.7  0.3012  0.1214  114696.6   63942.7  -76163.8
       67.4      27.6  112344.9   61884.1  112281.5   61859.0  112450.2   61993.3  112365.2   61832.8
vertex track :         16   3  47     283005  0.1451 -0.8514  117622.7   64589.6     239.4   211   489.0
   48 1      1  0.1522 -0.8759  118662.9   69354.3   -3231.1  0.1414 -0.8703  116161.9   67199.2  -72808.7
       93.8      19.6  118698.3   69265.3  118698.1   69266.1  118837.6   69652.5  118659.6   69258.6
   49 1      2  0.1539 -0.8438  119651.7   67550.4   -4057.3  0.1414 -0.8703  116045.0   67918.2  -73634.9
      120.2      44.3  119716.8   67440.1  119706.0   67499.3  119796.8   67869.8  119629.8   67424.2
   50 1      3  0.1093 -0.8652  120848.0   71233.4   -7108.0  0.1414 -0.8703  115613.7   70573.2  -76685.6
      200.2      86.4  120958.8   71045.5  120931.6   71261.2  120947.3   71630.3  120787.4   71023.9
