groupid:   7799, ntrk:  2
vertex track :          0   3  47     245832 -0.0679 -0.1601   57783.1   49584.5     244.4    13  1495.1
   48 1      1 -0.0675 -0.1601   56525.5   47944.1   -2866.4 -0.0688 -0.1617   56858.4   50354.0  -72390.4
       19.7       3.6   56521.2   47924.5   56522.3   47927.3   56739.7   48173.5   56514.5   47927.4
   49 1      2 -0.0706 -0.1589   56388.9   49398.9   -3716.2 -0.0688 -0.1617   56916.9   50491.5  -73240.2
       24.8       8.5   56386.6   49372.8   56391.9   49384.8   56601.1   49634.9   56371.1   49379.7
   50 1      3 -0.0697 -0.1590   54777.6   48939.0   -6579.8 -0.0688 -0.1617   57114.0   50954.7  -76103.9
       40.9      16.7   54776.5   48894.8   54794.7   48936.4   54988.7   49193.0   54745.9   48908.2
vertex track :        164   3  48     943511 -0.6471 -1.5132   57365.7   49581.0     200.2  2212   406.4
   45 1     -2 -0.6702 -1.5049   56008.8   40394.8    6588.5 -0.6643 -1.5035   53486.3   42364.4  -65994.4
      844.4     405.3   56035.5   39458.6   56581.8   40685.2   56191.4   41539.5   55295.0   39788.4
   46 1     -1 -0.6602 -1.5057   55198.6   44939.1    3723.1 -0.6643 -1.5035   55389.8   46672.5  -68859.8
      423.7     195.1   55207.2   44472.7   55408.9   44932.6   55399.4   45614.0   54849.8   44629.4
   47 1      0 -0.6510 -1.5136   56829.5   47022.2    2866.7 -0.6643 -1.5035   55958.7   47960.2  -69716.2
      215.4      74.0   56812.3   46795.1   56845.8   46873.1   57056.0   47457.8   56676.4   46853.5
