groupid:   8189, ntrk:  2
vertex track :          0   3  35     448657 -0.2398  0.1438   94098.7   68817.1     177.0    13  1773.0
   36 1      1 -0.2385  0.1452   95829.6   70694.8   -2867.2 -0.2325  0.1496   95062.1   70520.5  -50372.5
       28.8       3.6   95803.1   70706.7   95802.3   70707.2   96065.9   70893.0   95806.8   70712.8
   37 1      2 -0.2381  0.1460   95757.4   68079.2   -3718.2 -0.2325  0.1496   95260.0   70393.2  -51223.4
       35.0       7.7   95723.6   68091.0   95733.2   68085.1   96001.0   68277.6   95731.6   68104.0
   38 1      3 -0.2383  0.1452   95888.1   69229.0   -6589.0 -0.2325  0.1496   95927.6   69963.7  -54094.3
       56.3      15.0   95832.2   69245.5   95878.4   69217.4   96153.8   69422.6   95847.8   69271.1
vertex track :        148   3  36    1210930 -0.3157 -1.3196   96010.7   74703.7     253.2   211   161.0
   33 1     -2 -0.3131 -1.3183   93994.4   66167.8    6585.2 -0.3351 -1.3411   93192.2   66123.6  -43973.3
      736.2     412.3   94225.4   65356.2   94499.9   66512.0   93973.1   67188.0   93423.1   65546.8
   34 1     -1 -0.3239 -1.3171   95233.6   70212.0    3719.1 -0.3351 -1.3411   94152.6   69967.3  -46839.3
      363.9     196.8   95337.8   69811.7   95443.6   70241.7   95339.1   70821.0   94955.6   69905.7
   35 1      0 -0.3065 -1.3200   94058.6   68465.5    2868.3 -0.3351 -1.3411   94437.7   71108.3  -47690.1
      176.1      73.8   94090.6   68277.3   94106.0   68343.2   94236.3   68862.5   93946.9   68310.6
