groupid:   8346, ntrk:  5
vertex track :          0   3  49    3113382  0.5719  0.7427   81836.0  120189.9     277.1    13  2008.8
   50 3      1  0.5643  0.7485   77693.0   38986.5   -2867.8  0.5755  0.7453   80326.2  119230.8  -76374.3
       92.8       7.2   77743.1   39064.9   77749.9   39073.9   77853.5   39118.8   77754.6   39056.2
   51 3      2  0.5619  0.7535   77900.5   38918.9   -3718.0  0.5755  0.7453   79836.9  118597.1  -77224.6
      109.9      12.5   77956.2   39014.5   77942.8   38996.5   78055.4   39034.0   77976.2   38999.5
   52 3      3  0.5667  0.7461   76844.4   37011.4   -6586.7  0.5755  0.7453   78185.8  116459.1  -80093.3
      172.2      23.5   76929.9   37162.7   76840.5   37045.1   76969.5   37070.8   76967.2   37134.4
vertex track :         20   3  49    2657244 -1.0498 -1.6152   81794.0  120129.0     277.1  2212   969.0
   50 3      1 -1.1047 -1.5328   86143.1   47956.1   -3038.0 -1.0416 -1.6160   85547.2  126870.8  -76544.4
      239.9      28.0   86025.5   47745.1   86074.1   47812.5   86469.6   48375.5   85980.1   47777.8
   51 3      2 -1.0304 -1.5755   86598.1   46384.8   -3864.1 -1.0416 -1.6160   86407.7  128205.8  -77370.6
      309.1      63.4   86482.0   46091.3   86604.0   46277.9   86923.2   46886.6   86375.9   46160.8
   52 3      3 -1.1329 -1.5930   88124.8   51739.6   -6253.6 -1.0416 -1.6160   88896.4  132067.1  -79760.0
      479.7     112.4   87938.4   51283.5   88256.5   51730.9   88520.1   52404.1   87755.2   51413.8
vertex track :        137   3  50    3530278  0.2264 -1.9035   78091.4  118185.5     183.3     0  2611.7
   47 3     -2  0.2434 -1.9034   82629.0   28464.7    6586.5  0.2306 -1.9147   82039.2  108136.9  -69859.2
      409.4      34.1   82714.8   28062.9   82662.0   28475.5   82753.5   29074.6   82647.1   28054.3
   48 3     -1  0.2309 -1.8987   80552.4   32553.2    3719.7  0.2306 -1.9147   81378.0  113626.1  -72726.1
      245.1      17.3   80599.1   32312.0   80588.4   32399.9   80715.9   33002.5   80564.8   32307.8
   49 3      0  0.2374 -1.9024   81196.9   35827.4    2867.6  0.2306 -1.9147   81181.5  115257.6  -73578.1
      199.6       9.7   81231.2   35630.5   81231.6   35627.2   81372.9   36232.4   81212.1   35628.1
vertex track :        148   3  50    3560871 -2.4184 -3.1722   80297.7  120202.6     181.1   211   556.6
   47 3     -2 -2.2695 -2.8560   60416.1   19848.8    6923.9 -2.4148 -3.1540   66497.9  101144.0  -69525.7
     2157.9     388.3   59377.6   17917.8   61586.0   20697.0   61662.4   21987.0   58769.6   18400.9
   48 3     -1 -2.5197 -2.9862   69049.3   31546.5    3866.8 -2.4148 -3.1540   73880.2  110786.3  -72582.9
     1116.7     184.8   68470.4   30573.9   69381.5   31653.7   69835.7   32726.1   68188.0   30812.2
   49 3      0 -2.2735 -3.3053   72033.9   32398.9    3051.2 -2.4148 -3.1540   75849.5  113358.5  -73398.4
      722.1      74.1   71685.7   31761.9   72026.8   32257.8   72589.9   33242.6   71563.6   31845.9
vertex track :        160   3  50    3750809 -0.4338 -0.0002   79690.7  118568.6     183.4   211   545.1
   47 3     -2 -0.4347 -0.0034   79522.5   42105.1    6585.1 -0.4312 -0.0001   79408.8  120775.7  -69866.5
       92.6      48.6   79430.3   42055.7   79524.1   42056.5   79824.2   42364.4   79429.5   42153.0
   48 3     -1 -0.4333 -0.0030   79566.8   40317.1    3717.4 -0.4312 -0.0001   80645.4  120775.9  -72734.2
       53.7      23.5   79513.3   40293.2   79529.7   40293.3   79829.9   40550.9   79513.0   40340.2
   49 3      0 -0.4341 -0.0016   80755.0   42016.3    2868.2 -0.4312 -0.0001   81011.5  120775.9  -73583.4
       40.9       9.2   80714.1   42006.9   80704.8   42006.9   81005.4   42235.7   80714.1   42025.4
