groupid:   8371, ntrk:  3
vertex track :          0   3  57    1334082 -0.3926 -0.2067  158650.4   44170.4     317.7    13  2001.7
   58 2      1 -0.3931 -0.2069   37697.9   42008.6   -2869.1 -0.3902 -0.2037  158138.6   43948.1  -90949.7
       45.3       4.6   37660.0   41983.4   37657.6   41982.1   37945.4   42243.6   37655.7   41991.6
   59 2      2 -0.3918 -0.2072   39331.8   43699.9   -3720.8 -0.3902 -0.2037  158471.0   44121.7  -91801.4
       53.9       8.5   39288.1   43667.2   39301.1   43674.1   39585.1   43942.4   39280.2   43682.2
   60 2      3 -0.3930 -0.2062   38604.1   44639.3   -6587.4 -0.3902 -0.2037  159589.6   44705.7  -94668.0
       84.8      16.0   38536.5   44585.7   38604.1   44621.2   38881.4   44902.6   38521.6   44614.0
vertex track :         18   3  57    1334456  0.5641  0.4008  158921.1   44342.2     319.8  2212   939.6
   58 2      1  0.5448  0.4372   38904.1   44605.5   -2831.8  0.5760  0.3878  155352.9   42243.9  -90915.2
       69.0      11.6   38950.6   44657.7   38957.5   44663.1   39068.1   44763.7   38965.1   44639.7
   59 2      2  0.5473  0.3786   35842.5   42658.5   -3651.4  0.5760  0.3878  154880.8   41926.1  -91734.8
       85.1      26.2   35897.5   42728.5   35872.5   42711.2   35997.9   42798.9   35927.4   42685.4
   60 2      3  0.5843  0.3719   37274.3   41617.4   -6493.4  0.5760  0.3878  153243.6   40824.0  -94576.9
      137.2      51.0   37362.7   41734.1   37253.8   41664.8   37396.5   41711.0   37417.4   41648.0
vertex track :        125   3  58    1568982 -0.4475 -1.5892  158109.3   45849.2     261.9  2212   442.2
   55 2     -2 -0.4473 -1.5919   35968.0   37702.6    6585.5 -0.4597 -1.5882  155254.4   37165.5  -84256.4
      735.1     342.7   36099.1   36902.3   36402.8   37983.3   36046.5   38711.4   35439.3   37087.7
   56 2     -1 -0.4507 -1.5894   35814.2   39808.3    3719.5 -0.4597 -1.5882  156571.9   41717.4  -87122.4
      370.4     163.5   35870.5   39407.3   35977.9   39786.3   35967.5   40417.7   35555.9   39496.5
   57 2      0 -0.4468 -1.5884   37941.5   43347.5    2869.9 -0.4597 -1.5882  156962.4   43066.8  -87972.0
      199.4      61.5   37946.8   43138.9   37960.9   43189.2   38145.8   43764.4   37828.3   43172.2
