groupid:   8426, ntrk:  4
vertex track :          0   3  59    5544854 -0.1298  0.1202  202163.0  205242.1     387.6    13  1269.4
   60 6      1 -0.1289  0.1212   81109.6   44499.0   -2867.5 -0.1278  0.1220  202696.4  204454.8  -94777.8
       20.8       4.5   81091.4   44510.0   81094.6   44507.0   81337.7   44698.2   81097.5   44516.5
   61 6      2 -0.1289  0.1209   80838.8   48158.7   -3715.5 -0.1278  0.1220  202804.8  204351.3  -95625.9
       26.4      10.4   80812.4   48169.2   80823.9   48158.5   81075.0   48358.3   80826.6   48184.4
   62 6      3 -0.1287  0.1214   83089.9   44719.9   -6585.6 -0.1278  0.1220  203171.5  204001.1  -98495.9
       43.6      20.1   83044.4   44735.2   83080.8   44700.9   83345.3   44914.7   83072.0   44764.4
vertex track :         47   3  59    6204019  0.5871 -0.5492  204287.5  203242.6     382.5  2212   660.8
   60 6      1  0.5911 -0.6137   84885.4   44372.3   -3082.3  0.5849 -0.5495  202365.7  204750.1  -94987.4
       89.0      23.7   84964.2   44324.6   84964.9   44323.9   85017.2   44629.4   84930.1   44291.8
   61 6      2  0.5796 -0.5239   84927.8   50351.3   -3900.9  0.5849 -0.5495  201886.9  205200.0  -95806.0
      119.5      54.0   85052.7   50311.3   84997.1   50361.5   85013.5   50600.8   84980.2   50231.1
   62 6      3  0.5910 -0.5571   81366.2   46295.2   -6626.0  0.5849 -0.5495  200293.2  206697.5  -98531.1
      194.9     100.2   81576.8   46234.5   81417.3   46384.8   81366.3   46565.4   81439.3   46088.6
vertex track :         63   3  59    6230869  3.8038  3.3755  209122.4  211302.8     390.3     0     nan
   60 6      1  3.8315  3.3333   75869.0   40534.3   -2866.3  3.9314  3.5245  196507.1  199395.7  -94799.8
        nan       nan      -nan       nan       nan       nan       nan       nan       nan       nan
   61 6      2  3.8130  3.3574   72379.6   41548.8   -3717.9  3.9314  3.5245  193159.2  196394.3  -95651.4
        nan       nan      -nan       nan       nan       nan       nan       nan       nan       nan
   62 6      3  3.8256  3.3734   63909.2   29351.8   -6586.0  3.9314  3.5245  181883.6  186285.7  -98519.5
        nan       nan      -nan       nan       nan       nan       nan       nan       nan       nan
vertex track :        194   3  60    6216519 -0.6167 -3.6467  202259.1  211843.9     408.8   211   420.2
   57 6     -2 -0.6283 -3.6281   80207.7   27483.3    6582.8 -0.6073 -3.7184  199904.0  189134.3  -88429.1
     2003.4     425.7   80285.2   25436.7   80837.0   28622.9   80339.5   29736.4   79446.4   25581.9
   58 6     -1 -0.6171 -3.6482   79898.9   41125.1    3716.0 -0.6073 -3.7184  201644.9  199794.4  -91295.9
     1001.8     198.8   79927.8   40104.2   80132.4   41313.6   80079.4   42352.4   79535.8   40170.5
   59 6      0 -0.6010 -3.6449   80929.2   40769.3    2869.5 -0.6073 -3.7184  202158.9  202942.0  -92142.4
      578.8      73.1   80907.2   40186.3   80969.3   40563.1   81160.6   41558.7   80762.9   40210.1
