groupid:   8669, ntrk:  3
vertex track :          0   3  53    2803472  0.5565 -0.0969   60230.3   86512.5     229.6    13   827.2
   54 3      1  0.5567 -0.0924   56981.4    6557.4   -2869.5  0.5610 -0.0933   57146.9   86574.5  -83297.6
       55.9       8.5   57037.9    6556.6   57044.6    6555.5   57135.4    6768.0   57035.1    6539.8
   55 3      2  0.5554 -0.0963   58305.2    7612.1   -3717.8  0.5610 -0.0933   56671.0   86653.6  -84145.9
       68.3      19.0   58375.8    7619.2   58357.8    7622.3   58445.2    7815.0   58369.3    7581.7
   56 1      3  0.5556 -0.0943   54965.5   84575.3   -6585.6  0.5610 -0.0933   55062.1   86921.3  -87013.7
      109.8      37.2   55080.0   84593.6   54980.2   84610.6   55061.7   84766.9   55067.5   84520.3
vertex track :         44   3  53    1484620 -0.8649 -1.0525   56341.3   83926.0     284.8     0     nan
   54 3      1 -0.8952 -1.0354   61288.8   10443.2   -2941.5 -0.8710 -1.0754   57797.1   87143.9  -83418.2
        nan       nan      -nan       nan       nan       nan       nan       nan       nan       nan
   55 3      2 -0.8092 -1.0323   59743.9    9381.3   -3765.0 -0.8710 -1.0754   58514.4   88029.5  -84241.7
        nan       nan      -nan       nan       nan       nan       nan       nan       nan       nan
   56 3      3 -0.8463 -0.9698   64081.0   14857.5   -6349.5 -0.8710 -1.0754   60765.7   90809.0  -86826.3
        nan       nan      -nan       nan       nan       nan       nan       nan       nan       nan
vertex track :        203   3  54    3206942  0.2675 -4.1011   56616.0   89850.7     183.5     0   808.7
   51 1     -2  0.2454 -4.1076   57107.4   65587.3    6586.9  0.2474 -4.0833   59213.1   65187.9  -76736.7
     1824.7     259.6   57475.4   63781.3   57309.3   66561.6   56949.7   67599.1   56957.1   63750.3
   52 1     -1  0.2301 -4.1212   57470.0   74807.7    3719.2  0.2474 -4.0833   58503.6   76897.9  -79604.5
      985.5     125.4   57650.2   73830.7   57588.6   74933.1   57500.1   75990.5   57399.7   73816.7
   53 1      0  0.2405 -4.0983   59683.0   79517.8    2871.4  0.2474 -4.0833   58293.9   80359.4  -80452.2
      683.8      49.2   59772.2   78838.0   59742.6   79342.7   59804.0   80403.5   59673.9   78832.3
