groupid:   8671, ntrk:  2
vertex track :          0   3 119      62642  0.6183 -0.0680   60630.6   65870.3     224.9    13   700.8
  120 1      1  0.6176 -0.0705   60073.1   69141.3   -2867.3  0.6221 -0.0669   57812.9   67952.5 -205733.3
       61.2      10.1   60135.0   69144.4   60143.1   69143.5   60221.7   69348.1   60132.7   69124.3
  121 1      2  0.6179 -0.0624   60492.8   66372.6   -3723.0  0.6221 -0.0669   57280.5   68009.7 -206589.0
       75.8      23.2   60570.6   66388.0   60549.4   66390.2   60625.6   66567.1   60565.9   66341.9
  122 1      3  0.6161 -0.0732   58045.2   69091.6   -6591.2  0.6221 -0.0669   55496.1   68201.5 -209457.2
      122.6      45.4   58172.3   69122.2   58058.2   69135.8   58128.8   69270.8   58161.6   69032.0
vertex track :         46   3 119     523039 -3.5996  4.6512   48239.8   79945.2     248.2     0  1066.6
  120 1      1 -3.3967  4.7309   57500.5   63278.4   -2898.2 -3.6020  4.7283   58720.2   67080.8 -205802.2
     1502.5      77.7   56561.1   64453.6   57600.4   63006.1   58646.5   62318.0   56687.4   64544.2
  121 1      2 -3.4690  4.6643   59017.2   62622.9   -3715.1 -3.6020  4.7283   61662.5   63218.5 -206619.1
     2086.4     182.5   57625.6   64188.1   59387.4   61819.3   60615.4   61272.3   57918.5   64406.0
  122 1      3 -3.6839  4.9362   70770.1   45925.4   -6702.9 -3.6020  4.7283   72424.5   49091.3 -209606.9
     3774.2     365.7   68219.7   48731.4   71960.7   43718.6   73526.8   43334.3   68805.8   49168.8
