groupid:   8719, ntrk:  3
vertex track :          0   3 101    2069450 -0.4591 -0.0321  163921.8   57124.5     340.8    13  1092.3
  102 2      1 -0.4597 -0.0340   40024.2   53741.5   -2867.6 -0.4589 -0.0251  162671.6   55225.1 -172669.9
       47.4       6.6   39977.4   53731.4   39975.4   53731.3   40280.5   53961.6   39976.4   53744.7
  103 2      2 -0.4597 -0.0302   42423.1   57179.3   -3717.1 -0.4589 -0.0251  163061.3   55246.4 -173519.4
       57.4      14.1   42366.8   57161.4   42384.7   57162.6   42688.9   57407.1   42364.9   57189.7
  104 2      3 -0.4607 -0.0320   44788.1   54940.1   -6586.7 -0.4589 -0.0251  164378.2   55318.4 -176389.0
       91.2      27.2   44699.0   54906.6   44784.3   54912.5   45086.8   55183.5   44695.2   54960.9
vertex track :         75   3 102    1602156 -1.2237 -1.0027  161295.0   56040.5     262.4     0     nan
   99 2     -2 -1.2278 -0.9977   35860.7   52386.8    6583.8 -1.2278 -0.9783  156104.4   51095.0 -165950.0
        nan       nan      -nan       nan       nan       nan       nan       nan       nan       nan
  100 2     -1 -1.2288 -0.9907   40000.0   53724.2    3719.8 -1.2278 -0.9783  159620.9   53896.8 -168814.0
        nan       nan      -nan       nan       nan       nan       nan       nan       nan       nan
  101 2      0 -1.2170 -1.0078   42882.0   55544.1    2868.3 -1.2278 -0.9783  160666.4   54729.8 -169665.5
        nan       nan      -nan       nan       nan       nan       nan       nan       nan       nan
vertex track :        152   3 102    2491508  5.2054 -1.2532  160458.4   53837.7     261.5     0     nan
   99 2     -2  4.9069 -1.1096   72050.9   42510.6    6429.7  5.2903 -1.3110  195641.1   47007.8 -166095.5
        nan       nan      -nan       nan       nan       nan       nan       nan       nan       nan
  100 2     -1  5.5489 -1.1133   58118.3   45374.5    3620.0  5.2903 -1.3110  180776.8   50691.3 -168905.2
        nan       nan      -nan       nan       nan       nan       nan       nan       nan       nan
  101 2      0  5.2343 -1.2786   49641.8   46398.5    2801.8  5.2903 -1.3110  176448.1   51763.9 -169723.5
        nan       nan      -nan       nan       nan       nan       nan       nan       nan       nan
