groupid:   9723, ntrk:  2
vertex track :          0   3  67    2817202 -0.1438  0.3426  113590.9  103720.3     246.5    13  1124.3
   68 3      1 -0.1412  0.3439  114298.7   22939.4   -2866.9 -0.1377  0.3388  112147.7  101950.6 -109575.4
       38.0       5.7  114279.0   22972.4  114278.2   22974.3  114528.2   23116.7  114289.5   22976.7
   69 3      2 -0.1471  0.3421  112467.2   21557.1   -3716.7 -0.1377  0.3388  112264.7  101662.7 -110425.2
       46.4      12.6  112437.3   21594.7  112443.1   21581.3  112706.9   21729.7  112460.4   21604.7
   70 3      3 -0.1469  0.3422  114834.8   21768.9   -6586.4 -0.1377  0.3388  112659.8  100690.5 -113294.9
       74.6      24.5  114782.9   21827.9  114810.9   21762.5  115096.6   21920.3  114827.9   21847.2
vertex track :         80   3  68    2827107  0.9190 -0.7078  112395.9  104587.3     236.2     0  2442.9
   65 3     -2  0.9200 -0.7080  114449.1   20211.5    6589.2  0.9080 -0.7010  116318.8   99215.8 -102616.6
      201.7      22.2  114622.5   20106.1  114495.9   20203.5  114486.5   20526.2  114595.4   20070.8
   66 3     -1  0.9212 -0.7026  114741.6   22175.1    3719.2  0.9080 -0.7010  113712.8  101227.8 -105486.7
      124.8      11.3  114847.7   22108.4  114842.7   22112.2  114846.5   22451.1  114834.0   22090.5
   67 3      0  0.9184 -0.7087  115598.9   23507.3    2866.8  0.9080 -0.7010  112938.9  101825.3 -106339.0
      104.4       6.5  115685.5   23448.7  115713.1   23427.3  115723.2   23775.1  115677.5   23438.3
