groupid:   9960, ntrk:  4
vertex track :          0   3 117      95847 -0.1558 -0.0466  100896.7   76300.3     232.5    13  6928.2
  118 1      1 -0.1559 -0.0467   99677.0   76364.2   -2867.3 -0.1550 -0.0470   97444.2   75532.8 -201850.1
       18.4       1.5   99659.8   76357.5   99662.3   76358.3   99904.0   76580.9   99659.0   76360.4
  119 1      2 -0.1556 -0.0470   98252.2   73779.4   -3719.8 -0.1550 -0.0470   97576.4   75572.9 -202702.6
       22.2       2.4   98231.6   73770.6   98241.4   73773.6   98482.5   73998.1   98230.2   73775.3
  120 1      3 -0.1561 -0.0471   99939.7   76871.2   -6585.6 -0.1550 -0.0470   98020.5   75707.6 -205568.4
       35.8       4.5   99906.8   76856.5   99942.5   76867.3  100182.5   77095.8   99904.2   76865.2
vertex track :         18   3 117     327159  1.4719 -0.9116  105080.5   74078.9     224.9  2212   720.1
  118 1      1  1.7500 -1.0620  102347.7   76878.6   -3151.7  1.4649 -0.9272   96177.3   76259.8 -202130.0
      218.3      39.1  102554.6   76798.8  102548.9   76802.3  102352.6   77167.4  102514.1   76732.0
  119 1      2  1.4838 -0.9218  102763.1   80564.6   -3987.6  1.4649 -0.9272   94952.7   77034.8 -202965.9
      302.5      90.6  103067.9   80481.9  102865.6   80607.6  102669.8   80856.3  102972.2   80328.0
  120 1      3  1.4781 -0.8832   97393.3   79854.7   -6819.1  1.4649 -0.9272   90804.8   79660.1 -205797.4
      513.3     172.4   97922.4   79739.4   97351.6   80080.5   97075.8   80179.1   97745.5   79443.4
vertex track :        116   3 118      82164 -2.2750  0.3073  101963.2   75970.2     248.7     0     nan
  115 1     -2 -2.2858  0.2790   85307.7   75502.6    6586.0 -2.2545  0.3144   85435.3   77117.3 -195558.3
        nan       nan      -nan       nan       nan       nan       nan       nan       nan       nan
  116 1     -1 -2.2703  0.3095   93857.6   73835.2    3722.8 -2.2545  0.3144   91890.4   76217.1 -198421.5
        nan       nan      -nan       nan       nan       nan       nan       nan       nan       nan
  117 1      0 -2.2737  0.3045   96510.4   77030.1    2871.2 -2.2545  0.3144   93810.4   75949.4 -199273.2
        nan       nan      -nan       nan       nan       nan       nan       nan       nan       nan
vertex track :        169   3 118     696388 -0.0561 -2.5965   99699.2   76329.7     248.2     0 10001.0
  115 1     -2 -0.0956 -2.5467  100049.4   62684.8    6616.8 -0.0734 -2.6167   96996.8   58826.8 -195521.6
      652.0      26.3  100051.2   62032.3  100080.1   62800.6  100257.4   63544.9   99998.6   62034.3
  116 1     -1 -0.2498 -2.6124   98698.0   69790.4    3978.5 -0.0734 -2.6167   97190.5   65730.6 -198159.9
      402.2      15.1   98674.7   69388.7   98698.8   69640.8   98930.9   70399.6   98644.6   69391.5
  117 1      0 -0.0866 -2.7221   97905.0   68785.5    3145.9 -0.0734 -2.6167   97251.6   67909.3 -198992.5
      327.3      11.2   97905.7   68458.0   97908.3   68540.7   98114.1   69320.3   97883.4   68458.7
