19
5 8521 6139646 622916
5 8521 625264 -1
20
5 8521 -1 0
5 8521 196408 -1
21
2 9029 2242667 844118
2 9029 523819 -1
4 9470 4603426 415843
4 9470 413341 -1
5 8521 -1 0
5 8521 1272734 -1
22
2 9029 -1 0
2 9029 516838 -1
4 9470 -1 0
4 9470 1291673 -1
5 8521 -1 0
5 8521 843256 -1
23
2 12833 1839741 505494
2 12833 509159 -1
2 9029 -1 0
2 9029 521016 -1
4 9470 -1 0
4 9470 1078933 -1
24
2 12833 -1 0
2 12833 304094 -1
2 9029 -1 0
2 9029 1406989 -1
4 9470 -1 0
4 9470 1259394 -1
25
1 3075 86374 86374
1 3075 86079 -1
2 12833 -1 0
2 12833 477829 -1
5 7657 5714396 416348
5 7657 166579 -1
6 16249 7400441 1068779
6 16249 398957 -1
26
1 3075 -1 0
1 3075 308630 -1
2 12833 -1 0
2 12833 508867 -1
5 7657 -1 0
5 7657 188388 -1
6 16249 -1 0
6 16249 1070735 -1
27
1 3075 -1 0
1 3075 312011 -1
5 7657 -1 0
5 7657 172406 -1
6 16249 -1 0
6 16249 174266 -1
28
1 3075 -1 0
1 3075 309748 -1
5 7657 -1 0
5 7657 186912 -1
6 16249 -1 0
6 16249 1085935 -1
29
3 6045 3269396 178868
3 6045 197135 -1
30
3 6045 -1 0
3 6045 1087802 -1
31
3 6045 -1 0
3 6045 186183 -1
4 4074 4206817 234471
4 4074 233432 -1
32
3 6045 -1 0
3 6045 174556 -1
4 4074 -1 0
4 4074 239580 -1
6 366 6828134 173422
6 366 809262 -1
33
4 4074 -1 0
4 4074 13409 -1
6 366 -1 0
6 366 177628 -1
34
4 4074 -1 0
4 4074 239652 -1
6 366 -1 0
6 366 187799 -1
35
1 12688 51812 51812
1 12688 1173980 -1
3 10360 3241111 369606
3 10360 965242 -1
6 366 -1 0
6 366 179647 -1
6 9042 7035356 188437
6 9042 1077278 -1
36
1 12688 -1 0
1 12688 1174045 -1
3 10360 -1 0
3 10360 947751 -1
6 9042 -1 0
6 9042 427341 -1
37
1 12688 -1 0
1 12688 261109 -1
3 10360 -1 0
3 10360 142734 -1
5 503 5775767 919223
5 503 29777 -1
6 9042 -1 0
6 9042 428901 -1
38
1 12688 -1 0
1 12688 64417 -1
3 10360 -1 0
3 10360 962921 -1
5 503 -1 0
5 503 15963 -1
6 9042 -1 0
6 9042 1255864 -1
39
3 13699 4091065 1421294
3 13699 2997701 -1
3 4617 4009723 1340883
3 4617 454888 -1
5 503 -1 0
5 503 241414 -1
40
3 13699 -1 0
3 13699 323994 -1
3 4617 -1 0
3 4617 288396 -1
5 503 -1 0
5 503 236315 -1
41
3 13699 -1 0
3 13699 827494 -1
3 4617 -1 0
3 4617 445917 -1
42
3 275 4076015 1364125
3 275 55265 -1
3 13699 -1 0
3 13699 312338 -1
3 4617 -1 0
3 4617 84433 -1
43
1 6147 246888 246888
1 6147 1125043 -1
3 275 -1 0
3 275 290486 -1
44
1 6147 -1 0
1 6147 27349 -1
3 275 -1 0
3 275 92779 -1
45
1 6147 -1 0
1 6147 28042 -1
3 275 -1 0
3 275 487969 -1
3 1177 3202095 327324
3 1177 517239 -1
46
1 6147 -1 0
1 6147 11652 -1
3 1177 -1 0
3 1177 334796 -1
47
3 1177 -1 0
3 1177 318080 -1
3 7717 3168049 519025
3 7717 1484488 -1
3 8563 3697588 1048564
3 8563 1091638 -1
48
3 1177 -1 0
3 1177 338167 -1
3 7717 -1 0
3 7717 1549830 -1
3 8563 -1 0
3 8563 1094031 -1
49
2 250 1870286 318122
2 250 320933 -1
3 7717 -1 0
3 7717 534837 -1
3 8563 -1 0
3 8563 627715 -1
50
2 250 -1 0
2 250 557982 -1
3 7717 -1 0
3 7717 1344969 -1
3 8563 -1 0
3 8563 619798 -1
51
2 250 -1 0
2 250 303690 -1
3 15921 3407121 537345
3 15921 554816 -1
52
2 250 -1 0
2 250 508318 -1
3 15921 -1 0
3 15921 1417368 -1
53
3 15921 -1 0
3 15921 744686 -1
54
3 15921 -1 0
3 15921 505959 -1
55
6 12530 6865765 668775
6 12530 453810 -1
56
4 263 5065675 1301210
4 263 5119 -1
6 12530 -1 0
6 12530 26235 -1
57
4 263 -1 0
4 263 651629 -1
4 1668 4196818 223282
4 1668 19621 -1
6 12530 -1 0
6 12530 909201 -1
58
4 263 -1 0
4 263 188397 -1
4 1668 -1 0
4 1668 3168 -1
6 12530 -1 0
6 12530 234581 -1
59
1 13207 915337 915337
1 13207 32430 -1
1 3083 513583 513583
1 3083 314802 -1
4 263 -1 0
4 263 620623 -1
4 1668 -1 0
4 1668 2835 -1
60
1 13207 -1 0
1 13207 220910 -1
2 3083 -1 0
2 3083 315642 -1
4 1668 -1 0
4 1668 3382 -1
61
1 13207 -1 0
1 13207 16150 -1
2 3083 -1 0
2 3083 334126 -1
3 11419 3838721 1250726
3 11419 485351 -1
4 442 4183645 207992
4 442 1096591 -1
4 4668 4268569 313324
4 4668 503665 -1
5 7084 5323470 233312
5 7084 29482 -1
62
1 13207 -1 0
1 13207 220799 -1
1 3083 -1 0
1 3083 484018 -1
3 11419 -1 0
3 11419 1341152 -1
4 220 4128978 149505
4 220 397830 -1
4 442 -1 0
4 442 200910 -1
4 4668 -1 0
4 4668 298015 -1
5 7084 -1 0
5 7084 438894 -1
63
1 160 88760 88760
1 160 1191608 -1
3 11419 -1 0
3 11419 301855 -1
3 9880 3146763 472575
3 9880 81944 -1
4 220 -1 0
4 220 585609 -1
4 442 -1 0
4 442 203576 -1
4 4668 -1 0
4 4668 500049 -1
5 7084 -1 0
5 7084 659561 -1
64
1 160 -1 0
1 160 90597 -1
3 11419 -1 0
3 11419 317828 -1
3 9880 -1 0
3 9880 286989 -1
4 220 -1 0
4 220 413220 -1
4 442 -1 0
4 442 217480 -1
4 4668 -1 0
4 4668 331772 -1
5 7084 -1 0
5 7084 13008 -1
65
1 160 -1 0
1 160 1325967 -1
3 9880 -1 0
3 9880 96896 -1
4 220 -1 0
4 220 398907 -1
4 1193 4359171 408865
4 1193 166466 -1
6 4699 7013695 184891
6 4699 416521 -1
66
1 160 -1 0
1 160 291963 -1
3 9880 -1 0
3 9880 1224912 -1
4 1193 -1 0
4 1193 1021088 -1
6 4699 -1 0
6 4699 1071611 -1
67
3 9256 3161496 260252
3 9256 259851 -1
4 1193 -1 0
4 1193 165688 -1
6 4699 -1 0
6 4699 1032758 -1
68
3 9256 -1 0
3 9256 57777 -1
4 1193 -1 0
4 1193 613978 -1
6 4699 -1 0
6 4699 386595 -1
69
3 9256 -1 0
3 9256 677364 -1
70
3 9256 -1 0
3 9256 26976 -1
71
2 6550 1364127 27337
2 6550 26692 -1
6 13898 6182791 222487
6 13898 16870 -1
72
2 6550 -1 0
2 6550 244599 -1
6 176 7138552 1365990
6 176 1261244 -1
6 13898 -1 0
6 13898 223102 -1
73
2 6550 -1 0
2 6550 28119 -1
3 12555 3045128 396104
3 12555 395735 -1
6 176 -1 0
6 176 531843 -1
6 13898 -1 0
6 13898 222908 -1
74
2 6550 -1 0
2 6550 27567 -1
3 12555 -1 0
3 12555 1048428 -1
6 176 -1 0
6 176 771316 -1
6 13898 -1 0
6 13898 887646 -1
75
3 12555 -1 0
3 12555 397314 -1
6 176 -1 0
6 176 307265 -1
76
3 12555 -1 0
3 12555 190790 -1
77
1 159 272545 272545
1 159 55951 -1
2 1885 2014947 681336
2 1885 261404 -1
4 4863 3907258 159696
4 4863 156444 -1
6 2063 6382035 199260
6 2063 201250 -1
78
1 159 -1 0
1 159 53796 -1
2 1885 -1 0
2 1885 45445 -1
4 4863 -1 0
4 4863 983579 -1
6 2063 -1 0
6 2063 213870 -1
79
1 159 -1 0
1 159 57609 -1
2 1885 -1 0
2 1885 44252 -1
4 4863 -1 0
4 4863 156938 -1
6 2063 -1 0
6 2063 209301 -1
80
1 159 -1 0
1 159 52986 -1
2 1885 -1 0
2 1885 495904 -1
4 4863 -1 0
4 4863 171266 -1
6 2063 -1 0
6 2063 1059899 -1
81
2 831 1328616 224856
2 831 3456 -1
82
2 831 -1 0
2 831 3756 -1
83
1 14976 248072 248072
1 14976 949697 -1
2 831 -1 0
2 831 225011 -1
84
1 14976 -1 0
1 14976 236665 -1
2 831 -1 0
2 831 892078 -1
85
1 14976 -1 0
1 14976 30351 -1
86
1 14976 -1 0
1 14976 16137 -1
87
2 1223 1621327 294357
2 1223 289426 -1
2 2899 1412119 93878
2 2899 719236 -1
6 6876 6451091 251205
6 6876 248177 -1
88
2 1223 -1 0
2 1223 287058 -1
2 2899 -1 0
2 2899 1233255 -1
6 6876 -1 0
6 6876 239662 -1
89
2 1223 -1 0
2 1223 303419 -1
2 2899 -1 0
2 2899 493639 -1
3 6848 2689057 40033
3 6848 40898 -1
6 6876 -1 0
6 6876 36098 -1
90
2 1223 -1 0
2 1223 517743 -1
2 2899 -1 0
2 2899 297493 -1
3 6848 -1 0
3 6848 47280 -1
6 6876 -1 0
6 6876 33533 -1
91
3 6848 -1 0
3 6848 267858 -1
5 7958 5669029 851144
5 7958 121264 -1
6 2964 6403962 222906
6 2964 888240 -1
92
3 6848 -1 0
3 6848 269776 -1
3 7958 -1 0
3 7958 330668 -1
6 2964 -1 0
6 2964 19108 -1
93
1 913 907626 907626
1 913 231484 -1
2 15553 1639242 321299
2 15553 1283979 -1
3 7958 -1 0
3 7958 319584 -1
4 6089 3907290 167541
4 6089 394210 -1
6 2964 -1 0
6 2964 236133 -1
94
1 913 -1 0
1 913 12757 -1
2 15553 -1 0
2 15553 285301 -1
3 7958 -1 0
3 7958 299676 -1
4 6089 -1 0
4 6089 145768 -1
6 2964 -1 0
6 2964 917083 -1
95
1 913 -1 0
1 913 12025 -1
2 15553 -1 0
2 15553 307652 -1
4 6089 -1 0
4 6089 166507 -1
5 14064 4780287 144495
5 14064 126873 -1
96
1 913 -1 0
1 913 1265366 -1
2 15553 -1 0
2 15553 520484 -1
4 6089 -1 0
4 6089 605348 -1
5 14064 -1 0
5 14064 379846 -1
97
6 14064 -1 0
6 14064 365812 -1
98
6 14064 -1 0
6 14064 376567 -1
99
5 15713 5293367 657575
5 15713 9484 -1
100
5 15713 -1 0
5 15713 904395 -1
101
2 12811 1341413 17936
2 12811 18371 -1
5 15713 -1 0
5 15713 9687 -1
102
2 12811 -1 0
2 12811 237529 -1
5 15713 -1 0
5 15713 23904 -1
103
2 12811 -1 0
2 12811 919254 -1
104
2 12811 -1 0
2 12811 16914 -1
105
1 2996 53279 53279
1 2996 53717 -1
3 110 2809552 167902
3 110 387152 -1
106
1 2996 -1 0
1 2996 996462 -1
3 110 -1 0
3 110 400246 -1
107
1 2996 -1 0
1 2996 71379 -1
3 110 -1 0
3 110 405543 -1
3 16820 2723694 272211
3 16820 259672 -1
4 4401 4041165 262856
4 4401 262548 -1
108
1 2996 -1 0
1 2996 283147 -1
3 110 -1 0
3 110 396424 -1
3 16820 -1 0
3 16820 1118611 -1
4 4401 -1 0
4 4401 950761 -1
109
3 16820 -1 0
3 16820 978680 -1
4 4401 -1 0
4 4401 261932 -1
4 7721 4248489 945335
4 7721 253048 -1
6 8875 5938498 201955
6 8875 211944 -1
110
3 16820 -1 0
3 16820 1116087 -1
4 4401 -1 0
4 4401 970679 -1
4 7721 -1 0
4 7721 913275 -1
6 8875 -1 0
6 8875 201081 -1
111
3 13999 2668831 240559
3 13999 23586 -1
4 7721 -1 0
4 7721 926822 -1
6 8875 -1 0
6 8875 428732 -1
112
3 13999 -1 0
3 13999 931318 -1
4 7721 -1 0
4 7721 236962 -1
6 8875 -1 0
6 8875 1100322 -1
113
3 13999 -1 0
3 13999 227857 -1
114
3 13999 -1 0
3 13999 964959 -1
115
5 10671 5032791 193246
5 10671 1060966 -1
116
5 10671 -1 0
5 10671 412503 -1
117
5 10671 -1 0
5 10671 192875 -1
6 15638 6376103 416902
6 15638 428268 -1
118
5 10671 -1 0
5 10671 1054218 -1
6 15638 -1 0
6 15638 197630 -1
119
4 4673 4087788 528814
4 4673 313247 -1
4 7364 3543871 12819
4 7364 13151 -1
6 15638 -1 0
6 15638 1079158 -1
120
4 4673 -1 0
4 4673 518891 -1
4 7364 -1 0
4 7364 1321522 -1
6 15638 -1 0
6 15638 425083 -1
121
4 4673 -1 0
4 4673 287334 -1
4 7364 -1 0
4 7364 907140 -1
6 13508 6329221 407086
6 13508 178991 -1
122
4 4673 -1 0
4 4673 103642 -1
4 7364 -1 0
4 7364 911423 -1
6 13508 -1 0
6 13508 166797 -1
123
6 13508 -1 0
6 13508 619808 -1
124
6 13508 -1 0
6 13508 624843 -1
125
6 10125 9219191 386102
6 10125 1009498 -1
126
6 10125 -1 0
6 10125 408566 -1
127
4 14250 3869342 302788
4 14250 281362 -1
6 10125 -1 0
6 10125 1041444 -1
128
4 14250 -1 0
4 14250 1199679 -1
6 10125 -1 0
6 10125 184548 -1
129
4 14250 -1 0
4 14250 1180680 -1
4 7994 3545906 14851
4 7994 14596 -1
130
4 14250 -1 0
4 14250 90748 -1
4 7994 -1 0
4 7994 234237 -1
5 431 6153115 1296571
5 431 211936 -1
131
4 7994 -1 0
4 7994 14463 -1
5 431 -1 0
5 431 1897 -1
132
4 7994 -1 0
4 7994 918313 -1
5 431 -1 0
5 431 1690 -1
133
5 431 -1 0
5 431 2049 -1
