16
6 7231 8106703 844395
6 7231 380293 -1
17
3 10229 4411596 879564
3 10229 868666 -1
6 7231 -1 0
6 7231 832386 -1
18
3 10133 3700781 389501
3 10133 1715564 -1
3 11048 4097496 985810
3 11048 1195807 -1
4 775 4992366 365843
4 775 1207707 -1
4 10229 -1 0
4 10229 9872 -1
6 7231 -1 0
6 7231 398486 -1
19
1 10946 850807 850807
1 10946 850507 -1
3 10133 -1 0
3 10133 371736 -1
3 11048 -1 0
3 11048 645361 -1
4 775 -1 0
4 775 609515 -1
4 10229 -1 0
4 10229 12751 -1
6 7231 -1 0
6 7231 649115 -1
20
3 10133 -1 0
3 10133 652997 -1
3 10310 3992292 681012
3 10310 935726 -1
3 11048 -1 0
3 11048 373444 -1
3 10946 -1 0
3 10946 117679 -1
4 11687 5358782 711385
4 11687 487766 -1
4 775 -1 0
4 775 807677 -1
4 10229 -1 0
4 10229 9793 -1
6 1657 8159794 653057
6 1657 1046682 -1
21
3 10133 -1 0
3 10133 413055 -1
3 10310 -1 0
3 10310 236058 -1
3 11048 -1 0
3 11048 1066532 -1
3 10946 -1 0
3 10946 642201 -1
4 11687 -1 0
4 11687 919329 -1
4 775 -1 0
4 775 594985 -1
6 1657 -1 0
6 1657 206926 -1
22
1 6349 450975 450975
1 6349 449727 -1
3 10310 -1 0
3 10310 456008 -1
3 10946 -1 0
3 10946 120370 -1
4 11687 -1 0
4 11687 237592 -1
4 385 5218246 590388
4 385 772941 -1
6 1657 -1 0
6 1657 340977 -1
23
1 6349 -1 0
1 6349 590713 -1
3 10310 -1 0
3 10310 20225 -1
4 11687 -1 0
4 11687 711777 -1
4 385 -1 0
4 385 151180 -1
6 1657 -1 0
6 1657 209267 -1
24
1 2445 779941 779941
1 2445 780233 -1
1 6349 -1 0
1 6349 1083234 -1
4 385 -1 0
4 385 599678 -1
25
1 2445 -1 0
1 2445 49021 -1
1 6349 -1 0
1 6349 300112 -1
4 385 -1 0
4 385 596894 -1
26
1 2445 -1 0
1 2445 747706 -1
6 338 8550843 599136
6 338 1079160 -1
27
1 2445 -1 0
1 2445 1653043 -1
4 8181 6419132 239350
4 8181 741221 -1
4 8193 6419132 239350
4 8193 693115 -1
6 338 -1 0
6 338 167641 -1
6 6791 10759344 822197
6 6791 1491057 -1
28
1 4707 472969 472969
1 4707 473514 -1
4 7442 6449185 759690
4 7442 1733421 -1
4 8181 -1 0
4 8181 68826 -1
4 8193 -1 0
4 8193 47121 -1
5 3420 7462382 398318
5 3420 871756 -1
5 3453 7462382 398318
5 3453 871756 -1
6 338 -1 0
6 338 560949 -1
6 6791 -1 0
6 6791 197449 -1
29
1 4707 -1 0
1 4707 2650788 -1
4 7442 -1 0
4 7442 358150 -1
4 8181 -1 0
4 8181 70642 -1
4 8193 -1 0
4 8193 70642 -1
4 9465 6906457 67530
4 9465 1862032 -1
5 3420 -1 0
5 3420 1311759 -1
5 3453 -1 0
5 3453 1109330 -1
6 338 -1 0
6 338 159734 -1
6 6791 -1 0
6 6791 620417 -1
30
1 4707 -1 0
1 4707 473533 -1
2 1012 3128434 702503
2 1012 726661 -1
2 1243 2887277 459828
2 1243 910467 -1
2 7715 2454864 28002
2 7715 494023 -1
2 8506 3394006 971300
2 8506 1840423 -1
4 7442 -1 0
4 7442 772190 -1
4 8181 -1 0
4 8181 237455 -1
4 8193 -1 0
4 8193 61073 -1
4 9465 -1 0
4 9465 59325 -1
5 3420 -1 0
5 3420 1315704 -1
5 3453 -1 0
5 3453 1315704 -1
6 6791 -1 0
6 6791 208417 -1
31
1 4707 -1 0
1 4707 475756 -1
2 1012 -1 0
2 1012 251666 -1
2 1243 -1 0
2 1243 788463 -1
2 7715 -1 0
2 7715 227294 -1
2 8506 -1 0
2 8506 471975 -1
4 7442 -1 0
4 7442 775328 -1
4 9465 -1 0
4 9465 236823 -1
5 3420 -1 0
5 3420 685122 -1
5 3453 -1 0
5 3453 685122 -1
5 2549 7690728 1068168
5 2549 827215 -1
32
1 2681 1673906 1673906
1 2681 778924 -1
2 1012 -1 0
2 1012 275754 -1
2 1243 -1 0
2 1243 1003644 -1
2 7715 -1 0
2 7715 891830 -1
2 8506 -1 0
2 8506 546775 -1
4 2297 5324543 27802
4 2297 1337909 -1
4 9465 -1 0
4 9465 77607 -1
5 4025 6649813 248005
5 4025 507100 -1
5 2549 -1 0
5 2549 408705 -1
33
1 2681 -1 0
1 2681 542529 -1
2 1012 -1 0
2 1012 1611841 -1
2 1243 -1 0
2 1243 2606021 -1
2 7715 -1 0
2 7715 1572297 -1
2 8506 -1 0
2 8506 1001083 -1
3 10237 5284006 610662
3 10237 615241 -1
4 2297 -1 0
4 2297 452339 -1
4 1345 7802110 1213706
4 1345 188249 -1
4 6643 7354733 731771
4 6643 1201036 -1
5 4025 -1 0
5 4025 688187 -1
5 2549 -1 0
5 2549 855556 -1
34
1 2681 -1 0
1 2681 2050021 -1
3 1438 5055637 199793
3 1438 1719222 -1
3 10237 -1 0
3 10237 1319617 -1
4 2215 6484352 251860
4 2215 2515391 -1
4 2297 -1 0
4 2297 469141 -1
4 1345 -1 0
4 1345 565150 -1
4 6643 -1 0
4 6643 272588 -1
5 4025 -1 0
5 4025 980762 -1
5 2549 -1 0
5 2549 438315 -1
35
1 2681 -1 0
1 2681 1132576 -1
3 1438 -1 0
3 1438 393410 -1
3 10237 -1 0
3 10237 875918 -1
4 2215 -1 0
4 2215 959373 -1
4 2297 -1 0
4 2297 247665 -1
4 1345 -1 0
4 1345 744308 -1
4 3879 7356507 294876
4 3879 2117261 -1
4 6643 -1 0
4 6643 1165477 -1
5 4025 -1 0
5 4025 1336985 -1
36
3 1438 -1 0
3 1438 199674 -1
3 10237 -1 0
3 10237 432880 -1
4 2215 -1 0
4 2215 1188389 -1
4 1345 -1 0
4 1345 570900 -1
4 3879 -1 0
4 3879 62486 -1
4 6643 -1 0
4 6643 535877 -1
37
3 1438 -1 0
3 1438 798375 -1
3 10818 5840173 762877
3 10818 561315 -1
4 2215 -1 0
4 2215 515599 -1
4 3879 -1 0
4 3879 493496 -1
5 12302 8385310 438238
5 12302 3087502 -1
38
1 1095 1921063 1921063
1 1095 1007269 -1
3 10818 -1 0
3 10818 177873 -1
4 3879 -1 0
4 3879 944710 -1
5 12302 -1 0
5 12302 439444 -1
6 7036 10595429 440837
6 7036 848859 -1
39
1 1095 -1 0
1 1095 3400333 -1
3 10818 -1 0
3 10818 872910 -1
5 12302 -1 0
5 12302 437862 -1
6 7036 -1 0
6 7036 440837 -1
6 11435 11901693 198914
6 11435 2068687 -1
6 9365 12108789 407452
6 9365 2207557 -1
40
1 1095 -1 0
1 1095 1844912 -1
1 2711 991765 991765
1 2711 1925946 -1
2 10627 4100972 1675310
2 10627 1615542 -1
3 10818 -1 0
3 10818 310371 -1
4 6038 7717142 812010
4 6038 1372218 -1
5 12302 -1 0
5 12302 34481 -1
6 7036 -1 0
6 7036 2105549 -1
6 11435 -1 0
6 11435 1724925 -1
6 9365 -1 0
6 9365 1527289 -1
41
1 1095 -1 0
1 1095 600512 -1
1 2711 -1 0
1 2711 685328 -1
2 10627 -1 0
2 10627 1179635 -1
4 6038 -1 0
4 6038 559431 -1
6 7036 -1 0
6 7036 660036 -1
6 11435 -1 0
6 11435 1220679 -1
6 9365 -1 0
6 9365 203084 -1
42
1 2711 -1 0
1 2711 1434142 -1
2 10627 -1 0
2 10627 909529 -1
2 10683 3007165 1028668
2 10683 712414 -1
4 6038 -1 0
4 6038 577240 -1
6 11435 -1 0
6 11435 647540 -1
6 9365 -1 0
6 9365 663745 -1
43
1 2711 -1 0
1 2711 1412563 -1
2 10627 -1 0
2 10627 1350602 -1
2 10683 -1 0
2 10683 1174853 -1
4 6038 -1 0
4 6038 1233933 -1
44
2 10683 -1 0
2 10683 538857 -1
3 10490 4017845 306926
3 10490 669699 -1
45
1 2679 1278871 1278871
1 2679 3894141 -1
2 10683 -1 0
2 10683 1062310 -1
3 10490 -1 0
3 10490 273386 -1
6 4199 8111074 382085
6 4199 393262 -1
46
1 2679 -1 0
1 2679 842585 -1
3 10490 -1 0
3 10490 690317 -1
6 9447 12880627 1183525
6 9447 490196 -1
6 4199 -1 0
6 4199 412591 -1
47
1 1778 755752 755752
1 1778 2317555 -1
2 4912 3156398 731108
2 4912 714328 -1
3 10490 -1 0
3 10490 696765 -1
3 2679 -1 0
3 2679 2121885 -1
3 67 5065754 277903
3 67 1075433 -1
4 8508 8776556 1709688
4 8508 771213 -1
5 12515 9496261 224677
5 12515 1328361 -1
5 2100 10599918 1328334
5 2100 1361990 -1
5 2101 10599918 1328334
5 2101 2245849 -1
6 9447 -1 0
6 9447 491830 -1
6 4199 -1 0
6 4199 426547 -1
48
1 1778 -1 0
1 1778 1196223 -1
2 9169 2694642 487122
2 9169 1340855 -1
2 4912 -1 0
2 4912 773450 -1
3 2679 -1 0
3 2679 173284 -1
3 67 -1 0
3 67 1465877 -1
4 8508 -1 0
4 8508 965148 -1
5 12515 -1 0
5 12515 226593 -1
5 2100 -1 0
5 2100 1414244 -1
5 2101 -1 0
5 2101 455987 -1
6 9447 -1 0
6 9447 2288470 -1
6 4199 -1 0
6 4199 619708 -1
49
1 1778 -1 0
1 1778 2900413 -1
2 9169 -1 0
2 9169 1370676 -1
2 4912 -1 0
2 4912 1432821 -1
3 67 -1 0
3 67 171920 -1
3 6973 6580940 845741
3 6973 555456 -1
4 8508 -1 0
4 8508 663242 -1
5 12515 -1 0
5 12515 1105433 -1
5 2100 -1 0
5 2100 265255 -1
5 2101 -1 0
5 2101 229110 -1
6 9447 -1 0
6 9447 472560 -1
6 9887 11915122 324170
6 9887 603633 -1
6 9890 11915122 324170
6 9890 603633 -1
50
1 1778 -1 0
1 1778 1156638 -1
2 9169 -1 0
2 9169 264166 -1
2 4912 -1 0
2 4912 2031845 -1
3 4184 5037644 553335
3 4184 1734575 -1
3 67 -1 0
3 67 1376978 -1
4 6973 -1 0
4 6973 1463958 -1
4 8508 -1 0
4 8508 2250970 -1
5 12515 -1 0
5 12515 1330783 -1
5 2100 -1 0
5 2100 647383 -1
5 2101 -1 0
5 2101 647383 -1
6 9887 -1 0
6 9887 331143 -1
6 9890 -1 0
6 9890 331143 -1
51
2 9169 -1 0
2 9169 688211 -1
3 4184 -1 0
3 4184 411514 -1
3 8130 6868346 1416293
3 8130 948073 -1
4 4763 7093225 249913
4 4763 669112 -1
4 4764 7093225 249913
4 4764 669112 -1
4 4765 7093225 249913
4 4765 669112 -1
4 4766 7093225 249913
4 4766 669112 -1
4 4767 7093225 249913
4 4767 453574 -1
4 4768 7093225 249913
4 4768 453574 -1
4 6973 -1 0
4 6973 339899 -1
6 11190 9939444 5604
6 11190 453574 -1
6 9887 -1 0
6 9887 649724 -1
6 9890 -1 0
6 9890 649724 -1
52
1 10049 259638 259638
1 10049 260597 -1
3 11052 5734249 1319209
3 11052 655679 -1
3 4184 -1 0
3 4184 1235892 -1
3 8130 -1 0
3 8130 1483043 -1
4 4763 -1 0
4 4763 1614342 -1
4 4764 -1 0
4 4764 1614342 -1
4 4765 -1 0
4 4765 1614342 -1
4 4766 -1 0
4 4766 1614342 -1
4 4767 -1 0
4 4767 1614342 -1
4 4768 -1 0
4 4768 1614342 -1
4 6973 -1 0
4 6973 2383967 -1
6 4939 12633072 1597289
6 4939 488864 -1
6 11190 -1 0
6 11190 9633 -1
6 9887 -1 0
6 9887 204840 -1
6 9890 -1 0
6 9890 811129 -1
53
1 10049 -1 0
1 10049 1567983 -1
3 11052 -1 0
3 11052 654056 -1
3 4184 -1 0
3 4184 610801 -1
3 8130 -1 0
3 8130 2305770 -1
4 3034 7566114 883782
4 3034 714195 -1
4 4763 -1 0
4 4763 1582864 -1
4 4764 -1 0
4 4764 1582864 -1
4 4765 -1 0
4 4765 1582864 -1
4 4766 -1 0
4 4766 1582864 -1
4 4767 -1 0
4 4767 1582864 -1
4 4768 -1 0
4 4768 1582864 -1
6 4939 -1 0
6 4939 1658227 -1
6 11190 -1 0
6 11190 1602483 -1
54
1 10049 -1 0
1 10049 1335259 -1
2 2393 2935128 736718
2 2393 1206957 -1
3 11052 -1 0
3 11052 1321079 -1
3 8130 -1 0
3 8130 638075 -1
4 3034 -1 0
4 3034 940630 -1
4 4763 -1 0
4 4763 445988 -1
4 4764 -1 0
4 4764 445988 -1
4 4765 -1 0
4 4765 445988 -1
4 4766 -1 0
4 4766 445303 -1
4 4767 -1 0
4 4767 445303 -1
4 4768 -1 0
4 4768 445988 -1
6 4939 -1 0
6 4939 708112 -1
6 11190 -1 0
6 11190 35205 -1
55
1 10049 -1 0
1 10049 2486732 -1
2 2393 -1 0
2 2393 745850 -1
3 11052 -1 0
3 11052 1693101 -1
3 10401 6327533 367229
3 10401 3064422 -1
4 3034 -1 0
4 3034 783324 -1
6 4939 -1 0
6 4939 703211 -1
56
2 2393 -1 0
2 2393 1221074 -1
3 10401 -1 0
3 10401 557314 -1
4 3034 -1 0
4 3034 1488629 -1
57
1 9369 1149775 1149775
1 9369 2544202 -1
2 2393 -1 0
2 2393 973655 -1
3 10401 -1 0
3 10401 359630 -1
5 2734 9971130 258042
5 2734 962397 -1
58
1 9369 -1 0
1 9369 1356140 -1
3 10401 -1 0
3 10401 1656162 -1
5 2734 -1 0
5 2734 1811713 -1
59
1 9369 -1 0
1 9369 264683 -1
5 241 10276797 1005213
5 241 750885 -1
5 2734 -1 0
5 2734 467295 -1
6 5952 11903628 398036
6 5952 1954807 -1
60
1 9369 -1 0
1 9369 709304 -1
5 241 -1 0
5 241 68878 -1
5 2734 -1 0
5 2734 458592 -1
6 4505 12306353 384474
6 4505 548500 -1
6 5952 -1 0
6 5952 842373 -1
61
4 4873 7480036 849583
4 4873 2416031 -1
5 241 -1 0
5 241 139912 -1
6 4505 -1 0
6 4505 205385 -1
6 5702 9603940 98769
6 5702 157379 -1
6 5952 -1 0
6 5952 200784 -1
62
4 811 5595515 295483
4 811 1829280 -1
4 4873 -1 0
4 4873 796369 -1
5 600 6491504 110054
5 600 1217241 -1
5 241 -1 0
5 241 539007 -1
6 4505 -1 0
6 4505 192272 -1
6 5702 -1 0
6 5702 417290 -1
6 5952 -1 0
6 5952 203716 -1
63
2 7617 4229676 961784
2 7617 2283327 -1
4 811 -1 0
4 811 978213 -1
5 600 -1 0
5 600 543781 -1
6 4505 -1 0
6 4505 386710 -1
6 4873 -1 0
6 4873 105072 -1
6 5702 -1 0
6 5702 126685 -1
64
2 7617 -1 0
2 7617 1376372 -1
3 600 -1 0
3 600 894667 -1
4 811 -1 0
4 811 1385820 -1
4 4873 -1 0
4 4873 1464704 -1
5 9472 9379146 76675
5 9472 38290 -1
6 5702 -1 0
6 5702 86535 -1
65
2 7617 -1 0
2 7617 1127899 -1
3 9472 -1 0
3 9472 840311 -1
3 7169 3876929 344897
3 7169 1270987 -1
4 811 -1 0
4 811 312181 -1
4 10062 4860416 3872
4 10062 887697 -1
5 600 -1 0
5 600 739370 -1
66
2 7617 -1 0
2 7617 1132500 -1
3 9472 -1 0
3 9472 858765 -1
3 7169 -1 0
3 7169 940569 -1
4 10062 -1 0
4 10062 4459 -1
67
4 10062 -1 0
4 10062 444976 -1
4 7169 -1 0
4 7169 352390 -1
5 9472 -1 0
5 9472 95933 -1
68
1 2326 786657 786657
1 2326 4075980 -1
4 10062 -1 0
4 10062 444895 -1
4 7169 -1 0
4 7169 849860 -1
69
2 2326 -1 0
2 2326 689198 -1
4 9367 6838146 418676
4 9367 833761 -1
70
2 2326 -1 0
2 2326 1856449 -1
3 8138 5451282 373986
3 8138 1466404 -1
4 9367 -1 0
4 9367 4554 -1
71
2 2326 -1 0
2 2326 2937916 -1
3 8138 -1 0
3 8138 365315 -1
4 9367 -1 0
4 9367 413695 -1
72
3 4525 5398606 916840
3 4525 649688 -1
3 8138 -1 0
3 8138 566637 -1
4 9367 -1 0
4 9367 1964303 -1
73
2 3090 3131973 925327
2 3090 506615 -1
3 4525 -1 0
3 4525 572223 -1
3 8138 -1 0
3 8138 371580 -1
4 3502 7183412 71937
4 3502 1839030 -1
5 7208 9469964 860636
5 7208 628296 -1
6 177 10790668 642697
6 177 416864 -1
74
1 8282 1107535 1107535
1 8282 908662 -1
2 3090 -1 0
2 3090 519509 -1
2 3502 -1 0
2 3502 734383 -1
3 4525 -1 0
3 4525 931382 -1
5 7208 -1 0
5 7208 2196848 -1
6 177 -1 0
6 177 380852 -1
75
1 8282 -1 0
1 8282 459054 -1
2 3090 -1 0
2 3090 684386 -1
2 3502 -1 0
2 3502 934355 -1
3 4525 -1 0
3 4525 691289 -1
5 7208 -1 0
5 7208 1962042 -1
6 177 -1 0
6 177 383274 -1
76
1 8282 -1 0
1 8282 24559 -1
2 3090 -1 0
2 3090 1575152 -1
2 3502 -1 0
2 3502 769957 -1
3 10721 4698314 557492
3 10721 462689 -1
4 7104 6297847 333988
4 7104 146817 -1
5 7208 -1 0
5 7208 1039008 -1
6 177 -1 0
6 177 2601535 -1
77
1 8282 -1 0
1 8282 944629 -1
3 10721 -1 0
3 10721 798489 -1
4 7104 -1 0
4 7104 1034260 -1
5 184 9504554 674474
5 184 885466 -1
78
3 10721 -1 0
3 10721 329763 -1
4 7104 -1 0
4 7104 396705 -1
4 7504 7490191 150876
4 7504 263195 -1
5 184 -1 0
5 184 430006 -1
6 2808 10361932 204750
6 2808 423010 -1
79
3 10721 -1 0
3 10721 463223 -1
4 7104 -1 0
4 7104 619729 -1
4 7504 -1 0
4 7504 556413 -1
5 184 -1 0
5 184 1690146 -1
6 2808 -1 0
6 2808 199235 -1
80
4 7504 -1 0
4 7504 553187 -1
5 184 -1 0
5 184 873338 -1
6 2808 -1 0
6 2808 198083 -1
81
4 7504 -1 0
4 7504 145058 -1
6 2808 -1 0
6 2808 195293 -1
82
3 2622 4673550 301894
3 2622 756308 -1
3 5224 4575389 160349
3 5224 1403706 -1
5 4428 7420853 581998
5 4428 562709 -1
83
3 2622 -1 0
3 2622 466517 -1
3 5224 -1 0
3 5224 187358 -1
5 4428 -1 0
5 4428 151639 -1
84
3 12095 6046332 1189788
3 12095 1067737 -1
3 2622 -1 0
3 2622 530399 -1
3 5224 -1 0
3 5224 304334 -1
5 4428 -1 0
5 4428 198754 -1
85
3 12095 -1 0
3 12095 772926 -1
3 2622 -1 0
3 2622 316657 -1
3 5224 -1 0
3 5224 597451 -1
5 4428 -1 0
5 4428 149887 -1
86
3 12095 -1 0
3 12095 502298 -1
4 5376 7363889 304285
4 5376 2405722 -1
87
2 12299 6653379 2902517
2 12299 1191644 -1
3 12095 -1 0
3 12095 1204688 -1
4 5376 -1 0
4 5376 297261 -1
5 7267 11009242 854650
5 7267 2471228 -1
88
2 12299 -1 0
2 12299 1150884 -1
4 5376 -1 0
4 5376 794673 -1
5 7267 -1 0
5 7267 379109 -1
6 5447 12586685 1328333
6 5447 2484385 -1
89
2 12299 -1 0
2 12299 2494904 -1
3 5721 8349178 1064362
3 5721 1040076 -1
4 5376 -1 0
4 5376 458311 -1
5 7267 -1 0
5 7267 792080 -1
5 8984 11565369 969273
5 8984 2727672 -1
6 5447 -1 0
6 5447 414967 -1
90
2 12299 -1 0
2 12299 2251760 -1
3 5721 -1 0
3 5721 849338 -1
5 5917 10092445 164258
5 5917 587232 -1
5 7522 10040091 111904
5 7522 3178472 -1
5 7267 -1 0
5 7267 793582 -1
5 8984 -1 0
5 8984 1137283 -1
6 5447 -1 0
6 5447 7002 -1
6 8110 12395258 917412
6 8110 2513240 -1
91
3 1856 5732783 872705
3 1856 664557 -1
3 2548 5118858 262314
3 2548 2688822 -1
3 5721 -1 0
3 5721 404841 -1
5 5917 -1 0
5 5917 774326 -1
5 8984 -1 0
5 8984 713143 -1
6 5447 -1 0
6 5447 665557 -1
6 7522 -1 0
6 7522 609894 -1
6 8110 -1 0
6 8110 1364981 -1
92
3 2548 -1 0
3 2548 727837 -1
3 5721 -1 0
3 5721 1519767 -1
4 5628 6041926 247148
4 5628 708861 -1
4 1856 -1 0
4 1856 427270 -1
5 5917 -1 0
5 5917 155950 -1
5 7522 -1 0
5 7522 518937 -1
5 8984 -1 0
5 8984 48124 -1
6 11299 8786782 173440
6 11299 531293 -1
6 4629 8984921 559740
6 4629 2361992 -1
6 8110 -1 0
6 8110 690466 -1
93
1 11247 755193 755193
1 11247 1631868 -1
2 10029 4684906 2480772
2 10029 1346621 -1
3 2548 -1 0
3 2548 284687 -1
3 6998 5771712 915168
3 6998 1343249 -1
4 5628 -1 0
4 5628 260369 -1
4 1856 -1 0
4 1856 11735 -1
5 5917 -1 0
5 5917 194006 -1
6 11299 -1 0
6 11299 185636 -1
6 4629 -1 0
6 4629 579637 -1
6 7522 -1 0
6 7522 612747 -1
6 8110 -1 0
6 8110 895250 -1
94
1 11247 -1 0
1 11247 1248430 -1
2 10029 -1 0
2 10029 1621222 -1
3 1856 -1 0
3 1856 1091182 -1
3 2548 -1 0
3 2548 1136789 -1
3 6998 -1 0
3 6998 248016 -1
4 5628 -1 0
4 5628 291183 -1
6 11299 -1 0
6 11299 193700 -1
6 4629 -1 0
6 4629 649489 -1
6 5898 10338573 783622
6 5898 1704845 -1
95
1 11247 -1 0
1 11247 764247 -1
2 10029 -1 0
2 10029 728565 -1
3 6998 -1 0
3 6998 460881 -1
4 5628 -1 0
4 5628 911027 -1
6 11299 -1 0
6 11299 190930 -1
6 4629 -1 0
6 4629 657881 -1
6 5898 -1 0
6 5898 190930 -1
96
1 11247 -1 0
1 11247 1423349 -1
2 10029 -1 0
2 10029 2229053 -1
3 6998 -1 0
3 6998 899873 -1
4 12055 7103579 701771
4 12055 1227779 -1
6 5898 -1 0
6 5898 322979 -1
97
2 11667 4145026 1501326
2 11667 1757236 -1
3 12367 6718608 1862064
3 12367 757596 -1
4 12055 -1 0
4 12055 547056 -1
6 5898 -1 0
6 5898 1210741 -1
98
2 11667 -1 0
2 11667 1146338 -1
3 12367 -1 0
3 12367 1222031 -1
4 12055 -1 0
4 12055 284825 -1
99
2 11667 -1 0
2 11667 2091568 -1
3 12367 -1 0
3 12367 587513 -1
4 12055 -1 0
4 12055 1842362 -1
100
1 274 550915 550915
1 274 1187848 -1
2 11060 2876188 731534
2 11060 643888 -1
2 11667 -1 0
2 11667 724760 -1
3 12367 -1 0
3 12367 604139 -1
4 4478 7523983 1342983
4 4478 469411 -1
101
1 274 -1 0
1 274 2129674 -1
1 6085 2165592 2165592
1 6085 2138829 -1
2 11060 -1 0
2 11060 773503 -1
4 4478 -1 0
4 4478 461404 -1
4 9344 7130653 952352
4 9344 516440 -1
102
1 274 -1 0
1 274 1461705 -1
1 6085 -1 0
1 6085 1437504 -1
2 11060 -1 0
2 11060 1383281 -1
3 1550 4638043 664507
3 1550 225237 -1
4 4478 -1 0
4 4478 242311 -1
4 9344 -1 0
4 9344 693584 -1
103
1 274 -1 0
1 274 1270954 -1
1 6085 -1 0
1 6085 1581600 -1
2 11060 -1 0
2 11060 552359 -1
3 1550 -1 0
3 1550 1772 -1
4 4478 -1 0
4 4478 1176896 -1
4 10074 5497163 418646
4 10074 1534319 -1
4 9344 -1 0
4 9344 466794 -1
104
1 6085 -1 0
1 6085 566809 -1
3 12369 4260340 443798
3 12369 755253 -1
3 1550 -1 0
3 1550 665591 -1
4 10074 -1 0
4 10074 647848 -1
4 9344 -1 0
4 9344 700857 -1
5 5640 6629673 7113
5 5640 1108115 -1
105
1 8150 253552 253552
1 8150 463263 -1
3 1550 -1 0
3 1550 415252 -1
3 8008 5008779 814491
3 8008 417136 -1
4 12369 -1 0
4 12369 489936 -1
4 10074 -1 0
4 10074 882383 -1
4 11688 5844705 331700
4 11688 1465354 -1
5 5640 -1 0
5 5640 5467 -1
106
1 8150 -1 0
1 8150 486967 -1
3 8008 -1 0
3 8008 343991 -1
4 12369 -1 0
4 12369 1630706 -1
4 10074 -1 0
4 10074 412914 -1
4 11688 -1 0
4 11688 332295 -1
5 5640 -1 0
5 5640 405651 -1
107
1 8150 -1 0
1 8150 1340841 -1
2 7418 4042643 1840697
2 7418 2035023 -1
3 8008 -1 0
3 8008 185246 -1
4 12369 -1 0
4 12369 813949 -1
4 11688 -1 0
4 11688 754447 -1
4 6306 6510294 811242
4 6306 1625202 -1
5 5640 -1 0
5 5640 4838 -1
108
1 8150 -1 0
1 8150 923621 -1
2 7418 -1 0
2 7418 1165151 -1
3 8008 -1 0
3 8008 413693 -1
4 11688 -1 0
4 11688 1508805 -1
4 6306 -1 0
4 6306 779510 -1
6 8046 11839345 337078
6 8046 998812 -1
109
2 7418 -1 0
2 7418 458688 -1
4 6306 -1 0
4 6306 803759 -1
6 8046 -1 0
6 8046 345088 -1
110
1 1408 686886 686886
1 1408 687005 -1
2 7418 -1 0
2 7418 904452 -1
3 3656 5822165 524117
3 3656 1375156 -1
4 6306 -1 0
4 6306 536221 -1
6 8046 -1 0
6 8046 802972 -1
111
1 1408 -1 0
1 1408 670650 -1
3 3656 -1 0
3 3656 1811985 -1
3 44 6213424 1574637
3 44 2220309 -1
6 8046 -1 0
6 8046 1515405 -1
112
1 1408 -1 0
1 1408 2289369 -1
3 3656 -1 0
3 3656 488228 -1
3 44 -1 0
3 44 940208 -1
113
1 1408 -1 0
1 1408 1573453 -1
3 3656 -1 0
3 3656 1428288 -1
3 44 -1 0
3 44 460759 -1
114
3 44 -1 0
3 44 1141462 -1
115
3 1063 5603279 573293
3 1063 401969 -1
3 7756 6499070 1408096
3 7756 609739 -1
116
3 1063 -1 0
3 1063 467047 -1
3 7756 -1 0
3 7756 1327682 -1
117
3 1063 -1 0
3 1063 1893629 -1
3 7756 -1 0
3 7756 1076882 -1
118
3 1063 -1 0
3 1063 1668847 -1
3 7756 -1 0
3 7756 1064895 -1
4 6060 7609226 329919
4 6060 2185384 -1
119
4 6060 -1 0
4 6060 1357853 -1
5 3179 10254145 1203313
5 3179 2159004 -1
120
4 6060 -1 0
4 6060 766214 -1
4 7078 8054813 1125908
4 7078 1927530 -1
5 3179 -1 0
5 3179 308802 -1
121
4 6060 -1 0
4 6060 695619 -1
4 7078 -1 0
4 7078 196322 -1
5 3179 -1 0
5 3179 302432 -1
122
3 1383 5465031 371727
3 1383 1296049 -1
3 8492 5654535 577239
3 8492 2421591 -1
4 7078 -1 0
4 7078 1653364 -1
5 3179 -1 0
5 3179 165404 -1
123
3 1383 -1 0
3 1383 1001379 -1
3 8492 -1 0
3 8492 1068396 -1
4 7078 -1 0
4 7078 1426415 -1
124
2 10784 2989186 565441
2 10784 601619 -1
2 11243 3201832 777926
2 11243 1543374 -1
3 1383 -1 0
3 1383 380048 -1
3 8492 -1 0
3 8492 563488 -1
125
1 10681 834170 834170
1 10681 780453 -1
1 10841 489846 489846
1 10841 252241 -1
1 10967 667981 667981
1 10967 1488891 -1
1 11777 572807 572807
1 11777 1445583 -1
1 12242 561372 561372
1 12242 562362 -1
1 127 524967 524967
1 127 2452152 -1
1 1526 511176 511176
1 1526 1393071 -1
1 1604 1497065 1497065
1 1604 1583593 -1
1 1655 563311 563311
1 1655 500882 -1
1 2350 1350319 1350319
1 2350 447639 -1
1 2597 821513 821513
1 2597 1663012 -1
1 2875 1560833 1560833
1 2875 702767 -1
1 2910 577366 577366
1 2910 579424 -1
1 2940 1630091 1630091
1 2940 2569754 -1
1 2992 1570162 1570162
1 2992 712105 -1
1 3180 1671704 1671704
1 3180 780453 -1
1 3309 926482 926482
1 3309 1754024 -1
1 3753 261273 261273
1 3753 263947 -1
1 3802 261273 261273
1 3802 263947 -1
1 4059 1334944 1334944
1 4059 2440981 -1
1 488 823133 823133
1 488 1664554 -1
1 5596 1338763 1338763
1 5596 263947 -1
1 6490 550585 550585
1 6490 1428466 -1
1 6952 702388 702388
1 6952 1561841 -1
1 7024 774630 774630
1 7024 774286 -1
1 7342 450682 450682
1 7342 450816 -1
1 7396 511081 511081
1 7396 1393071 -1
1 7704 564855 564855
1 7704 563311 -1
1 8089 1492916 1492916
1 8089 671657 -1
2 10784 -1 0
2 10784 1704765 -1
2 11243 -1 0
2 11243 940171 -1
2 11589 3167532 518935
2 11589 1394376 -1
2 1277 4306371 1658373
2 1277 572108 -1
2 7255 4318919 1670921
2 7255 2517002 -1
2 7770 4280988 1631756
2 7770 599164 -1
2 892 3405296 759098
2 892 664932 -1
3 1383 -1 0
3 1383 370361 -1
3 8492 -1 0
3 8492 356711 -1
3 1454 6304462 1006414
3 1454 203021 -1
3 2731 6339399 1041351
3 2731 420716 -1
3 3593 6303540 1005492
3 3593 165791 -1
3 4824 5503061 205013
3 4824 154065 -1
3 7388 5304939 6708
3 7388 1114973 -1
5 3325 9646320 361038
5 3325 327046 -1
126
1 10681 -1 0
1 10681 2000182 -1
1 10841 -1 0
1 10841 457755 -1
1 10967 -1 0
1 10967 1873633 -1
1 11777 -1 0
1 11777 280444 -1
1 12242 -1 0
1 12242 1787149 -1
1 127 -1 0
1 127 1119799 -1
1 1526 -1 0
1 1526 1134748 -1
1 1604 -1 0
1 1604 1919552 -1
1 1655 -1 0
1 1655 1131575 -1
1 2350 -1 0
1 2350 220240 -1
1 2597 -1 0
1 2597 365484 -1
1 2875 -1 0
1 2875 324171 -1
1 2910 -1 0
1 2910 311963 -1
1 2940 -1 0
1 2940 1958162 -1
1 2992 -1 0
1 2992 1866866 -1
1 3180 -1 0
1 3180 1999669 -1
1 3753 -1 0
1 3753 461826 -1
1 3802 -1 0
1 3802 1563274 -1
1 4059 -1 0
1 4059 1561416 -1
1 488 -1 0
1 488 775658 -1
1 5596 -1 0
1 5596 24160 -1
1 6490 -1 0
1 6490 267009 -1
1 6952 -1 0
1 6952 324390 -1
1 7024 -1 0
1 7024 1951627 -1
1 7342 -1 0
1 7342 1570706 -1
1 7396 -1 0
1 7396 1793501 -1
1 7704 -1 0
1 7704 1131575 -1
1 8089 -1 0
1 8089 313228 -1
2 10784 -1 0
2 10784 2501381 -1
2 11243 -1 0
2 11243 809232 -1
2 9948 3641211 1617274
2 9948 546020 -1
2 11589 -1 0
2 11589 501639 -1
2 1277 -1 0
2 1277 593991 -1
2 7255 -1 0
2 7255 682450 -1
2 7770 -1 0
2 7770 1816992 -1
2 892 -1 0
2 892 593991 -1
3 1454 -1 0
3 1454 648332 -1
3 2731 -1 0
3 2731 1533426 -1
3 3309 -1 0
3 3309 102957 -1
3 3593 -1 0
3 3593 181256 -1
3 4824 -1 0
3 4824 1478366 -1
3 7388 -1 0
3 7388 1330030 -1
5 3325 -1 0
5 3325 371304 -1
127
1 10681 -1 0
1 10681 349155 -1
1 10841 -1 0
1 10841 2007715 -1
1 10967 -1 0
1 10967 90689 -1
1 11220 407050 407050
1 11220 813396 -1
1 11777 -1 0
1 11777 89541 -1
1 12242 -1 0
1 12242 1142138 -1
1 127 -1 0
1 127 1987246 -1
1 1526 -1 0
1 1526 57446 -1
1 1604 -1 0
1 1604 2127455 -1
1 1655 -1 0
1 1655 1778554 -1
1 2350 -1 0
1 2350 1983271 -1
1 2597 -1 0
1 2597 792722 -1
1 2875 -1 0
1 2875 2148670 -1
1 2910 -1 0
1 2910 2075491 -1
1 2940 -1 0
1 2940 2234821 -1
1 2992 -1 0
1 2992 2110882 -1
1 3180 -1 0
1 3180 2237484 -1
1 3309 -1 0
1 3309 2372238 -1
1 3753 -1 0
1 3753 1778554 -1
1 3802 -1 0
1 3802 1778554 -1
1 4059 -1 0
1 4059 1119214 -1
1 488 -1 0
1 488 342670 -1
1 5596 -1 0
1 5596 1781039 -1
1 6490 -1 0
1 6490 2054211 -1
1 6952 -1 0
1 6952 2103040 -1
1 7024 -1 0
1 7024 2230081 -1
1 7342 -1 0
1 7342 1984663 -1
1 7396 -1 0
1 7396 57446 -1
1 7704 -1 0
1 7704 1782522 -1
1 8089 -1 0
1 8089 2076842 -1
2 10784 -1 0
2 10784 990291 -1
2 11243 -1 0
2 11243 574788 -1
2 9948 -1 0
2 9948 619952 -1
2 11589 -1 0
2 11589 266764 -1
2 1277 -1 0
2 1277 313160 -1
2 7255 -1 0
2 7255 961526 -1
2 7770 -1 0
2 7770 923044 -1
2 892 -1 0
2 892 364407 -1
3 1454 -1 0
3 1454 1040651 -1
3 2731 -1 0
3 2731 2134831 -1
3 3593 -1 0
3 3593 1942698 -1
3 4824 -1 0
3 4824 158466 -1
3 7388 -1 0
3 7388 2174436 -1
5 3325 -1 0
5 3325 2133407 -1
6 7214 12526060 1044645
6 7214 194197 -1
128
1 10681 -1 0
1 10681 1873011 -1
1 10841 -1 0
1 10841 15436 -1
1 10967 -1 0
1 10967 912843 -1
1 11777 -1 0
1 11777 1596990 -1
1 12242 -1 0
1 12242 1588969 -1
1 127 -1 0
1 127 1559425 -1
1 1526 -1 0
1 1526 51394 -1
1 1604 -1 0
1 1604 916951 -1
1 1655 -1 0
1 1655 46534 -1
1 2350 -1 0
1 2350 684804 -1
1 2597 -1 0
1 2597 973119 -1
1 2875 -1 0
1 2875 105298 -1
1 2910 -1 0
1 2910 1646009 -1
1 2940 -1 0
1 2940 1833679 -1
1 2992 -1 0
1 2992 114853 -1
1 3180 -1 0
1 3180 1914322 -1
1 3753 -1 0
1 3753 46534 -1
1 3802 -1 0
1 3802 1404077 -1
1 4059 -1 0
1 4059 18678 -1
1 488 -1 0
1 488 1865803 -1
1 5596 -1 0
1 5596 1404077 -1
1 6490 -1 0
1 6490 38853 -1
1 6952 -1 0
1 6952 85041 -1
1 7024 -1 0
1 7024 501387 -1
1 7342 -1 0
1 7342 685149 -1
1 7396 -1 0
1 7396 51394 -1
1 7704 -1 0
1 7704 68432 -1
1 8089 -1 0
1 8089 915214 -1
2 9948 -1 0
2 9948 1121370 -1
2 11220 -1 0
2 11220 630229 -1
2 11589 -1 0
2 11589 222541 -1
2 1277 -1 0
2 1277 2087914 -1
2 7255 -1 0
2 7255 2102145 -1
2 7770 -1 0
2 7770 723350 -1
2 892 -1 0
2 892 751071 -1
3 11517 4872981 678693
3 11517 1752649 -1
3 1454 -1 0
3 1454 1716666 -1
3 2731 -1 0
3 2731 378993 -1
3 3309 -1 0
3 3309 1598847 -1
3 3593 -1 0
3 3593 818823 -1
3 4824 -1 0
3 4824 178610 -1
3 7388 -1 0
3 7388 1552480 -1
5 3325 -1 0
5 3325 386588 -1
6 7214 -1 0
6 7214 397100 -1
129
2 9948 -1 0
2 9948 2311565 -1
2 11220 -1 0
2 11220 938930 -1
3 11517 -1 0
3 11517 462213 -1
6 7214 -1 0
6 7214 601173 -1
130
2 11220 -1 0
2 11220 982817 -1
3 11517 -1 0
3 11517 1809856 -1
4 6188 9282796 663793
4 6188 2702214 -1
6 7214 -1 0
6 7214 365392 -1
131
3 11517 -1 0
3 11517 14558 -1
4 6188 -1 0
4 6188 277538 -1
132
4 6188 -1 0
4 6188 250449 -1
133
4 6188 -1 0
4 6188 1372149 -1
