16
2 14570 1119925 17059
2 14570 695834 -1
17
2 14570 -1 0
2 14570 456963 -1
5 15747 4606744 412456
5 15747 418314 -1
18
2 14570 -1 0
2 14570 16422 -1
3 13049 2534833 312823
3 13049 99533 -1
5 15747 -1 0
5 15747 1052433 -1
19
2 14570 -1 0
2 14570 459570 -1
3 13049 -1 0
3 13049 1146026 -1
3 1626 2508661 80389
3 1626 83843 -1
5 15747 -1 0
5 15747 415917 -1
5 9355 5052538 416746
5 9355 1071491 -1
20
1 2472 2025562 2025562
1 2472 6411589 -1
3 13049 -1 0
3 13049 97494 -1
3 1626 -1 0
3 1626 1007639 -1
5 18354 10596831 442239
5 18354 1439766 -1
5 15747 -1 0
5 15747 853305 -1
5 9355 -1 0
5 9355 196051 -1
21
1 2472 -1 0
1 2472 265833 -1
2 7628 1352360 250357
2 7628 30909 -1
3 13049 -1 0
3 13049 305889 -1
3 1626 -1 0
3 1626 1145914 -1
5 18354 -1 0
5 18354 221487 -1
5 9355 -1 0
5 9355 416067 -1
22
1 10749 9746 9746
1 10749 9744 -1
1 2472 -1 0
1 2472 277214 -1
2 7628 -1 0
2 7628 250413 -1
3 1628 2819517 399544
3 1628 619451 -1
3 7873 2557714 137542
3 7873 127160 -1
3 1626 -1 0
3 1626 75194 -1
5 18354 -1 0
5 18354 905563 -1
5 9355 -1 0
5 9355 195489 -1
23
1 10749 -1 0
1 10749 26510 -1
1 2472 -1 0
1 2472 970405 -1
1 7873 -1 0
1 7873 594180 -1
2 7628 -1 0
2 7628 235491 -1
2 9686 2486684 722544
2 9686 257275 -1
3 1628 -1 0
3 1628 812612 -1
5 18354 -1 0
5 18354 36968 -1
5 4924 7016655 173343
5 4924 738022 -1
24
1 10749 -1 0
1 10749 448945 -1
2 7628 -1 0
2 7628 942562 -1
2 9686 -1 0
2 9686 43816 -1
3 1628 -1 0
3 1628 403035 -1
3 7873 -1 0
3 7873 137642 -1
5 9003 4435061 240773
5 9003 915470 -1
5 4924 -1 0
5 4924 163304 -1
6 10708 5677740 383714
6 10708 384366 -1
6 5024 5688382 395260
6 5024 407172 -1
25
1 10749 -1 0
1 10749 234703 -1
2 9686 -1 0
2 9686 952503 -1
3 1628 -1 0
3 1628 183374 -1
3 7873 -1 0
3 7873 375647 -1
3 3045 2423257 215737
3 3045 215944 -1
5 9003 -1 0
5 9003 18509 -1
5 4924 -1 0
5 4924 392922 -1
6 10708 -1 0
6 10708 758101 -1
6 5024 -1 0
6 5024 183678 -1
26
2 9686 -1 0
2 9686 38352 -1
3 17578 2602115 394595
3 17578 747890 -1
3 3045 -1 0
3 3045 215917 -1
4 4815 3395588 311428
4 4815 1043977 -1
5 9003 -1 0
5 9003 240852 -1
5 4924 -1 0
5 4924 391398 -1
6 10708 -1 0
6 10708 151037 -1
6 5024 -1 0
6 5024 391344 -1
27
2 2255 1463922 354138
2 2255 106467 -1
2 7377 1454077 343470
2 7377 108112 -1
3 17578 -1 0
3 17578 392419 -1
3 3045 -1 0
3 3045 437113 -1
4 4815 -1 0
4 4815 78149 -1
5 9003 -1 0
5 9003 228729 -1
6 10708 -1 0
6 10708 787667 -1
6 5024 -1 0
6 5024 164521 -1
28
1 13637 332459 332459
1 13637 1264066 -1
2 385 1406226 308584
2 385 104052 -1
2 2255 -1 0
2 2255 103318 -1
2 7377 -1 0
2 7377 526349 -1
3 13734 2622510 194238
3 13734 880772 -1
3 17578 -1 0
3 17578 601291 -1
3 3045 -1 0
3 3045 422760 -1
4 15598 3654821 322453
4 15598 1239403 -1
4 4815 -1 0
4 4815 1129013 -1
29
1 13637 -1 0
1 13637 1144606 -1
2 385 -1 0
2 385 1117845 -1
2 2255 -1 0
2 2255 1139215 -1
2 7377 -1 0
2 7377 313877 -1
3 13734 -1 0
3 13734 635053 -1
3 17578 -1 0
3 17578 796596 -1
4 15598 -1 0
4 15598 89970 -1
4 4815 -1 0
4 4815 79199 -1
5 3583 4435768 241480
5 3583 25341 -1
30
2 385 -1 0
2 385 278985 -1
2 2255 -1 0
2 2255 544952 -1
2 7377 -1 0
2 7377 531152 -1
3 10860 2905741 279894
3 10860 1173690 -1
3 13637 -1 0
3 13637 555599 -1
3 13734 -1 0
3 13734 645296 -1
3 2638 2997919 347543
3 2638 348654 -1
4 10398 3806542 25995
4 10398 265023 -1
4 15598 -1 0
4 15598 1251452 -1
5 3583 -1 0
5 3583 249206 -1
31
1 13637 -1 0
1 13637 324021 -1
2 385 -1 0
2 385 1148554 -1
3 10860 -1 0
3 10860 493827 -1
3 13734 -1 0
3 13734 414326 -1
3 2638 -1 0
3 2638 582170 -1
4 10398 -1 0
4 10398 42620 -1
4 15598 -1 0
4 15598 529386 -1
4 4376 3423482 98040
4 4376 296283 -1
5 3583 -1 0
5 3583 231365 -1
32
3 10860 -1 0
3 10860 494174 -1
3 2638 -1 0
3 2638 151878 -1
4 10398 -1 0
4 10398 257022 -1
4 4926 3399493 94178
4 4926 687370 -1
4 4376 -1 0
4 4376 1162658 -1
5 3583 -1 0
5 3583 926237 -1
33
3 10860 -1 0
3 10860 275156 -1
3 2638 -1 0
3 2638 146654 -1
4 10398 -1 0
4 10398 37013 -1
4 4926 -1 0
4 4926 307834 -1
4 17788 4159180 403915
4 17788 1028839 -1
4 18745 3848625 63608
4 18745 67097 -1
4 4376 -1 0
4 4376 1118627 -1
34
1 14931 56684 56684
1 14931 304408 -1
3 12220 2712929 762319
3 12220 763428 -1
4 3692 3458906 385013
4 3692 372359 -1
4 4926 -1 0
4 4926 1063250 -1
4 17788 -1 0
4 17788 173846 -1
4 18745 -1 0
4 18745 286564 -1
4 4376 -1 0
4 4376 85145 -1
35
1 14931 -1 0
1 14931 1010318 -1
3 12220 -1 0
3 12220 168390 -1
4 3692 -1 0
4 3692 375950 -1
4 4926 -1 0
4 4926 519112 -1
4 17788 -1 0
4 17788 389264 -1
4 18745 -1 0
4 18745 296734 -1
36
1 14931 -1 0
1 14931 293180 -1
1 9638 284807 284807
1 9638 51193 -1
1 9982 271233 271233
1 9982 36778 -1
3 12220 -1 0
3 12220 161622 -1
4 3692 -1 0
4 3692 370533 -1
4 17788 -1 0
4 17788 394611 -1
4 18745 -1 0
4 18745 1014158 -1
6 2807 5104693 29246
6 2807 924979 -1
37
1 14931 -1 0
1 14931 295988 -1
1 9638 -1 0
1 9638 286421 -1
1 9982 -1 0
1 9982 23769 -1
2 15409 1332273 224326
2 15409 3229 -1
3 12220 -1 0
3 12220 159756 -1
4 3692 -1 0
4 3692 353911 -1
4 16010 3161272 73469
4 16010 83163 -1
6 2807 -1 0
6 2807 26362 -1
38
1 9638 -1 0
1 9638 65101 -1
1 9982 -1 0
1 9982 269194 -1
2 15409 -1 0
2 15409 667445 -1
3 15886 2825096 404921
3 15886 404530 -1
4 2407 3371300 64807
4 2407 292566 -1
4 2759 3737211 428891
4 2759 440444 -1
4 16010 -1 0
4 16010 98098 -1
6 2807 -1 0
6 2807 42518 -1
39
1 9638 -1 0
1 9638 987302 -1
1 9982 -1 0
1 9982 24150 -1
2 147 1194424 93191
2 147 340820 -1
2 15409 -1 0
2 15409 2277 -1
3 15886 -1 0
3 15886 180313 -1
4 2407 -1 0
4 2407 63174 -1
4 2759 -1 0
4 2759 207339 -1
4 16010 -1 0
4 16010 336362 -1
5 17626 4568140 371641
5 17626 697776 -1
6 2807 -1 0
6 2807 41634 -1
40
2 15409 -1 0
2 15409 14484 -1
3 15886 -1 0
3 15886 193166 -1
4 2407 -1 0
4 2407 1186500 -1
4 2759 -1 0
4 2759 440416 -1
4 147 -1 0
4 147 150023 -1
4 16010 -1 0
4 16010 322286 -1
5 17626 -1 0
5 17626 154619 -1
6 12866 5685741 162226
6 12866 392063 -1
41
1 14375 62075 62075
1 14375 62039 -1
3 15886 -1 0
3 15886 177828 -1
4 2407 -1 0
4 2407 80703 -1
4 2759 -1 0
4 2759 219498 -1
4 13489 3116620 28041
4 13489 453556 -1
4 147 -1 0
4 147 716280 -1
5 17626 -1 0
5 17626 595058 -1
6 12866 -1 0
6 12866 386265 -1
6 2141 5266605 186484
6 2141 187580 -1
6 7272 5712538 640899
6 7272 834655 -1
42
1 14375 -1 0
1 14375 954502 -1
2 12133 1852940 974587
2 12133 985118 -1
2 147 -1 0
2 147 530006 -1
4 13489 -1 0
4 13489 680474 -1
5 15761 4226609 238394
5 15761 19485 -1
5 17626 -1 0
5 17626 139850 -1
6 12866 -1 0
6 12866 158503 -1
6 2141 -1 0
6 2141 187040 -1
6 7272 -1 0
6 7272 199079 -1
43
1 14375 -1 0
1 14375 70566 -1
1 832 70712 70712
1 832 979618 -1
2 12133 -1 0
2 12133 521122 -1
4 13489 -1 0
4 13489 27482 -1
4 4283 3665264 340736
4 4283 1293969 -1
5 15761 -1 0
5 15761 899600 -1
6 12866 -1 0
6 12866 155948 -1
6 2141 -1 0
6 2141 185005 -1
6 7272 -1 0
6 7272 639960 -1
44
1 14375 -1 0
1 14375 48235 -1
1 832 -1 0
1 832 301267 -1
2 12133 -1 0
2 12133 75179 -1
3 13106 2374656 167136
3 13106 179641 -1
3 16229 2997522 1010754
3 16229 70662 -1
3 2440 2625863 418343
3 2440 193926 -1
4 10026 3176665 92334
4 10026 1038481 -1
4 10027 3176665 92334
4 10027 1038481 -1
4 10028 3176665 92334
4 10028 1038481 -1
4 10029 3176665 92334
4 10029 1038481 -1
4 10030 3176665 92334
4 10030 1038481 -1
4 10031 3176665 92334
4 10031 1038481 -1
4 10033 3176665 92334
4 10033 1038481 -1
4 10034 3176665 92334
4 10034 1038481 -1
4 10036 3176665 92334
4 10036 1038481 -1
4 10037 3176665 92334
4 10037 1038481 -1
4 10038 3176665 92334
4 10038 1038481 -1
4 10041 3176665 92334
4 10041 1038481 -1
4 10043 3176665 92334
4 10043 1038481 -1
4 10044 3176665 92334
4 10044 1038481 -1
4 10045 3176665 92334
4 10045 1038481 -1
4 10046 3176665 92334
4 10046 1038481 -1
4 10047 3176665 92334
4 10047 1038481 -1
4 10048 3176665 92334
4 10048 1038481 -1
4 10049 3176665 92334
4 10049 1038481 -1
4 10050 3176665 92334
4 10050 1038481 -1
4 10051 3176665 92334
4 10051 1038481 -1
4 10052 3176665 92334
4 10052 1038481 -1
4 10053 3176665 92334
4 10053 1038481 -1
4 10054 3176665 92334
4 10054 1038481 -1
4 10055 3176665 92334
4 10055 1038481 -1
4 10056 3176665 92334
4 10056 1038481 -1
4 10057 3176665 92334
4 10057 1038481 -1
4 10058 3176665 92334
4 10058 1038481 -1
4 10059 3176665 92334
4 10059 1038481 -1
4 10060 3176665 92334
4 10060 1038481 -1
4 10061 3176665 92334
4 10061 1038481 -1
4 10062 3176665 92334
4 10062 1038481 -1
4 10063 3176665 92334
4 10063 1038481 -1
4 10064 3176665 92334
4 10064 1038481 -1
4 10065 3176665 92334
4 10065 1038481 -1
4 10066 3176665 92334
4 10066 1038481 -1
4 10067 3176665 92334
4 10067 1038481 -1
4 10068 3176665 92334
4 10068 1038481 -1
4 10069 3176665 92334
4 10069 1038481 -1
4 10070 3176665 92334
4 10070 1038481 -1
4 10071 3176665 92334
4 10071 1038481 -1
4 10072 3176665 92334
4 10072 1038481 -1
4 10073 3176665 92334
4 10073 1038481 -1
4 10074 3176665 92334
4 10074 1038481 -1
4 10075 3176665 92334
4 10075 1038481 -1
4 10076 3176665 92334
4 10076 1038481 -1
4 10077 3176665 92334
4 10077 1038481 -1
4 10078 3176665 92334
4 10078 1038481 -1
4 10079 3176665 92334
4 10079 1038481 -1
4 10080 3176665 92334
4 10080 1038481 -1
4 10081 3176665 92334
4 10081 1038481 -1
4 10082 3176665 92334
4 10082 1038481 -1
4 10083 3176665 92334
4 10083 1038481 -1
4 10084 3176665 92334
4 10084 1038481 -1
4 10085 3176665 92334
4 10085 1038481 -1
4 13489 -1 0
4 13489 926655 -1
4 4283 -1 0
4 4283 346144 -1
5 14676 4173502 146066
5 14676 612495 -1
5 15761 -1 0
5 15761 20536 -1
6 2141 -1 0
6 2141 186920 -1
6 7272 -1 0
6 7272 203697 -1
45
1 832 -1 0
1 832 286481 -1
2 12133 -1 0
2 12133 1027733 -1
3 13106 -1 0
3 13106 164903 -1
3 16229 -1 0
3 16229 78204 -1
3 2440 -1 0
3 2440 417068 -1
3 4289 2571972 340336
3 4289 337516 -1
4 10026 -1 0
4 10026 1171326 -1
4 10027 -1 0
4 10027 105202 -1
4 10028 -1 0
4 10028 321725 -1
4 10029 -1 0
4 10029 1171326 -1
4 10030 -1 0
4 10030 1171035 -1
4 10031 -1 0
4 10031 321725 -1
4 10033 -1 0
4 10033 105202 -1
4 10034 -1 0
4 10034 321725 -1
4 10036 -1 0
4 10036 1171035 -1
4 10037 -1 0
4 10037 105202 -1
4 10038 -1 0
4 10038 1171326 -1
4 10041 -1 0
4 10041 1171035 -1
4 10043 -1 0
4 10043 105202 -1
4 10044 -1 0
4 10044 105202 -1
4 10045 -1 0
4 10045 1171326 -1
4 10046 -1 0
4 10046 1171035 -1
4 10047 -1 0
4 10047 1171035 -1
4 10048 -1 0
4 10048 105202 -1
4 10049 -1 0
4 10049 321725 -1
4 10050 -1 0
4 10050 1171326 -1
4 10051 -1 0
4 10051 105202 -1
4 10052 -1 0
4 10052 105202 -1
4 10053 -1 0
4 10053 321725 -1
4 10054 -1 0
4 10054 105202 -1
4 10055 -1 0
4 10055 1171326 -1
4 10056 -1 0
4 10056 1171326 -1
4 10057 -1 0
4 10057 1171326 -1
4 10058 -1 0
4 10058 1171326 -1
4 10059 -1 0
4 10059 321725 -1
4 10060 -1 0
4 10060 1171326 -1
4 10061 -1 0
4 10061 1171035 -1
4 10062 -1 0
4 10062 1171326 -1
4 10063 -1 0
4 10063 321725 -1
4 10064 -1 0
4 10064 1171035 -1
4 10065 -1 0
4 10065 105202 -1
4 10066 -1 0
4 10066 1171326 -1
4 10067 -1 0
4 10067 1171326 -1
4 10068 -1 0
4 10068 321725 -1
4 10069 -1 0
4 10069 321725 -1
4 10070 -1 0
4 10070 1171326 -1
4 10071 -1 0
4 10071 105202 -1
4 10072 -1 0
4 10072 321725 -1
4 10073 -1 0
4 10073 1171326 -1
4 10074 -1 0
4 10074 1171326 -1
4 10075 -1 0
4 10075 321725 -1
4 10076 -1 0
4 10076 105202 -1
4 10077 -1 0
4 10077 321725 -1
4 10078 -1 0
4 10078 105202 -1
4 10079 -1 0
4 10079 1171326 -1
4 10080 -1 0
4 10080 1171326 -1
4 10081 -1 0
4 10081 1171326 -1
4 10082 -1 0
4 10082 1171035 -1
4 10083 -1 0
4 10083 321725 -1
4 10084 -1 0
4 10084 1171326 -1
4 10085 -1 0
4 10085 1171035 -1
4 4283 -1 0
4 4283 341766 -1
5 14676 -1 0
5 14676 377586 -1
5 15761 -1 0
5 15761 227838 -1
6 4716 5530261 233096
6 4716 681929 -1
46
1 832 -1 0
1 832 301006 -1
3 13106 -1 0
3 13106 821715 -1
3 16229 -1 0
3 16229 73239 -1
3 2440 -1 0
3 2440 854504 -1
3 4289 -1 0
3 4289 336797 -1
4 10026 -1 0
4 10026 540519 -1
4 10027 -1 0
4 10027 540519 -1
4 10028 -1 0
4 10028 320691 -1
4 10029 -1 0
4 10029 540519 -1
4 10030 -1 0
4 10030 540519 -1
4 10031 -1 0
4 10031 540519 -1
4 10033 -1 0
4 10033 540519 -1
4 10034 -1 0
4 10034 320691 -1
4 10036 -1 0
4 10036 320691 -1
4 10037 -1 0
4 10037 540519 -1
4 10038 -1 0
4 10038 540519 -1
4 10041 -1 0
4 10041 320691 -1
4 10043 -1 0
4 10043 320691 -1
4 10044 -1 0
4 10044 320691 -1
4 10045 -1 0
4 10045 320691 -1
4 10046 -1 0
4 10046 540519 -1
4 10047 -1 0
4 10047 540519 -1
4 10048 -1 0
4 10048 320691 -1
4 10049 -1 0
4 10049 320691 -1
4 10050 -1 0
4 10050 540519 -1
4 10051 -1 0
4 10051 540519 -1
4 10052 -1 0
4 10052 540519 -1
4 10053 -1 0
4 10053 320691 -1
4 10054 -1 0
4 10054 540519 -1
4 10055 -1 0
4 10055 320691 -1
4 10056 -1 0
4 10056 540519 -1
4 10057 -1 0
4 10057 320691 -1
4 10058 -1 0
4 10058 540519 -1
4 10059 -1 0
4 10059 540519 -1
4 10060 -1 0
4 10060 320691 -1
4 10061 -1 0
4 10061 540519 -1
4 10062 -1 0
4 10062 320691 -1
4 10063 -1 0
4 10063 320691 -1
4 10064 -1 0
4 10064 320691 -1
4 10065 -1 0
4 10065 540519 -1
4 10066 -1 0
4 10066 540519 -1
4 10067 -1 0
4 10067 320691 -1
4 10068 -1 0
4 10068 540519 -1
4 10069 -1 0
4 10069 320691 -1
4 10070 -1 0
4 10070 540519 -1
4 10071 -1 0
4 10071 540519 -1
4 10072 -1 0
4 10072 540519 -1
4 10073 -1 0
4 10073 320691 -1
4 10074 -1 0
4 10074 540519 -1
4 10075 -1 0
4 10075 540519 -1
4 10076 -1 0
4 10076 320691 -1
4 10077 -1 0
4 10077 320691 -1
4 10078 -1 0
4 10078 320691 -1
4 10079 -1 0
4 10079 540519 -1
4 10080 -1 0
4 10080 320691 -1
4 10081 -1 0
4 10081 320691 -1
4 10082 -1 0
4 10082 540519 -1
4 10083 -1 0
4 10083 540519 -1
4 10084 -1 0
4 10084 320691 -1
4 10085 -1 0
4 10085 320691 -1
4 4283 -1 0
4 4283 342827 -1
5 14676 -1 0
5 14676 842803 -1
6 4716 -1 0
6 4716 219333 -1
47
3 13106 -1 0
3 13106 401866 -1
3 16229 -1 0
3 16229 1004542 -1
3 2440 -1 0
3 2440 416502 -1
3 4289 -1 0
3 4289 1060742 -1
4 10026 -1 0
4 10026 323814 -1
4 10027 -1 0
4 10027 1062128 -1
4 10028 -1 0
4 10028 1062128 -1
4 10029 -1 0
4 10029 323814 -1
4 10030 -1 0
4 10030 323814 -1
4 10031 -1 0
4 10031 1062128 -1
4 10033 -1 0
4 10033 1062128 -1
4 10034 -1 0
4 10034 1062128 -1
4 10036 -1 0
4 10036 1062128 -1
4 10037 -1 0
4 10037 323814 -1
4 10038 -1 0
4 10038 323814 -1
4 10041 -1 0
4 10041 323814 -1
4 10043 -1 0
4 10043 1062128 -1
4 10044 -1 0
4 10044 323814 -1
4 10045 -1 0
4 10045 323814 -1
4 10046 -1 0
4 10046 1062128 -1
4 10047 -1 0
4 10047 323814 -1
4 10048 -1 0
4 10048 1062128 -1
4 10049 -1 0
4 10049 1062128 -1
4 10050 -1 0
4 10050 323814 -1
4 10051 -1 0
4 10051 1062128 -1
4 10052 -1 0
4 10052 323814 -1
4 10053 -1 0
4 10053 1062128 -1
4 10054 -1 0
4 10054 1062128 -1
4 10055 -1 0
4 10055 323814 -1
4 10056 -1 0
4 10056 323814 -1
4 10057 -1 0
4 10057 323814 -1
4 10058 -1 0
4 10058 323814 -1
4 10059 -1 0
4 10059 1062128 -1
4 10060 -1 0
4 10060 1062128 -1
4 10061 -1 0
4 10061 323814 -1
4 10062 -1 0
4 10062 323814 -1
4 10063 -1 0
4 10063 323814 -1
4 10064 -1 0
4 10064 1062128 -1
4 10065 -1 0
4 10065 323814 -1
4 10066 -1 0
4 10066 323814 -1
4 10067 -1 0
4 10067 323814 -1
4 10068 -1 0
4 10068 1062128 -1
4 10069 -1 0
4 10069 1062128 -1
4 10070 -1 0
4 10070 323814 -1
4 10071 -1 0
4 10071 1062128 -1
4 10072 -1 0
4 10072 323814 -1
4 10073 -1 0
4 10073 323814 -1
4 10074 -1 0
4 10074 323814 -1
4 10075 -1 0
4 10075 1062128 -1
4 10076 -1 0
4 10076 323814 -1
4 10077 -1 0
4 10077 323814 -1
4 10078 -1 0
4 10078 323814 -1
4 10079 -1 0
4 10079 323814 -1
4 10080 -1 0
4 10080 1062128 -1
4 10081 -1 0
4 10081 1062128 -1
4 10082 -1 0
4 10082 323814 -1
4 10083 -1 0
4 10083 323814 -1
4 10084 -1 0
4 10084 323814 -1
4 10085 -1 0
4 10085 323814 -1
5 14676 -1 0
5 14676 392516 -1
6 4716 -1 0
6 4716 11860 -1
48
1 2497 1066001 1039663
1 2497 98890 -1
3 8057 2211480 224712
3 8057 224477 -1
3 4289 -1 0
3 4289 113542 -1
4 1264 3187328 82591
4 1264 89934 -1
6 4716 -1 0
6 4716 219416 -1
49
1 2497 -1 0
1 2497 314859 -1
2 13592 1433618 337779
2 13592 332924 -1
3 8057 -1 0
3 8057 210332 -1
3 742 2296860 89340
3 742 1045268 -1
4 1264 -1 0
4 1264 1146987 -1
4 10651 3679799 340214
4 10651 1257293 -1
5 15446 5229358 1035070
5 15446 868006 -1
6 2925 6005200 929949
6 2925 25664 -1
6 2926 5310897 13739
6 2926 898157 -1
50
3 14994 2226593 239825
3 14994 21583 -1
3 2497 -1 0
3 2497 143886 -1
3 8057 -1 0
3 8057 666270 -1
3 742 -1 0
3 742 101961 -1
4 1264 -1 0
4 1264 1030488 -1
4 13592 -1 0
4 13592 140473 -1
5 15446 -1 0
5 15446 195616 -1
6 10651 -1 0
6 10651 142769 -1
6 2925 -1 0
6 2925 914794 -1
6 2926 -1 0
6 2926 27668 -1
51
1 2497 -1 0
1 2497 334726 -1
1 859 231708 231708
1 859 440270 -1
2 13592 -1 0
2 13592 550937 -1
3 14994 -1 0
3 14994 22586 -1
3 8057 -1 0
3 8057 666258 -1
3 742 -1 0
3 742 1032698 -1
4 1264 -1 0
4 1264 1050110 -1
4 10651 -1 0
4 10651 337211 -1
5 15446 -1 0
5 15446 625402 -1
5 18312 4410706 216418
5 18312 658761 -1
6 2831 5471264 390477
6 2831 178094 -1
6 2925 -1 0
6 2925 243901 -1
6 2926 -1 0
6 2926 233489 -1
52
1 14531 91362 91362
1 14531 91361 -1
1 859 -1 0
1 859 12651 -1
3 11804 2647496 439976
3 11804 11975 -1
3 14994 -1 0
3 14994 21665 -1
3 1520 2408256 200736
3 1520 1071345 -1
3 3338 1998268 11500
3 3338 11975 -1
3 5913 2620810 413290
3 5913 189210 -1
3 742 -1 0
3 742 90254 -1
4 5646 3290946 198536
4 5646 422430 -1
4 10651 -1 0
4 10651 1119825 -1
4 13592 -1 0
4 13592 787139 -1
5 15446 -1 0
5 15446 1077438 -1
5 18312 -1 0
5 18312 677162 -1
6 2831 -1 0
6 2831 176156 -1
6 2925 -1 0
6 2925 39831 -1
6 2926 -1 0
6 2926 927977 -1
53
1 14531 -1 0
1 14531 73690 -1
1 859 -1 0
1 859 11485 -1
3 11804 -1 0
3 11804 1068110 -1
3 14994 -1 0
3 14994 8664 -1
3 3338 -1 0
3 3338 219095 -1
3 5913 -1 0
3 5913 877106 -1
3 11975 2415433 207913
3 11975 1081754 -1
4 1520 -1 0
4 1520 1089035 -1
4 5646 -1 0
4 5646 881749 -1
5 18312 -1 0
5 18312 216196 -1
6 2831 -1 0
6 2831 877200 -1
54
1 14531 -1 0
1 14531 727397 -1
1 859 -1 0
1 859 31249 -1
2 15605 1173409 74148
2 15605 292264 -1
3 11804 -1 0
3 11804 1100826 -1
3 1520 -1 0
3 1520 423441 -1
3 3338 -1 0
3 3338 1100826 -1
3 3662 2414089 146391
3 3662 832182 -1
3 5913 -1 0
3 5913 188643 -1
3 11975 -1 0
3 11975 207737 -1
4 5646 -1 0
4 5646 418470 -1
5 18312 -1 0
5 18312 9732 -1
6 2831 -1 0
6 2831 400202 -1
55
1 14531 -1 0
1 14531 988368 -1
2 15605 -1 0
2 15605 706097 -1
3 11804 -1 0
3 11804 440374 -1
3 1520 -1 0
3 1520 409239 -1
3 3338 -1 0
3 3338 1102382 -1
3 3662 -1 0
3 3662 371205 -1
3 5913 -1 0
3 5913 1049101 -1
3 11975 -1 0
3 11975 648693 -1
4 5646 -1 0
4 5646 1066229 -1
56
2 15605 -1 0
2 15605 72249 -1
3 13311 2040685 53917
3 13311 54278 -1
3 11975 -1 0
3 11975 207437 -1
4 3662 -1 0
4 3662 385434 -1
57
2 15605 -1 0
2 15605 969297 -1
3 13311 -1 0
3 13311 56344 -1
4 3662 -1 0
4 3662 169990 -1
58
1 11545 1264403 1169701
1 11545 501395 -1
1 3990 323110 323110
1 3990 2968977 -1
2 1835 1119785 17019
2 1835 239066 -1
2 5793 1807800 708645
2 5793 491453 -1
3 13311 -1 0
3 13311 42236 -1
59
1 11545 -1 0
1 11545 313644 -1
2 1835 -1 0
2 1835 248457 -1
2 5793 -1 0
2 5793 517306 -1
3 13311 -1 0
3 13311 39046 -1
3 3990 -1 0
3 3990 140344 -1
3 4009 2327588 94852
3 4009 307797 -1
4 16944 3359235 271980
4 16944 54906 -1
4 7069 3892227 794873
4 7069 143132 -1
5 6569 4573203 378915
5 6569 377514 -1
60
1 11545 -1 0
1 11545 312635 -1
2 1835 -1 0
2 1835 928218 -1
2 1943 1600753 493274
2 1943 1037829 -1
2 5793 -1 0
2 5793 295451 -1
3 3990 -1 0
3 3990 155437 -1
3 4009 -1 0
3 4009 94501 -1
4 10880 3638058 590846
4 10880 380989 -1
4 16944 -1 0
4 16944 270734 -1
4 7069 -1 0
4 7069 383290 -1
5 6569 -1 0
5 6569 138526 -1
61
1 11545 -1 0
1 11545 1034315 -1
2 1835 -1 0
2 1835 31308 -1
2 1943 -1 0
2 1943 1012807 -1
2 5793 -1 0
2 5793 97447 -1
3 3990 -1 0
3 3990 380655 -1
3 11332 2737395 693413
3 11332 1008109 -1
3 17762 2760829 544392
3 17762 728466 -1
3 4009 -1 0
3 4009 1045376 -1
4 10880 -1 0
4 10880 152219 -1
4 16944 -1 0
4 16944 283562 -1
4 7069 -1 0
4 7069 598706 -1
5 5533 4016109 42573
5 5533 929988 -1
5 6569 -1 0
5 6569 150871 -1
6 2741 5426241 383469
6 2741 826491 -1
62
2 1943 -1 0
2 1943 294935 -1
3 11332 -1 0
3 11332 92339 -1
3 17762 -1 0
3 17762 741689 -1
3 4009 -1 0
3 4009 317500 -1
4 10880 -1 0
4 10880 842220 -1
4 16944 -1 0
4 16944 72657 -1
4 7069 -1 0
4 7069 382486 -1
5 5533 -1 0
5 5533 45823 -1
5 6569 -1 0
5 6569 160707 -1
6 2174 4664857 31130
6 2174 246806 -1
6 2741 -1 0
6 2741 868655 -1
63
2 1943 -1 0
2 1943 294103 -1
3 11332 -1 0
3 11332 95638 -1
3 17762 -1 0
3 17762 737314 -1
4 10880 -1 0
4 10880 151735 -1
5 5533 -1 0
5 5533 47293 -1
6 2174 -1 0
6 2174 30445 -1
6 2741 -1 0
6 2741 848502 -1
64
1 7476 1014284 1014284
1 7476 536208 -1
3 11332 -1 0
3 11332 90358 -1
3 17762 -1 0
3 17762 315748 -1
4 11565 3141998 55670
4 11565 53624 -1
5 6026 4635277 440989
5 6026 440948 -1
5 5533 -1 0
5 5533 497219 -1
6 2174 -1 0
6 2174 939264 -1
6 2741 -1 0
6 2741 838027 -1
65
2 7476 -1 0
2 7476 533752 -1
4 11565 -1 0
4 11565 72320 -1
5 6026 -1 0
5 6026 220411 -1
5 2221 4430507 15467
5 2221 222790 -1
6 2174 -1 0
6 2174 30906 -1
66
1 17083 278656 278656
1 17083 2085939 -1
1 7476 -1 0
1 7476 545918 -1
4 11565 -1 0
4 11565 972432 -1
5 14296 4377915 183487
5 14296 417103 -1
5 6026 -1 0
5 6026 441284 -1
5 2221 -1 0
5 2221 910743 -1
67
1 17083 -1 0
1 17083 65184 -1
1 7476 -1 0
1 7476 319980 -1
4 11565 -1 0
4 11565 283507 -1
5 14296 -1 0
5 14296 181281 -1
5 6026 -1 0
5 6026 232637 -1
5 2221 -1 0
5 2221 897625 -1
68
1 17083 -1 0
1 17083 61413 -1
3 1258 3704984 1262511
3 1258 862829 -1
3 1260 3704984 1262511
3 1260 1292982 -1
5 14296 -1 0
5 14296 184028 -1
5 2221 -1 0
5 2221 1721 -1
69
1 17083 -1 0
1 17083 65324 -1
2 2377 1131775 30029
2 2377 913085 -1
3 1258 -1 0
3 1258 411693 -1
3 1260 -1 0
3 1260 411693 -1
4 2081 3352824 32982
4 2081 32545 -1
5 14296 -1 0
5 14296 1037111 -1
70
2 2377 -1 0
2 2377 29823 -1
3 10365 2813584 385312
3 10365 382843 -1
3 1258 -1 0
3 1258 651531 -1
3 1260 -1 0
3 1260 651531 -1
4 2081 -1 0
4 2081 941699 -1
5 11788 4440959 25919
5 11788 472428 -1
5 12466 4975305 373774
5 12466 373710 -1
5 12956 4781152 145360
5 12956 987045 -1
71
2 2377 -1 0
2 2377 14596 -1
3 10365 -1 0
3 10365 145555 -1
3 1258 -1 0
3 1258 432424 -1
3 1260 -1 0
3 1260 432395 -1
3 12956 -1 0
3 12956 532178 -1
4 2081 -1 0
4 2081 36650 -1
5 11788 -1 0
5 11788 28268 -1
5 12466 -1 0
5 12466 860788 -1
5 15018 5244917 422199
5 15018 201461 -1
6 14898 6315937 604895
6 14898 614229 -1
72
2 2377 -1 0
2 2377 247688 -1
3 10365 -1 0
3 10365 387493 -1
4 2103 3887391 571272
4 2103 131723 -1
4 2081 -1 0
4 2081 51995 -1
5 11788 -1 0
5 11788 40562 -1
5 12466 -1 0
5 12466 155558 -1
5 12956 -1 0
5 12956 825663 -1
5 2870 4976122 357836
5 2870 131723 -1
5 15018 -1 0
5 15018 195642 -1
6 14898 -1 0
6 14898 403821 -1
73
2 2103 -1 0
2 2103 1197705 -1
2 11896 1635298 316603
2 11896 563516 -1
3 10365 -1 0
3 10365 165168 -1
3 2870 -1 0
3 2870 334485 -1
3 16671 2905274 472325
3 16671 1186634 -1
5 11788 -1 0
5 11788 28238 -1
5 12466 -1 0
5 12466 382909 -1
5 12956 -1 0
5 12956 360434 -1
5 15018 -1 0
5 15018 420865 -1
6 14898 -1 0
6 14898 606526 -1
74
2 11896 -1 0
2 11896 1220323 -1
3 2870 -1 0
3 2870 322252 -1
3 16671 -1 0
3 16671 494893 -1
4 10532 3312318 1038
4 10532 221273 -1
4 2103 -1 0
4 2103 142135 -1
4 9386 3798710 490772
4 9386 89857 -1
5 15018 -1 0
5 15018 414377 -1
6 14898 -1 0
6 14898 1074614 -1
75
2 11896 -1 0
2 11896 1509640 -1
3 2870 -1 0
3 2870 530939 -1
3 16671 -1 0
3 16671 60491 -1
4 10532 -1 0
4 10532 547 -1
4 2103 -1 0
4 2103 382097 -1
4 9386 -1 0
4 9386 281740 -1
6 12364 7829930 1200083
6 12364 168315 -1
6 14658 6877087 24388
6 14658 20961 -1
6 295 6999937 151357
6 295 1023460 -1
76
2 11896 -1 0
2 11896 1184554 -1
3 351 2279838 72318
3 351 287379 -1
3 16671 -1 0
3 16671 970068 -1
4 10532 -1 0
4 10532 883887 -1
4 17398 3096265 5835
4 17398 672244 -1
4 17399 3096265 5835
4 17399 672244 -1
4 6755 3459171 141096
4 6755 777985 -1
4 9386 -1 0
4 9386 1038330 -1
6 12364 -1 0
6 12364 167736 -1
6 14658 -1 0
6 14658 3396 -1
6 295 -1 0
6 295 153355 -1
77
3 351 -1 0
3 351 82431 -1
4 10532 -1 0
4 10532 214095 -1
4 17398 -1 0
4 17398 218845 -1
4 17399 -1 0
4 17399 6706 -1
4 6755 -1 0
4 6755 125225 -1
4 9386 -1 0
4 9386 1168924 -1
6 12364 -1 0
6 12364 170052 -1
6 14658 -1 0
6 14658 921192 -1
6 295 -1 0
6 295 154672 -1
78
3 351 -1 0
3 351 90069 -1
4 12552 3779952 29273
4 12552 1112080 -1
4 17398 -1 0
4 17398 896141 -1
4 17399 -1 0
4 17399 896141 -1
4 6755 -1 0
4 6755 142551 -1
6 12364 -1 0
6 12364 387855 -1
6 14658 -1 0
6 14658 224165 -1
6 295 -1 0
6 295 166226 -1
79
3 351 -1 0
3 351 266388 -1
4 12552 -1 0
4 12552 1115744 -1
4 17398 -1 0
4 17398 218355 -1
4 17399 -1 0
4 17399 1305406 -1
4 6755 -1 0
4 6755 156037 -1
80
2 17864 2956313 1380296
2 17864 815564 -1
4 12552 -1 0
4 12552 1157158 -1
4 3344 4655642 455714
4 3344 22980 -1
81
2 17864 -1 0
2 17864 527631 -1
2 7906 1652063 334996
2 7906 330473 -1
4 12552 -1 0
4 12552 27724 -1
4 3344 -1 0
4 3344 13443 -1
82
2 17864 -1 0
2 17864 708002 -1
3 1543 2620138 120371
3 1543 105578 -1
4 3344 -1 0
4 3344 233303 -1
4 7906 -1 0
4 7906 789735 -1
6 17065 5763904 26363
6 17065 15899 -1
83
1 1543 -1 0
1 1543 1326250 -1
2 17864 -1 0
2 17864 1138457 -1
2 7906 -1 0
2 7906 694716 -1
3 9713 2759637 321970
3 9713 318146 -1
4 3344 -1 0
4 3344 13673 -1
6 17065 -1 0
6 17065 912687 -1
84
1 1543 -1 0
1 1543 531875 -1
1 2106 1149261 1127150
1 2106 684603 -1
2 1725 1580122 261938
2 1725 273199 -1
3 10911 2922843 494571
3 10911 513628 -1
3 9713 -1 0
3 9713 109532 -1
4 16352 3769996 239024
4 16352 237155 -1
4 6719 3754347 222315
4 6719 222055 -1
4 7906 -1 0
4 7906 567684 -1
5 8629 5329667 680124
5 8629 939459 -1
6 15911 6158895 196625
6 15911 1091646 -1
6 17065 -1 0
6 17065 911361 -1
85
1 1543 -1 0
1 1543 304740 -1
1 2106 -1 0
1 2106 1142966 -1
2 1725 -1 0
2 1725 461887 -1
3 10911 -1 0
3 10911 105554 -1
3 9713 -1 0
3 9713 326044 -1
4 16352 -1 0
4 16352 920511 -1
4 6719 -1 0
4 6719 452883 -1
5 8629 -1 0
5 8629 25573 -1
6 15911 -1 0
6 15911 398886 -1
6 17065 -1 0
6 17065 440943 -1
86
1 2106 -1 0
1 2106 1157711 -1
2 1725 -1 0
2 1725 260501 -1
3 10911 -1 0
3 10911 302156 -1
3 6626 3237116 588092
3 6626 614655 -1
3 9713 -1 0
3 9713 518240 -1
4 14661 3547151 16037
4 14661 236053 -1
4 16352 -1 0
4 16352 917887 -1
4 6719 -1 0
4 6719 885974 -1
4 905 3900659 138405
4 905 376297 -1
5 8629 -1 0
5 8629 231341 -1
6 15911 -1 0
6 15911 403694 -1
87
1 2106 -1 0
1 2106 89175 -1
2 1725 -1 0
2 1725 44747 -1
3 10911 -1 0
3 10911 760396 -1
3 6626 -1 0
3 6626 384418 -1
4 14661 -1 0
4 14661 235130 -1
4 16352 -1 0
4 16352 18032 -1
4 6719 -1 0
4 6719 1518 -1
4 905 -1 0
4 905 861076 -1
5 8629 -1 0
5 8629 903687 -1
6 15911 -1 0
6 15911 1075343 -1
88
3 6626 -1 0
3 6626 179110 -1
4 14661 -1 0
4 14661 30369 -1
4 2157 3916506 398789
4 2157 398360 -1
4 5834 3866993 373494
4 5834 993548 -1
4 905 -1 0
4 905 361413 -1
89
3 6626 -1 0
3 6626 615177 -1
4 14661 -1 0
4 14661 29692 -1
4 2157 -1 0
4 2157 1024474 -1
4 5834 -1 0
4 5834 375686 -1
4 905 -1 0
4 905 806265 -1
90
3 11472 2917833 34654
3 11472 682871 -1
3 11687 3139746 276279
3 11687 1240177 -1
3 4236 4102754 1370560
3 4236 333349 -1
4 12085 4272207 303467
4 12085 310778 -1
4 2157 -1 0
4 2157 179952 -1
4 5834 -1 0
4 5834 385243 -1
91
3 11472 -1 0
3 11472 943800 -1
3 11687 -1 0
3 11687 67012 -1
3 4236 -1 0
3 4236 728656 -1
4 12085 -1 0
4 12085 1211641 -1
4 2157 -1 0
4 2157 1023080 -1
4 5834 -1 0
4 5834 875831 -1
92
3 11472 -1 0
3 11472 259721 -1
3 11687 -1 0
3 11687 679990 -1
3 4236 -1 0
3 4236 532342 -1
3 6173 2975049 525009
3 6173 309485 -1
4 12085 -1 0
4 12085 503708 -1
6 13426 6542095 1018274
6 13426 151043 -1
93
3 11472 -1 0
3 11472 31390 -1
3 11687 -1 0
3 11687 1127741 -1
3 4236 -1 0
3 4236 323901 -1
3 6173 -1 0
3 6173 1212595 -1
4 12085 -1 0
4 12085 721420 -1
6 13426 -1 0
6 13426 391467 -1
94
2 4104 1628363 309199
2 4104 529222 -1
3 12201 3037716 167940
3 12201 167956 -1
3 7484 3190728 316652
3 7484 537450 -1
4 5819 4252977 476727
4 5819 486456 -1
4 6173 -1 0
4 6173 1425350 -1
6 13426 -1 0
6 13426 152278 -1
95
2 4104 -1 0
2 4104 562264 -1
2 5763 1624915 303598
2 5763 280329 -1
3 12201 -1 0
3 12201 361977 -1
3 7484 -1 0
3 7484 1216412 -1
3 18056 2823645 150914
3 18056 148817 -1
4 5819 -1 0
4 5819 542356 -1
4 6173 -1 0
4 6173 594984 -1
5 450 5077703 221159
5 450 329 -1
6 13426 -1 0
6 13426 382441 -1
96
1 15495 252771 252771
1 15495 37651 -1
2 4104 -1 0
2 4104 1224833 -1
2 5763 -1 0
2 5763 1256336 -1
3 12201 -1 0
3 12201 156086 -1
3 7484 -1 0
3 7484 1196507 -1
3 18056 -1 0
3 18056 389094 -1
4 5819 -1 0
4 5819 72686 -1
5 450 -1 0
5 450 13494 -1
97
1 15495 -1 0
1 15495 40869 -1
2 4104 -1 0
2 4104 287415 -1
2 5763 -1 0
2 5763 289617 -1
3 12201 -1 0
3 12201 155026 -1
3 7484 -1 0
3 7484 1213280 -1
3 18056 -1 0
3 18056 167720 -1
3 6334 3036077 386379
3 6334 371638 -1
4 5819 -1 0
4 5819 235424 -1
5 450 -1 0
5 450 884969 -1
98
1 15495 -1 0
1 15495 53328 -1
2 5763 -1 0
2 5763 520393 -1
3 18056 -1 0
3 18056 816271 -1
3 6334 -1 0
3 6334 598066 -1
5 450 -1 0
5 450 18071 -1
99
1 15495 -1 0
1 15495 486887 -1
3 6334 -1 0
3 6334 174331 -1
6 7253 7460203 839951
6 7253 116887 -1
100
1 4416 481719 481719
1 4416 921660 -1
3 6334 -1 0
3 6334 565657 -1
4 10905 4902512 453972
4 10905 245722 -1
4 4579 4629736 156060
4 4579 563066 -1
6 7253 -1 0
6 7253 155492 -1
101
1 4416 -1 0
1 4416 1398085 -1
3 3444 2904481 34705
3 3444 467266 -1
4 10905 -1 0
4 10905 277527 -1
4 4579 -1 0
4 4579 153890 -1
5 2475 5642693 360708
5 2475 542810 -1
6 7253 -1 0
6 7253 139060 -1
102
1 4416 -1 0
1 4416 681575 -1
3 2475 -1 0
3 2475 549608 -1
3 3444 -1 0
3 3444 234518 -1
4 10905 -1 0
4 10905 60736 -1
4 14082 3972069 218209
4 14082 1307663 -1
4 4579 -1 0
4 4579 362498 -1
6 10574 6172944 211649
6 10574 648959 -1
6 7253 -1 0
6 7253 842106 -1
103
1 4416 -1 0
1 4416 1335909 -1
1 4341 323481 323481
1 4341 559406 -1
1 4825 61193 61193
1 4825 700565 -1
3 3444 -1 0
3 3444 690774 -1
4 10905 -1 0
4 10905 68764 -1
4 14082 -1 0
4 14082 6668 -1
4 4579 -1 0
4 4579 1047193 -1
5 2475 -1 0
5 2475 153802 -1
6 10574 -1 0
6 10574 2467 -1
104
1 4341 -1 0
1 4341 298939 -1
1 4825 -1 0
1 4825 53827 -1
3 3444 -1 0
3 3444 41812 -1
4 14082 -1 0
4 14082 652604 -1
5 2475 -1 0
5 2475 131445 -1
6 10574 -1 0
6 10574 215373 -1
105
1 4341 -1 0
1 4341 311577 -1
1 4825 -1 0
1 4825 41546 -1
4 14082 -1 0
4 14082 422833 -1
5 6194 7730060 886748
5 6194 458649 -1
6 10574 -1 0
6 10574 3639 -1
106
1 4341 -1 0
1 4341 298864 -1
1 4825 -1 0
1 4825 34505 -1
5 8488 5242863 165567
5 8488 163024 -1
5 6194 -1 0
5 6194 14945 -1
6 5032 6835076 433031
6 5032 428065 -1
107
3 10193 3643127 309267
3 10193 313167 -1
5 8488 -1 0
5 8488 165964 -1
5 6194 -1 0
5 6194 19613 -1
6 5032 -1 0
6 5032 1503833 -1
108
2 9620 2198948 432052
2 9620 1519509 -1
3 10193 -1 0
3 10193 538526 -1
4 71 4514380 525283
4 71 1045866 -1
5 5032 -1 0
5 5032 1056765 -1
5 8488 -1 0
5 8488 155203 -1
5 6194 -1 0
5 6194 234488 -1
109
2 9620 -1 0
2 9620 918192 -1
3 10193 -1 0
3 10193 301181 -1
3 18200 2696285 45044
3 18200 1205554 -1
4 71 -1 0
4 71 529469 -1
5 8488 -1 0
5 8488 393289 -1
6 5032 -1 0
6 5032 214026 -1
6 113 6620493 439437
6 113 1319629 -1
110
2 9620 -1 0
2 9620 35149 -1
3 10193 -1 0
3 10193 545025 -1
3 18200 -1 0
3 18200 1124916 -1
4 71 -1 0
4 71 535073 -1
6 113 -1 0
6 113 210291 -1
111
2 9620 -1 0
2 9620 240859 -1
3 14518 3003487 319706
3 14518 551145 -1
3 18200 -1 0
3 18200 71611 -1
4 71 -1 0
4 71 936038 -1
6 113 -1 0
6 113 16268 -1
112
3 14518 -1 0
3 14518 543141 -1
3 18200 -1 0
3 18200 47867 -1
6 113 -1 0
6 113 1272980 -1
113
3 14518 -1 0
3 14518 312350 -1
6 1568 6379237 646882
6 1568 409192 -1
114
3 14518 -1 0
3 14518 559551 -1
4 18479 3997591 467956
4 18479 494682 -1
6 1568 -1 0
6 1568 422675 -1
115
4 18479 -1 0
4 18479 480147 -1
6 1568 -1 0
6 1568 1290316 -1
116
4 18479 -1 0
4 18479 235972 -1
6 1568 -1 0
6 1568 426320 -1
117
1 3242 312777 312777
1 3242 1496200 -1
1 4331 553129 553129
1 4331 569290 -1
4 18479 -1 0
4 18479 72737 -1
5 4906 5914905 616857
5 4906 191879 -1
118
1 7690 275255 275255
1 7690 1227915 -1
1 4331 -1 0
1 4331 1262210 -1
2 3242 -1 0
2 3242 1371813 -1
4 13705 3770585 18938
4 13705 17395 -1
5 4906 -1 0
5 4906 1067511 -1
6 2710 6445364 487946
6 2710 21423 -1
119
1 7690 -1 0
1 7690 703599 -1
1 4331 -1 0
1 4331 1251825 -1
2 3242 -1 0
2 3242 1403936 -1
3 11671 3074467 427432
3 11671 214105 -1
4 13705 -1 0
4 13705 237112 -1
5 4906 -1 0
5 4906 1313293 -1
6 2710 -1 0
6 2710 60622 -1
120
1 7690 -1 0
1 7690 1615665 -1
1 3242 -1 0
1 3242 1675245 -1
1 4331 -1 0
1 4331 301383 -1
2 14656 2089323 317149
2 14656 299632 -1
3 12672 3856558 545278
3 12672 686761 -1
3 11671 -1 0
3 11671 210981 -1
4 13705 -1 0
4 13705 1348688 -1
4 17053 4857554 1010
4 17053 22399 -1
5 4906 -1 0
5 4906 852233 -1
6 2710 -1 0
6 2710 693614 -1
121
1 7690 -1 0
1 7690 261368 -1
1 6820 61980 61980
1 6820 490114 -1
2 14656 -1 0
2 14656 543177 -1
3 12672 -1 0
3 12672 542000 -1
3 11671 -1 0
3 11671 213880 -1
4 13705 -1 0
4 13705 252046 -1
4 17053 -1 0
4 17053 16573 -1
6 2710 -1 0
6 2710 474101 -1
6 13316 6830043 205196
6 13316 425609 -1
122
1 6820 -1 0
1 6820 964077 -1
2 14656 -1 0
2 14656 1193612 -1
3 12672 -1 0
3 12672 311632 -1
3 4960 2429288 1016
3 4960 6 -1
3 11671 -1 0
3 11671 427829 -1
4 17053 -1 0
4 17053 914780 -1
4 5132 3853745 294008
4 5132 1236091 -1
6 13316 -1 0
6 13316 1088422 -1
123
1 6820 -1 0
1 6820 1146476 -1
2 14656 -1 0
2 14656 1243133 -1
2 10263 1324711 199
2 10263 913610 -1
2 9450 1384867 65156
2 9450 1157301 -1
3 12672 -1 0
3 12672 1202325 -1
3 4960 -1 0
3 4960 397 -1
3 700 2734326 284128
3 700 1267105 -1
4 17053 -1 0
4 17053 247294 -1
4 5132 -1 0
4 5132 1217527 -1
4 6368 3565287 35218
4 6368 239338 -1
6 13316 -1 0
6 13316 1274663 -1
124
1 6820 -1 0
1 6820 224660 -1
2 10263 -1 0
2 10263 16073 -1
2 9450 -1 0
2 9450 250666 -1
3 4960 -1 0
3 4960 638 -1
3 700 -1 0
3 700 576530 -1
4 5132 -1 0
4 5132 1354845 -1
4 6368 -1 0
4 6368 39423 -1
6 13316 -1 0
6 13316 200895 -1
125
2 10263 -1 0
2 10263 661846 -1
2 9450 -1 0
2 9450 85848 -1
3 4960 -1 0
3 4960 212590 -1
3 700 -1 0
3 700 1353881 -1
4 5132 -1 0
4 5132 521069 -1
4 6368 -1 0
4 6368 38448 -1
6 8353 6576020 420719
6 8353 175691 -1
126
2 10263 -1 0
2 10263 16073 -1
2 9450 -1 0
2 9450 489116 -1
3 13208 2800947 151923
3 13208 146305 -1
3 700 -1 0
3 700 736471 -1
4 6368 -1 0
4 6368 36485 -1
6 8353 -1 0
6 8353 639303 -1
127
3 13208 -1 0
3 13208 150700 -1
6 8353 -1 0
6 8353 1047077 -1
128
3 13208 -1 0
3 13208 383756 -1
3 4889 3137026 708754
3 4889 248938 -1
6 10242 6289257 356016
6 10242 969196 -1
6 8353 -1 0
6 8353 396179 -1
129
3 13208 -1 0
3 13208 145696 -1
3 4889 -1 0
3 4889 509641 -1
3 9596 3648399 533481
3 9596 1424491 -1
6 10242 -1 0
6 10242 564436 -1
130
3 4889 -1 0
3 4889 1442089 -1
3 9596 -1 0
3 9596 282235 -1
6 10242 -1 0
6 10242 544338 -1
131
3 4889 -1 0
3 4889 299858 -1
3 9596 -1 0
3 9596 995505 -1
6 10242 -1 0
6 10242 155241 -1
132
3 9596 -1 0
3 9596 283659 -1
