275
366
748
790
1210
1518
1690
1754
1982
2121
2423
2617
2888
2997
3075
3096
3747
3798
5704
5828
5857
6211
6212
6709
7091
7412
7454
7912
8974
9039
9055
10354
10422
10468
11364
12030
176
220
263
431
586
682
1029
1187
1287
1643
2021
2101
2219
2442
2654
2655
2664
2976
3168
3366
3762
3983
4077
4110
4258
4282
4434
4576
4591
4632
4753
5026
5296
5503
5721
5925
5993
6230
6260
6263
6408
6650
7195
7496
7856
7857
8122
8149
9166
9220
9502
10069
10143
10317
11404
11419
11529
11553
11924
12002
12286
12370
12624
