71
385
1264
1520
1543
1943
2106
2157
2174
2440
2497
2638
2759
2807
3338
3662
3990
4104
4236
4926
4960
5024
5132
5793
6026
6719
6755
7484
7873
8057
8488
8629
9638
9982
10026
10027
10028
10029
10030
10031
10033
10034
10036
10037
10038
10041
10043
10044
10045
10046
10047
10048
10049
10050
10051
10052
10053
10054
10055
10056
10057
10058
10059
10060
10061
10062
10063
10064
10065
10066
10067
10068
10069
10070
10071
10072
10073
10074
10075
10076
10077
10078
10079
10080
10081
10082
10083
10084
10085
10242
10365
10398
10574
10708
10880
10911
11472
11545
11565
11687
11804
12201
12220
12466
12672
13208
13311
13637
13734
14082
14661
14676
14931
14994
15495
15605
15761
15886
17065
17083
17398
17399
17864
351
905
1258
1260
1628
1725
1835
2103
2407
2472
2710
2870
3344
3692
4416
4579
4815
4889
5032
5646
5819
5834
5913
6173
6626
7476
7690
9003
9386
9620
10532
10749
10860
10905
11788
12085
12133
12552
12866
12956
13049
13106
13426
13705
14296
14531
14570
14656
15598
15911
16229
16352
17053
17578
18354
18479
