103
170
437
502
649
812
829
974
1073
1208
1495
1656
1760
2538
3012
3043
3103
3131
3787
3877
4078
4131
4226
4341
4536
4592
4668
4676
5797
5810
6034
6192
6303
6739
6962
6991
8028
8153
8391
8496
8748
8838
8864
9153
9735
9950
10590
10783
10975
11146
11387
11930
12135
12581
12646
12946
13212
14192
14639
14658
15079
15986
16145
16318
16371
1207
1253
1831
1983
2925
3226
4383
4694
4761
5450
5674
6393
7122
7290
7412
7470
7504
7767
8507
9065
9229
9684
9853
10115
10175
10470
10623
10725
10994
11160
11871
12579
13159
13441
13942
14108
14141
14268
14614
15452
15832
16142
16390
16736
