96
189
234
235
328
592
796
845
1414
1472
1504
1597
1629
1819
2100
2189
2271
2290
2291
2395
2620
2686
3195
3371
3561
3948
5089
5208
5223
6164
7403
7568
7753
8431
9296
9344
9456
10356
11322
11563
11616
11863
11977
12447
12492
12560
13008
13422
13423
13497
14263
14753
15076
15280
15291
15632
15633
15634
15635
15659
15700
15775
15889
16373
16580
17043
17075
17877
79
228
490
599
647
1594
2643
3187
3265
3718
4319
4800
4891
5083
5355
7803
7902
9198
9430
9665
10264
10339
10340
10397
13205
14096
14268
14777
15613
16015
17472
17570
