44
67
127
177
184
241
488
892
1063
1277
1314
1345
1454
1526
1604
1655
1723
1856
2091
2100
2101
2292
2350
2548
2597
2664
2731
2734
2874
2875
2910
2940
2992
3034
3074
3179
3180
3309
3325
3502
3593
3753
3802
4059
4199
4824
5258
5596
5702
5952
5960
6085
6490
6618
6627
6643
6791
6865
6952
6997
6998
7024
7169
7208
7214
7255
7342
7372
7388
7396
7704
7756
7770
8089
8181
8193
8508
8984
9344
9365
9367
9465
9887
9890
10029
10074
10229
10237
10401
10681
10841
10946
10967
11012
11024
11392
11393
11435
11445
11589
11667
11688
11777
12242
12299
12302
12367
1778
2097
2549
2679
2891
3090
3879
4763
4764
4765
4766
4767
4768
4873
4912
5721
6306
6973
7267
7418
7617
8008
8130
8150
9068
9369
10062
10818
11190
11220
11247
12515
