783
1015
1018
1338
1556
1623
1747
2209
2368
2709
3253
3451
3743
4468
4948
5517
5800
6142
6206
6496
7141
7621
7864
8003
8067
8485
8785
8879
9023
9452
9491
9653
10288
11300
11862
12366
12675
13268
13413
13480
13699
13736
14021
14098
14144
14261
14299
14302
14553
258
508
1111
1435
1592
1658
1861
2243
2306
2377
2664
3121
3301
3521
4126
4272
4478
4796
5021
5422
5678
5827
5828
5987
6079
6374
6556
6637
6755
6875
6911
6971
7062
7183
7216
7324
8190
9297
9657
9676
9719
9814
9821
9858
9891
10233
10356
10722
10758
10776
11677
11777
12406
12535
12692
12779
13221
13507
14046
14348
14369
15140
15170
