groupid:  10360, ntrk:  2
vertex track :          0   3  35    3241111 -0.0814 -0.1816   56835.8   87523.1     227.3    13  2282.7
   36 3      1 -0.0825 -0.1814   56238.1    8058.8   -2869.3 -0.0808 -0.1853   56174.3   89964.9  -50354.5
       21.7       2.7   56231.5    8037.9   56232.2    8039.4   56454.5    8289.5   56226.6    8040.1
   37 3      2 -0.0811 -0.1819   57990.8   10052.6   -3716.6 -0.0808 -0.1853   56242.7   90121.9  -51201.8
       26.5       5.8   57985.4   10026.1   57989.9   10036.2   58206.2   10289.0   57974.7   10030.8
   38 3      3 -0.0829 -0.1808   58485.6    8962.6   -6585.4 -0.0808 -0.1853   56474.5   90653.5  -54070.7
       42.9      11.3   58478.0    8918.9   58496.3    8958.8   58703.0    9216.1   58457.4    8928.3
vertex track :         33   3  35    3028518  0.4291  1.4380   58431.2   92552.3     233.8  2212   631.0
   36 3      1  0.4738  1.4531   58686.8    9821.0   -2891.7  0.4417  1.4236   56182.7   89958.8  -50366.6
      172.4      37.4   58704.7    9996.5   58697.3    9973.9   58879.5    9857.0   58775.9    9973.3
   37 3      2  0.4468  1.4057   56415.6    7034.3   -3707.2  0.4417  1.4236   55822.5   88797.9  -51182.1
      247.8      89.7   56405.1    7297.7   56348.8    7120.6   56636.5    6982.4   56576.2    7243.3
   38 1      3  0.3955  1.4794   56327.5   81646.0   -6006.7  0.4417  1.4236   54806.8   85524.3  -53481.6
      399.1     159.9   56276.0   82072.9   56152.9   81612.4   56589.3   81430.6   56585.1   81990.3
