groupid:  10125, ntrk:  2
vertex track :          0   3 125    9219191  0.0080  0.0307  163848.4  175002.6     190.2    13  2230.8
  126 6      1  0.0078  0.0305   44492.4   19639.9   -2868.9  0.0061  0.0322  163615.1  177608.2 -217525.9
       10.8       2.2   44493.0   19651.0   44489.2   19636.4   44701.8   19839.0   44497.2   19649.9
  127 6      2  0.0079  0.0306   45505.5   24332.7   -3720.8  0.0061  0.0322  163609.9  177580.8 -218377.8
       14.5       5.4   45503.9   24348.1   45498.3   24326.4   45717.1   24527.3   45514.3   24345.4
  128 6      3  0.0078  0.0308   42253.6   22770.8   -6585.4  0.0061  0.0322  163592.3  177488.6 -221242.4
       25.5      10.7   42249.6   22798.2   42238.7   22755.2   42467.7   22953.5   42270.2   22793.0
vertex track :         62   3 125    9878589 -4.3952 -2.1643  155333.2  170770.0     200.2     0  9998.9
  126 6      1 -4.5909 -2.2119   46742.3   21391.0   -2507.8 -4.4562 -2.1686  167122.9  179360.3 -217186.3
      896.8      17.9   45942.3   20985.6   46593.9   21299.6   47747.9   22004.2   45926.7   21017.9
  127 6      2 -3.9811 -1.9933   51566.5   24951.0   -3341.9 -4.4562 -2.1686  170839.8  181169.1 -218020.4
     1147.8      25.9   50551.8   24413.9   51768.5   25023.1   52787.3   25696.1   50528.6   24460.3
  128 6      3 -4.3154 -2.0300   65258.3   33812.4   -6236.3 -4.4562 -2.1686  183738.1  187445.9 -220914.9
     2038.6      48.9   63434.4   32900.5   66217.6   34209.6   67287.8   34932.4   63392.8   32989.0
