groupid:  10671, ntrk:  2
vertex track :          0   3 115    5032791  0.4722 -0.1112   94718.0  183342.4     133.6    13   685.5
  116 5      1  0.4707 -0.1153   99231.6   29763.0   -2868.4  0.4807 -0.1107   94137.3  186347.0 -198932.0
       48.3       8.9   99280.7   29760.2   99285.7   29759.0   99393.1   29975.7   99276.4   29742.9
  117 5      2  0.4711 -0.1135   96443.0   29547.8   -3719.3  0.4807 -0.1107   93728.3  186441.2 -199783.0
       60.6      21.0   96506.9   29554.0   96487.9   29558.5   96589.7   29751.4   96497.0   29513.2
  118 5      3  0.4711 -0.1105   91090.6   26726.0   -6587.5  0.4807 -0.1107   92349.6  186758.7 -202651.1
       99.7      41.7   91197.1   26743.8   91102.0   26766.1   91194.5   26918.1   91178.1   26662.7
vertex track :         14   3 115    5032785 -0.4813  0.3917   94608.5  183399.8     133.6  2212   751.0
  116 5      1 -0.4944  0.4006   93116.3   25052.8   -2609.4 -0.4771  0.3958   96779.1  184986.6 -198672.6
       57.8      12.5   93063.6   25079.4   93049.5   25090.8   93378.6   25236.5   93079.3   25098.9
  117 5      2 -0.4740  0.3902   95423.2   25100.6   -3427.4 -0.4771  0.3958   97169.3  184662.8 -199490.6
       75.2      31.1   95345.4   25124.4   95362.0   25110.7   95710.6   25287.2   95385.0   25172.4
  118 5      3 -0.5007  0.3703   99507.9   27094.9   -6302.7 -0.4771  0.3958   98541.0  183524.6 -202366.0
      129.1      64.2   99366.0   27120.0   99468.4   27044.3   99859.4   27280.2   99442.4   27223.3
