groupid:   1177, ntrk:  5
vertex track :          0   3  45    3202095  0.0480 -0.0808   90593.5  161459.7     185.4    13  7987.7
   46 3      1  0.0483 -0.0805   90841.3   82902.0   -2868.7  0.0487 -0.0837   90835.6  164944.2  -68167.7
       13.4       1.0   90849.1   82890.9   90845.4   82897.1   91043.6   83122.9   90847.4   82889.9
   47 3      2  0.0480 -0.0808   92400.7   84070.3   -3722.0  0.0487 -0.0837   90794.0  165015.6  -69021.0
       16.6       1.8   92410.8   84056.9   92403.8   84068.6   92600.7   84293.6   92407.7   84055.1
   48 3      3  0.0477 -0.0809   90408.4   84354.3   -6586.3  0.0487 -0.0837   90654.4  165255.3  -71885.2
       27.8       3.4   90425.5   84332.1   90407.3   84363.0   90601.5   84586.4   90419.6   84328.7
vertex track :          8   3  45    3396795 -0.0087 -0.3412   90434.8  160774.5     184.3  2212   707.6
   46 3      1 -0.0240 -0.3355   88394.1   86340.7   -2811.8 -0.0079 -0.3429   90849.6  165034.8  -68112.0
       36.4      12.7   88404.2   86303.4   88404.3   86305.6   88594.0   86587.5   88378.8   86305.2
   47 3      2  0.0058 -0.3711   90836.1   83417.1   -3624.1 -0.0079 -0.3429   90856.0  165313.3  -68924.3
       51.7      31.1   90868.0   83365.9   90867.6   83391.4   91014.2   83678.0   90805.8   83364.9
   48 3      3  0.0124 -0.3780   89409.1   86088.1   -6766.4 -0.0079 -0.3429   90880.7  166390.9  -72066.6
       95.3      65.3   89477.5   85995.0   89473.8   86106.2   89550.7   86390.9   89346.9   85990.7
vertex track :         53   3  45    4387708 -0.0569  0.5475   90453.8  162388.1     185.5  2212   345.1
   46 3      1 -0.0591  0.5456   90990.2   82068.7   -2866.1 -0.0565  0.5392   91016.4  163965.2  -68161.8
       81.4      54.0   90927.8   82143.9   90932.9   82096.5   91262.6   82204.1   91035.2   82155.5
   47 3      2 -0.0573  0.5466   92640.2   82729.9   -3714.5 -0.0565  0.5392   91064.4  163507.8  -69010.2
      165.2     133.9   92489.8   82880.3   92512.3   82666.4   93000.6   82790.1   92756.2   82908.2
   48 3      3 -0.0553  0.5449   90956.2   81009.2   -6586.2 -0.0565  0.5392   91226.6  161959.4  -71881.9
      318.8     265.7   90659.7   81299.5   90712.5   80779.6   91462.7   80929.4   91188.3   81353.2
vertex track :        115   3  46    3187099  0.5967 -0.3647   90742.3  160438.2     188.3     0  1670.8
   43 3     -2  0.5977 -0.3621   94497.5   84990.8    6586.2  0.5985 -0.3571   93442.6  163297.3  -61538.5
      119.8      20.7   94610.7   84946.4   94531.3   84994.5   94594.9   85244.8   94589.2   84911.0
   44 3     -1  0.5979 -0.3638   92825.1   84560.7    3719.3  0.5985 -0.3571   91726.8  164321.0  -64405.4
       74.6      10.3   92894.1   84530.8   92892.3   84531.9   92966.6   84800.3   92883.4   84513.1
   45 3      0  0.5968 -0.3637   91421.7   83088.5    2868.3  0.5985 -0.3571   91217.5  164624.9  -65256.4
       62.4       5.4   91477.8   83060.6   91496.5   83049.2   91576.2   83326.1   91472.2   83051.4
vertex track :        191   3  46    5860944 -3.5630 -3.3962  100854.8  167187.9     126.9     0  8934.4
   43 3     -2 -3.3991 -3.3343   75831.9   64294.1    6143.5 -3.5472 -3.3987   78356.6  151914.3  -61919.7
     1926.2      47.5   74490.1   62911.3   76526.4   64908.8   77380.4   65883.5   74423.6   62979.1
   44 3     -1 -3.5072 -3.2124   87339.1   70380.7    3593.7 -3.5472 -3.3987   87401.3  160580.3  -64469.5
     1135.2      26.3   86519.8   69594.6   87457.5   70453.5   88365.0   71373.6   86484.3   69633.4
   45 3      0 -3.8939 -3.5734   91876.6   77631.0    2789.9 -3.5472 -3.3987   90252.7  163312.2  -65273.3
      891.0      17.9   91232.2   77015.4   91727.4   77469.8   92727.1   78453.0   91208.1   77041.7
