groupid:  11419, ntrk:  3
vertex track :          0   3  61    3838721  0.6809  0.0053   65513.9  156341.7     320.9    13   780.9
   62 3      1  0.6797  0.0181   60450.2   73438.8   -2870.4  0.6865  0.0088   63040.3  157572.3  -98537.7
       68.1      10.1   60518.0   73450.7   60524.7   73450.9   60593.2   73636.9   60518.5   73430.5
   63 3      2  0.6802  0.0083   63306.1   74946.3   -3721.0  0.6865  0.0088   62456.3  157564.8  -99388.3
       83.2      22.4   63389.0   74969.8   63365.5   74969.5   63433.9   75132.9   63389.6   74924.9
   64 3      3  0.6776  0.0105   62900.5   79220.8   -6587.1  0.6865  0.0088   60488.7  157539.4 -102254.4
      132.7      43.4   63032.5   79266.3   62909.5   79264.4   62979.2   79385.4   63033.8   79179.5
vertex track :         69   3  61    3838720 -3.9769  0.9372   65244.5  156395.7     320.9  2212   940.5
   62 3      1 -3.8092  0.6642   75764.1   78372.2   -2832.9 -3.9600  0.9080   77449.6  154789.5  -98499.7
      802.3      72.8   74961.3   78438.2   75742.0   78302.1   76773.2   78516.8   74986.3   78581.7
   63 3      2 -3.8329  0.9203   79475.4   73945.2   -3679.3 -3.9600  0.9080   80801.4  154021.0  -99346.2
     1178.1     174.7   78289.1   74050.4   79775.2   73693.5   80867.8   74050.9   78370.7   74390.1
   64 3      3 -4.0803  0.8145   87222.6   72468.4   -6534.1 -3.9600  0.9080   92106.3  151428.9 -102200.9
     2105.6     341.2   85090.9   72546.0   88363.8   71892.6   89560.1   72601.6   85224.5   73215.2
vertex track :        222   3  62    3812495  3.3498  0.0192   58249.1  153091.8     228.2     0  4291.4
   59 3     -2  3.3570 -0.0418   86320.2   77626.9    6586.2  3.4308 -0.0085   81703.7  157691.4  -91781.3
     1017.9      45.8   87338.6   77660.0   86007.8   77676.6   85515.1   77803.7   87337.4   77568.4
   60 3     -1  3.3522  0.0003   71980.4   77229.2    3715.1  3.4308 -0.0085   71853.5  157715.8  -94652.4
      582.1      23.3   72562.4   77252.5   72102.2   77252.5   71611.6   77415.9   72562.4   77206.0
   61 3      0  3.3543 -0.0177   70137.9   76112.9    2867.3  3.4308 -0.0085   68945.0  157723.0  -95500.2
      458.1      13.7   70596.1   76124.1   70384.3   76125.2   69893.1   76311.6   70595.9   76096.8
