groupid:    110, ntrk:  2
vertex track :          0   3 105    2809552  0.1018  0.1084   72068.5   98463.9     173.5    13   968.3
  106 3      1  0.1018  0.1082   76420.7   23889.5   -2868.0  0.1030  0.1081   71957.3  101945.1 -179609.0
       17.7       5.2   76429.1   23905.9   76426.2   23902.9   76622.5   24083.2   76436.6   23898.9
  107 3      2  0.1017  0.1083   73154.6   22258.0   -3718.4  0.1030  0.1081   71869.7  101853.3 -180459.3
       24.1      12.7   73161.9   22284.3   73150.3   22271.9   73357.5   22441.9   73180.3   22266.9
  108 3      3  0.1009  0.1087   71607.3   20923.8   -6583.7  0.1030  0.1081   71574.4  101543.7 -183324.6
       41.7      25.1   71617.3   20971.5   71581.8   20933.2   71807.5   21086.3   71654.1   20937.3
vertex track :          6   3 105    2809550 -0.1733  0.0724   71451.3   98387.2     173.5  2212   438.0
  106 3      1 -0.1688  0.0651   68331.6   17308.3   -2534.9 -0.1734  0.0721   72120.1  102001.9 -179275.1
       31.1      24.4   68293.8   17296.7   68316.5   17288.0   68579.3   17529.9   68311.4   17342.2
  107 3      2 -0.1641  0.0747   69472.4   17394.8   -3356.1 -0.1734  0.0721   72262.5  101942.7 -180096.3
       68.4      63.5   69383.8   17365.4   69473.9   17324.4   69770.8   17634.3   69436.4   17480.9
  108 3      3 -0.1637  0.0784   72141.9   19699.9   -6734.0 -0.1734  0.0721   72848.3  101699.3 -183474.2
      152.0     144.1   71942.5   19635.5   72182.3   19520.7   72551.1   19974.3   72067.0   19895.5
