groupid:   1193, ntrk:  5
vertex track :          0   3  65    4359171  0.1172  0.0956  206473.3  100135.4     295.8    13 10000.6
   66 4      1  0.1177  0.0950   84191.4   19441.2   -2868.4  0.1111  0.0948  205994.1  100821.3 -105980.2
       17.6       1.3   84204.3   19453.3   84201.6   19451.1   84388.7   19639.2   84206.0   19451.2
   67 4      2  0.1180  0.0936   82263.4   20857.3   -3716.8  0.1111  0.0948  205899.8  100740.9 -106828.6
       21.2       2.0   82278.7   20872.1   82270.3   20865.3   82458.1   21052.6   82281.2   20868.9
   68 4      3  0.1171  0.0961   84266.8   25092.4   -6583.8  0.1111  0.0948  205581.2  100469.1 -109695.6
       34.1       3.6   84290.8   25116.9   84262.7   25093.8   84452.8   25278.0   84295.5   25111.2
vertex track :         43   3  65    5028390 -2.3496 -3.2949  203398.0   95537.5     287.6   211   529.7
   66 4      1 -2.5781 -3.3865   90879.3   26874.9   -2699.4 -2.4122 -3.3471  210458.3  106532.1 -105826.3
      777.9      83.8   90474.8   26205.1   90875.9   26731.9   91491.3   27751.2   90341.4   26306.7
   67 4      2 -2.3403 -3.1839   92569.2   29257.1   -3538.4 -2.4122 -3.3471  212482.2  109340.4 -106665.3
     1225.2     207.3   92010.6   28147.1   92970.4   29452.9   93335.5   30573.8   91676.6   28392.6
   68 4      3 -2.3850 -3.3781  101437.2   44887.3   -6468.5 -2.4122 -3.3471  219550.0  119147.7 -109595.4
     2296.9     418.8  100454.6   42769.4  102603.3   45812.8  102627.5   47211.9   99770.4   43252.4
vertex track :         59   3  65    5207457 -1.2276  2.9721  205498.6  102402.3     297.4     0  1489.9
   66 4      1 -1.2104  2.9745   86796.8   13963.9   -2870.1 -1.2317  2.9926  209267.3   93902.8 -105988.2
      503.3      26.1   86582.9   14420.2   86708.2   14112.5   87219.6   13720.5   86631.3   14439.9
   67 4      2 -1.2052  2.9864   85966.3   12987.6   -3715.8 -1.2317  2.9926  210309.0   91372.0 -106833.9
      639.0      56.8   85674.5   13558.9   85899.6   13000.9   86466.9   12629.3   85779.8   13601.4
   68 2      3 -1.2425  2.9650   91096.8   82712.6   -6583.4 -1.2317  2.9926  213841.1   82790.6 -109701.5
     1075.9     110.0   90579.5   83662.4   91150.2   82300.4   91822.8   81975.7   90782.4   83747.4
vertex track :         87   3  66    4746433 -1.1638  3.0701  207330.8   92909.5     180.2     0  2232.0
   63 4     -2 -1.1854  3.0624   82236.7   35700.8    6586.0 -1.1861  3.0664  200985.8  114903.9  -99098.5
     1009.0      72.7   81804.7   36615.6   82284.2   35376.7   82877.5   34999.2   81940.2   36668.0
   64 4     -1 -1.1655  3.0720   85947.5   28122.9    3718.5 -1.1861  3.0664  204387.1  106110.9 -101966.0
      577.7      35.9   85709.0   28650.3   85874.1   28215.1   86394.8   27808.5   85776.1   28675.8
   65 4      0 -1.1511  3.0815   86070.9   23345.9    2866.1 -1.1861  3.0664  205398.1  103497.3 -102818.3
      451.1      17.2   85896.9   23762.5   85970.9   23564.4   86453.7   23142.4   85929.1   23774.5
vertex track :         88   3  66    4747855 -0.5740  2.4710  205841.3   94488.6     180.3   211   347.0
   63 4     -2 -0.8629  2.5818   81520.8   32899.7    6368.4 -0.5878  2.4635  203443.6  112075.1  -99321.9
     1048.3     313.7   80891.0   33794.5   81374.4   32348.2   82359.7   32217.5   81486.0   33993.3
   64 4     -1 -0.7661  2.4762   78326.7   23640.4    3500.8 -0.5878  2.4635  205129.0  105010.8 -102189.5
      531.3     146.7   78029.5   24104.6   78182.7   23609.4   78833.1   23388.6   78309.8   24191.3
   65 4      0 -0.5358  2.4560   83389.9   21509.0    2678.7 -0.5878  2.4635  205612.2  102985.7 -103011.5
      318.7      54.8   83268.4   21808.7   83291.8   21701.6   83720.8   21421.7   83375.5   21832.0
