groupid:  12555, ntrk:  2
vertex track :          0   3  73    3045128 -0.0434  0.0629  108318.7  103360.8     137.9    13  1602.0
   74 3      1 -0.0428  0.0634  111344.3   24960.1   -2867.9 -0.0412  0.0602  109190.7  105065.5 -120371.4
       12.5       3.0  111334.8   24968.8  111339.8   24961.3  111563.7   25161.4  111339.7   24972.2
   75 3      2 -0.0432  0.0630  110409.6   25192.6   -3718.0 -0.0412  0.0602  109225.8  105014.3 -121221.5
       16.9       7.4  110393.9   25202.4  110403.9   25187.7  110635.2   25392.9  110406.1   25210.8
   76 3      3 -0.0430  0.0629  111712.4   26555.5   -6586.3 -0.0412  0.0602  109344.0  104841.7 -124089.8
       29.6      14.8  111683.4   26571.5  111707.8   26535.8  111951.3   26749.4  111707.8   26588.3
vertex track :         87   3  74    3284787 -3.1795 -3.8231  117420.0  112737.4     244.0     0 10001.0
   71 3     -2 -3.1588 -3.8477  100356.3   10614.5    6585.9 -3.1347 -3.8226   95726.2   88975.4 -113400.3
     2065.7      48.9   99083.4    8986.8  101041.5   11372.0  101836.1   12448.2   99007.8    9048.9
   72 3     -1 -3.1732 -3.8352  106166.9   21439.1    3718.2 -3.1347 -3.8226  104715.6   99937.5 -116268.0
     1158.2      25.8  105448.4   20530.3  106258.7   21509.7  107092.2   22554.1  105408.6   20563.2
   73 3      0 -3.1630 -3.8344  107175.7   23128.7    2867.8 -3.1347 -3.8226  107381.4  103188.3 -117118.4
      895.3      17.6  106619.6   22426.8  107094.8   23002.9  107938.7   24036.7  106592.4   22449.2
