groupid:  12530, ntrk:  2
vertex track :          0   3  55    6865765  0.5074 -0.1706  203080.1  200908.4     179.9    13  1017.7
   56 6      1  0.5068 -0.1711   79731.4   44441.1   -2865.8  0.5094 -0.1718  199738.7  201964.6  -86684.0
       52.5       7.0   79783.3   44431.0   79790.3   44428.6   79889.9   44661.1   79778.8   44417.7
   57 6      2  0.5055 -0.1741   82301.2   45121.5   -3717.9  0.5094 -0.1718  199304.6  202111.0  -87536.1
       63.6      15.2   82366.3   45115.2   82352.2   45120.0   82446.6   45337.7   82356.4   45086.4
   58 6      3  0.5060 -0.1776   79419.1   44553.8   -6583.9  0.5094 -0.1718  197844.6  202603.3  -90402.1
      101.7      29.8   79525.0   44548.2   79439.3   44578.2   79523.8   44769.2   79505.3   44492.0
vertex track :         30   3  55    6866308 -1.1228  0.2153  199177.5  201827.5     181.6  2212   590.5
   56 6      1 -1.1470  0.1671   82313.1   44812.3   -2906.8 -1.1174  0.2207  200841.7  201695.5  -86718.9
      122.2      31.7   82187.6   44798.5   82188.6   44798.4   82647.5   45036.3   82196.7   44861.3
   57 6      2 -1.0952  0.3020   85857.1   43567.0   -3736.7 -1.1174  0.2207  201769.1  201512.4  -87548.8
      176.3      76.9   85666.7   43539.7   85776.6   43509.5   86256.3   43804.6   85707.6   43688.0
   58 6      3 -1.0765  0.2115   88292.1   44455.1   -6787.6 -1.1174  0.2207  205178.1  200839.2  -90599.6
      318.8     156.8   87949.0   44362.8   88348.7   44284.2   88844.1   44757.7   88009.5   44670.4
