groupid:   1223, ntrk:  2
vertex track :          0   3  87    1621327  0.0606 -0.3378  194952.8   73592.8     325.3    13   873.5
   88 2      1  0.0640 -0.3371   73265.4   72989.3   -2866.7  0.0603 -0.3450  194039.6   76672.3 -146256.9
       36.2       7.0   73278.9   72955.1   73278.9   72955.4   73461.8   73233.3   73265.3   72952.5
   89 2      2  0.0632 -0.3363   73320.1   73679.4   -3716.5  0.0603 -0.3450  193988.4   76965.5 -147106.7
       45.2      16.0   73344.2   73637.9   73340.8   73656.1   73506.1   73930.5   73312.8   73632.0
   90 2      3  0.0611 -0.3388   75680.3   77654.0   -6591.2  0.0603 -0.3450  193815.0   77957.1 -149981.4
       73.6      31.1   75724.0   77587.1   75710.7   77660.8   75846.7   77930.6   75662.8   77576.1
vertex track :        246   3  88    2084668  1.3749 -4.2808  189297.1   86729.5     249.8     0  1367.9
   85 2     -2  1.3409 -4.3061   81576.2   59585.7    6585.0  1.3446 -4.3038  198964.9   62323.5 -140248.9
     1878.2     173.6   82300.4   57844.0   81465.1   60526.3   81063.3   61533.0   81968.8   57740.8
   86 2     -1  1.3764 -4.2765   74058.4   67178.8    3718.2  1.3446 -4.3038  195110.2   74661.7 -143115.7
     1031.8      83.5   74454.0   66222.3   74110.9   67288.5   73874.2   68341.1   74295.1   66171.1
   87 2      0  1.3362 -4.2930   75857.4   72617.4    2869.0  1.3446 -4.3038  193968.4   78316.2 -143964.8
      760.7      34.0   76116.0   71901.2   75944.5   72452.3   75810.2   73539.3   76051.0   71881.0
