groupid:  12833, ntrk:  6
vertex track :          0   3  23    1839741  0.3986  0.0278  186322.9   73838.6     246.0    13   454.4
   24 2      1  0.3980  0.0252   61933.9   73960.4   -2870.0  0.4035  0.0238  183270.0   76187.9  -27781.1
       42.5      12.9   61975.5   73975.9   61974.3   73975.9   62102.7   74154.9   61977.1   73950.3
   25 2      2  0.3973  0.0305   60741.7   73687.5   -3720.8  0.4035  0.0238  182926.6   76167.6  -28631.8
       58.1      31.1   60797.3   73723.0   60764.8   73720.5   60896.6   73862.1   60802.0   73660.9
   26 2      3  0.3977  0.0268   62099.6   75697.0   -6586.8  0.4035  0.0238  181770.1   76099.5  -31497.9
       99.5      61.1   62194.7   75764.7   62079.7   75756.9   62214.8   75839.3   62202.9   75642.7
vertex track :         17   3  23    1839191 -0.1391 -0.2513  184799.2   73063.2     248.0   211   297.3
   24 2      1 -0.1756 -0.2392   66355.5   71226.4   -3221.9 -0.1364 -0.2558  183472.6   76373.3  -28131.8
       39.8      22.7   66350.3   71180.9   66360.5   71194.8   66570.6   71481.7   66313.7   71207.8
   25 2      2 -0.1392 -0.2183   67718.6   74201.6   -4046.1 -0.1364 -0.2558  183585.0   76584.2  -28956.1
       66.7      53.0   67727.4   74116.9   67769.9   74183.6   67919.6   74496.2   67638.0   74173.9
   26 2      3 -0.1630 -0.2645   66616.0   72382.4   -7013.1 -0.1364 -0.2558  183989.7   77343.2  -31923.1
      121.8     102.4   66639.3   72224.9   66732.9   72376.8   66802.5   72749.6   66464.8   72332.4
vertex track :         30   3  23    2048210  4.0049 -2.5986  197309.3   66217.0     228.8     0 10001.0
   24 2      1  3.9790 -2.6273   61249.3   74868.8   -2866.5  4.0880 -2.6951  182833.8   76914.5  -27827.3
      965.9      20.1   62066.4   74353.3   61289.9   74866.0   60646.2   75591.6   62044.3   74319.8
   25 2      2  4.0109 -2.5967   56941.7   76782.3   -3721.3  4.0880 -2.6951  179339.1   79218.5  -28682.1
     1212.9      28.3   57975.2   76146.8   56781.1   76919.9   56122.2   77625.1   57944.5   76099.4
   26 4      3  3.9897 -2.6193   47144.1    7118.0   -6593.4  4.0880 -2.6951  167598.0   86959.2  -31554.2
     2056.6      50.6   48891.1    6031.5   46290.5    7738.9   45611.1    8411.8   48835.6    5947.0
vertex track :         61   3  23    2266848 -3.8897  2.2485  175794.0   79315.5     262.6   211     nan
   24 2      1 -3.9139  2.2140   68172.9   70446.1   -3201.8 -3.7927  2.2083  187149.4   74125.7  -28068.8
        nan       nan      -nan       nan       nan       nan       nan       nan       nan       nan
   25 2      2 -4.2262  2.0281   72709.7   71046.5   -4014.0 -3.7927  2.2083  190229.9   72332.0  -28881.0
        nan       nan      -nan       nan       nan       nan       nan       nan       nan       nan
   26 2      3 -4.2481  2.5159   82266.0   62348.9   -6877.1 -3.7927  2.2083  201088.8   66009.3  -31744.1
        nan       nan      -nan       nan       nan       nan       nan       nan       nan       nan
vertex track :        143   3  24    1612494 -2.1801  1.3352  190025.6   70638.6     335.6     0  4666.2
   21 2     -2 -2.1922  1.3140   56744.9   79539.5    6583.6 -2.2003  1.3196  176203.8   81086.0  -21640.8
      625.7      32.0   56191.7   79833.7   56804.7   79466.3   57505.8   79456.6   56224.6   79888.7
   22 2     -1 -2.2010  1.3016   61433.8   76972.1    3716.0 -2.2003  1.3196  182513.5   77301.8  -24508.4
      361.9      16.3   61113.9   77142.2   61274.8   77047.1   61961.4   77013.2   61130.6   77170.3
   23 2      0 -2.2107  1.2882   63904.5   73339.0    2867.1 -2.2003  1.3196  184381.3   76181.5  -25357.3
      288.9      10.2   63649.8   73475.6   63684.8   73455.2   64367.1   73413.6   63660.1   73493.2
vertex track :        170   3  24    1820117 -1.7089 -2.0244  186500.8   77137.6     346.9   211   494.2
   21 2     -2 -1.7245 -2.1094   52194.0   65277.2    6434.4 -1.7117 -2.0703  175953.0   66729.2  -21796.2
      896.4     220.8   51797.6   64443.4   52570.2   65388.5   52798.8   66318.9   51455.7   64723.0
   22 2     -1 -1.4907 -1.9702   57199.9   70191.8    4084.4 -1.7117 -2.0703  179975.5   71594.4  -24146.2
      535.7     120.1   56972.5   69692.1   57305.9   70132.8   57635.9   70899.6   56780.9   69837.1
   23 2      0 -1.5717 -2.0789   58325.2   72243.2    3264.8 -1.7117 -2.0703  181378.5   73291.2  -24965.9
      365.0      48.6   58143.9   71922.7   58254.1   72068.4   58715.0   72771.6   58066.3   71981.3
