groupid:  12811, ntrk:  6
vertex track :          0   3 101    1341413  0.1253 -0.0748  160272.4   44388.1     257.5    13 10000.6
  102 2      1  0.1255 -0.0750   37502.8   44997.3   -2867.6  0.1274 -0.0724  158555.6   45560.4 -172486.1
       17.1       1.3   37518.1   44989.6   37515.1   44991.4   37697.6   45214.9   37516.8   44987.4
  103 2      2  0.1250 -0.0749   36805.3   42868.7   -3716.8  0.1274 -0.0724  158447.4   45621.9 -173335.3
       20.6       1.9   36824.0   42859.8   36814.8   42865.3   36996.7   43087.6   36822.0   42856.4
  104 2      3  0.1247 -0.0763   38663.5   43805.1   -6581.6  0.1274 -0.0724  158082.4   45829.5 -176200.0
       33.4       3.6   38693.8   43790.7   38663.1   43809.6   38843.3   44029.4   38690.1   43784.7
vertex track :         73   3 101    2223441 -0.0642  2.6874  160113.1   46219.2     256.8   211   566.9
  102 2      1 -0.0280  2.5848   42057.1   37273.0   -2958.3 -0.0350  2.7322  158924.9   38388.9 -172583.7
      399.4      49.0   42003.8   37671.8   42006.6   37415.9   42320.4   37086.7   42101.8   37672.9
  103 2      2 -0.2331  2.5881   41722.2   34942.1   -3778.9 -0.0350  2.7322  158953.6   36146.9 -173404.3
      561.3     115.5   41556.8   35490.8   41608.6   34916.2   42097.4   34606.1   41786.9   35511.5
  104 2      3 -0.0091  2.7412   41676.8   27511.0   -6455.9 -0.0350  2.7322  159047.3   28833.0 -176081.2
      955.5     218.1   41455.6   28465.8   41460.0   27130.4   42108.1   26768.9   41891.7   28467.3
vertex track :        108   3 102    1346511 -1.6275 -0.0846  162994.6   44810.1     310.7     0  4114.7
   99 2     -2 -1.6211 -0.0743   30650.9   42867.0    6586.2 -1.6359 -0.0692  153367.8   44878.4 -166054.5
      315.3      22.3   30337.0   42830.2   30626.5   42843.5   31173.3   43113.7   30334.9   42874.9
  100 2     -1 -1.6284 -0.0711   37868.7   43941.4    3716.4 -1.6359 -0.0692  158062.4   45076.9 -168924.3
      189.7      11.5   37679.7   43921.6   37716.7   43923.2   38266.1   44171.1   37678.7   43944.6
  101 2      0 -1.6278 -0.0954   39374.3   42747.3    2867.9 -1.6359 -0.0692  159450.4   45135.6 -169772.8
      156.1       7.4   39218.8   42730.7   39188.7   42729.0   39738.1   42973.7   39218.0   42745.5
vertex track :        111   3 102    1347682  0.0959 -0.8608  157992.1   45180.1     317.4  2212   394.2
   99 2     -2  0.0833 -0.8618   38972.8   39274.8    6991.6  0.0942 -0.8589  159216.6   39988.7 -165648.5
      368.2     253.7   39260.7   38932.7   39207.4   39484.8   38894.9   39826.1   38755.7   38883.9
  100 2     -1  0.1138 -0.8161   36545.8   40695.6    3796.5  0.0942 -0.8589  158915.6   42733.0 -168843.6
      176.5     114.5   36683.6   40536.6   36658.7   40714.8   36618.2   41063.7   36456.8   40505.0
  101 2      0  0.0871 -0.8992   35367.2   42518.4    2957.2  0.0942 -0.8589  158836.6   43453.8 -169682.8
       95.8      43.4   35419.7   42427.3   35419.5   42429.1   35524.9   42818.6   35333.2   42418.9
vertex track :        169   3 102    1993108  0.0502  2.7590  158068.8   38423.5     305.9   211   459.3
   99 2     -2  0.0521  2.7573   37517.2   56468.6    6584.4  0.0660  2.7979  159048.0   56507.0 -166021.6
     1045.3     261.6   37275.4   57518.6   37246.9   56007.4   37969.0   55631.2   37798.5   57508.7
  100 2     -1  0.0700  2.7585   39332.9   48301.8    3717.9  0.0660  2.7979  158858.7   48486.9 -168888.1
      548.2     124.1   39222.8   48853.0   39209.7   48336.1   39653.1   47963.3   39470.9   48846.7
  101 2      0  0.0276  2.7586   39392.4   44777.0    2867.9  0.0660  2.7979  158802.6   46108.6 -169738.1
      354.3      46.8   39349.2   45131.7   39347.9   45002.5   39645.7   44635.0   39442.7   45130.8
vertex track :        185   3 102    2022827 -1.8950  1.3571  161968.1   42215.7     307.7     0  6497.5
   99 2     -2 -1.9497  1.2369   29660.1   50912.0    7029.5 -1.9064  1.3813  149770.9   52001.5 -165597.6
      572.9      28.0   29161.3   51195.2   29719.4   50841.2   30366.9   50840.0   29191.3   51242.6
  100 2     -1 -1.9665  1.3242   33089.4   45904.8    3790.6 -1.9064  1.3813  155945.7   47527.6 -168836.5
      319.9      14.0   32816.2   46071.9   32933.9   45992.6   33570.5   45949.1   32831.8   46095.1
  101 2      0 -1.9647  1.3448   33602.7   46039.0    2956.0 -1.9064  1.3813  157536.8   46374.8 -169671.1
      259.4       9.6   33383.2   46177.6   33398.7   46167.0   34030.2   46111.8   33394.1   46193.5
