groupid:  12688, ntrk:  4
vertex track :          0   3  35      51812  0.1708  0.1951   67269.3   56572.3     220.0    13  3685.5
   36 1      1  0.1713  0.1941   65664.4   55144.9   -2869.7  0.1750  0.1898   65535.6   57564.5  -50496.9
       27.2       2.5   65680.6   55166.9   65680.5   55166.9   65858.5   55333.0   65684.3   55163.6
   37 1      2  0.1726  0.1931   67442.5   56405.8   -3724.4  0.1750  0.1898   65386.0   57402.3  -51351.5
       32.6       4.3   67461.0   56433.0   67453.8   56425.0   67634.2   56588.8   67467.5   56427.2
   38 1      3  0.1723  0.1930   66060.4   56007.8   -6583.4  0.1750  0.1898   64885.5   56859.6  -54210.6
       51.9       8.2   66088.9   56052.0   66055.9   56015.1   66242.1   56173.8   66101.1   56041.1
vertex track :        116   3  36     699090 -1.1294  0.2631   67265.2   55070.8     219.0   211     nan
   33 1     -2 -1.1258  0.2707   61052.0   58063.0    6586.1 -1.1230  0.2676   60037.2   59216.0  -43916.5
        nan       nan      -nan       nan       nan       nan       nan       nan       nan       nan
   34 1     -1 -1.1301  0.2642   63950.3   58826.1    3715.1 -1.1230  0.2676   63261.3   58447.7  -46787.5
        nan       nan      -nan       nan       nan       nan       nan       nan       nan       nan
   35 1      0 -1.1311  0.2568   65160.0   56694.3    2869.9 -1.1230  0.2676   64210.5   58221.6  -47632.6
        nan       nan      -nan       nan       nan       nan       nan       nan       nan       nan
vertex track :        124   3  36     700396  3.8126  0.2117   55965.9   55196.5     232.8     0  1027.2
   33 1     -2  3.8707  0.1680   79935.2   55087.5    6752.3  3.8991  0.1834   81270.4   58901.0  -43719.9
     1495.3     187.8   81421.0   55340.0   79246.0   55245.6   78663.3   55045.2   81437.3   54964.7
   34 1     -1  3.7502  0.2188   69512.2   52977.5    3675.7  3.8991  0.1834   69274.4   58336.8  -46796.5
      790.4      86.5   70296.2   53109.9   69505.7   53063.8   68941.9   53055.4   70306.2   52937.2
   35 1      0  3.7133  0.1308   65617.4   55228.4    2856.8  3.8991  0.1834   66081.3   58186.6  -47615.5
      579.6      34.7   66195.4   55283.5   65816.7   55270.2   65253.0   55383.4   66197.9   55214.1
vertex track :        182   3  36    1210839  2.2527 -4.2174   60748.7   64362.6     231.5     0  1758.9
   33 1     -2  2.2398 -4.2333   77137.9   37283.2    6587.7  2.2933 -4.3606   75279.7   39196.2  -43885.6
     2046.0     149.9   78227.3   35544.9   76783.9   38272.8   76260.8   39227.4   77962.3   35404.6
   34 1     -1  2.2358 -4.2238   69833.7   51665.3    3714.9  2.2933 -4.3606   68691.6   51723.5  -46758.4
     1130.9      72.4   70426.8   50699.7   69838.2   51811.7   69452.9   52836.7   70298.8   50631.9
   35 1      0  2.2699 -4.2129   68306.5   53225.3    2868.6  2.2933 -4.3606   66750.9   55413.6  -47604.6
      847.9      30.8   68735.8   52493.5   68408.1   53101.7   68089.5   54163.0   68681.6   52464.3
