groupid:  13898, ntrk:  4
vertex track :          0   3  71    6182791 -0.5403  0.1593  168234.4  193749.4     411.2    13   735.1
   72 6      1 -0.5410  0.1561   46851.1   37829.0   -2868.3 -0.5449  0.1606  166095.1  193909.6 -117041.8
       58.0      10.0   46792.6   37835.4   46790.4   37836.1   47119.0   38032.7   46798.1   37854.7
   73 6      2 -0.5409  0.1536   44675.5   36307.9   -3717.7 -0.5449  0.1606  166557.9  193773.3 -117891.1
       71.5      22.3   44600.6   36306.0   44624.6   36299.2   44959.9   36520.0   44612.8   36349.0
   74 6      3 -0.5397  0.1595   49819.4   36403.3   -6584.2 -0.5449  0.1606  168119.8  193313.0 -120757.6
      114.4      42.9   49697.6   36394.6   49803.6   36363.3   50150.8   36622.2   49721.9   36476.9
vertex track :         57   3  71    6659799  0.7819  2.8339  169803.5  196695.9     412.9     0  1225.9
   72 6      1  0.8660  2.7716   52449.8   32806.7   -2636.3  0.7655  2.8318  163530.2  188717.9 -116818.0
      422.2      25.8   52551.1   33217.3   52481.2   32993.4   52559.4   32608.8   52600.3   33201.9
   73 6      2  0.9311  2.9065   50606.0   32696.9   -3467.0  0.7655  2.8318  162894.2  186365.3 -117648.8
      539.9      58.1   50715.4   33228.8   50581.5   32810.9   50707.5   32378.0   50826.0   33193.3
   74 6      3  0.7365  2.7470   47140.0   21932.0   -6126.2  0.7655  2.8318  160858.5  178835.3 -120307.9
      892.1     110.4   47264.4   22822.2   46957.0   21675.8   47226.3   21254.5   47477.7   22765.0
vertex track :         68   3  71    6854905  0.6056  4.1338  170546.5  200669.6     417.4     0  2446.8
   72 6      1  0.5844  4.1322   46183.0   34311.0   -2864.3  0.5786  4.1393  164679.5  187713.8 -117058.3
      807.6      27.3   46269.0   35114.4   46165.6   34383.0   46307.6   33721.7   46323.2   35106.8
   73 6      2  0.5816  4.1284   43074.7   29423.1   -3718.4  0.5786  4.1393  164185.4  184178.5 -117912.4
     1015.6      54.4   43162.5   30436.3   43001.3   29292.0   43197.4   28624.0   43270.2   30421.2
   74 6      3  0.6013  4.1323   45061.4   19040.8   -6582.3  0.5786  4.1393  162528.4  172324.3 -120776.2
     1695.9     102.8   45203.9   20733.9   44841.7   18245.1   45129.6   17561.9   45407.4   20704.3
vertex track :        119   3  72    6598189  0.7047  2.9847  163327.2  189865.5     405.3     0  1699.5
   69 6     -2  0.6703  2.9850   46067.5   54882.1    6588.1  0.7048  2.9291  168283.2  208067.3 -110197.4
      879.9      80.9   46181.3   55758.4   45936.5   54668.2   46164.3   54218.9   46339.2   55722.9
   70 6     -1  0.7174  2.9866   48931.2   46322.0    3721.4  0.7048  2.9291  166262.8  199670.5 -113064.1
      492.6      38.4   49008.9   46809.9   48929.4   46479.3   49064.3   46047.1   49083.6   46792.0
   71 6      0  0.7255  2.9771   48717.9   44312.9    2870.0  0.7048  2.9291  165662.7  197176.4 -113915.5
      378.9      16.7   48791.4   44685.0   48764.3   44573.9   48855.2   44153.8   48823.9   44677.1
