groupid:  13207, ntrk:  5
vertex track :          0   3  59     915337  0.8115  0.0880   67235.9   43853.6     206.4    13   625.6
   60 1      1  0.8106  0.0859   63464.8   41041.4   -2865.9  0.8187  0.0892   62690.3   43782.3  -94688.8
       80.4      12.8   63543.3   41062.6   63553.7   41063.7   63597.0   41230.4   63546.0   41037.2
   61 1      2  0.8097  0.0925   62419.7   42866.3   -3718.3  0.8187  0.0892   61992.4   43706.2  -95541.2
      100.2      29.7   62516.0   42907.2   62486.8   42903.9   62534.3   43035.6   62522.7   42848.2
   62 1      3  0.8079  0.1007   59041.4   39196.0   -6586.7  0.8187  0.0892   59644.1   43450.4  -98409.6
      163.1      58.4   59196.0   39274.1   59042.0   39254.9   59097.6   39328.0   59210.5   39158.3
vertex track :          8   3  59      16502 -1.6558  0.8366   64464.1   44533.9     208.1     0  5469.2
   60 1      1 -1.7039  0.8378   70812.8   44483.0   -2954.3 -1.6467  0.8211   67631.2   42129.0  -94766.8
      214.0       9.9   70616.4   44568.6   70642.7   44555.7   71217.6   44608.3   70625.1   44586.3
   61 1      2 -1.5707  0.8699   72229.8   42420.4   -3762.5 -1.6467  0.8211   68962.2   41465.4  -95575.1
      255.4      13.8   71999.7   42532.1   72116.7   42467.3   72668.4   42519.6   72013.1   42556.2
   62 1      3 -1.6675  0.8973   77400.7   44108.6   -6864.1 -1.6467  0.8211   74069.6   38918.6  -98676.6
      424.5      25.6   77014.7   44287.3   77412.3   44073.4   77995.0   44140.9   77039.0   44332.3
vertex track :         87   3  59     916578 -1.1380 -0.5090   61767.5   42196.0     206.3     0  1813.9
   60 1      1 -1.1379 -0.5054   63766.9   41159.2   -2864.2 -1.1307 -0.5165   63206.8   43956.9  -94671.8
      124.8       8.9   63656.5   41100.4   63645.6   41095.5   64086.2   41427.4   63649.2   41116.6
   61 1      2 -1.1362 -0.5172   64333.9   43472.0   -3716.9 -1.1307 -0.5165   64170.9   44397.3  -95524.4
      149.1      16.3   64205.0   43395.3   64237.8   43410.3   64671.7   43758.1   64191.4   43425.1
   62 1      3 -1.1286 -0.5243   66944.4   41704.4   -6587.1 -1.1307 -0.5165   67416.2   45879.8  -98394.6
      236.5      31.2   66743.0   41576.4   66935.0   41665.6   67354.6   42041.8   66716.7   41633.0
vertex track :        209   3  60     913951 -1.9829 -0.9662   71092.0   43872.9     195.1   211     nan
   57 1     -2 -1.9741 -0.9769   58987.3   39830.2    6585.5 -1.9793 -0.9790   57773.5   40425.7  -88199.5
        nan       nan      -nan       nan       nan       nan       nan       nan       nan       nan
   58 1     -1 -1.9789 -0.9763   64322.2   41407.6    3717.8 -1.9793 -0.9790   63449.5   43233.3  -91067.2
        nan       nan      -nan       nan       nan       nan       nan       nan       nan       nan
   59 1      0 -1.9798 -0.9705   66594.6   43586.4    2869.4 -1.9793 -0.9790   65128.7   44063.9  -91915.6
        nan       nan      -nan       nan       nan       nan       nan       nan       nan       nan
vertex track :        241   3  60    1262447  3.4415  3.6156   55524.8   30611.9     199.9   211     nan
   57 1     -2  3.4399  3.5429   76689.4   52398.8    6719.0  3.4308  3.6823   77306.1   57280.2  -88042.3
        nan       nan      -nan       nan       nan       nan       nan       nan       nan       nan
   58 1     -1  3.3840  3.5983   67342.9   43190.5    3783.1  3.4308  3.6823   67233.6   46469.0  -90978.2
        nan       nan      -nan       nan       nan       nan       nan       nan       nan       nan
   59 1      0  3.3665  3.6745   63874.7   38673.7    2946.8  3.4308  3.6823   64364.5   43389.5  -91814.5
        nan       nan      -nan       nan       nan       nan       nan       nan       nan       nan
