groupid:  13699, ntrk:  2
vertex track :          0   3  39    4091065  0.7528 -0.0505  119418.1  159729.4     164.1    13  1332.2
   40 3      1  0.7512 -0.0600  116440.5   81852.2   -2869.2  0.7483 -0.0602  117694.9  162708.9  -56914.2
       72.7       7.1  116513.5   81853.5  116526.4   81852.5  116578.2   82060.8  116512.4   81839.3
   41 3      2  0.7530 -0.0560  116920.2   83313.1   -3718.4  0.7483 -0.0602  117059.5  162760.0  -57763.3
       86.8      14.2  117007.9   83320.8  116992.8   83321.9  117043.4   83515.3  117005.8   83292.5
   42 3      3  0.7539 -0.0495  113967.1   82857.5   -6585.2  0.7483 -0.0602  114914.1  162932.5  -60630.2
      137.4      27.5  114106.0   82875.9  113990.1   82883.5  114039.0   83049.0  114102.4   82821.0
vertex track :        205   3  39    6451647  1.1176  1.9079  119981.5  165851.6     112.2   211   486.9
   40 3      1  1.0460  1.7811  121162.8   83130.8   -3275.2  1.0948  1.8845  116769.7  162241.3  -57265.2
      309.2      47.6  121278.3   83421.6  121184.8   83262.3  121258.3   83051.8  121360.4   83373.4
   41 3      2  1.2847  1.9647  113077.4   79841.5   -4092.7  1.0948  1.8845  115874.7  160700.7  -58082.8
      434.2     110.0  113222.9   80265.1  113017.5   79950.9  113143.1   79629.9  113407.1   80144.8
   42 3      3  1.1199  1.8946  112492.4   75864.6   -7014.2  1.0948  1.8845  112676.3  155195.3  -61004.2
      755.0     212.6  112693.5   76622.8  112160.4   75720.7  112502.3   75318.4  113059.5   76406.4
