groupid:  13999, ntrk:  3
vertex track :          0   3 111    2668831  0.0324 -0.4405  127022.0  125485.6     274.5    13  1870.7
  112 3      1  0.0386 -0.4402  121795.4   46789.1   -2867.1  0.0439 -0.4397  121226.6  127685.6 -191455.7
       44.7       4.7  121803.9   46745.0  121804.2   46741.6  121996.8   47042.8  121794.6   46744.2
  113 3      2  0.0385 -0.4406  121451.2   47072.8   -3717.9  0.0439 -0.4397  121189.2  128059.7 -192306.6
       53.3       8.8  121464.5   47020.4  121463.4   47034.1  121647.8   47334.6  121447.1   47018.9
  114 3      3  0.0400 -0.4398  122152.6   49192.5   -6586.1  0.0439 -0.4397  121063.2  129320.8 -195174.8
       84.1      16.7  122176.8   49110.2  122170.0   49185.4  122338.4   49484.3  122143.6   49107.2
vertex track :         26   3 111    2890221  0.2079  0.3360  127075.2  125718.2     275.2  2212   656.4
  112 4      1  0.2251  0.3256    8536.0   48655.8   -3167.7  0.2061  0.3415  120704.1  125362.4 -191757.4
       46.6      17.8    8547.8   48704.3    8542.1   48696.0    8734.4   48817.7    8577.1   48684.0
  113 4      2  0.2124  0.3342    9796.3   52490.4   -3993.5  0.2061  0.3415  120534.0  125080.4 -192583.2
       66.6      41.3    9797.2   52568.8    9770.3   52526.5   10005.6   52622.4    9866.9   52524.5
  114 4      3  0.2146  0.3349    8374.1   46408.0   -6817.6  0.2061  0.3415  119952.0  124115.9 -195407.2
      113.5      78.1    8369.6   46545.7    8292.2   46424.9    8588.9   46480.7    8501.1   46461.4
vertex track :        235   3 112    4481842 -4.5175 -1.6555  133396.9  128379.8     420.9     0 10001.0
  109 3     -2 -4.5311 -1.6648  104143.7   39688.7    6585.4 -4.5405 -1.6606  104766.1  119965.2 -185345.0
     1889.4      45.9  102386.1   38994.0  104981.4   39947.6  106106.8   40591.7  102354.4   39080.1
  110 3     -1 -4.4956 -1.7028  115459.2   43911.1    3717.3 -4.5405 -1.6606  117788.4  124727.9 -188213.0
     1038.9      23.7  114496.0   43521.0  115495.0   43899.3  116627.8   44509.5  114479.3   43565.2
  111 3      0 -4.5205 -1.6427  122344.4   46883.6    2868.2 -4.5405 -1.6606  121643.9  126138.0 -189062.2
      794.3      15.9  121603.3   46597.4  122147.1   46795.0  123291.0   47378.2  121592.4   46627.3
