groupid:  13508, ntrk:  2
vertex track :          0   3 121    6329221 -0.2862  0.1181  211171.3  178025.5     353.8    13  1137.9
  122 6      1 -0.2863  0.1174   87267.5   21383.0   -2867.5 -0.2872  0.1161  210357.2  179948.2 -209860.0
       33.0       5.5   87234.9   21390.4   87235.8   21390.0   87509.8   21585.7   87239.0   21400.6
  123 6      2 -0.2855  0.1192   91835.9   20568.0   -3717.0 -0.2872  0.1161  210601.1  179849.6 -210709.5
       40.5      12.3   91793.8   20572.2   91808.7   20566.0   92087.8   20773.8   91803.3   20594.9
  124 6      3 -0.2869  0.1184   92002.0   22782.2   -6586.6 -0.2872  0.1161  211425.2  179516.4 -213579.1
       65.2      23.7   91932.6   22785.2   91993.0   22760.2   92281.1   22989.4   91950.8   22829.0
vertex track :         86   3 121    7041111  2.0722  0.2218  217716.5  178275.4     352.7     0 10001.0
  122 6      1  2.0643  0.4731   93604.9   23102.0   -3129.1  2.0837  0.2185  208754.3  179807.0 -210123.2
      270.4      11.5   93865.9   23173.6   93772.2   23152.1   93555.9   23240.9   93871.0   23151.2
  123 6      2  2.0791  0.2322   91627.9   22310.4   -3960.0  2.0837  0.2185  207023.0  179625.5 -210954.1
      322.4      14.8   91946.6   22360.9   91742.5   22338.1   91521.2   22470.2   91949.9   22331.5
  124 6      3  1.8152  0.1931   87095.0   19448.1   -6845.3  2.0837  0.2185  201010.9  178995.2 -213839.5
      511.5      25.1   87601.1   19527.2   86964.9   19459.5   86800.9   19579.2   87606.4   19477.3
