groupid:  14976, ntrk:  4
vertex track :          0   3  83     248072  0.3147 -0.0323   52723.8   47069.4     222.7    13  1001.8
   84 1      1  0.3148 -0.0285   47909.2   45599.4   -2868.3  0.3186 -0.0322   49137.8   49286.5 -139146.1
       32.8       5.8   47942.4   45602.2   47943.2   45602.2   48086.3   45806.5   47941.3   45590.6
   85 1      2  0.3142 -0.0311   51566.1   49001.2   -3717.5  0.3186 -0.0322   48867.3   49313.8 -139995.4
       40.7      13.4   51608.0   49010.5   51592.9   49012.0   51734.6   49201.8   51605.4   48983.8
   86 1      3  0.3145 -0.0283   47910.8   47378.9   -6588.5  0.3186 -0.0322   47952.6   49406.2 -142866.3
       66.5      26.3   47979.3   47399.2   47913.0   47405.1   48052.6   47568.6   47974.6   47346.7
vertex track :         25   3  83     916453  0.5258 -0.6435   53035.0   46211.2     222.0   211   109.8
   84 1      1  0.5123 -0.6541   54872.3   50195.5   -2697.7  0.5366 -0.6456   48876.6   50211.4 -138975.5
      155.8     103.9   55050.2   50136.9   54965.6   50244.8   54904.9   50463.4   54886.6   50008.7
   85 1      2  0.5113 -0.6431   50961.7   46946.6   -3522.9  0.5366 -0.6456   48433.8   50744.2 -139800.7
      352.6     261.9   51386.1   46833.7   51054.6   47250.6   50747.7   47269.0   50976.0   46507.7
   86 1      3  0.5250 -0.6466   51917.2   50846.8   -6127.6  0.5366 -0.6456   47036.1   52425.9 -142405.4
      671.2     505.0   52732.4   50644.1   51996.5   51550.4   51312.6   51258.8   51948.2   50007.4
vertex track :         61   3  83     952145 -2.9568  0.2146   45328.4   47632.9     230.8     0 10001.0
   84 1      1 -2.9570  0.1842   49343.9   45469.7   -2868.7 -2.9698  0.2084   51871.7   49091.9 -139146.2
      428.0      13.2   48915.9   45483.2   49149.3   45468.6   49978.9   45666.4   48917.5   45509.4
   85 1      2 -2.9545  0.1956   55683.3   48711.5   -3717.8 -2.9698  0.2084   54393.4   48915.0 -139995.3
      527.2      17.8   55156.1   48728.5   55587.8   48699.9   56417.6   48904.6   55158.5   48764.1
   86 1      3 -2.9641  0.1766   60514.2   46541.3   -6587.0 -2.9698  0.2084   62914.5   48317.2 -142864.5
      875.5      31.5   59638.4   46561.9   60763.8   46494.9   61597.0   46730.9   59642.2   46624.8
vertex track :         90   3  84     458786 -3.3270 -1.3296   48186.4   45704.8     214.4     0  1736.8
   81 1     -2 -3.3352 -1.2855   27360.0   36372.0    6585.5 -3.3156 -1.2861   28422.6   41182.7 -132387.0
     1194.8     101.4   26281.6   35847.7   27810.9   36437.2   28645.0   37105.0   26208.7   36036.9
   82 1     -1 -3.3397 -1.3030   38320.0   40539.3    3718.0 -3.3156 -1.2861   37930.3   44870.8 -135254.6
      674.2      49.3   37709.8   40248.3   38264.7   40464.8   39136.8   41039.0   37673.9   40340.2
   83 1      0 -3.3411 -1.2983   43238.1   43822.8    2868.5 -3.3156 -1.2861   40746.9   45963.4 -136104.1
      517.4      21.7   42763.6   43615.2   43026.6   43717.4   43919.2   44239.2   42747.9   43655.6
