groupid:  14250, ntrk:  2
vertex track :          0   3 127    3869342 -0.0647 -0.2114  186659.6  147911.4     378.7    13 10000.6
  128 4      1 -0.0634 -0.2115   65419.3   67271.8   -2868.1 -0.0656 -0.2095  186238.2  148512.4 -220983.1
       24.4       1.9   65414.1   67247.8   65414.8   67250.2   65634.4   67505.5   65410.4   67248.9
  129 4      2 -0.0667 -0.2103   68235.6   68650.5   -3720.0 -0.0656 -0.2095  186294.1  148690.9 -221835.1
       29.1       2.7   68229.4   68621.9   68233.0   68633.3   68451.8   68888.9   68224.2   68623.6
  130 4      3 -0.0646 -0.2115   64848.3   68042.1   -6588.7 -0.0656 -0.2095  186482.4  149292.0 -224703.8
       46.1       4.7   64839.3   67996.6   64852.7   68040.3   65067.1   68297.3   64830.3   67999.4
vertex track :         30   3 127    4267538  2.9565  2.7673  192830.3  154003.5     379.8     0 10001.0
  128 4      1  3.8092  2.7404   67269.5   68906.3   -2916.3  3.0146  2.7561  182362.7  144797.3 -221049.3
      763.3      18.4   67878.3   69367.0   67439.1   69051.0   66874.5   68658.4   67899.8   69337.1
  129 4      2  2.7112  2.5196   62311.3   64389.2   -3721.7  3.0146  2.7561  179934.8  142577.6 -221854.7
      933.4      24.9   62978.1   65042.9   62179.9   64301.1   61857.2   63948.1   63012.0   65006.4
  130 4      3  2.5760  2.7091   57965.4   57780.7   -6931.7  3.0146  2.7561  170257.9  133730.4 -225064.7
     1625.6      45.9   59052.3   58990.3   57353.0   57203.1   57091.1   56783.7   59118.8   58927.1
