groupid:  14064, ntrk:  5
vertex track :          0   3  95    4780287 -0.1348  0.3012  127354.5  169689.0     291.6    13  1084.3
   96 5      1 -0.1362  0.3015  124169.2   10740.2   -2868.8 -0.1350  0.3068  126833.7  169499.1 -161276.9
       34.5       5.7  124149.8   10769.3  124149.6   10769.8  124398.5   10921.4  124160.2   10774.0
   97 6      2 -0.1325  0.3013    8366.3   12247.1   -3717.9 -0.1350  0.3068  126948.3  169238.6 -162126.0
       42.4      12.8    8337.5   12280.8    8343.9   12266.4    8605.0   12423.8    8361.0   12291.1
   98 6      3 -0.1321  0.3020    9325.7   11414.8   -6585.5 -0.1350  0.3068  127335.4  168358.9 -164993.6
       68.5      24.9    9275.5   11467.6    9302.6   11405.6    9585.8   11572.4    9321.1   11487.5
vertex track :         69   3  95    6303972  3.1939 -4.7314  130748.0  164475.0     423.2  2212   760.6
   96 5      1  2.9331 -4.5974  124864.3   26147.6   -2801.3  3.1890 -4.7193  119549.7  180425.1 -161328.4
     1696.4     169.3  125919.5   24808.6  124710.6   26703.4  124022.0   27692.1  125633.9   24626.4
   97 5      2  3.1824 -4.7351  119839.5   25981.5   -3619.6  3.1890 -4.7193  116940.2  184286.8 -162146.7
     2902.9     404.1  121794.1   23797.6  119223.9   27621.9  118098.0   28370.7  121123.4   23346.8
   98 5      3  3.2146 -4.7548  110964.3   39554.9   -6295.0  3.1890 -4.7193  108408.4  196912.7 -164822.1
     5239.6     762.6  114530.7   35641.4  109336.5   43324.2  107611.1   43673.6  113267.1   34787.1
vertex track :        126   3  96    5215157  1.7186  0.5390  120179.9  166066.9     116.7     0  2199.1
   93 6     -2  1.7276  0.5071   14296.1   16376.5    6583.2  1.7322  0.4967  134713.2  172524.9 -154463.1
      379.3      36.5   14649.8   16518.3   14284.7   16411.1   14154.1   16445.2   14670.3   16448.3
   94 6     -1  1.7264  0.5067    9273.2   12970.1    3718.0  1.7322  0.4967  129750.1  171101.9 -157328.3
      228.8      18.5    9487.6   13052.3    9411.0   13029.8    9270.5   13098.5    9498.0   13016.9
   95 6      0  1.7282  0.5089    9963.4   13915.4    2868.5  1.7322  0.4967  128278.6  170679.9 -158177.8
      187.1       9.9   10140.0   13977.8   10144.0   13979.0    9998.4   14063.6   10145.7   13958.8
vertex track :        161   3  96    5379294  4.5884 -1.3076  116076.5  168644.2     117.4     0  5720.1
   93 4     -2  4.6831 -1.1726   25977.1   75498.9    6616.5  4.6230 -1.4408  149471.7  162632.8 -154425.3
     1967.1      60.8   27900.0   75080.0   25067.0   75789.3   24268.8   76126.5   27870.5   74962.1
   94 4     -1  4.8265 -1.5205   11862.2   80201.1    3660.2  4.6230 -1.4408  135805.1  166892.1 -157381.5
     1097.3      30.8   12918.0   79900.8   11838.4   80240.9   11021.2   80709.9   12899.5   79842.0
   95 4      0  4.8474 -1.4520    7143.7   82773.5    2814.7  4.6230 -1.4408  131896.1  168110.3 -158227.1
      853.0      18.7    7966.2   82546.6    7350.0   82731.2    6536.1   83208.9    7955.4   82510.8
vertex track :        166   3  96    5412256  4.2289 -2.7020  112572.9  173361.2     119.4     0  7331.7
   93 4     -2  4.1991 -2.7509   22666.0   76532.2    6584.9  4.1582 -2.7622  142849.7  158927.6 -154461.2
     2145.7      56.6   24491.9   75403.6   21784.0   77177.7   21054.3   77867.9   24429.8   75308.9
   94 4     -1  4.2337 -2.6941   10921.0   81547.6    3717.9  4.1582 -2.7622  130928.3  166846.9 -157328.2
     1219.0      29.8   11965.4   80918.3   10797.6   81661.5   10090.8   82384.3   11933.5   80868.0
   95 6      0  4.1867 -2.7772    9429.6   12039.4    2868.7  4.1582 -2.7622  127396.9  169192.8 -158177.4
      949.3      19.2   10231.3   11530.6    9528.3   11996.9    8842.0   12755.3   10210.1   11498.5
