groupid:    159, ntrk:  6
vertex track :          0   3  77     272545  0.0664 -0.3780   83566.7   56772.7     183.8    13   630.0
   78 1      1  0.0620 -0.3791   84611.2   60985.3   -2869.7  0.0581 -0.3841   82475.3   60326.7 -127386.3
       39.4       9.1   84626.5   60947.9   84626.8   60946.0   84805.9   61232.3   84608.6   60944.9
   79 1      2  0.0582 -0.3805   82725.4   57972.0   -3718.7  0.0581 -0.3841   82426.0   60652.8 -128235.4
       50.8      21.7   82754.6   57925.1   82751.4   57945.7   82906.3   58228.6   82711.7   57918.5
   80 1      3  0.0660 -0.3794   81160.4   59901.3   -6583.8  0.0581 -0.3841   82259.7   61753.2 -131100.4
       84.8      42.9   81217.2   59825.1   81202.0   59912.6   81313.6   60187.2   81132.7   59810.4
vertex track :         96   3  77    1134364  0.3737  3.0757   84092.8   61312.1     186.1   211   687.3
   78 1      1  0.4519  3.2129   82405.5   48525.6   -3064.9  0.4167  3.0984   81896.8   53687.5 -127567.5
      503.4      49.8   82426.3   49031.1   82381.0   48708.8   82595.1   48233.4   82524.9   49017.2
   79 1      2  0.2755  3.1955   84529.4   48370.0   -3898.9  0.4167  3.0984   81549.2   51103.3 -128401.5
      694.7     116.5   84473.0   49072.2   84411.5   48358.9   84796.1   47881.0   84705.2   49052.1
   80 1      3  0.4946  3.1728   83609.7   40247.7   -6859.7  0.4167  3.0984   80315.4   41929.4 -131362.3
     1223.6     229.4   83571.4   41492.1   83298.4   39740.3   83858.4   39216.5   84024.8   41421.4
vertex track :        106   3  77    1138958 -3.9929  0.3309   70399.6   59417.7     197.3     0 10001.0
   78 1      1 -3.9948  0.3736   84058.9   61426.7   -2868.3 -4.0768  0.3911   81922.4   60806.4 -127437.5
      702.3      16.9   83358.0   61475.2   83917.7   61422.9   84965.7   61588.6   83361.2   61509.0
   79 1      2 -3.9855  0.4137   85513.1   57782.9   -3717.1 -4.0768  0.3911   85383.0   60474.4 -128286.4
      877.1      23.5   84638.3   57850.2   85546.1   57755.9   86594.0   57926.2   84643.2   57896.9
   80 1      3 -4.0038  0.3198   96130.2   57613.1   -6587.1 -4.0768  0.3911   97083.5   59352.0 -131156.4
     1482.2      42.0   94649.4   57689.3   96763.5   57520.4   97817.0   57747.3   94656.1   57772.9
vertex track :        183   3  78     971200 -3.6930  4.1265   92513.6   52083.3     203.3     0   751.3
   75 1     -2 -3.7135  4.1123   66438.4   77034.5    6586.2 -3.7083  4.1799   66723.2   78036.1 -121046.9
     3504.7     431.7   63769.2   79346.3   67687.1   75007.7   69313.9   74936.8   64409.9   79924.9
   76 1     -1 -3.7060  4.1099   77964.5   67893.8    3716.4 -3.7083  4.1799   77365.1   66040.7 -123916.7
     1837.2     207.6   76579.9   69119.2   78262.4   67253.4   79555.3   66882.5   76888.3   69397.3
   77 1      0 -3.7457  4.0795   79752.4   61831.0    2866.0 -3.7083  4.1799   80518.7   62486.0 -124767.1
     1185.3      80.1   78891.8   62649.9   79708.5   61760.4   80819.3   61226.1   79009.7   62758.2
vertex track :        186   3  78     974052  0.4495  2.9980   83991.2   54914.4     210.4   211   492.5
   75 1     -2  0.3040  2.9988   87479.4   78021.2    6820.4  0.4599  3.0169   84867.0   74183.2 -120825.2
     1282.7     292.9   87317.3   79326.9   87122.4   77404.3   87851.7   76928.4   87900.2   79267.8
   76 1     -1  0.3298  2.8050   85416.3   66801.8    3954.6  0.4599  3.0169   83548.9   65537.2 -123691.0
      696.1     145.2   85353.4   67510.2   85260.1   66716.5   85689.5   66306.3   85641.8   67476.3
   77 1      0  0.5496  2.8136   85856.2   67464.5    3131.3  0.4599  3.0169   83170.2   63053.5 -124514.3
      460.6      58.5   85887.0   67927.8   85825.8   67614.6   86035.9   67214.1   86001.9   67905.3
vertex track :        194   3  78    1115001 -2.3988  1.1120   87736.0   59130.8     214.8     0 10001.0
   75 1     -2 -2.3975  1.1095   70538.3   63681.5    6584.5 -2.3949  1.1284   70352.1   65647.8 -121066.8
      672.4      26.7   69916.9   63939.7   70633.8   63607.9   71367.4   63634.5   69939.4   63988.2
   76 1     -1 -2.3994  1.1049   78341.9   63044.3    3721.5 -2.3949  1.1284   77208.7   62417.1 -123929.9
      393.1      14.4   77978.8   63195.6   78189.0   63098.8   78912.5   63104.1   77990.9   63221.8
   77 1      0 -2.4098  1.0855   79079.0   59482.9    2869.1 -2.3949  1.1284   79250.0   61455.3 -124782.3
      314.9      10.3   78787.6   59602.8   78855.8   59572.0   79578.0   59574.1   78796.1   59621.6
