groupid:  15638, ntrk:  8
vertex track :          0   3 117    6376103 -0.2745 -0.3636  163778.9  186339.7     415.6    13   539.1
  118 6      1 -0.2762 -0.3623   40907.5   29467.4   -2870.8 -0.2782 -0.3670  163530.8  188883.5 -202647.7
       49.0      12.2   40887.5   29421.1   40888.8   29422.9   41137.2   29723.4   40868.1   29435.9
  119 6      2 -0.2765 -0.3633   45996.0   28330.7   -3716.4 -0.2782 -0.3670  163766.1  189193.8 -203493.3
       63.5      28.3   45980.0   28263.1   45998.9   28287.9   46221.7   28608.0   45935.1   28297.3
  120 6      3 -0.2742 -0.3647   42818.0   26873.7   -6585.8 -0.2782 -0.3670  164564.4  190246.9 -206362.7
      104.9      54.5   42798.5   26757.0   42867.0   26848.2   43047.2   27199.9   42711.4   26822.6
vertex track :          6   3 117    6397211  0.4369 -0.2137  165830.7  186745.6     414.4   211   371.9
  118 6      1  0.3999 -0.1828   47483.1   35705.7   -3141.6  0.4378 -0.2191  163123.0  188854.7 -202912.4
       57.6      20.4   47543.9   35700.4   47523.1   35709.9   47632.6   35920.9   47527.0   35663.2
  119 6      2  0.4051 -0.1902   44455.3   27393.5   -3948.4  0.4378 -0.2191  162769.9  189031.4 -203719.1
       80.3      46.3   44547.7   27401.3   44487.4   27429.6   44573.4   27595.5   44508.3   27317.5
  120 6      3  0.4145 -0.2303   42154.3   31816.8   -6402.2  0.4378 -0.2191  161695.6  189569.1 -206173.0
      127.5      81.6   42305.3   31826.2   42169.5   31901.7   42213.6   32017.1   42226.1   31683.5
vertex track :        128   3 117    7165745 -4.4736  0.3240  153671.8  188169.0     425.4   211   528.3
  118 6      1 -4.4848  0.3480   43950.2   29136.8   -2867.4 -4.5278  0.3374  167361.8  188429.3 -202663.4
     1042.0     110.9   42902.7   29106.9   44038.7   29018.8   45203.2   29377.1   42919.9   29328.0
  119 6      2 -4.4667  0.3476   52578.3   27404.6   -3716.7 -4.5278  0.3374  171207.1  188142.7 -203512.6
     1653.9     263.9   50908.9   27269.9   53268.7   27086.2   54453.2   27749.7   50949.8   27796.0
  120 6      3 -4.4520  0.3266   59688.5   24315.5   -6585.8 -4.5278  0.3374  184197.5  187174.6 -206381.7
     2994.4     509.3   56664.8   24026.7   61702.7   23657.1   62917.7   24814.6   56739.4   25042.4
vertex track :        167   3 118    6384648  1.9328  2.4015  156532.0  177591.7     221.7   211   473.8
  115 6     -2  1.9355  2.4070   50104.7   40168.0    6587.8  1.9396  2.4122  170668.1  197673.5 -196137.7
     1303.9     299.2   50688.6   41371.5   49460.9   39844.8   49732.7   39176.8   51154.9   40996.5
  116 6     -1  1.9345  2.4069   49256.7   35024.6    3717.2  1.9396  2.4122  165100.4  190749.1 -199008.3
      684.9     143.5   49574.0   35648.3   49122.0   35086.0   49151.3   34613.3   49797.6   35468.6
  117 6      0  1.9255  2.4020   45470.0   33059.6    2867.6  1.9396  2.4122  163452.6  188699.8 -199857.9
      437.2      54.8   45700.7   33435.1   45558.1   33257.2   45451.3   32896.6   45786.3   33366.5
vertex track :        182   3 118    6522426 -0.1642  4.1448  161014.6  171383.4     215.2     0   840.1
  115 6     -2 -0.1958  3.9626   38535.7   41923.1    6469.9 -0.1608  4.1369  161819.1  201933.3 -196269.1
     1789.9     246.4   38201.2   43698.7   38336.8   40955.4   39079.9   40361.5   38693.5   43723.0
  116 6     -1 -0.3466  4.0853   34348.2   28033.8    3932.9 -0.1608  4.1369  162227.0  191437.7 -198806.2
     1042.1     129.4   34131.2   29061.2   34234.6   27842.4   34774.8   27220.5   34389.0   29083.1
  117 6      0 -0.4416  3.9476   36767.7   24788.1    3109.6 -0.1608  4.1369  162359.4  188031.9 -199629.4
      740.9      52.9   36632.7   25518.5   36704.7   24874.9   37112.2   24271.6   36737.9   25530.3
vertex track :        211   3 118    6581124 -4.5779 -1.6773  164633.5  185051.9     214.6     0 10001.0
  115 6     -2 -4.5760 -1.6690   16188.1   21136.5    6582.4 -4.5886 -1.6767  137233.0  179125.0 -196128.0
     1999.1      48.1   14326.6   20406.3   17121.7   21425.8   18255.1   22075.0   14293.6   20496.7
  116 6     -1 -4.5749 -1.6572   31828.8   26418.3    3719.0 -4.5886 -1.6767  150371.9  183926.1 -198991.4
     1126.4      25.5   30778.4   26010.6   31935.8   26429.9   33084.6   27034.2   30761.0   26058.6
  117 6      0 -4.5657 -1.6821   33399.4   27809.9    2869.1 -4.5886 -1.6767  154272.0  185351.2 -199841.3
      873.4      17.5   32585.9   27491.6   33266.2   27742.2   34418.3   28336.5   32573.8   27524.4
vertex track :        213   3 118    6581299 -3.8122  1.0045  162380.5  183829.7     216.6   211     nan
  115 6     -2 -3.6389  1.1645   15941.0   33837.4    6407.4 -3.8053  0.9930  140634.2  194727.8 -196305.4
        nan       nan      -nan       nan       nan       nan       nan       nan       nan       nan
  116 6     -1 -3.9892  1.1939   22279.2   28761.8    3897.0 -3.8053  0.9930  150186.8  192235.1 -198815.8
        nan       nan      -nan       nan       nan       nan       nan       nan       nan       nan
  117 6      0 -3.8332  1.2194   27692.5   28131.8    3082.4 -3.8053  0.9930  153286.6  191426.2 -199630.4
        nan       nan      -nan       nan       nan       nan       nan       nan       nan       nan
vertex track :        231   3 118    6582983  0.5238  4.0525  161219.3  181604.0     217.8     0 10001.0
  115 6     -2  0.5181  4.0502   45525.7   54701.9    6585.0  0.5093  4.0058  166274.6  211862.1 -196133.4
     1444.0      40.1   45669.2   56139.3   45411.6   54125.2   45592.8   53478.6   45748.7   56129.1
  116 6     -1  0.5592  4.0404   48396.4   45613.2    3717.8  0.5093  4.0058  164814.2  200376.8 -199000.6
      819.4      21.3   48487.6   46427.8   48380.3   45653.0   48515.8   45012.7   48529.9   46422.0
  117 6      0  0.4969  4.0693   45709.2   42330.9    2868.7  0.5093  4.0058  164381.8  196975.5 -199849.7
      640.4      14.9   45772.0   42968.4   45721.1   42551.6   45856.8   41907.5   45801.5   42964.8
