groupid:  15921, ntrk:  7
vertex track :          0   3  51    3407121  0.3878 -0.2302   84030.9  160573.3     191.9    13  2036.9
   52 3      1  0.3918 -0.2233   84193.5   84794.8   -2864.0  0.3910 -0.2298   82751.0  164040.4  -79006.1
       44.8       4.5   84234.6   84776.5   84239.1   84773.9   84362.8   85022.9   84230.1   84768.8
   53 3      2  0.3890 -0.2292   83495.6   83880.3   -3716.8  0.3910 -0.2298   82417.5  164236.4  -79859.0
       53.4       8.1   83545.8   83860.2   83535.4   83866.3   83655.9   84110.2   83537.5   83846.2
   54 3      3  0.3892 -0.2246   86999.5   87032.9   -6584.2  0.3910 -0.2298   81296.3  164895.4  -82726.4
       84.6      15.6   87080.5   87004.0   87015.7   87041.4   87128.8   87271.4   87065.0   86977.1
vertex track :         14   3  51    3425786  1.0393  0.0339   84440.8  160757.2     190.6  2212   375.0
   52 3      1  1.0276  0.0367   78490.7   79652.9   -2771.8  1.0393  0.0402   81275.8  163406.4  -78911.2
      134.7      63.5   78623.1   79721.2   78569.6   79719.2   78569.4   79794.7   78627.7   79594.3
   53 3      2  1.0641  0.0021   78324.9   83718.9   -3612.0  1.0393  0.0402   80402.6  163372.6  -79751.4
      257.2     158.9   78581.8   83878.4   78290.8   83877.8   78279.1   83769.5   78582.4   83560.5
   54 3      3  1.0847  0.0141   72806.2   81688.2   -6604.1  1.0393  0.0402   77292.8  163252.2  -82743.5
      505.5     325.7   73307.5   82020.4   72524.3   82010.2   72516.0   81566.0   73315.9   81369.1
vertex track :         20   3  51    3426284 -0.1291  0.4960   83687.2  161039.6     193.8  2212   362.6
   52 3      1 -0.1373  0.4938   85305.4   83265.3   -2867.2 -0.1374  0.4863   84015.2  162309.9  -79009.5
       73.7      48.1   85239.3   83323.4   85250.0   83285.1   85581.3   83417.7   85332.0   83349.1
   53 3      2 -0.1314  0.4963   85025.7   81739.7   -3716.7 -0.1374  0.4863   84131.9  161896.8  -79859.0
      146.3     119.1   84873.2   81850.7   84920.4   81672.1   85388.1   81839.3   85103.4   81911.6
   54 3      3 -0.1343  0.4922   90089.4   82798.2   -6581.5 -0.1374  0.4863   84525.5  160503.7  -82723.8
      280.7     235.7   89788.1   83006.9   89907.7   82568.8   90600.6   82800.0   90242.9   83131.0
vertex track :         21   3  51    3426285 -1.0889  0.3640   83044.7  160953.5     193.8   211   195.6
   52 3      1 -1.2639  0.3866   83228.5   79100.9   -2776.1 -1.1013  0.3382   86221.6  162699.5  -78920.0
      140.0      56.7   83078.1   79087.6   83080.4   79086.9   83587.7   79324.6   83111.2   79196.1
   53 3      2 -1.1141  0.3249   84914.2   82587.8   -3613.9 -1.1013  0.3382   87144.2  162416.1  -79757.8
      252.3     142.0   84632.3   82522.1   84882.7   82449.1   85405.0   82863.8   84711.8   82794.7
   54 3      3 -1.1222  0.3475   85461.1   79644.5   -6618.1 -1.1013  0.3382   90452.7  161400.0  -82762.0
      490.6     291.6   84906.3   79511.1   85607.9   79293.9   86224.9   79988.2   85078.8   80068.1
vertex track :         55   3  51    3841107 -0.5556  0.1800   83410.5  160844.2     193.8  2212   451.1
   52 3      1 -0.5610  0.1708   86196.7   83972.1   -2865.7 -0.5615  0.1681   85037.5  163086.5  -79009.4
       68.2      33.3   86121.7   83960.1   86134.4   83956.2   86481.1   84194.3   86141.1   84023.8
   53 3      2 -0.5557  0.1760   86287.0   82693.7   -3715.8 -0.5615  0.1681   85514.9  162943.6  -79859.5
      116.1      82.3   86151.5   82650.3   86256.1   82617.2   86632.0   82947.3   86201.2   82807.3
   54 3      3 -0.5580  0.1736   92568.2   84784.9   -6579.2 -0.5615  0.1681   87122.6  162462.3  -82722.9
      215.2     162.9   92314.4   84693.3   92608.1   84601.9   93031.6   85086.7   92411.2   85004.4
vertex track :         83   3  51    4379581 -1.5705  4.3708   82676.4  163804.0     195.6     0   771.7
   52 3      1 -1.6621  4.3559   84362.6   70470.4   -2734.7 -1.6060  4.2483   87249.6  154089.1  -78867.1
      929.2      68.5   83967.4   71314.1   84280.9   70492.6   84966.1   69841.0   84095.3   71362.9
   53 3      2 -1.6685  4.2941   86217.7   70588.7   -3554.5 -1.6060  4.2483   88566.1  150606.3  -79686.9
     1351.2     167.7   85572.0   71787.5   86200.4   70170.3   87071.7   69604.2   85884.6   71908.9
   54 3      3 -1.2706  4.3926   88105.0   56039.6   -6523.3 -1.6060  4.2483   93334.0  137993.9  -82655.7
     2514.2     343.9   87076.1   58359.2   88206.5   54451.3   89342.7   53934.3   87736.7   58550.3
vertex track :        159   3  52    4085266 -1.6424  4.2584   88780.4  154288.1     308.9     0   733.2
   49 5     -2 -1.6920  4.2567   77460.1   21984.6    6588.5 -1.6620  4.3042   76598.3  181577.4  -72471.7
     2308.6     326.6   76303.8   24009.3   77654.0   20612.4   78824.7   20174.1   76910.9   24250.6
   50 5     -1 -1.6830  4.2508   79138.3   11036.3    3717.8 -1.6620  4.3042   81369.6  169221.3  -75342.4
     1208.6     154.9   78549.3   12103.1   79085.8   10748.2   79935.5   10183.9   78837.3   12217.1
   51 3      0 -1.6475  4.2568   80796.5   84545.9    2865.9 -1.6620  4.3042   82785.3  165554.8  -76194.2
      797.3      58.8   80453.8   85268.2   80683.4   84675.0   81347.5   84037.8   80563.6   85310.7
