groupid:  15553, ntrk:  4
vertex track :          0   3  93    1639242  0.0457 -0.1607  140269.3   80016.7     393.6    13  2659.1
   94 2      1  0.0474 -0.1600   20534.1   77230.8   -2870.3  0.0484 -0.1621  140930.0   81614.8 -157472.1
       19.6       2.5   20542.0   77212.7   20540.9   77216.6   20736.3   77458.7   20537.3   77211.3
   95 2      2  0.0476 -0.1598   21992.0   80471.0   -3719.0  0.0484 -0.1621  140888.9   81752.4 -158320.9
       23.8       5.2   22003.7   80449.6   22000.1   80461.7   22190.3   80702.2   21993.8   80446.7
   96 2      3  0.0493 -0.1598   18793.1   77787.4   -6585.6  0.0484 -0.1621  140750.0   82217.1 -161187.4
       38.3       9.9   18813.9   77753.7   18801.7   77793.3   18982.4   78030.9   18795.0   77747.9
vertex track :         61   3  93    2566148  4.2287 -2.1726  144748.9   77901.9     383.0     0  9998.2
   94 4      1  4.2236 -1.8040   12035.2    4463.1   -2993.1  4.2974 -2.1849  131101.1   86303.0 -157592.2
     1038.2      21.9   12998.5    4075.5   11976.0    4512.2   11286.1    5059.0   12981.4    4035.2
   95 4      2  4.2832 -2.3904    6395.1    8075.0   -3826.2  4.2974 -2.1849  127520.9   88123.3 -158425.3
     1278.3      30.0    7526.0    7478.2    6192.9    8222.2    5478.4    8879.3    7496.7    7425.8
   96 3      3  4.0955 -2.3700  117039.1   18487.9   -6589.3  4.2974 -2.1849  115646.9   94160.3 -161188.4
     2084.7      51.5  118869.3   17488.4  116120.6   19079.0  115423.0   19695.1  118817.7   17399.2
vertex track :        212   3  94    2593221  1.2740 -2.4910  140175.6   80142.3     328.7   211     nan
   91 2     -2  1.2751 -2.4779   29854.1   64854.4    6587.6  1.2921 -2.5485  148212.6   67025.9 -150945.7
        nan       nan      -nan       nan       nan       nan       nan       nan       nan       nan
   92 2     -1  1.2720 -2.5059   21813.7   69269.4    3716.9  1.2921 -2.5485  144503.4   74341.9 -153816.5
        nan       nan      -nan       nan       nan       nan       nan       nan       nan       nan
   93 2      0  1.2849 -2.4858   22618.7   73882.6    2864.8  1.2921 -2.5485  143402.4   76513.4 -154668.5
        nan       nan      -nan       nan       nan       nan       nan       nan       nan       nan
vertex track :        223   3  94    2594753  2.8549 -0.1036  134501.7   78648.8     337.9     0  1350.9
   91 2     -2  2.8075  0.0076   31291.9   77647.4    6463.3  2.8862 -0.1488  152076.3   80640.1 -151079.3
      784.8      90.0   32076.5   77739.4   31096.4   77736.8   30720.1   77765.3   32077.0   77559.5
   92 2     -1  2.8196 -0.0606   27564.9   77118.1    3820.1  2.8862 -0.1488  144447.4   81033.4 -153722.6
      462.4      45.4   28028.2   77153.5   27695.7   77160.7   27314.5   77292.6   28026.3   77062.8
   93 2      0  2.7900 -0.2071   23104.1   75829.4    3002.4  2.8862 -0.1488  142087.4   81155.1 -154540.2
      360.4      19.6   23464.9   75822.3   23332.0   75832.2   22956.0   76046.3   23462.0   75783.2
