groupid:  15713, ntrk:  6
vertex track :          0   3  99    5293367 -0.1159 -0.5456  105476.5  195966.5     129.0    13   841.9
  100 5      1 -0.1183 -0.5444  108111.9   43019.9   -2872.0 -0.1128 -0.5364  106648.2  199590.2 -168320.7
       54.1       8.0  108108.3   42965.4  108106.4   42956.8  108325.4   43284.0  108092.6   42968.8
  101 5      2 -0.1110 -0.5451  107800.7   43992.3   -3724.5 -0.1128 -0.5364  106744.3  200047.5 -169173.3
       66.3      18.1  107805.3   43923.7  107808.4   43939.1  108006.0   44270.3  107769.7   43931.0
  102 5      3 -0.1181 -0.5460  107346.3   49497.3   -6588.3 -0.1128 -0.5364  107067.3  201583.5 -172037.0
      106.9      35.8  107358.7   49385.3  107379.1   49479.6  107543.8   49818.9  107288.7   49400.4
vertex track :        129   3  99    5949825  0.8508 -0.5911  107416.4  195881.0     129.1     0   857.6
  100 5      1  0.9171 -0.5476  102730.3   40591.7   -3251.2  0.8432 -0.5829  105377.4  199865.8 -168704.6
      108.7      13.3  102830.4   40547.4  102836.4   40543.8  102841.1   40845.5  102816.8   40524.6
  101 5      2  0.9353 -0.5711  102155.7   44889.2   -4062.6  0.8432 -0.5829  104693.2  200338.8 -169516.0
      131.0      28.1  102282.1   44844.9  102254.9   44861.6  102240.1   45142.9  102252.8   44796.9
  102 5      3  0.9088 -0.5599  101983.6   48537.0   -6987.9  0.8432 -0.5829  102226.7  202043.9 -172441.3
      208.6      54.0  102189.5   48473.5  102025.1   48574.8  101988.5   48809.8  102132.8   48381.6
vertex track :        186   3 100    5085870 -3.0533  0.2717  107937.4  198831.6     323.5     0  1507.5
   97 5     -2 -3.0553  0.2732   86831.0   44558.3    6590.0 -2.9697  0.2583   87731.7  201429.2 -162304.7
      900.2      91.6   85926.2   44547.3   87077.9   44444.3   87942.8   44779.7   85942.5   44729.7
   98 5     -1 -3.0545  0.2620   94973.1   43798.4    3716.4 -2.9697  0.2583   96265.6  200686.9 -165178.3
      505.8      43.8   94465.4   43798.0   94831.9   43766.6   95687.8   44009.1   94472.9   43885.3
   99 5      0 -3.0546  0.2627   94865.0   42624.4    2863.9 -2.9697  0.2583   98797.3  200466.7 -166030.8
      388.3      18.7   94476.6   42639.1   94608.8   42627.7   95460.4   42820.0   94479.8   42676.3
vertex track :        233   3 100    5538546 -4.4267 -0.7515  111584.9  198945.4     326.4     0  1499.6
   97 5     -2 -4.4020 -0.7555   82542.9   38727.8    6666.6 -4.2842 -0.7375   82786.4  195253.6 -162248.6
     1847.0     158.8   80749.4   38258.9   83465.7   38725.1   84542.0   39406.0   80695.7   38571.9
   98 5     -1 -4.4184 -1.0799   95602.1   41090.3    4043.0 -4.2842 -0.7375   94026.6  197188.5 -164872.3
     1086.5      82.5   94566.3   40752.3   95749.2   41041.4   96843.4   41637.3   94527.1   40912.5
   99 5      0 -4.5991 -0.6860  100038.7   41910.1    3232.5 -4.2842 -0.7375   97498.6  197786.2 -165682.7
      830.2      36.0   99222.8   41752.0   99899.3   41852.9  101059.9   42277.4   99212.2   41823.2
vertex track :        259   3 100    5540475  4.4457  0.4244  107192.4  198459.2     324.9     0  3643.8
   97 6     -2  4.4321  0.4293   17346.7   45317.7    6586.6  4.4965  0.4355  133760.4  202167.7 -162306.3
     1691.8      72.0   19023.7   45552.5   16586.6   45316.4   15884.2   45293.4   19037.5   45409.2
   98 5     -1  4.4407  0.4388  124741.9   44093.9    3719.1  4.4965  0.4355  120867.0  200918.9 -165173.8
      941.3      35.4  125675.2   44221.7  124734.3   44128.7  124023.1   44176.6  125682.1   44151.3
   99 5      0  4.4405  0.4421  118474.0   42825.3    2866.8  4.4965  0.4355  117034.5  200547.7 -166026.1
      721.7      18.4  119190.3   42915.1  118686.5   42864.9  117972.1   42945.9  119193.9   42878.4
vertex track :        275   3 100    5573421  0.6768 -3.9205  106568.5  205622.5     333.0   211   657.4
   97 5     -2  0.4874 -4.0752  111084.8   24598.5    6835.6  0.7140 -3.9352  109601.6  180951.4 -162051.6
     1892.2     311.7  111619.1   22756.7  111272.0   25658.6  110761.1   26646.2  111000.0   22682.7
   98 5     -1  0.5270 -3.6628  109559.4   35768.6    4103.4  0.7140 -3.9352  107650.9  191703.2 -164783.8
     1056.4     158.8  109867.0   34745.6  109676.8   36067.7  109462.3   36998.0  109552.7   34700.4
   99 5      0  0.9798 -3.7991  109630.9   39532.6    3258.6  0.7140 -3.9352  107047.8  195027.4 -165628.5
      712.9      64.1  109870.9   38858.2  109720.6   39441.1  109601.8   40413.1  109746.9   38826.2
