groupid:  16820, ntrk:  7
vertex track :          0   3 107    2723694  0.2201 -0.0977   82503.0  136115.1     293.7    13 10000.6
  108 3      1  0.2196 -0.0984   80479.9   56834.1   -2871.0  0.2230 -0.1001   80629.2  137493.0 -183100.1
       25.9       2.0   80504.3   56825.4   80503.2   56825.9   80665.6   57052.7   80502.6   56821.6
  109 3      2  0.2196 -0.0980   83945.9   58665.1   -3718.1  0.2230 -0.1001   80440.3  137577.8 -183947.2
       30.8       2.8   83975.2   58655.1   83965.0   58659.6   84126.8   58885.0   83972.9   58649.9
  110 3      3  0.2205 -0.0960   80423.3   57699.6   -6586.0  0.2230 -0.1001   79800.7  137864.8 -186815.1
       48.9       5.0   80470.1   57684.7   80426.8   57703.6   80586.7   57924.5   80466.2   57675.6
vertex track :          2   3 107    2695021 -0.3033 -0.6841   81163.5  134598.3     295.0     0   713.5
  108 3      1 -0.2975 -0.7053   83720.6   60471.8   -3406.6 -0.3091 -0.6871   81116.0  138197.9 -183631.9
       83.3      13.9   83701.0   60389.7   83703.2   60395.0   83949.9   60763.2   83675.4   60400.4
  109 3      2 -0.2687 -0.6915   81166.1   58259.5   -4208.9 -0.3091 -0.6871   81364.0  138749.2 -184434.2
      100.9      29.2   81156.8   58154.9   81173.5   58197.8   81385.2   58573.4   81102.4   58176.0
  110 3      3 -0.3338 -0.6647   83504.7   61401.5   -7355.2 -0.3091 -0.6871   82336.4  140911.0 -187580.5
      163.4      56.5   83481.8   61230.1   83558.4   61382.6   83737.3   61782.2   83380.9   61280.8
vertex track :          3   3 107    2695225 -0.1006 -0.7827   81247.6  133741.8     293.0     0  1607.9
  108 3      1 -0.1031 -0.7827   80300.5   56801.6   -2865.6 -0.1034 -0.7833   80375.6  137263.2 -183088.4
       77.9       7.0   80297.3   56723.5   80296.0   56713.6   80513.6   57089.0   80283.4   56725.3
  109 3      2 -0.1022 -0.7822   84041.9   59159.1   -3716.6 -0.1034 -0.7833   80463.6  137929.8 -183939.4
       92.5      13.1   84042.9   59065.7   84045.4   59084.8   84250.9   59461.7   84017.0   59069.1
  110 3      3 -0.0927 -0.7860   81501.9   60371.0   -6587.4 -0.1034 -0.7833   80760.2  140178.5 -186810.1
      144.9      24.8   81509.6   60224.2   81524.1   60346.9   81704.2   60727.0   81460.3   60230.0
vertex track :         15   3 107    2723956 -0.2916  0.1264   81199.7  136685.7     297.8     0  3157.1
  108 3      1 -0.3056  0.1014   83801.1   60331.1   -3412.8 -0.2897  0.1321   81103.7  137277.2 -183643.5
       36.9       3.7   83764.9   60339.2   83770.8   60337.3   84047.0   60533.1   83767.2   60346.2
  109 3      2 -0.2703  0.1239   81113.2   57350.8   -4216.4 -0.2897  0.1321   81336.5  137171.0 -184447.1
       43.1       6.1   81071.5   57363.3   81093.1   57353.4   81364.7   57548.5   81076.5   57374.3
  110 3      3 -0.2882  0.1016   83480.5   58259.7   -7359.0 -0.2897  0.1321   82246.7  136755.9 -187589.7
       68.5      11.2   83412.2   58271.9   83480.9   58247.7   83758.6   58457.7   83419.7   58293.1
vertex track :         20   3 107    2724645 -0.0539 -0.5413   81792.3  134953.2     294.9     0  9976.4
  108 3      1 -0.0561 -0.5405   80670.6   57202.4   -2868.7 -0.0571 -0.5458   80789.2  137734.2 -183095.9
       54.1       4.3   80669.3   57148.1   80668.7   57142.2   80881.9   57466.1   80660.8   57149.0
  109 3      2 -0.0556 -0.5411   84389.2   59332.6   -3720.6 -0.0571 -0.5458   80837.8  138199.2 -183947.8
       63.8       5.6   84388.3   59268.6   84389.6   59281.8   84600.1   59606.1   84377.1   59269.8
  110 3      3 -0.0484 -0.5435   81709.6   59810.5   -6591.2 -0.0571 -0.5458   81001.9  139766.0 -186818.4
       99.4       9.7   81710.5   59710.6   81718.0   59794.5   81918.7   60119.9   81691.1   59712.3
vertex track :         64   3 107    3116712 -2.3027  3.2112   75737.2  144172.0     309.6     0  1838.9
  108 3      1 -2.1346  3.0710   84261.7   59047.8   -3423.8 -2.2893  3.2458   83149.4  133263.2 -183663.9
      827.4      35.8   83760.1   59706.7   84256.3   58992.9   84971.2   58601.9   83818.9   59747.6
  109 3      2 -2.0399  3.3021   83293.7   53495.1   -4237.1 -2.2893  3.2458   85011.3  130623.4 -184477.1
     1020.6      71.6   82696.4   54325.8   83340.9   53282.6   84099.0   52877.7   82818.2   54401.0
  110 3      3 -2.2983  3.2843   91462.4   45429.5   -7390.8 -2.2893  3.2458   92231.2  120387.0 -187630.9
     1717.8     137.1   90365.2   46758.4   91852.4   44633.1   92767.3   44313.9   90589.8   46915.5
vertex track :        107   3 107    3544785  0.7023 -0.3771   83743.8  135398.1     293.3  2212   517.1
  108 3      1  0.6938 -0.3780   80019.4   57101.4   -2869.9  0.7064 -0.3883   80342.4  137665.9 -183100.6
       88.1      31.7   80111.9   57087.1   80102.9   57092.0   80137.5   57325.3   80081.6   57031.4
  109 3      2  0.6997 -0.3801   83142.9   59066.9   -3721.5  0.7064 -0.3883   79740.9  137996.6 -183952.2
      134.6      76.9   83297.9   59070.2   83208.3   59118.8   83198.7   59273.2   83224.5   58935.1
  110 3      3  0.7030 -0.3723   78116.3   59023.0   -6586.6  0.7064 -0.3883   77717.0  139109.1 -186817.3
      239.5     150.3   78398.2   59043.8   78122.6   59189.7   78045.0   59211.9   78257.6   58778.1
