groupid:    160, ntrk:  2
vertex track :          0   3  63      88760 -0.0118 -0.5419  114909.4   68802.9     223.5    13 10000.6
   64 1      1 -0.0109 -0.5411  117577.0   71944.4   -2868.8 -0.0133 -0.5555  114185.8   72351.5 -102552.4
       53.1       4.2  117580.1   71891.2  117579.9   71883.8  117783.8   72207.1  117571.7   71891.4
   65 1      2 -0.0120 -0.5413  114847.6   71322.0   -3718.4 -0.0133 -0.5555  114197.1   72823.4 -103402.0
       62.7       5.5  114851.7   71259.2  114852.0   71270.8  115053.5   71594.2  114840.8   71259.4
   66 1      3 -0.0117 -0.5453  113534.9   71583.5   -6584.7 -0.0133 -0.5555  114235.3   74415.7 -106268.3
       98.1       9.6  113542.3   71485.2  113544.1   71566.9  113737.4   71891.3  113523.2   71485.6
vertex track :         73   3  63    1223398  1.7119  1.9252  117498.9   72194.4     232.1   211     nan
   64 1      1  1.6974  2.0743  109901.3   65049.6   -2702.4  1.7138  1.9609  111718.3   68347.9 -102388.7
        nan       nan      -nan       nan       nan       nan       nan       nan       nan       nan
   65 1      2  1.8345  2.0391  111336.9   64304.9   -3529.8  1.7138  1.9609  110300.3   66725.5 -103216.1
        nan       nan      -nan       nan       nan       nan       nan       nan       nan       nan
   66 1      3  1.8709  1.8747  107734.6   59889.9   -6254.6  1.7138  1.9609  105630.6   61382.4 -105940.9
        nan       nan      -nan       nan       nan       nan       nan       nan       nan       nan
