groupid:  16249, ntrk:  2
vertex track :          0   3  25    7400441  0.4085 -0.5588  183510.8  171459.0     189.3    13   646.1
   26 6      1  0.4047 -0.5610   64566.5   18456.2   -2867.3  0.4079 -0.5716  184686.0  175399.8  -31323.2
       67.7      11.2   64615.2   18407.8   64621.0   18399.8   64728.2   18713.9   64597.0   18394.7
   27 6      2  0.4065 -0.5605   63080.2   16890.4   -3718.0  0.4079 -0.5716  184339.0  175886.0  -32173.9
       84.2      26.1   63150.7   16837.5   63137.2   16856.2   63220.0   17152.7   63108.5   16806.9
   28 6      3  0.4047 -0.5616   60888.7   18194.3   -6584.0  0.4079 -0.5716  183169.8  177524.3  -35040.0
      136.9      51.4   61010.4   18113.3   60935.3   18217.5   60977.4   18484.8   60927.0   18053.2
vertex track :        123   3  25    7662234 -3.3259  4.1715  172545.5  185289.0     206.4     0 10001.0
   26 6      1 -2.8669  4.8223   59813.7   14453.0   -2795.0 -3.1670  4.0242  184589.9  175495.9  -31152.7
     1148.8      21.6   59208.1   15429.4   59780.1   14467.2   60626.4   13691.4   59245.2   15451.4
   27 6      2 -3.0807  4.5979   63798.5    8822.0   -3631.8 -3.1670  4.0242  187239.9  172128.6  -31989.5
     1448.6      30.8   62966.6   10008.3   63932.3    8567.0   64837.4    7850.3   63017.8   10042.6
   28 4      3 -3.2705  3.8126   70896.3   78383.9   -6521.8 -3.1670  4.0242  196392.3  160498.9  -34879.4
     2498.6      56.1   69226.9   80243.8   71793.6   77251.5   72772.4   76737.8   69312.1   80316.9
