groupid:   1885, ntrk:  2
vertex track :          0   3  77    2014947 -0.3618 -0.3944  184147.7   54414.9     221.1    13  1844.7
   78 2      1 -0.3648 -0.3915   65876.7   57403.3   -2869.3 -0.3647 -0.3929  184580.2   56787.5 -127337.8
       52.7       5.2   65844.7   57361.2   65839.8   57356.1   66118.5   57655.0   65837.0   57368.3
   79 2      2 -0.3624 -0.3934   63924.0   54806.1   -3717.3 -0.3647 -0.3929  184889.5   57120.7 -128185.8
       62.6       9.5   63888.6   54753.6   63897.3   54763.1   64169.1   55068.2   63874.6   54766.5
   80 2      3 -0.3610 -0.3943   63546.7   58397.8   -6585.6 -0.3647 -0.3929  185935.5   58247.7 -131054.1
       98.7      18.1   63493.4   58312.8   63550.8   58375.5   63809.6   58692.4   63466.7   58337.2
vertex track :         74   3  77    2256552  4.4035 -1.7503  193924.5   51392.6     207.2     0  1764.1
   78 2      1  4.3088 -1.3611   60200.6   52152.5   -3181.9  4.4587 -1.8529  178070.4   58682.6 -127668.3
     1049.6      41.3   61213.9   51875.8   60117.1   52222.3   59401.6   52637.9   61189.0   51797.0
   79 2      2  4.6135 -1.5661   58407.1   57730.6   -4014.2  4.4587 -1.8529  174359.4   60224.7 -128500.6
     1336.1      88.3   59700.7   57384.7   58139.2   57914.7   57328.2   58284.9   59643.9   57217.5
   80 2      3  3.9281 -1.8758   45936.1   63374.1   -7110.4  4.4587 -1.8529  160554.8   65961.4 -131596.8
     2315.1     173.6   48100.1   62533.2   44746.7   64134.5   43986.1   64423.2   47950.4   62219.8
