groupid:   2063, ntrk:  7
vertex track :          0   3  77    6382035 -0.3361 -0.5961  172360.5  181985.2     189.3    13 10000.6
   78 6      1 -0.3441 -0.5916   56791.6   34636.2   -2865.0 -0.3401 -0.5913  174310.0  185644.4 -127225.9
       65.8       4.8   56762.6   34576.9   56756.5   34566.4   57030.1   34904.9   56754.4   34581.8
   79 6      2 -0.3443 -0.5924   52786.6   32083.9   -3720.0 -0.3401 -0.5913  174600.8  186150.0 -128081.0
       77.5       6.3   52753.1   32013.7   52758.7   32023.4   53029.8   32363.5   52742.2   32020.1
   80 6      3 -0.3383 -0.5915   52762.0   26534.8   -6585.9 -0.3401 -0.5913  175575.3  187844.5 -130946.9
      121.2      11.0   52711.4   26424.2   52760.7   26510.3   53022.3   26854.9   52692.3   26435.2
vertex track :         15   3  77    6382097 -0.3611 -0.0506  172273.5  183769.9     190.3  2212   567.0
   78 6      1 -0.3700 -0.0312   52886.0   28610.1   -3272.8 -0.3600 -0.0427  174448.7  185772.9 -127638.5
       46.4      22.7   52841.7   28583.5   52856.5   28584.8   53140.0   28846.6   52837.9   28628.8
   79 6      2 -0.3615 -0.0241   52643.1   32415.4   -4081.4 -0.3600 -0.0427  174739.8  185807.5 -128447.1
       72.6      52.5   52574.2   32358.2   52643.1   32362.8   52921.7   32682.6   52567.2   32462.9
   80 6      3 -0.3430 -0.0242   56519.1   23470.9   -7038.3 -0.3600 -0.0427  175804.4  185933.9 -131404.0
      130.0     101.5   56396.5   23360.5   56583.9   23373.7   56851.3   23791.2   56382.2   23562.9
vertex track :         24   3  77    6403018 -0.0914  3.0615  172776.9  193710.5     192.5   211   464.9
   78 6      1 -0.0510  3.0601   56430.2   34394.1   -2867.1 -0.0705  3.0763  173998.6  186076.5 -127269.7
      494.2      67.0   56354.9   34887.2   56360.7   34541.5   56715.3   34114.2   56488.9   34889.4
   79 6      2 -0.0453  3.0625   52126.0   28802.4   -3717.2 -0.0705  3.0763  174058.5  183461.4 -128119.7
      762.9     164.4   51950.3   29562.7   51963.4   28680.3   52511.6   28255.1   52279.1   29567.6
   80 6      3 -0.0804  3.0576   51423.2   12484.2   -6586.5 -0.0705  3.0763  174260.9  174634.7 -130989.0
     1392.2     325.5   51061.2   13867.4   51117.5   11726.0   51995.1   11314.1   51712.0   13884.5
vertex track :         56   3  77    6611821  0.6065  0.3660  175475.5  185159.2     188.1     0  9998.4
   78 6      1  0.6709  0.3609   53701.4   28708.4   -3277.1  0.6120  0.3607  174294.8  185718.5 -127648.8
       73.8       5.6   53763.8   28748.3   53774.6   28754.1   53849.7   28878.9   53769.1   28738.5
   79 6      2  0.6185  0.3786   52249.3   32242.1   -4095.5  0.6120  0.3607  173793.9  185423.3 -128467.3
       85.9       7.1   52318.9   32292.9   52302.2   32282.7   52390.3   32401.6   52326.3   32280.9
   80 6      3  0.7999  0.3904   53132.5   22126.4   -7036.9  0.6120  0.3607  171993.8  184362.5 -131408.7
      132.9      12.0   53246.7   22195.5   53175.7   22160.9   53229.1   22267.7   53257.2   22173.9
vertex track :         87   3  77    6998616  2.4925 -4.1117  182183.1  169657.9     176.1     0 10001.0
   78 6      1  2.4247 -4.1399   57394.8   33775.4   -2867.5  2.4416 -4.1335  175536.0  183941.7 -127205.5
      963.4      19.9   57898.9   32954.1   57434.2   33747.4   57103.2   34802.5   57864.6   32934.0
   79 6      2  2.4224 -4.1290   50976.1   34104.8   -3718.0  2.4416 -4.1335  173459.6  187457.0 -128055.9
     1212.4      28.0   51613.8   33073.3   50895.5   34297.6   50550.8   35342.2   51565.4   33044.9
   80 6      3  2.4805 -4.1262   42962.2   38610.6   -6585.0  2.4416 -4.1335  166459.3  199307.9 -130922.9
     2065.8      50.5   44069.8   36866.1   42462.0   39540.6   42067.0   40560.9   43983.3   36814.1
vertex track :        258   3  78    7051911 -3.5984 -0.4314  186405.6  185337.4     389.8   211   685.7
   75 6     -2 -3.5928 -0.4449   40496.8   24375.8    6587.5 -3.5714 -0.4285  162500.5  182541.4 -121270.5
     1460.2     247.1   39078.1   23951.2   41221.8   24216.6   42121.9   25010.0   39017.3   24441.5
   76 6     -1 -3.6019 -0.4098   53277.3   31073.3    3717.9 -3.5714 -0.4285  172748.8  183771.1 -124140.1
      767.7     115.8   52527.6   30871.4   53296.8   30958.9   54233.4   31484.7   52501.4   31101.6
   77 6      0 -3.5970 -0.4788   51779.2   28348.2    2866.2 -3.5714 -0.4285  175790.8  184136.1 -124991.8
      518.8      43.5   51270.6   28236.6   51543.8   28273.0   52494.1   28669.3   51259.2   28322.9
vertex track :        276   3  78    7054194 -1.2101  0.0208  178091.5  184596.0     391.4     0  1487.0
   75 6     -2 -1.0683 -0.0746   50818.0   32651.7    6647.2 -1.2050  0.0212  168788.7  184589.8 -121198.0
      213.1      32.4   50607.8   32604.5   50808.5   32618.6   51237.2   32908.9   50603.2   32669.3
   76 6     -1 -1.2844 -0.1267   55409.1   33214.2    4099.7 -1.2050  0.0212  171858.5  184535.9 -123745.5
      138.6      17.4   55272.9   33183.3   55279.0   33183.9   55754.0   33454.9   55269.5   33217.8
   77 6      0 -1.1666  0.1203   55210.4   35114.5    3258.0 -1.2050  0.0212  172872.8  184518.1 -124587.2
      115.5       8.8   55094.6   35117.6   55079.4   35119.2   55535.0   35321.5   55096.4   35135.0
