groupid:    250, ntrk:  2
vertex track :          0   3  49    1870286 -0.3904  0.0234  149293.4   80243.8     396.6    13   958.5
   50 2      1 -0.3903  0.0244   26787.9   78882.8   -2864.7 -0.3938  0.0237  149769.3   80686.7  -76254.8
       41.2       6.9   26746.3   78878.5   26746.6   78878.5   27039.0   79097.2   26747.2   78892.3
   51 2      2 -0.3901  0.0221   27685.9   77989.3   -3718.9 -0.3938  0.0237  150105.7   80666.5  -77109.0
       50.6      15.4   27634.5   77976.8   27653.7   77975.7   27947.0   78211.8   27636.3   78007.5
   52 2      3 -0.3898  0.0234   30820.2   80247.2   -6588.3 -0.3938  0.0237  151235.8   80598.5  -79978.4
       81.1      29.6   30737.5   80222.5   30817.5   80217.7   31112.5   80481.9   30741.0   80281.6
vertex track :        123   3  50    2100913  2.1810 -3.0112  142532.3   83568.7     335.3   211   647.8
   47 2     -2  2.2287 -2.9766   39020.3   62726.0    6587.0  2.2457 -3.0902  158440.9   66946.9  -69218.9
     1590.6     274.4   40193.3   61617.3   38754.6   63538.7   38059.5   64041.8   39753.9   61288.3
   48 2     -1  2.2426 -2.9652   30050.2   72825.0    3718.1  2.2457 -3.0902  151998.1   75812.5  -72087.8
      835.7     129.7   30657.7   72236.7   30120.4   72947.0   29654.9   73620.3   30450.8   72080.3
   49 2      0  2.2216 -2.9871   30194.9   77058.6    2869.0  2.2457 -3.0902  150091.2   78436.5  -72936.9
      556.3      49.1   30566.2   76641.5   30368.8   76906.9   30035.7   77682.7   30487.5   76582.9
