groupid:   2899, ntrk:  5
vertex track :          0   3  87    1412119 -0.1872  0.0907  141610.0   70500.4     375.1    13   519.9
   88 2      1 -0.1883  0.0886   20862.2   67811.5   -2866.8 -0.1866  0.0887  141187.2   72175.6 -146215.4
       25.6      10.7   20834.6   67812.7   20841.3   67809.6   21099.7   68020.3   20843.6   67832.0
   89 2      2 -0.1880  0.0888   21111.3   68225.8   -3717.4 -0.1866  0.0887  141345.9   72100.2 -147066.0
       38.0      25.6   21066.0   68218.8   21095.3   68205.0   21366.5   68442.9   21087.9   68265.2
   90 2      3 -0.1871  0.0911   24068.6   71481.5   -6591.6 -0.1866  0.0887  141882.3   71845.1 -149940.2
       67.1      49.8   23986.5   71466.0   24067.8   71426.5   24360.5   71707.1   24030.1   71555.7
vertex track :        108   3  87    2476938 -0.2275 -3.5439  141268.6   61336.3     364.2     0   717.1
   88 2      1 -0.2645 -3.2948   23465.3   72624.0   -3638.4 -0.2371 -3.5820  141167.1   77613.8 -146996.0
      772.9      75.8   23479.0   71847.5   23547.2   72696.5   23661.3   73607.2   23327.8   71859.6
   89 2      2 -0.4102 -3.5768   21230.7   75833.6   -4467.5 -0.2371 -3.5820  141363.8   80583.6 -147825.1
     1048.2     163.3   21273.5   74773.6   21426.2   76105.3   21397.4   77100.1   20949.0   74810.9
   90 2      3 -0.1946 -3.3163   20452.2   84601.0   -6922.8 -0.2371 -3.5820  141946.0   89378.6 -150280.4
     1630.1     276.6   20632.8   82957.5   20782.9   85515.7   20481.3   86451.2   20080.5   82989.9
vertex track :        177   3  87    2572503  1.4858  2.3639  145689.2   76606.8     381.6     0   935.8
   88 2      1  1.4622  2.3795   18881.2   65605.3   -2868.1  1.4988  2.3602  139832.9   70913.1 -146216.2
      412.8      32.7   19069.4   65974.2   18944.2   65770.5   18904.4   65448.9   19125.2   65939.9
   89 2      2  1.4639  2.3748   17754.0   64143.8   -3718.3  1.4988  2.3602  138558.6   68906.5 -147066.4
      537.3      74.7   17972.4   64640.3   17716.0   64224.3   17747.1   63859.6   18099.5   64562.0
   90 2      3  1.4839  2.3582   16552.4   61838.0   -6587.1  1.4988  2.3602  134259.0   62135.6 -149935.1
      906.6     144.1   16913.3   62682.1   16259.2   61642.7   16403.0   61206.3   17157.2   62528.6
vertex track :        281   3  88    2488270  1.2008  2.9088  135318.8   58311.2     309.8   211   687.0
   85 2     -2  1.2292  2.8882   26492.7   80417.0    6587.3  1.2347  2.8946  143628.7   79574.9 -140344.3
     1119.4     205.2   26742.2   81527.4   26123.6   80073.9   26454.3   79519.5   27119.8   81366.7
   86 2     -1  1.1922  2.9049   19494.7   70187.5    3717.7  1.2347  2.8946  140085.5   71268.2 -143214.0
      602.1      97.3   19633.2   70781.5   19426.4   70277.5   19567.3   69806.5   19813.3   70707.6
   87 2      0  1.2292  2.9049   21412.3   70262.1    2868.8  1.2347  2.8946  139037.4   68811.0 -144062.8
      420.6      37.3   21541.8   70663.9   21472.1   70499.3   21494.0   70073.1   21610.6   70634.8
vertex track :        349   3  88    2754622 -0.1412 -3.4441  140316.4   72647.1     311.0   211   645.9
   85 2     -2 -0.2268 -3.4175   17080.0   45953.6    6831.4 -0.1715 -3.5001  139930.7   52920.4 -140084.1
     1428.3     259.5   17244.4   44511.3   17385.9   46643.9   17125.5   47602.5   16726.5   44545.6
   86 2     -1 -0.0193 -3.4658   18827.4   55322.2    4446.6 -0.1715 -3.5001  140339.6   61267.4 -142468.9
      878.9     146.2   18968.6   54442.5   18974.4   55472.4   18896.1   56408.4   18676.3   54444.1
   87 2      0 -0.0414 -3.5736   18626.0   60892.7    3622.9 -0.1715 -3.5001  140480.8   64150.3 -143292.6
      620.4      62.7   18681.5   60271.6   18687.2   60761.9   18780.5   61720.2   18556.1   60273.1
