groupid:   2996, ntrk:  4
vertex track :          0   3 105      53279 -0.0293 -0.0920  115932.9   60056.2     181.9    13 10000.6
  106 1      1 -0.0295 -0.0917  120136.3   63407.6   -2867.8 -0.0281 -0.0925  116357.2   63937.0 -179664.9
       13.6       0.9  120133.0   63394.4  120135.1   63401.0  120349.6   63630.7  120131.3   63394.9
  107 1      2 -0.0285 -0.0921  117933.8   63474.5   -3717.6 -0.0281 -0.0925  116381.1   64015.6 -180514.7
       16.8       1.5  117930.3   63458.0  117934.3   63470.7  118147.3   63700.9  117927.4   63458.9
  108 1      3 -0.0292 -0.0914  116421.0   61366.3   -6585.3 -0.0281 -0.0925  116461.8   64280.9 -183382.4
       27.9       2.9  116415.3   61338.8  116426.2   61372.8  116636.7   61603.7  116409.7   61340.6
vertex track :         84   3 106     277434 -0.2979 -0.8234  120360.0   64127.1     218.5   211     nan
  103 1     -2 -0.2855 -0.8303  113898.3   57856.1    6586.0 -0.2916 -0.8408  114704.9   59274.7 -172898.6
        nan       nan      -nan       nan       nan       nan       nan       nan       nan       nan
  104 1     -1 -0.2929 -0.8260  116460.2   59992.0    3717.2 -0.2916 -0.8408  115541.5   61686.8 -175767.4
        nan       nan      -nan       nan       nan       nan       nan       nan       nan       nan
  105 1      0 -0.2963 -0.8239  115450.3   58831.9    2866.6 -0.2916 -0.8408  115789.6   62402.0 -176618.0
        nan       nan      -nan       nan       nan       nan       nan       nan       nan       nan
vertex track :         98   3 106     501619  1.3838 -0.4517  117735.5   64019.5     220.4   211   218.9
  103 2     -2  1.3970 -0.4042   10036.4   62798.1    6156.9  1.4026 -0.4507  122250.7   61821.6 -173322.6
      538.1     268.9   10628.0   62906.9    9887.6   63121.1    9656.2   62898.8   10478.5   62390.2
  104 2     -1  1.3705 -0.4578    5348.6   63912.8    3473.5  1.4026 -0.4507  118486.9   63031.0 -176006.0
      276.4     128.9    5651.6   63947.5    5415.1   64026.5    5257.0   64087.6    5569.9   63702.9
  105 2      0  1.4543 -0.4846    5334.5   64969.6    2639.1  1.4026 -0.4507  117316.5   63407.1 -176840.5
      154.5      47.0    5495.9   64965.4    5508.2   64961.3    5384.6   65183.4    5466.2   64876.2
vertex track :        105   3 106     933241  1.3123  4.4364  116625.2   51128.5     201.4     0   773.7
  103 1     -2  1.2482  4.4569  119769.2   77135.0    6586.8  1.2851  4.4502  121017.4   79884.1 -172884.8
     2361.3     321.5  120096.3   79495.5  119084.8   75883.9  119653.2   74988.9  120715.6   79322.0
  104 1     -1  1.2904  4.4495  118284.3   65209.6    3718.6  1.2851  4.4502  117331.5   67120.1 -175753.0
     1256.9     154.9  118485.7   66459.9  118056.4   64980.0  118294.2   64173.8  118783.1   66373.7
  105 1      0  1.3037  4.4371  115970.3   59713.0    2867.5  1.2851  4.4502  116237.7   63332.3 -176604.1
      844.2      60.1  116150.7   60539.9  115948.4   59851.7  116001.3   59100.5  116266.0   60506.1
