groupid:   2964, ntrk:  2
vertex track :          0   3  91    6403962 -0.2069 -0.7526  161469.9  192792.1     208.0    13   697.5
   92 6      1 -0.2108 -0.7523   37879.7   39201.4   -2870.7 -0.2071 -0.7437  161264.2  197255.6 -153782.7
       76.7      11.4   37870.0   39124.5   37867.1   39114.2   38099.2   39487.6   37848.0   39130.6
   93 6      2 -0.2115 -0.7520   40563.2   41439.8   -3719.2 -0.2071 -0.7437  161440.0  197886.6 -154631.2
       94.6      26.0   40562.6   41341.7   40569.4   41365.9   40773.5   41747.2   40512.5   41355.8
   94 6      3 -0.2097 -0.7517   41201.6   41814.6   -6580.9 -0.2071 -0.7437  162032.7  200014.9 -157492.8
      152.7      51.0   41209.8   41653.8   41247.8   41790.0   41403.3   42184.6   41111.4   41681.2
vertex track :        108   3  91    7139985  3.5685  3.2951  171216.4  202435.8     197.6     0  2350.9
   92 6      1  3.8236  3.5786   44853.7   39018.0   -2905.1  3.5924  3.2754  159273.5  194332.9 -153818.2
     1005.6      31.5   45566.4   39728.1   44900.9   39105.3   44354.8   38521.4   45609.4   39682.2
   93 6      2  3.2231  3.9977   40525.1   34005.5   -3707.5  3.5924  3.2754  156391.0  191704.7 -154620.6
     1271.7      64.9   41272.8   35036.2   40353.3   33895.7   39990.7   33188.7   41373.9   34954.8
   94 6      3  3.4150  3.1153   28989.1   26201.5   -6581.9  3.5924  3.2754  146065.2  182289.8 -157494.9
     2187.5     126.6   30519.9   27769.3   28004.9   25475.0   27671.8   24846.9   30690.6   27582.2
