groupid:   3075, ntrk:  4
vertex track :          0   3  25      86374 -0.2863 -0.1608   63683.8   70872.1     224.9    13  1505.4
   26 1      1 -0.2866 -0.1603   66711.2   73585.9   -2864.6 -0.2880 -0.1628   66060.9   74462.7  -31876.2
       33.6       4.4   66684.0   73565.6   66682.5   73564.8   66948.1   73815.9   66679.7   73573.3
   27 1      2 -0.2877 -0.1573   65656.9   73800.7   -3718.2 -0.2880 -0.1628   66306.7   74601.7  -32729.8
       40.7       9.3   65625.7   73773.0   65636.7   73779.1   65897.9   74038.3   65616.7   73789.4
   28 1      3 -0.2852 -0.1612   67917.6   72935.2   -6583.2 -0.2880 -0.1628   67131.9   75068.1  -35594.8
       65.2      18.1   67869.8   72887.4   67923.4   72917.7   68175.2   73192.9   67851.9   72918.9
vertex track :          2   3  25      86375  2.2655  0.2950   65032.9   71110.0     219.1  2212   586.5
   26 1      1  2.2252  0.0898   56696.3   67735.7   -2875.9  2.2727  0.2817   59490.7   73319.6  -31881.6
      328.8      68.5   57022.1   67817.5   56832.3   67809.8   56582.7   67864.1   57027.6   67680.5
   27 1      2  2.3296  0.3167   56587.8   67000.8   -3700.3  2.2727  0.2817   57617.2   73087.3  -32705.9
      536.5     166.6   57096.9   67238.1   56523.0   67160.1   56290.9   66973.8   57141.8   66908.0
   28 1      3  2.2590  0.1806   47747.1   68010.0   -6490.7  2.2727  0.2817   51275.4   72301.2  -35496.4
      979.0     325.0   48697.1   68412.1   47219.6   68293.9   47009.3   67818.2   48748.9   67764.1
vertex track :         45   3  25     799134 -4.1389  3.6912   56353.1   77808.4     237.7     0 10000.7
   26 1      1 -4.1142  3.7267   70545.5   69324.4   -2866.5 -4.0659  3.6917   70514.3   69516.4  -31870.3
     1272.6      23.2   69586.8   70161.6   70609.1   69235.5   71710.1   68701.0   69617.9   70196.0
   27 1      2 -4.0913  3.7532   72624.3   66285.1   -3716.1 -4.0659  3.6917   73968.8   66380.0  -32719.9
     1601.7      33.1   71421.7   67343.4   72923.1   65966.1   74032.9   65440.4   71466.4   67392.2
   28 1      3 -4.1590  3.7177   86010.7   54410.8   -6587.2 -4.0659  3.6917   85642.3   55781.0  -35590.9
     2726.4      59.4   83938.4   56183.5   87130.4   53330.1   88288.8   52851.8   84017.6   56272.1
vertex track :        221   3  26    3610387  0.7850 -4.7171   63324.6   87261.6     223.4     0  2357.5
   23 1     -2  0.7840 -4.7246   70129.4   51513.1    6587.9  0.7947 -4.8283   67731.0   57434.1  -25253.9
     1994.1     115.0   70569.2   49564.7   70081.0   52507.0   69900.3   53666.8   70342.4   49527.0
   24 1     -1  0.7315 -4.7348   65673.9   69297.7    3717.7  0.7947 -4.8283   65450.1   71291.9  -28124.1
     1111.8      56.1   65899.1   68207.5   65713.2   69410.8   65659.4   70593.3   65788.2   68190.4
   25 1      0  0.8102 -4.7027   63408.2   71337.4    2866.8  0.7947 -4.8283   64773.9   75400.3  -28975.0
      845.7      25.5   63576.9   70508.3   63459.8   71187.5   63450.3   72371.8   63526.6   70499.6
