groupid:   3083, ntrk:  3
vertex track :          0   3  59     513583  0.1906 -0.0700  127915.1   77362.8     235.8    13   734.8
   60 2      1  0.1916 -0.0672    5033.7   75597.5   -2865.9  0.1936 -0.0748  125119.8   78552.3  -94814.8
       23.1       7.1    5057.9   75596.5    5054.4   75597.7    5219.7   75808.3    5053.2   75583.1
   61 2      2  0.1914 -0.0682    4976.1   76408.9   -3718.1  0.1936 -0.0748  124954.8   78616.1  -95667.0
       31.7      17.3    5011.8   76414.6    4992.3   76421.5    5150.7   76613.2    5000.1   76382.0
   62 1      3  0.1916 -0.0673  123470.7   74743.2   -6586.4  0.1936 -0.0748  124399.6   78830.7  -98535.4
       54.5      34.1  123533.4   74757.3  123470.8   74779.3  123618.2   74939.1  123510.8   74693.0
vertex track :         22   3  59     708275  0.1000 -3.4662  127284.5   69272.4     225.6   211   610.7
   60 2      1  0.1888 -3.5641    7336.6   82339.3   -2883.0  0.1297 -3.5671  124747.6   81149.6  -94839.2
      595.7      61.5    7429.5   81747.6    7406.1   82188.9    7453.8   83137.3    7306.7   81741.1
   61 2      2  0.2383 -3.2081    8184.0   82303.6   -3705.9  0.1297 -3.5671  124640.9   84084.8  -95662.0
      864.0     147.6    8395.2   81452.9    8317.2   82502.5    8183.1   83361.1    8100.8   81431.0
   62 4      3  0.1054 -3.3779    8515.3   17056.8   -6896.4  0.1297 -3.5671  124227.0   95465.5  -98852.5
     1628.1     307.3    8873.3   15439.1    8793.9   17984.3    8367.5   18881.1    8258.9   15419.9
vertex track :         97   3  60     300937  0.0367  0.1511  126228.5   74659.9     184.1   211   483.0
   57 2     -2  0.0354  0.1524    7448.7   78253.8    6581.2  0.0328  0.1526  125469.9   79363.1  -88209.8
       59.1      48.9    7414.5   78322.4    7395.2   78239.3    7693.0   78395.3    7509.7   78300.3
   58 2     -1  0.0355  0.1514    6777.7   76053.6    3716.1  0.0328  0.1526  125375.8   78925.8  -91075.0
       30.8      23.5    6761.8   76088.9    6755.2   76060.8    7003.7   76228.4    6807.7   76078.2
   59 2      0  0.0358  0.1511    7586.6   77963.9    2866.6  0.0328  0.1526  125347.9   78796.2  -91924.5
       18.4       8.9    7582.2   77983.9    7581.2   77979.8    7801.1   78154.1    7599.5   77979.7
