groupid:   4074, ntrk:  4
vertex track :          0   3  31    4206817 -0.1409 -0.6245  189027.8  122888.1     343.1    13   881.2
   32 4      1 -0.1472 -0.6231   69415.4   44365.5   -2868.6 -0.1524 -0.6265  191360.5  124115.1  -42907.6
       64.1       9.0   69409.4   44301.0   69408.0   44295.0   69631.3   44639.4   69391.9   44305.2
   33 4      2 -0.1476 -0.6236   71280.3   43062.7   -3717.9 -0.1524 -0.6265  191489.9  124647.2  -43756.9
       77.8      19.5   71281.4   42982.6   71286.2   43003.0   71489.0   43352.3   71243.4   42991.6
   34 4      3 -0.1528 -0.6228   71961.4   47013.7   -6586.2 -0.1524 -0.6265  191927.1  126444.1  -46625.2
      123.4      37.7   71968.6   46884.9   71995.3   46993.8   72164.0   47351.9   71895.4   46902.8
vertex track :         28   3  31    4429579 -1.1336  0.6405  188032.9  124172.4     346.9     0  2251.3
   32 4      1 -1.0508  0.5592   72228.2   42981.6   -2901.9 -1.1152  0.6500  193523.2  121289.0  -42937.2
      136.5       9.1   72103.5   43037.7   72123.8   43026.9   72562.0   43136.1   72112.0   43053.8
   33 4      2 -1.2075  0.6878   70144.6   40563.2   -3715.5 -1.1152  0.6500  194430.6  120760.2  -43750.8
      161.2      15.3   69997.0   40629.7   70023.5   40614.6   70501.0   40707.4   70012.1   40656.2
   34 4      3 -1.1522  0.7043   74580.9   37684.0   -6673.7 -1.1152  0.6500  197729.6  118837.2  -46709.1
      256.6      28.8   74347.0   37793.3   74542.8   37673.5   75023.7   37785.5   74377.0   37842.4
vertex track :         61   3  31    4688825  1.0998  4.1151  193191.4  136581.8     357.5     0   888.1
   32 4      1  1.1402  4.1029   69936.2   44280.2   -2868.6  1.1595  4.0114  191551.5  122729.8  -42858.8
      855.4      60.0   70107.4   45120.5   69888.8   44333.8   69976.2   43654.1   70223.1   45088.3
   33 4      2  1.1427  4.1116   70762.2   39120.0   -3716.8  1.1595  4.0114  190568.1  119327.5  -43707.0
     1182.3     140.8   70943.1   40296.8   70549.9   38882.0   70792.5   38157.3   71214.5   40221.4
   34 4      3  1.1778  4.1017   67504.6   29052.3   -6585.3  1.1595  4.0114  187242.0  107820.5  -46575.5
     2064.2     273.2   67811.7   31111.8   66919.6   28005.0   67408.6   27207.0   68336.9   30960.9
vertex track :        183   3  32    4873822  1.7973  0.0411  185212.9  120884.1     207.0     0  3019.3
   29 4     -2  1.8024  0.0444   79539.1   43469.1    6586.4  1.7919  0.0372  197880.8  122569.0  -36241.6
      371.1      29.1   79909.4   43507.3   79545.9   43498.4   79380.6   43641.0   79910.8   43449.2
   30 4     -1  1.7948  0.0714   71147.0   41260.8    3716.3  1.7919  0.0372  192737.7  122462.2  -39111.7
      222.8      14.8   71369.0   41284.5   71300.7   41281.8   71136.8   41447.2   71370.2   41254.9
   31 4      0  1.7953  0.0770   71466.9   41935.8    2868.4  1.7919  0.0372  191218.3  122430.6  -39959.6
      182.4       8.8   71648.8   41952.4   71661.3   41952.9   71496.8   42129.3   71649.5   41934.9
