groupid:    442, ntrk:  3
vertex track :          0   3  61    4183645  0.0434  0.0618  149782.6  109361.9     373.3    13  1769.0
   62 4      1  0.0421  0.0626   27914.7   26811.1   -2867.2  0.0413  0.0618  149462.1  110425.6  -98597.0
       13.3       3.0   27919.7   26823.8   27913.7   26814.9   28119.9   27008.5   27924.7   26820.5
   63 4      2  0.0426  0.0622   30781.9   30582.4   -3717.2  0.0413  0.0618  149426.9  110373.1  -99447.1
       17.5       7.2   30785.9   30600.9   30775.0   30585.1   30988.0   30774.0   30797.7   30592.8
   64 4      3  0.0430  0.0618   31030.6   32022.9   -6585.2  0.0413  0.0618  149308.4  110195.8 -102315.0
       29.9      14.0   31036.2   32055.5   31011.1   32019.3   31235.0   32200.5   31059.1   32039.5
vertex track :        220   3  62    4853054  1.3602 -1.3586  145557.4  109350.2     274.5     0  1572.6
   59 4     -2  1.3315 -1.3693   38809.2   23410.3    6587.8  1.3599 -1.3731  155483.0  104541.8  -92184.3
      413.6      49.8   39133.3   23148.5   38836.2   23453.9   38696.5   23880.7   39061.8   23079.0
   60 4     -1  1.3649 -1.3424   32660.4   25462.1    3716.2  1.3599 -1.3731  151578.0  108484.7  -95055.8
      243.9      24.2   32851.3   25308.4   32790.2   25368.5   32680.9   25824.5   32817.3   25273.8
   61 4      0  1.3480 -1.3690   31066.7   28408.6    2869.3  1.3599 -1.3731  150426.3  109647.6  -95902.8
      196.4      11.4   31212.6   28276.6   31220.0   28269.1   31132.1   28749.2   31196.4   28260.7
vertex track :        222   3  62    4854990  4.2908  0.0423  135462.1  106657.5     285.7     0  2525.3
   59 4     -2  4.4772  0.0095   42060.0   22773.7    6791.1  4.3170  0.0222  164744.1  110699.3  -92011.4
     1655.1      95.5   43714.8   22872.7   41344.9   22867.7   40619.6   22884.7   43715.3   22681.7
   60 4     -1  4.1094  0.1987   30206.9   25951.5    3969.1  4.3170  0.0222  152561.4  110636.6  -94833.4
      954.9      48.4   31158.3   26045.9   30113.7   25995.4   29469.5   26067.3   31163.0   25949.3
   61 4      0  4.3445  0.5632   26887.0   23535.7    3152.9  4.3170  0.0222  149038.2  110618.5  -95649.5
      749.7      23.7   27627.4   23655.6   27052.8   23581.1   26360.9   23626.4   27633.5   23608.6
