groupid:   4401, ntrk:  4
vertex track :          0   3 107    4041165  0.2032  0.0065  175746.4  130727.4     380.8    13  2655.1
  108 4      1  0.2028  0.0076   52862.8   50725.0   -2870.0  0.2099  0.0050  174280.4  131187.6 -183571.5
       22.9       2.6   52885.5   50728.5   52882.4   50728.4   53050.2   50931.5   52885.7   50723.2
  109 4      2  0.2027  0.0040   57109.9   52798.2   -3720.3  0.2099  0.0050  174101.9  131183.3 -184421.8
       27.6       5.4   57137.4   52804.1   57124.7   52803.8   57292.6   53002.3   57137.6   52793.4
  110 4      3  0.2025  0.0071   53937.9   51555.1   -6592.2  0.2099  0.0050  173499.0  131168.9 -187293.7
       44.1      10.2   53981.6   51566.9   53936.0   51565.3   54104.4   51753.4   53982.4   51546.4
vertex track :          9   3 107    3974943 -0.8446 -3.5643  172319.0  118310.8     369.9     0 10001.0
  108 4      1 -0.6781 -3.4310   55565.3   52690.4   -3317.0 -0.8675 -3.5386  174624.7  131887.4 -183993.7
      709.1      18.9   55446.3   51991.1   55578.9   52662.0   55893.6   53596.4   55409.3   51998.4
  109 4      2 -0.8507 -3.4768   54189.0   53361.8   -4145.8 -0.8675 -3.5386  175343.7  134820.3 -184822.6
      855.3      24.9   54009.9   52525.1   54237.8   53456.6   54577.2   54405.1   53961.5   52537.0
  110 4      3 -0.7264 -3.9254   58504.4   64464.3   -7239.9 -0.8675 -3.5386  178027.8  145768.9 -187916.7
     1410.7      43.2   58290.2   63069.3   58651.1   65019.2   58927.9   66065.4   58205.2   63085.1
vertex track :         22   3 107    4022199  0.6861 -1.6699  176895.9  126392.0     374.0   211   293.3
  108 4      1  0.6912 -1.6685   52384.2   51972.6   -2867.3  0.6870 -1.6798  173862.7  132312.1 -183570.2
      244.2      61.0   52534.0   51770.4   52492.3   51871.2   52445.1   52383.2   52421.3   51723.7
  109 4      2  0.6711 -1.6692   56274.7   55382.9   -3719.0  0.6870 -1.6798  173277.6  133742.7 -184421.9
      393.3     146.9   56557.7   55072.7   56405.2   55452.0   56202.3   55901.3   56285.1   54963.2
  110 4      3  0.6934 -1.6761   51576.5   59394.0   -6583.5  0.6870 -1.6798  171309.7  138554.7 -187286.4
      710.7     284.9   52111.5   58846.2   51713.8   59807.6   51252.3   60150.1   51584.9   58628.4
vertex track :         30   3 107    4024601 -1.3927 -1.2297  170610.3  126720.4     381.3  2212   929.8
  108 4      1 -1.4545 -1.2544   55496.0   54419.0   -3311.9 -1.3942 -1.2077  174918.6  131703.8 -183986.7
      249.7      32.7   55328.3   54231.1   55401.0   54293.9   55872.4   54815.5   55285.6   54280.6
  109 4      2 -1.4364 -1.0602   54617.6   53030.2   -4137.4 -1.3942 -1.2077  176069.5  132700.7 -184812.2
      320.4      71.3   54402.1   52782.6   54616.1   52940.5   55041.7   53486.8   54317.5   52897.3
  110 4      3 -1.2733 -1.2014   60257.7   57401.6   -7253.8 -1.3942 -1.2077  180414.4  136464.4 -187928.6
      538.0     137.3   59960.6   56932.5   60475.9   57418.7   60763.5   58079.5   59772.1   57132.3
