groupid:   4668, ntrk:  5
vertex track :          0   3  61    4268569  0.4026  0.0138  147384.8  155431.9     439.6    13  1210.7
   62 4      1  0.4025  0.0226   23513.7   72944.5   -2867.1  0.4015  0.0109  145854.3  156548.4  -98638.6
       42.6       6.0   23555.8   72952.9   23555.4   72952.9   23681.9   73146.2   23556.5   72940.9
   63 4      2  0.4028  0.0196   26478.8   76798.8   -3714.7  0.4015  0.0109  145514.0  156539.1  -99486.2
       51.4      12.7   26529.5   76813.9   26511.4   76813.1   26638.4   76993.7   26530.7   76788.6
   64 4      3  0.4024  0.0147   26026.3   78405.8   -6586.2  0.4015  0.0109  144361.0  156507.7 -102357.8
       81.3      24.1   26106.7   78432.9   26028.7   78430.1   26156.4   78588.8   26108.5   78384.7
vertex track :          4   3  61    4268565  0.7736 -0.1555  147616.0  155326.8     439.6  2212   659.2
   62 4      1  0.7586 -0.2057   25068.4   80273.3   -2953.1  0.7738 -0.1588  144789.3  157017.6  -98724.1
       86.1      22.9   25157.4   80272.8   25150.6   80274.6   25190.1   80483.5   25145.4   80228.7
   63 4      2  0.7943 -0.1173   24523.2   79580.0   -3782.3  0.7738 -0.1588  144147.6  157149.2  -99553.3
      116.0      52.8   24645.6   79615.3   24583.0   79624.5   24611.6   79754.7   24630.2   79510.9
   64 4      3  0.7656 -0.1434   17722.5   78305.0   -6626.7  0.7738 -0.1588  141946.6  157600.8 -102397.7
      193.3     100.5   17931.0   78368.2   17711.8   78409.3   17724.8   78451.7   17894.0   78170.7
vertex track :          9   3  61    4269052 -1.3215 -1.4073  144512.4  152870.4     437.6   211   117.3
   62 4      1 -1.2940 -1.4339   25741.1   74617.7   -2868.4 -1.3323 -1.4038  148709.2  158687.3  -98648.4
      576.0     242.4   25535.2   74027.6   26035.3   74581.8   26155.8   75416.3   25175.2   74352.4
   63 4      2 -1.3064 -1.4207   30107.4   79656.9   -3716.9 -1.3323 -1.4038  149839.6  159878.4  -99496.8
     1295.4     581.9   29658.9   78309.5   31138.2   79918.2   30764.5   81212.8   28802.3   79097.2
   64 4      3 -1.3178 -1.4069   34602.4   85349.3   -6586.0 -1.3323 -1.4038  153662.0  163906.1 -102365.9
     2480.8    1122.7   33725.9   82771.2   36840.9   86096.9   35687.6   88135.9   32087.1   84306.2
vertex track :         16   3  61    4296730 -1.5389  1.0852  146200.7  156087.0     440.2  2212   472.2
   62 4      1 -1.6596  1.1372   30358.8   77287.2   -2962.9 -1.5569  1.0881  151288.0  153538.3  -98737.3
      299.3      90.1   30060.9   77382.1   30206.3   77282.5   30865.1   77403.5   30162.8   77530.8
   63 4      2 -1.8185  1.2152   31723.0   75865.3   -3808.0 -1.5569  1.0881  152603.7  152618.8  -99582.4
      528.9     212.3   31165.3   75982.7   31663.0   75650.1   32488.9   75959.1   31401.2   76335.6
   64 4      3 -1.5332  1.0691   31653.5   70824.2   -6683.9 -1.5569  1.0881  157081.1  149489.5 -102458.3
      967.6     405.8   30627.7   71044.8   31893.1   70162.4   32887.7   70814.7   31091.9   71710.6
vertex track :        136   3  62    4486407  0.0280  3.3244  144842.2  147720.6     288.9     0  1213.4
   59 6     -2  0.0816  3.3245   29049.0   16698.1    6587.7  0.0463  3.2514  146864.5  172008.8  -92040.4
     1076.6     126.3   28949.1   17777.5   28913.4   16323.0   29359.0   15832.0   29201.7   17771.3
   60 4     -1  0.0008  3.3276   26270.3   81691.7    3719.8  0.0463  3.2514  146731.7  162684.3  -94908.3
      599.1      60.5   26209.9   82290.8   26209.8   81791.5   26540.6   81306.0   26330.9   82290.8
   61 4      0  0.0573  3.3243   26581.6   80939.2    2864.3  0.0463  3.2514  146692.1  159902.5  -95763.9
      449.5      24.6   26564.7   81389.0   26561.3   81188.3   26808.5   80702.6   26614.0   81388.2
