groupid:   4617, ntrk:  3
vertex track :          0   3  39    4009723 -0.4212  0.1225   73001.8  142661.6     196.3    13  3835.4
   40 3      1 -0.4199  0.1282   73618.5   64747.8   -2868.0 -0.4234  0.1214   74754.2  145138.8  -57022.4
       43.6       3.7   73575.8   64757.0   73570.9   64758.5   73870.9   64948.8   73577.9   64764.1
   41 3      2 -0.4207  0.1261   75156.2   65846.4   -3719.5 -0.4234  0.1214   75114.8  145035.5  -57874.0
       51.7       5.7   75105.0   65855.8   75115.7   65852.6   75416.9   66047.2   75108.3   65866.7
   42 3      3 -0.4213  0.1247   75771.3   64618.3   -6582.0 -0.4234  0.1214   76326.9  144688.0  -60736.4
       81.5      10.4   75690.2   64631.4   75758.0   64611.3   76061.9   64815.2   75696.1   64651.4
vertex track :         73   3  39    3842353 -0.8674 -4.2509   72525.3  134702.2     193.8     0   789.8
   40 3      1 -1.1978 -4.4647   78813.0   70384.9   -3182.8 -0.9007 -4.3052   75971.2  152046.1  -57341.2
      934.9      73.1   78641.4   69462.9   78874.4   70331.3   79193.5   71512.3   78500.2   69500.8
   41 3      2 -1.0068 -4.0440   72930.1   71487.6   -3989.6 -0.9007 -4.3052   76697.9  155519.4  -58148.0
     1303.8     167.6   72777.8   70181.9   73196.4   71863.1   73291.4   72999.3   72452.5   70262.9
   42 3      3 -0.8102 -4.3254   78206.4   85262.2   -6930.1 -0.9007 -4.3052   79346.4  168178.8  -61088.5
     2299.1     325.5   78103.1   82942.4   78779.5   86553.7   78518.9   87787.6   77463.1   83062.3
vertex track :        188   3  40    3753425 -0.5780  2.7095   72497.9  134008.5     188.4     0  5497.6
   37 3     -2 -0.5761  2.7145   73362.0   74193.7    6585.3 -0.5382  2.7247   72232.2  154536.8  -50772.0
      733.6      33.1   73177.4   74904.5   73361.0   74039.3   73756.1   73695.7   73242.1   74918.2
   38 3     -1 -0.5531  2.7122   75476.1   66429.3    3715.0 -0.5382  2.7247   73777.1  146715.9  -53642.3
      427.2      17.3   75373.8   66844.4   75428.3   66576.8   75787.9   66226.9   75407.7   66851.3
   39 3      0 -0.5543  2.7156   72808.0   63251.4    2868.3 -0.5382  2.7247   74232.8  144408.9  -54489.0
      341.6      11.3   72728.6   63583.8   72748.9   63484.7   73096.8   63131.7   72750.8   63588.3
