groupid:   4699, ntrk:  5
vertex track :          0   3  65    7013695  0.3066  0.1579  194926.9  177114.1     350.0    13   790.7
   66 6      1  0.3066  0.1567   72374.5   19692.8   -2867.3  0.3030  0.1546  194153.5  177760.8 -105926.6
       36.7       7.7   72403.7   19716.4   72402.7   19715.9   72555.6   19879.5   72410.6   19702.7
   67 6      2  0.3065  0.1563   71098.3   19771.8   -3717.1  0.3030  0.1546  193896.1  177629.4 -106776.5
       46.3      17.8   71131.4   19808.6   71113.3   19799.4   71275.4   19945.0   71147.6   19777.0
   68 6      3  0.3079  0.1573   70848.4   18870.4   -6587.5  0.3030  0.1546  193026.4  177185.5 -109646.9
       75.6      34.5   70900.1   18935.5   70830.1   18899.8   71007.0   19015.5   70931.5   18874.2
vertex track :         67   3  65    7622979 -4.4138 -1.6918  184086.5  173039.3     354.2     0 10001.0
   66 6      1 -4.4560 -1.5992   77471.7   23290.7   -2742.5 -4.4809 -1.7020  198159.0  179490.9 -105846.3
      949.1      19.9   76585.1   22951.4   77436.0   23256.8   78563.9   23838.5   76571.6   22988.8
   67 6      2 -4.3144 -2.1870   81369.3   22978.3   -3583.5 -4.4809 -1.7020  201927.4  180922.2 -106687.3
     1187.5      27.9   80322.7   22416.5   81535.1   23031.0   82621.6   23747.9   80297.5   22466.2
   68 6      3 -3.7744 -1.5270   95124.2   28605.9   -6513.5 -4.4809 -1.7020  215056.4  185908.9 -109617.3
     2032.1      50.4   93259.3   27797.1   96234.3   29000.6   97195.3   29623.2   93221.5   27890.5
vertex track :        127   3  66    6764888  1.5715  4.1797  189454.8  164391.5     172.1     0   724.9
   63 6     -2  1.5700  4.1879   80964.4   37301.5    6583.9  1.5569  4.1450  200890.6  193490.7  -99064.3
     2265.7     327.9   81452.8   39538.1   80191.7   36174.6   80687.6   35279.1   82066.8   39307.9
   64 6     -1  1.5709  4.1807   78199.3   27345.8    3718.3  1.5569  4.1450  196429.3  181613.1 -101929.8
     1207.5     158.6   78475.6   28531.9   77956.1   27149.1   78134.6   26373.8   78772.5   28420.3
   65 6      0  1.5767  4.1799   76232.2   21498.1    2868.2  1.5569  4.1450  195105.8  178089.4 -102779.9
      805.3      61.7   76458.7   22273.4   76221.4   21644.2   76217.3   20937.0   76574.2   22229.8
vertex track :        158   3  66    7210482 -0.1452  2.1674  194101.4  169728.6     171.6   211   452.2
   63 6     -2 -0.1169  2.2331   71521.8   27951.2    6552.2 -0.1484  2.1617  194617.0  186051.3  -99078.7
      676.9     198.0   71288.7   28616.8   71334.9   27733.9   71964.8   27497.9   71684.1   28637.5
   64 6     -1  0.0490  2.3121   68761.0   21175.3    3549.0 -0.1484  2.1617  195062.6  179559.4 -102081.9
      354.0      91.2   68677.3   21531.1   68672.6   21308.8   69054.7   21031.7   68859.6   21527.3
   65 6      0 -0.3123  2.1685   73562.7   19199.6    2729.9 -0.1484  2.1617  195184.2  177788.9 -102900.9
      242.5      34.9   73493.7   19434.7   73497.2   19409.9   73841.5   19176.7   73562.7   19444.6
vertex track :        194   3  66    7269959  0.4474 -4.5032  192697.4  179705.3     176.1     0  1184.9
   63 4     -2  0.4864 -4.4916   77612.5   73901.9    6592.1  0.4471 -4.5675  197022.9  152943.4  -99029.1
     1982.4     204.5   78029.2   71953.1   77704.5   74951.6   77406.2   76056.3   77622.6   71909.0
   64 6     -1  0.4574 -4.5120   77435.7   11793.1    3717.6  0.4471 -4.5675  195737.6  166073.0 -101903.7
     1088.8      99.0   77644.0   10719.8   77520.4   11938.8   77437.8   13071.9   77447.0   10699.9
   65 6      0  0.4426 -4.5137   76385.7   13107.4    2865.0  0.4471 -4.5675  195356.4  169967.2 -102756.2
      792.2      40.0   76502.7   12322.9   76441.1   12951.9   76479.0   14097.5   76423.2   12315.1
