groupid:   4673, ntrk:  3
vertex track :          0   3 119    4087788  0.1682  0.0180  158558.5  158900.3     436.4    13  2556.4
  120 4      1  0.1681  0.0186   35939.1   77725.5   -2868.3  0.1717  0.0162  156311.3  159622.2 -206691.4
       20.0       2.6   35958.7   77730.3   35954.3   77729.8   36129.8   77930.8   35959.3   77725.2
  121 4      2  0.1681  0.0190   37452.7   79742.4   -3717.8  0.1717  0.0162  156165.4  159608.4 -207540.9
       24.3       5.4   37476.2   79750.5   37463.3   79749.0   37639.4   79944.3   37477.4   79739.7
  122 4      3  0.1682  0.0195   33726.2   78627.6   -6585.7  0.1717  0.0162  155672.9  159561.9 -210408.9
       38.9      10.4   33763.7   78642.3   33721.6   78637.5   33898.9   78822.8   33766.1   78621.8
vertex track :          3   3 119    3839023 -0.7685 -0.3263  156281.9  158061.2     438.1  2212   535.9
  120 4      1 -0.7812 -0.3047   38485.2   83947.4   -2441.2 -0.7695 -0.3242  156803.7  159778.4 -206261.1
       85.1      27.1   38415.7   83891.2   38410.2   83889.1   38763.8   84213.2   38396.1   83941.7
  121 4      2 -0.8324 -0.2894   38605.7   82401.7   -3261.9 -0.7695 -0.3242  157435.2  160044.4 -207081.8
      126.6      67.7   38508.4   82296.3   38572.7   82318.6   38912.3   82716.9   38463.9   82424.1
  122 4      3 -0.7557 -0.3064   44146.8   84361.8   -6452.6 -0.7695 -0.3242  159890.5  161078.9 -210272.5
      241.3     145.2   43977.7   84136.6   44266.3   84253.6   44525.1   84796.7   43868.6   84405.7
vertex track :         83   3 120    4744393 -3.0779  3.2278  162148.3  150991.7     255.2   211     nan
  117 6     -2 -3.0212  3.2695   24715.4   17496.3    6586.4 -3.0210  3.2783  143533.2  174114.5 -199516.0
        nan       nan      -nan       nan       nan       nan       nan       nan       nan       nan
  118 4     -1 -3.0385  3.2616   30723.6   79923.0    3716.3 -3.0210  3.2783  152203.9  164705.4 -202386.1
        nan       nan      -nan       nan       nan       nan       nan       nan       nan       nan
  119 4      0 -3.0076  3.2905   36765.8   81623.5    2868.0 -3.0210  3.2783  154766.4  161924.6 -203234.4
        nan       nan      -nan       nan       nan       nan       nan       nan       nan       nan
