groupid:   4863, ntrk:  3
vertex track :          0   3  77    3907258  0.1387 -0.1436  154304.4   92440.6     247.0    13  1300.1
   78 4      1  0.1381 -0.1433   36203.5   14811.5   -2868.3  0.1388 -0.1486  153518.1   94713.3 -127242.7
       22.1       4.2   36221.9   14798.5   36220.2   14800.3   36395.2   15034.4   36215.8   14792.6
   79 4      2  0.1376 -0.1437   32798.2   14367.4   -3718.9  0.1388 -0.1486  153400.0   94839.7 -128093.2
       27.9       9.9   32824.7   14354.1   32815.0   14364.2   32982.0   14590.6   32810.4   14340.5
   80 4      3  0.1383 -0.1440   31158.4   16946.5   -6584.3  0.1388 -0.1486  153002.3   95265.4 -130958.7
       45.9      19.4   31204.1   16926.8   31169.5   16962.8   31322.7   17176.1   31176.2   16900.0
vertex track :        105   3  77    4622198 -0.5442  1.2235  152347.9   96373.4     251.2     0   739.8
   78 4      1 -0.6440  1.3754   34232.4    8493.7   -3295.2 -0.5375  1.2369  153925.1   93860.7 -127666.5
      152.9      19.7   34149.7    8623.9   34144.2    8635.7   34524.4    8574.9   34185.4    8640.6
   79 4      2 -0.6180  1.2357   35152.9   13604.5   -4118.8 -0.5375  1.2369  154367.8   92842.0 -128490.1
      188.6      42.5   35030.6   13754.1   35069.5   13676.3   35484.7   13666.0   35106.6   13792.2
   80 4      3 -0.6221  1.3485   37843.6   10869.8   -7102.2 -0.5375  1.2369  155971.4   89151.8 -131473.5
      305.0      81.2   37642.1   11112.8   37767.0   10842.1   38254.5   10838.2   37789.6   11180.8
vertex track :        141   3  78    4311073  0.3348  3.7617  155043.4   86230.5     327.8     0   991.2
   75 4     -2  0.3182  3.7478   35667.8   31703.0    6586.3  0.3458  3.7813  155221.9  109369.6 -121172.2
     1416.8     182.7   35605.6   33130.2   35432.7   31093.8   35940.3   30489.6   35969.7   33099.3
   76 4     -1  0.3515  3.7575   36891.6   22589.6    3718.2  0.3458  3.7813  154230.3   98524.5 -124040.3
      768.5      86.7   36876.9   23362.8   36807.6   22621.7   37116.7   22030.2   37049.5   23346.7
   77 4      0  0.3157  3.7639   33955.2   17888.3    2865.9  0.3458  3.7813  153935.6   95301.7 -124892.6
      553.8      33.9   33967.7   18443.0   33941.4   18129.6   34153.0   17547.3   34035.2   18437.4
