groupid:    503, ntrk:  6
vertex track :          0   3  37    5775767 -0.1649 -0.4157   57986.6  200298.4     320.9    13  1174.7
   38 5      1 -0.1663 -0.4154   58021.5   45803.2   -2868.9 -0.1615 -0.4174   56110.3  202892.6  -53799.4
       45.9       6.2   58010.2   45758.3   58009.4   45756.2   58242.7   46057.6   57998.7   45762.9
   39 5      2 -0.1616 -0.4176   55530.3   43769.5   -3719.9 -0.1615 -0.4174   56247.8  203247.9  -54650.4
       55.4      13.1   55522.5   43713.1   55528.6   43728.8   55748.0   44035.5   55498.2   43722.5
   40 5      3 -0.1647 -0.4160   54235.6   40682.6   -6583.1 -0.1615 -0.4174   56710.2  204443.0  -57513.6
       88.0      25.1   54226.5   40591.6   54256.7   40667.8   54454.5   40983.3   54179.9   40610.1
vertex track :         45   3  37    5775959  0.5673  0.8556   58296.6  200837.8     320.6  2212   349.3
   38 5      1  0.4406  0.8726   58210.4   42771.8   -2560.4  0.5687  0.8487   54266.0  199653.4  -53490.0
      138.2      69.5   58210.7   42926.5   58178.7   42863.0   58420.6   42828.0   58334.7   42863.9
   39 5      2  0.5071  0.9001   57905.4   43176.9   -3382.7  0.5687  0.8487   53798.3  198955.5  -54312.3
      275.3     175.2   57887.8   43502.8   57724.0   43212.1   58133.4   43061.9   58193.2   43330.8
   40 5      3  0.4341  0.7977   59590.6   37658.3   -6377.8  0.5687  0.8487   52094.9  196413.3  -57307.5
      552.1     363.8   59535.0   38317.2   59098.3   37514.8   59856.7   37210.3   60174.1   37969.4
vertex track :         70   3  37    5798712 -3.0983  1.2834   52788.7  203390.3     324.3     0  2062.0
   38 5      1 -3.0900  1.2931   60315.0   44543.0   -2872.2 -3.0763  1.2689   60211.9  200593.0  -53786.8
      541.2      22.5   59807.1   44731.2   60156.7   44584.9   61029.9   44566.2   59824.5   44772.7
   39 5      2 -3.0965  1.2526   60231.6   41159.4   -3718.5 -3.0763  1.2689   62815.4  199519.1  -54633.1
      678.0      45.6   59585.9   41371.4   60192.7   41125.9   61084.1   41158.6   59620.1   41455.9
   40 5      3 -3.1105  1.2743   67813.1   32910.2   -6587.7 -3.0763  1.2689   71642.1  195878.2  -57502.4
     1133.5      87.2   66731.1   33259.2   68175.8   32667.4   69102.0   32772.5   66797.2   33420.7
vertex track :         88   3  38    5314011  0.0158 -0.3281   57190.9  201155.4     310.0  2212   279.8
   35 5     -2  0.0186 -0.3258   56603.0   43041.2    6591.3  0.0145 -0.3249   55769.5  200360.9  -46928.5
      346.8     324.8   56947.1   42713.5   56911.4   43337.5   56469.0   43578.5   56298.5   42676.4
   36 5     -1  0.0180 -0.3268   55127.6   42895.3    3718.8  0.0145 -0.3249   55727.7  201294.1  -49801.0
      165.7     153.7   55290.2   42738.3   55275.7   43000.5   55175.0   43261.9   54983.2   42721.4
   37 5      0  0.0172 -0.3277   57470.9   44864.9    2869.7  0.0145 -0.3249   55715.4  201569.9  -50650.1
       67.1      57.1   57531.5   44800.9   57528.0   44866.1   57620.4   45138.6   57417.4   44795.0
vertex track :        127   3  38    6217558 -4.1230  2.9251   59961.1  199315.6     305.8   211     nan
   35 5     -2 -4.3175  3.2732   33070.8   64653.0    6643.5 -4.2101  2.9574   31779.5  219313.7  -46862.2
        nan       nan      -nan       nan       nan       nan       nan       nan       nan       nan
   36 5     -1 -3.6308  2.5414   45233.9   56595.4    3497.7 -4.2101  2.9574   45023.6  210010.4  -50008.0
        nan       nan      -nan       nan       nan       nan       nan       nan       nan       nan
   37 5      0 -4.3942  2.7490   46398.6   52286.7    2648.5 -4.2101  2.9574   48598.5  207499.3  -50857.1
        nan       nan      -nan       nan       nan       nan       nan       nan       nan       nan
vertex track :        156   3  38    6255711 -0.6701 -3.3470   58439.2  205222.2     309.7     0   969.1
   35 5     -2 -0.6406 -3.3540   53572.4   27672.6    6589.9 -0.6587 -3.3211   52777.1  185594.8  -46933.4
     1178.5     162.6   53511.1   26484.5   53818.7   28095.3   53843.0   29067.3   53191.5   26545.5
   36 5     -1 -0.6450 -3.3544   54114.4   36727.5    3718.2 -0.6587 -3.3211   54668.8  195132.2  -49805.1
      644.8      77.3   54068.6   36079.8   54176.6   36641.7   54369.6   37582.0   53916.7   36109.0
   37 5      0 -0.6570 -3.3540   56979.5   41216.1    2872.0 -0.6587 -3.3211   55226.2  197942.6  -50651.4
      471.4      30.5   56918.8   40747.6   56962.1   40968.5   57249.5   41891.2   56858.9   40759.3
