groupid:   6045, ntrk:  3
vertex track :          0   3  29    3269396  0.1932 -0.1101   87490.0  102058.2     239.1    13   376.4
   30 3      1  0.1942 -0.1092   82064.9   22804.6   -2868.7  0.1967 -0.1131   84388.8  103405.8  -39234.6
       27.8      14.2   82096.1   22803.3   82088.4   22807.6   82243.9   23015.8   82082.2   22778.6
   31 3      2  0.1945 -0.1086   83407.0   22557.2   -3719.2  0.1967 -0.1131   84221.6  103502.0  -40085.2
       45.6      34.9   83463.8   22565.4   83425.0   22587.1   83560.3   22758.9   83429.8   22504.5
   32 3      3  0.1930 -0.1107   83243.3   22835.2   -6587.6  0.1967 -0.1131   83657.5  103826.5  -42953.5
       83.7      68.8   83350.1   22853.2   83245.5   22913.3   83346.7   23027.1   83281.7   22733.9
vertex track :        157   3  30    3688982 -1.1680  0.5324   83191.3  101291.2     167.9   211     nan
   27 3     -2 -1.1686  0.5377   77292.3   27307.9    6589.2 -1.1612  0.5320   78050.5  106290.8  -32322.1
        nan       nan      -nan       nan       nan       nan       nan       nan       nan       nan
   28 3     -1 -1.1647  0.5359   80819.0   23672.4    3718.6 -1.1612  0.5320   81383.7  104763.5  -35192.8
        nan       nan      -nan       nan       nan       nan       nan       nan       nan       nan
   29 3      0 -1.1612  0.5445   84207.1   26546.8    2869.8 -1.1612  0.5320   82369.4  104311.9  -36041.6
        nan       nan      -nan       nan       nan       nan       nan       nan       nan       nan
vertex track :        168   3  30    3690686  2.3988  0.2414   79110.4  101269.3     170.1   211     nan
   27 3     -2  2.3831  0.3627   94084.3   22995.8    6330.2  2.4295  0.2246   96374.0  104261.5  -32571.5
        nan       nan      -nan       nan       nan       nan       nan       nan       nan       nan
   28 3     -1  2.3431  0.3115   84002.5   23320.1    3408.6  2.4295  0.2246   89276.1  103605.3  -35493.0
        nan       nan      -nan       nan       nan       nan       nan       nan       nan       nan
   29 3      0  2.3763  0.1320   81451.2   23683.5    2587.5  2.4295  0.2246   87281.3  103420.8  -36314.1
        nan       nan      -nan       nan       nan       nan       nan       nan       nan       nan
