groupid:   6089, ntrk:  2
vertex track :          0   3  93    3907290 -0.3437  0.0302  187955.3   97218.1     322.0    13 10000.6
   94 4      1 -0.3446  0.0247   70171.8   14681.9   -2868.5 -0.3428  0.0300  190084.1   98483.8 -157553.6
       35.7       2.9   70135.9   14681.6   70134.8   14681.6   70417.3   14892.2   70136.3   14687.3
   95 4      2 -0.3447  0.0276   71309.3   19965.8   -3716.9 -0.3428  0.0300  190374.9   98458.4 -158402.0
       42.3       3.8   71266.8   19965.3   71278.7   19964.4   71561.4   20176.2   71267.4   19972.9
   96 4      3 -0.3451  0.0212   69443.7   18250.7   -6585.1 -0.3428  0.0300  191358.1   98372.3 -161270.3
       66.4       6.7   69376.9   18248.2   69437.1   18244.5   69720.0   18463.3   69377.8   18261.5
vertex track :         41   3  93    4566926 -3.6677 -3.3744  181023.3   89853.1     316.4     0 10001.0
   94 4      1 -3.7038 -3.3854   71131.7   20865.2   -2843.6 -3.6128 -3.3700  193476.9  101766.7 -157492.9
     1064.0      21.3   70360.7   20131.6   71153.6   20856.4   72108.9   21805.5   70331.9   20163.1
   95 4      2 -2.8640 -3.3737   72033.6   24426.5   -3667.7 -3.6128 -3.3700  196454.2  104543.9 -158317.0
     1323.3      29.8   71199.9   23398.4   72311.3   24707.5   73074.4   25661.2   71154.5   23436.9
   96 4      3 -3.1535 -3.5527   85467.4   37936.7   -6673.5 -3.6128 -3.3700  207313.7  114673.6 -161322.8
     2282.5      54.3   83992.8   36193.6   86361.0   38861.6   87148.9   39886.2   83911.6   36265.7
