groupid:   6147, ntrk:  3
vertex track :          0   3  43     246888 -0.0580 -0.2745   94645.9   48132.0     204.5    13   603.7
   44 1      1 -0.0591 -0.2741   93937.8   49813.3   -2868.1 -0.0556 -0.2793   93253.1   49827.2  -65050.1
       30.3       8.9   93940.1   49781.8   93940.4   49783.5   94145.4   50054.5   93922.7   49785.6
   45 1      2 -0.0578 -0.2741   92904.8   47218.0   -3718.5 -0.0556 -0.2793   93300.4   50064.7  -65900.5
       41.0      21.6   92917.5   47173.4   92922.3   47196.1   93102.1   47472.3   92875.2   47182.3
   46 1      3 -0.0593 -0.2740   94059.7   45984.1   -6585.8 -0.0556 -0.2793   93460.0   50865.5  -68767.8
       70.2      42.7   94086.6   45906.5   94103.8   45986.2   94242.8   46271.5   94003.2   45924.5
vertex track :        141   3  44    1114207  1.5672 -1.3630   92446.1   50790.6     203.1     0   721.0
   41 1     -2  1.5649 -1.3512  103069.3   40399.9    6586.6  1.5895 -1.3761  101886.6   41913.0  -58326.1
      524.3     115.2  103541.4   40144.4  103076.4   40546.0  102808.7   40864.0  103390.9   39970.1
   42 1     -1  1.5800 -1.3519   97015.3   43567.6    3718.0  1.5895 -1.3761   97326.9   45860.4  -61194.7
      298.7      55.6   97278.4   43415.7   97156.3   43520.1   96963.8   43928.2   97206.1   43331.2
   43 1      0  1.5731 -1.3531   97617.1   46143.7    2867.3  1.5895 -1.3761   95974.7   47031.0  -62045.4
      226.0      22.2   97802.9   46013.3   97790.7   46023.8   97642.9   46482.9   97773.9   45979.5
vertex track :        144   3  44    1114797  1.9443  3.3180   92363.7   46936.2     194.2     0   919.7
   41 1     -2  2.0036  3.1565  104699.1   70563.2    6429.9  1.8849  3.2932  103449.3   67368.1  -58490.3
     1492.0     201.1  105328.9   71930.6  104150.5   70074.1  104281.4   69408.8  105668.5   71715.0
   42 1     -1  1.9981  3.4188  100154.4   62502.8    3551.8  1.8849  3.2932   98024.5   57890.1  -61368.4
      799.8      94.7  100476.1   63241.1  100088.6   62578.0  100044.6   61977.9  100639.7   63145.5
   43 1      0  1.9765  3.5150   96872.1   57866.9    2732.0  1.8849  3.2932   96479.2   55190.2  -62188.2
      573.6      37.1   97120.9   58385.1   96973.7   58123.2   96835.2   57562.3   97185.5   58348.7
