groupid:   6550, ntrk:  4
vertex track :          0   3  71    1364127 -0.2866 -0.1912  211695.6   48740.4     277.8    13  2026.4
   72 2      1 -0.2844 -0.1935   89471.5   49607.1   -2868.8 -0.2916 -0.1931  209120.3   49675.3 -116834.1
       35.5       3.9   89444.3   49584.0   89443.3   49583.2   89708.4   49840.1   89440.0   49590.3
   73 2      2 -0.2846 -0.1933   88457.7   48038.6   -3716.9 -0.2916 -0.1931  209367.6   49839.1 -117682.1
       42.5       7.5   88426.8   48008.6   88437.3   48015.7   88698.3   48278.5   88418.4   48021.0
   74 2      3 -0.2854 -0.1904   91005.7   49021.5   -6587.9 -0.2916 -0.1931  210204.8   50393.4 -120553.1
       67.3      14.3   90957.6   48972.2   91009.7   49007.0   91263.5   49280.6   90941.8   48996.0
vertex track :         46   3  71    2013046 -3.3330 -3.2649  206367.0   43397.1     275.0     0 10001.0
   72 2      1 -2.8138 -2.8718   99758.2   52539.6   -2825.2 -3.4068 -3.3180  213415.1   54018.8 -116814.8
      928.1      19.7   99122.7   51862.9   99830.9   52585.7  100600.8   53423.5   99094.6   51890.5
   73 2      2 -3.2799 -3.4423  102666.3   57248.1   -3657.5 -3.4068 -3.3180  216250.8   56780.6 -117647.1
     1158.1      27.5  101887.3   56390.6  102796.3   57344.7  103652.1   58312.0  101847.5   56428.5
   74 2      3 -3.1264 -3.1529  110050.4   64404.9   -6408.8 -3.4068 -3.3180  225623.8   65909.4 -120398.4
     1931.4      48.3  108724.8   62999.4  110788.0   65080.2  111582.8   66017.2  108656.2   63067.4
vertex track :        112   3  72    1770586 -3.7455 -1.3094  210895.7   50820.1     275.8   211     nan
   69 2     -2 -3.7410 -1.3377   65138.2   43056.3    6585.5 -3.8305 -1.3035  186808.5   41889.3 -110193.6
        nan       nan      -nan       nan       nan       nan       nan       nan       nan       nan
   70 2     -1 -3.7415 -1.3383   77962.3   42409.4    3717.8 -3.8305 -1.3035  197793.1   45627.4 -113061.3
        nan       nan      -nan       nan       nan       nan       nan       nan       nan       nan
   71 2      0 -3.7398 -1.3484   82798.1   46488.3    2870.2 -3.8305 -1.3035  201039.8   46732.2 -113908.9
        nan       nan      -nan       nan       nan       nan       nan       nan       nan       nan
vertex track :        128   3  72    2010646  0.8593  4.1784  206823.3   42314.4     263.0   211     nan
   69 2     -2  1.1526  4.5453   91541.0   73044.7    6370.8  0.8706  4.1295  212161.9   66870.3 -110419.5
        nan       nan      -nan       nan       nan       nan       nan       nan       nan       nan
   70 2     -1  0.8398  4.4951   91866.8   59212.4    3659.3  0.8706  4.1295  209801.2   55673.1 -113131.0
        nan       nan      -nan       nan       nan       nan       nan       nan       nan       nan
   71 2      0  0.8198  3.9616   84960.8   54432.0    2828.7  0.8706  4.1295  209078.0   52242.9 -113961.7
        nan       nan      -nan       nan       nan       nan       nan       nan       nan       nan
