groupid:   6876, ntrk:  4
vertex track :          0   3  87    6451091  0.1855 -0.2979  160014.4  203238.1     431.1    13  1079.5
   88 6      1  0.1856 -0.2988   38127.7   46933.1   -2870.5  0.1881 -0.2895  158669.1  206484.9 -146675.1
       37.6       6.2   38152.7   46904.4   38152.0   46905.5   38312.8   47171.4   38142.3   46897.9
   89 6      2  0.1875 -0.2974   37494.1   48420.4   -3718.3  0.1881 -0.2895  158509.6  206730.4 -147522.9
       46.0      13.5   37530.1   48388.7   37520.4   48404.0   37668.3   48661.8   37507.2   48374.3
   90 6      3  0.1851 -0.2989   41316.1   51158.1   -6586.3  0.1881 -0.2895  157970.1  207560.7 -150390.9
       73.4      25.9   41376.8   51109.4   41338.4   51171.3   41465.7   51416.5   41332.7   51082.1
vertex track :         53   3  87    6666514  0.6564  4.0562  160889.8  217486.0     449.1     0  1534.7
   88 6      1  1.0813  4.0133   41917.0   51814.5   -3191.4  0.6712  4.1872  157716.4  204637.7 -147078.8
      870.6      41.7   42103.3   52666.0   41877.3   51827.5   41941.8   51177.0   42183.7   52644.3
   89 6      2  0.2691  3.6882   37403.1   49768.8   -4031.8  0.6712  4.1872  157152.3  201118.5 -147919.3
     1098.9      87.7   37395.6   50871.1   37292.2   49453.7   37620.9   48880.1   37570.5   50858.4
   90 6      3  0.6213  4.0777   35812.0   35119.4   -6517.4  0.6712  4.1872  155484.0  190710.9 -150404.8
     1707.8     152.6   35918.4   36830.8   35534.3   34310.4   35916.2   33622.2   36220.1   36784.8
vertex track :         90   3  87    7090799 -0.7592  0.6045  157206.2  205920.9     439.0     0  1362.1
   88 6      1 -0.7566  0.6097   38350.8   46703.1   -2866.7 -0.7740  0.6026  159012.1  206196.8 -146695.4
       99.4       9.2   38267.7   46758.3   38263.6   46761.6   38643.3   46858.5   38279.2   46772.6
   89 6      2 -0.7651  0.6017   38504.9   47468.0   -3718.8 -0.7740  0.6026  159671.5  205683.3 -147547.5
      118.4      17.7   38400.9   47527.3   38426.3   47507.3   38818.2   47619.4   38422.8   47555.1
   90 6      3 -0.7603  0.6056   44598.1   48019.1   -6585.3 -0.7740  0.6026  161890.1  203956.0 -150414.0
      184.7      33.4   44432.8   48108.1   44562.2   48005.1   44972.6   48140.7   44474.4   48160.3
vertex track :        225   3  88    7515693  0.8569 -1.7875  154576.9  207343.3     219.2   211   401.7
   85 6     -2  0.8411 -1.7934   45564.9   42098.9    6581.1  0.8423 -1.8209  161937.6  199029.7 -140258.0
      612.1     200.3   46006.2   41629.8   45663.1   42361.4   45334.5   42776.1   45643.4   41459.7
   86 6     -1  0.8358 -1.8012   40635.9   47454.6    3718.7  0.8423 -1.8209  159526.6  204241.9 -143120.3
      330.2      96.3   40862.2   47195.6   40759.8   47416.4   40620.5   47921.8   40687.6   47114.5
   87 6      0  0.8289 -1.8026   41737.7   47647.2    2870.6  0.8423 -1.8209  158812.1  205786.3 -143968.5
      221.6      36.9   41863.9   47461.3   41852.8   47485.4   41822.4   48041.3   41796.8   47430.4
