groupid:   6848, ntrk:  4
vertex track :          0   3  89    2689057 -0.0911 -0.2417  122831.2  133028.3     151.1    13  1090.2
   90 3      1 -0.0926 -0.2408  125182.6   57520.0   -2868.6 -0.0914 -0.2434  122385.4  137337.0 -150340.0
       27.1       5.0  125177.5   57492.9  125177.5   57492.9  125397.5   57756.8  125168.2   57496.5
   91 3      2 -0.0918 -0.2409  124538.8   56888.3   -3719.7 -0.0914 -0.2434  122463.1  137544.1 -151191.1
       34.0      11.7  124537.6   56852.4  124542.5   56865.3  124749.8   57134.0  124515.7   56860.8
   92 3      3 -0.0888 -0.2442  120317.6   56808.6   -6584.4 -0.0914 -0.2434  122725.0  138241.3 -154055.8
       56.0      23.2  120320.3   56748.1  120339.9   56802.1  120524.8   57079.0  120276.6   56763.9
vertex track :          4   3  89    2689439  0.1209  0.0108  123358.6  133663.8     152.1     0  2008.0
   90 3      1  0.1136  0.0124  121261.5   52518.6   -2509.3  0.1240  0.0121  122315.3  137212.9 -149982.8
       13.8       2.2  121275.0   52522.3  121271.4   52521.9  121458.1   52724.9  121275.5   52517.9
   91 3      2  0.1193  0.0110  122880.5   53483.4   -3336.3  0.1240  0.0121  122212.7  137202.9 -150809.8
       17.7       5.4  122897.6   53490.4  122887.4   53489.5  123073.5   53686.4  122898.6   53479.6
   92 4      3  0.1188  0.0069    6069.0   52139.3   -6102.2  0.1240  0.0121  121869.7  137169.3 -153575.7
       30.3      11.1    6098.5   52152.1    6063.0   52150.0    6249.5   52336.5    6099.8   52130.0
vertex track :         29   3  89    3125073 -0.6870  0.7501  121325.6  135538.9     151.8   211   327.5
   90 3      1 -0.6819  0.7518  125170.4   57541.5   -2868.4 -0.6717  0.7716  122662.3  136845.8 -150334.8
      105.5      27.9  125078.9   57600.9  125077.4   57602.5  125471.3   57692.8  125120.2   57638.4
   91 3      2 -0.6842  0.7511  125020.1   56087.2   -3719.5 -0.6717  0.7716  123234.0  136189.2 -151185.9
      151.3      68.8  124867.4   56152.8  124927.5   56086.8  125382.2   56232.4  124969.0   56245.4
   92 3      3 -0.6969  0.7451  122475.1   53317.1   -6586.9 -0.6717  0.7716  125160.1  133976.8 -154053.4
      265.9     136.7  122193.6   53418.0  122410.6   53186.0  122966.0   53427.0  122393.3   53604.7
vertex track :         42   3  89    3394610 -0.2371 -0.4497  122466.8  132549.2     152.0  2212   417.6
   90 3      1 -0.2099 -0.4362  121385.9   52725.9   -2509.2 -0.2397 -0.4535  122376.9  137324.2 -149980.8
       57.2      30.5  121388.5   52661.1  121394.0   52672.6  121593.0   53000.2  121333.6   52687.6
   91 3      2 -0.2186 -0.4169  123295.3   54040.9   -3337.7 -0.2397 -0.4535  122575.5  137699.9 -150809.2
      104.7      79.8  123317.4   53911.1  123368.7   54008.9  123483.0   54380.2  123176.0   53985.2
   92 4      3 -0.2478 -0.3915    7457.0   53874.3   -6098.8 -0.2397 -0.4535  123237.3  138952.0 -153570.3
      202.5     163.4    7486.8   53615.8    7651.4   53875.7    7637.0   54342.4    7210.6   53790.6
