groupid:   7084, ntrk:  4
vertex track :          0   3  61    5323470  0.2124  0.1847   85008.1  200226.4     305.1    13  1203.0
   62 5      1  0.2104  0.1870   82608.2   41537.3   -2866.9  0.2145  0.1819   84078.7  200839.4  -98495.3
       30.0       5.0   82627.3   41561.0   82626.6   41560.4   82799.3   41723.8   82633.9   41553.5
   63 5      2  0.2120  0.1846   84975.7   37719.3   -3720.4  0.2145  0.1819   83895.6  200684.1  -99348.9
       37.0      11.3   84996.2   37752.1   84984.8   37742.2   85165.4   37896.6   85011.0   37735.0
   64 5      3  0.2115  0.1848   85519.8   45800.3   -6585.9  0.2145  0.1819   83280.9  200162.9 -102214.4
       59.9      22.0   85550.4   45856.3   85504.7   45816.3   85699.4   45954.6   85579.4   45823.2
vertex track :         41   3  61    5769603  0.0335 -0.7521   84579.7  197850.8     301.2  2212   465.4
   62 5      1 -0.0169 -0.7669   85448.8   48992.3   -2723.5  0.0360 -0.7492   84222.9  201323.0  -98350.5
       84.1      35.0   85481.9   48907.4   85482.1   48914.5   85625.7   49286.4   85412.0   48908.9
   63 5      2  0.0547 -0.7798   84782.7   41143.5   -3559.0  0.0360 -0.7492   84192.7  201949.0  -99185.9
      137.1      86.3   84878.4   41012.7   84870.7   41122.5   84897.0   41483.4   84706.1   41000.6
   64 5      3  0.0195 -0.8635   80472.2   48543.9   -6434.2  0.0360 -0.7492   84089.1  204103.2 -102061.2
      252.9     172.1   80650.0   48294.9   80642.7   48619.2   80504.4   49002.0   80305.8   48287.1
vertex track :        136   3  62    6058303 -1.3011 -4.1170   85477.2  206921.7     155.9     0  3856.1
   59 5     -2 -1.3383 -4.0890   80981.3   25853.7    6586.4 -1.3785 -4.2040   78810.2  184177.0  -91600.7
     1629.0      68.1   80539.3   24284.3   81271.6   26521.9   81631.9   27628.9   80409.8   24326.7
   60 5     -1 -1.3236 -4.1032   81709.8   37066.6    3720.1 -1.3785 -4.2040   82761.7  196227.3  -94467.1
      925.7      34.4   81458.4   36175.1   81748.8   37075.4   82170.0   38164.1   81392.9   36196.2
   61 5      0 -1.3440 -4.0853   84658.8   43581.9    2866.0 -1.3785 -4.2040   83939.0  199817.7  -95321.2
      719.2      18.7   84451.8   42892.9   84619.0   43401.3   85074.4   44476.9   84416.2   42904.6
vertex track :        144   3  62    6180507  4.3750  2.2750   70432.1  190985.4     167.7     0  4968.0
   59 5     -2  4.9148  1.5376   97213.7   44824.5    6883.7  4.4013  2.2011  102016.8  210338.1  -91353.7
     2165.7      71.4   99259.3   45539.2   96157.7   44568.9   95383.1   44321.3   99301.9   45403.0
   60 5     -1  4.3926  2.5149   83074.1   40750.8    3548.2  4.4013  2.2011   87336.0  202996.5  -94689.2
     1117.3      32.8   84027.4   41334.4   83010.6   40752.3   82335.2   40379.6   84060.0   41277.4
   61 5      0  4.2309  1.9377   82982.0   38384.3    2750.7  4.4013  2.2011   83826.1  201241.2  -95486.7
      870.9      19.0   83765.9   38764.2   83070.8   38445.9   82412.4   38216.3   83781.7   38729.7
