groupid:   7364, ntrk:  3
vertex track :          0   3 119    3543871 -0.3539  0.1130  199591.2  121471.1     347.0    13   708.0
  120 4      1 -0.3539  0.1113   78403.8   40155.2   -2866.8 -0.3557  0.1151  199146.9  121637.3 -206634.9
       39.4       8.6   78363.6   40158.7   78364.5   40158.5   78653.6   40361.7   78368.8   40175.2
  121 4      2 -0.3542  0.1120   80416.6   42191.6   -3718.6 -0.3557  0.1151  199449.9  121539.3 -207486.6
       50.1      20.1   80362.7   42187.5   80383.9   42180.8   80680.0   42405.7   80374.8   42225.8
  122 4      3 -0.3538  0.1109   78417.2   40855.8   -6586.0 -0.3557  0.1151  200469.9  121209.4 -210354.0
       82.1      39.0   78327.2   40843.2   78409.6   40817.3   78716.9   41078.5   78350.5   40917.6
vertex track :         30   3 119    4220507  4.4150  3.7738  205005.6  125361.9     347.7     0  6214.7
  120 4      1  4.6259  3.6453   71796.7   39026.6   -2454.5  4.4175  3.7375  191074.6  115412.2 -206218.3
     1261.1      23.3   72772.8   39825.5   71763.3   39029.9   71035.3   38441.4   72801.7   39788.8
  121 4      2  4.0466  4.6748   68358.4   34660.3   -3267.9  4.4175  3.7375  187481.3  112372.0 -207031.7
     1608.1      38.1   69382.0   35901.1   68126.9   34451.2   67548.8   33634.2   69439.7   35851.2
  122 4      3  4.6570  3.9523   58932.6   24317.4   -6556.6  4.4175  3.7375  172953.7  100080.8 -210320.3
     3023.2      78.8   61186.6   26333.7   57554.6   23251.3   56893.3   22515.0   61288.6   26213.5
vertex track :         40   3 119    4221938  0.2784  0.4718  199902.2  121647.5     347.0  2212   442.2
  120 4      1  0.2769  0.4733   77169.6   39416.0   -2869.2  0.2801  0.4720  197415.5  120664.6 -206637.0
       68.5      36.0   77173.1   39493.3   77162.1   39474.5   77376.4   39549.1   77235.3   39456.9
  121 4      2  0.2755  0.4733   78643.8   41181.7   -3720.7  0.2801  0.4720  197177.1  120262.6 -207488.5
      118.5      87.2   78628.1   41328.0   78566.7   41222.5   78869.9   41245.9   78778.8   41240.2
  122 4      3  0.2747  0.4712   74619.4   38648.3   -6584.9  0.2801  0.4720  196374.8  118910.7 -210352.8
      217.7     169.6   74582.5   38921.8   74420.9   38644.6   74866.5   38585.3   74875.5   38750.9
