groupid:   7717, ntrk:  4
vertex track :          0   3  47    3168049  0.1050  0.3609  118653.7  162668.3     312.4    13   809.8
   48 3      1  0.1060  0.3589  117896.2   83100.6   -2866.8  0.1004  0.3583  118096.3  164042.6  -71924.9
       39.3       7.6  117900.1   83140.4  117900.1   83140.4  118102.5   83271.1  117914.6   83136.1
   49 3      2  0.1026  0.3603  119205.4   84639.8   -3719.1  0.1004  0.3583  118010.8  163737.2  -72777.2
       49.2      17.5  119202.1   84691.9  119196.7   84673.0  119418.9   84798.1  119235.7   84682.3
   50 3      3  0.1031  0.3606  116563.7   82765.9   -6588.4  0.1004  0.3583  117722.8  162709.0  -75646.4
       80.0      34.0  116552.9   82852.1  116530.6   82774.0  116784.5   82890.0  116618.4   82833.4
vertex track :         39   3  47    3894078 -0.7573 -2.3418  115946.2  154340.5     305.7  2212   701.0
   48 3      1 -0.4543 -2.3650  118009.9   84805.5   -3148.6 -0.7804 -2.3727  118425.1  165052.3  -72206.1
      384.5      64.6  118000.8   84415.7  118050.5   84674.2  118228.5   85402.8  117874.0   84440.1
   49 3      2 -0.6545 -2.3157  118718.0   84059.3   -3971.4 -0.7804 -2.3727  119067.3  167004.6  -73028.9
      571.4     149.0  118705.9   83468.9  118879.3   84082.3  118939.4   84857.3  118419.2   83550.0
   50 5      3 -0.9316 -2.2765  123421.4   13508.1   -6267.6 -0.7804 -2.3727  120859.3  172453.0  -75325.2
      915.6     257.2  123312.7   12563.4  123810.6   13780.0  123739.2   14660.6  122836.6   12758.2
vertex track :        155   3  48    3639942 -0.1047  3.1644  119969.4  151755.2     160.7     0  6516.5
   45 5     -2 -0.1281  3.1702  118074.0   19087.9    6586.2 -0.1092  3.1464  118287.8  176253.8  -65515.3
      928.3      35.5  118001.0   20014.1  118049.1   18824.7  118356.9   18375.0  118072.0   20017.0
   46 3     -1 -0.1485  3.1645  118487.9   86589.4    3716.2 -0.1092  3.1464  118601.1  167223.8  -68385.2
      537.2      18.8  118443.9   87125.0  118463.1   86716.4  118741.7   86266.8  118481.4   87126.8
   47 3      0 -0.1390  3.1609  120203.1   85078.4    2864.6 -0.1092  3.1464  118694.1  164544.3  -69236.9
      426.1      12.5  120171.9   85503.6  120180.2   85316.0  120444.2   84866.5  120196.9   85504.7
vertex track :        246   3  48    6088323  1.6997 -2.0062  116995.9  162883.2     117.4   211   583.7
   45 4     -2  1.6203 -1.9170    8704.0   70618.5    6744.5  1.7530 -2.0277  127487.6  153766.3  -65251.0
      892.2     202.3    9434.5   70067.6    8622.8   71027.9    8185.1   71377.4    9125.4   69806.4
   46 3     -1  1.6526 -1.9048  121240.2   80623.6    3971.1  1.7530 -2.0277  122625.9  159390.0  -68024.4
      510.5     103.3  121652.8   80305.7  121330.7   80676.9  121039.2   81149.6  121496.7   80170.3
   47 3      0  1.5109 -1.5148  122153.4   78374.4    3156.3  1.7530 -2.0277  121197.5  161042.3  -68839.3
      365.4      43.0  122441.9   78146.0  122243.0   78345.4  122076.4   78811.3  122381.0   78085.3
