groupid:   7721, ntrk:  3
vertex track :          0   3 109    4248489 -0.1697  0.4264  153558.7  124387.5     395.4    13   212.5
  110 4      1 -0.1751  0.4238   31596.5   44475.1   -2867.6 -0.1694  0.4260  150895.3  124281.7 -187684.8
       59.1      32.3   31544.1   44517.4   31552.5   44497.1   31858.8   44643.3   31603.8   44542.1
  111 4      2 -0.1737  0.4231   34273.5   44907.8   -3717.3 -0.1694  0.4260  151039.2  123919.7 -188534.5
      102.2      77.9   34162.6   44972.7   34203.8   44872.5   34594.2   45053.3   34306.7   45031.9
  112 4      3 -0.1756  0.4247   31663.5   41559.2   -6583.7 -0.1694  0.4260  151524.7  122698.6 -191400.9
      187.2     150.9   31452.5   41674.6   31558.7   41417.7   32084.3   41654.3   31731.4   41789.9
vertex track :         59   3 109    4196846 -4.1577 -2.5102  142246.4  116927.6     395.9   211     nan
  110 4      1 -3.1614 -2.4412   36259.7   47583.3   -3138.7 -4.1540 -2.5277  153613.2  127033.9 -187931.4
        nan       nan      -nan       nan       nan       nan       nan       nan       nan       nan
  111 4      2 -3.8853 -2.7125   35058.7   46782.6   -3964.9 -4.1540 -2.5277  157045.2  129122.2 -188757.6
        nan       nan      -nan       nan       nan       nan       nan       nan       nan       nan
  112 4      3 -3.6575 -2.7548   51028.1   55810.9   -7062.8 -4.1540 -2.5277  169913.6  136952.6 -191855.5
        nan       nan      -nan       nan       nan       nan       nan       nan       nan       nan
vertex track :        224   3 110    4446693 -0.8243 -4.1160  153489.0  137061.0     266.8   211     nan
  107 4     -2 -0.8303 -4.1060   27302.4   29239.4    6586.7 -0.8475 -4.1411  147685.1  112554.6 -181236.2
        nan       nan      -nan       nan       nan       nan       nan       nan       nan       nan
  108 4     -1 -0.8055 -4.1231   28523.4   41716.1    3718.2 -0.8475 -4.1411  150116.0  124433.1 -184104.7
        nan       nan      -nan       nan       nan       nan       nan       nan       nan       nan
  109 4      0 -0.8545 -4.1026   33532.5   47447.6    2867.5 -0.8475 -4.1411  150836.9  127955.7 -184955.3
        nan       nan      -nan       nan       nan       nan       nan       nan       nan       nan
