groupid:   7994, ntrk:  4
vertex track :          0   3 129    3545906  0.0205 -0.3753  180737.2  123084.4     352.7    13 10000.6
  130 4      1  0.0222 -0.3763   57704.3   43738.2   -2868.6  0.0230 -0.3742  179010.5  124947.4 -224618.0
       38.9       3.1   57709.8   43699.5   57709.8   43698.2   57908.9   43986.5   57703.5   43699.2
  131 4      2  0.0236 -0.3756   58500.5   45742.7   -3717.9  0.0230 -0.3742  178990.9  125265.2 -225467.4
       46.0       4.2   58507.5   45697.0   58506.7   45710.0   58703.5   45998.0   58499.2   45696.5
  132 4      3  0.0202 -0.3766   59201.0   46189.2   -6585.6  0.0230 -0.3742  178924.9  126338.2 -228335.0
       72.0       7.2   59212.0   46117.7   59208.6   46182.4   59400.0   46470.4   59197.7   46116.9
vertex track :         78   3 129    4227181 -0.3916  0.3513  179629.0  125046.9     355.8   211   487.4
  130 4      1 -0.3936  0.3363   65578.7   46297.4   -3233.8 -0.3856  0.3573  179368.8  124437.2 -224985.6
       59.7      16.0   65522.9   46324.0   65531.1   46317.1   65844.2   46481.2   65543.8   46348.4
  131 4      2 -0.3788  0.2488   62061.7   47153.5   -4068.7 -0.3856  0.3573  179690.8  124138.9 -225820.5
       77.8      36.0   61976.9   47166.1   62027.4   47132.9   62356.1   47351.1   62016.4   47226.3
  132 4      3 -0.4290  0.3113   63680.8   43612.6   -6583.0 -0.3856  0.3573  180660.3  123240.6 -228334.8
      120.6      63.6   63545.9   43631.9   63650.9   43555.7   64025.3   43803.6   63620.6   43734.9
vertex track :        129   3 130    3774560  1.4603  0.5721  177208.8  122412.8     217.0     0  1993.3
  127 4     -2  1.4570  0.5917   70800.3   49959.1    6584.1  1.4660  0.5721  188357.2  128602.1 -218292.7
      305.6      33.5   71070.8   50105.1   70810.5   49999.4   70741.2   50023.7   71096.0   50043.1
  128 4     -1  1.4482  0.5985   64563.4   46149.3    3717.2  1.4660  0.5721  184154.3  126961.9 -221159.6
      184.9      16.7   64727.9   46235.4   64690.2   46219.8   64610.3   46273.9   64740.6   46204.5
  129 4      0  1.4575  0.5746   65789.4   46914.6    2869.8  1.4660  0.5721  182911.9  126477.1 -222007.1
      152.1       8.8   65927.6   46978.5   65950.7   46987.6   65862.6   47061.2   65934.0   46962.2
vertex track :        174   3 130    4415257 -1.4121  1.4315  181795.7  116581.2     213.2   211   331.6
  127 4     -2 -1.5281  1.3082   49260.3   46434.4    6974.1 -1.4160  1.4371  174048.8  128818.8 -217900.4
      760.7     271.7   48505.8   46722.7   49340.6   46008.0   50223.4   46357.4   48859.2   47135.5
  128 4     -1 -1.3838  1.4388   55638.5   44298.2    4084.4 -1.4160  1.4371  178140.6  124666.0 -220790.1
      413.3     136.1   55253.9   44501.8   55536.4   44208.1   56231.7   44306.1   55450.1   44690.5
  129 4      0 -1.2219  1.3796   53897.2   40654.2    3277.4 -1.4160  1.4371  179283.3  123506.2 -221597.1
      264.1      56.0   53680.1   40814.8   53773.8   40709.1   54323.0   40705.0   53763.9   40889.1
