groupid:    831, ntrk:  2
vertex track :          0   3  81    1328616 -0.0501  0.0432  148728.6   37742.5     262.4    13  1930.2
   82 2      1 -0.0505  0.0427   29186.9   38630.9   -2868.1 -0.0487  0.0420  149697.6   42565.6 -135266.9
       12.3       2.6   29175.8   38636.9   29183.9   38630.0   29407.9   38835.0   29179.2   38640.9
   83 2      2 -0.0507  0.0424   30798.3   39707.0   -3716.4 -0.0487  0.0420  149738.9   42530.0 -136115.1
       16.2       6.4   30781.8   39712.5   30796.0   39700.6   31024.8   39911.5   30790.0   39722.3
   84 2      3 -0.0508  0.0426   28930.4   38026.8   -6585.6 -0.0487  0.0420  149878.7   42409.6 -138984.3
       28.1      12.5   28900.8   38035.3   28933.2   38008.1   29169.9   38228.4   28916.9   38054.5
vertex track :        183   3  82    2196201 -0.2787  4.2735  150019.8   30711.2     253.4     0   718.8
   79 2     -2 -0.3353  4.2669   27058.5   62442.4    6585.6 -0.2924  4.3049  148111.5   62525.9 -128912.1
     2057.6     306.8   26591.4   64469.6   26843.4   61263.0   27735.2   60629.3   27203.1   64517.7
   80 2     -1 -0.3418  4.2706   26589.1   51668.7    3717.7 -0.2924  4.3049  148950.0   50180.2 -131779.9
     1088.5     146.7   26356.0   52742.0   26457.9   51468.8   27031.8   50809.6   26648.4   52765.4
   81 2      0 -0.3151  4.2713   27830.9   44636.6    2870.8 -0.2924  4.3049  149197.6   46534.3 -132626.9
      727.2      56.4   27721.1   45357.6   27762.0   44804.2   28150.4   44129.8   27833.7   45365.9
