groupid:   8521, ntrk:  4
vertex track :          0   3  19    6139646 -0.0299 -0.2757  117545.0  184341.0     127.9    13 10000.6
   20 5      1 -0.0314 -0.2758  119870.8   30908.2   -2868.1 -0.0302 -0.2827  117170.9  186861.7  -20131.9
       28.2       2.2  119869.8   30879.9  119869.6   30878.0  120081.8   31146.2  119865.5   30880.4
   21 5      2 -0.0294 -0.2756  119138.8   29187.6   -3718.9 -0.0302 -0.2827  117196.6  187102.2  -20982.7
       33.7       3.0  119138.3   29153.8  119139.2   29162.8  119349.4   29431.1  119132.2   29154.4
   22 5      3 -0.0282 -0.2765  118088.0   31109.2   -6583.7 -0.0302 -0.2827  117283.3  187912.1  -23847.5
       53.7       5.4  118087.9   31055.3  118092.9   31104.1  118298.0   31372.9  118077.2   31056.4
vertex track :         77   3  19    6746463  0.3355  1.4080  118045.7  186604.5     126.8  2212   408.3
   20 5      1  0.3327  1.3843  115973.8   23988.3   -2826.5  0.3325  1.3811  116599.8  184191.1  -20072.6
      194.2      72.9  115948.2   24194.2  115927.3   24107.2  116209.6   23993.8  116090.1   24160.1
   21 5      2  0.3498  1.3695  115611.1   25959.6   -3649.2  0.3325  1.3811  116326.3  183054.9  -20895.2
      363.7     181.8  115524.9   26357.0  115418.4   25939.8  115907.6   25773.6  115877.2   26267.0
   22 5      3  0.3209  1.4435  114691.7   21911.2   -6207.1  0.3325  1.3811  115475.8  179522.2  -23453.2
      664.4     346.1  114498.0   22634.8  114277.0   21640.9  115095.7   21399.0  115173.7   22484.6
vertex track :        114   3  20    5495896  1.7012  0.8901  114987.0  183325.6     292.5     0  2721.9
   17 5     -2  1.6927  0.9065  121552.2   27958.9    6586.4  1.6772  0.8849  122874.1  188745.4  -13693.5
      403.6      32.6  121892.6   28178.1  121536.5   27987.5  121423.5   27950.5  121923.4   28120.6
   18 5     -1  1.6976  0.8949  121205.7   29998.7    3717.6  1.6772  0.8849  118062.5  186206.8  -16562.2
      239.5      16.3  121409.9   30124.8  121342.7   30089.4  121213.1   30083.5  121425.1   30095.9
   19 5      0  1.6970  0.9004  117728.1   28200.0    2868.5  1.6772  0.8849  116638.3  185455.4  -17411.3
      194.6       9.1  117895.7   28299.3  117908.2   28306.0  117772.1   28311.6  117904.3   28283.2
vertex track :        193   3  20    6362040  2.3510 -3.6210  117230.8  190849.1     301.4     0  1956.0
   17 6     -2  2.3273 -3.6985   10108.1   14307.3    5658.1  2.4349 -3.7216  127551.5  170746.0  -14570.9
     1407.9      96.9   10940.0   13167.3    9929.0   14773.9    9488.7   15653.7   10776.0   13064.1
   18 6     -1  2.3897 -4.1566    6009.5   21654.4    3654.4  2.4349 -3.7216  122672.6  178203.0  -16574.6
      896.7      54.7    6503.8   20904.3    6111.8   21586.2    5727.5   22610.4    6409.0   20849.8
   19 6      0  2.2992 -3.4697    4678.0   27116.1    2831.1  2.4349 -3.7216  120668.0  181266.8  -17397.9
      681.4      23.9    5074.3   26561.2    4804.3   26968.7    4494.0   27877.4    5034.5   26534.8
