groupid:   8563, ntrk:  7
vertex track :          0   3  47    3697588 -0.0336 -0.4920   65481.9  103189.5     250.5    13   698.8
   48 3      1 -0.0353 -0.4924   64936.7   26560.8   -2864.7 -0.0339 -0.4928   65176.5  107220.7  -71965.5
       50.1       9.3   64942.3   26510.2   64942.1   26506.7   65141.0   26821.0   64923.8   26511.5
   49 3      2 -0.0308 -0.4924   66980.4   28247.8   -3716.2 -0.0339 -0.4928   65205.4  107640.3  -72816.9
       62.6      21.4   66997.8   28183.9   66999.2   28205.5   67172.9   28521.1   66955.1   28186.6
   50 3      3 -0.0323 -0.4901   64424.6   28688.8   -6586.1 -0.0339 -0.4928   65302.8  109054.6  -75686.9
      102.1      41.9   64459.7   28584.2   64466.3   28684.9   64599.5   29002.9   64376.1   28589.7
vertex track :          4   3  47    3068034  1.4509  0.8145   69915.8  107047.6     255.0  2212   595.6
   48 3      1  1.4393  0.8134   65912.3   27936.3   -3194.4  1.4508  0.7986   64513.0  106748.8  -72287.6
      220.8      52.6   66078.6   28090.7   65996.4   28044.3   65957.4   27992.7   66130.4   27999.2
   49 3      2  1.5029  0.7046   64485.9   25083.9   -3994.6  1.4508  0.7986   63352.0  106109.7  -73087.8
      328.8     120.9   64732.3   25332.9   64452.5   25201.8   64451.1   25045.6   64834.9   25114.0
   50 3      3  1.4100  0.8373   63713.2   24131.1   -6480.3  1.4508  0.7986   59745.9  104124.7  -75573.5
      542.6     216.3   64069.3   24594.2   63432.4   24215.9   63568.6   23879.0   64290.2   24222.2
vertex track :         42   3  47    3478141 -0.9935 -0.1467   62646.7  104225.7     256.0  2212   590.9
   48 3      1 -0.9937 -0.1449   65156.7   26496.9   -2872.2 -0.9980 -0.1438   65347.5  107180.6  -71977.0
      106.8      29.0   65055.3   26452.7   65057.9   26453.1   65467.2   26750.8   65046.9   26510.2
   49 3      2 -0.9917 -0.1552   67987.9   27909.5   -3718.1 -0.9980 -0.1438   66191.7  107302.3  -72822.9
      152.7      70.1   67847.9   27816.6   67941.4   27831.3   68337.0   28212.3   67826.2   27955.2
   50 3      3 -0.9949 -0.1501   67810.9   27495.2   -6585.6 -0.9980 -0.1438   69053.3  107714.6  -75690.4
      266.1     137.8   67568.3   27319.3   67885.7   27367.2   68262.6   27881.0   67527.2   27591.7
vertex track :        122   3  47    3735788 -2.3220  1.1590   58114.3  108488.3     265.8   211     nan
   48 3      1 -2.1817  1.0385   64921.5   28404.5   -3195.5 -2.3353  1.1637   65762.5  106966.2  -72303.7
        nan       nan      -nan       nan       nan       nan       nan       nan       nan       nan
   49 3      2 -2.2976  1.2264   66733.1   25206.9   -4004.8 -2.3353  1.1637   67652.5  106024.4  -73113.0
        nan       nan      -nan       nan       nan       nan       nan       nan       nan       nan
   50 3      3 -2.3521  1.2834   76688.8   23307.4   -6476.9 -2.3353  1.1637   73425.7  103147.5  -75585.1
        nan       nan      -nan       nan       nan       nan       nan       nan       nan       nan
vertex track :        146   3  47    3972560 -0.3336  3.4686   65050.8  116491.3     274.3  2212   695.7
   48 3      1 -0.3176  3.4671   65441.6   27183.3   -2867.1 -0.3317  3.4436   65680.8  108148.1  -71962.0
      654.8      92.5   65289.8   27827.0   65342.5   27250.8   65803.1   26753.1   65474.0   27843.8
   49 3      2 -0.3618  3.4556   67753.2   25697.5   -3716.7 -0.3317  3.4436   65962.5  105222.5  -72811.6
     1071.5     224.8   67418.1   26739.7   67565.2   25334.1   68298.1   24868.7   67865.3   26786.6
   50 3      3 -0.3338  3.4668   65965.4   16331.6   -6584.5 -0.3317  3.4436   66913.7   95347.1  -75679.4
     1974.6     441.0   65337.2   18254.8   65645.6   15051.9   66803.3   14621.8   66215.1   18339.3
vertex track :        202   3  48    3719396  0.8105 -1.3080   64906.0  104188.2     190.1     0  2841.6
   45 3     -2  0.8208 -1.3052   69861.9   17874.4    6587.6  0.8391 -1.3065   69696.0   99459.7  -65631.0
      296.2      26.1   70041.6   17637.5   69898.6   17864.9   69893.0   18320.0   69997.5   17609.7
   46 3     -1  0.8278 -1.3019   67958.5   20657.2    3717.9  0.8391 -1.3065   67288.0  103209.0  -68500.7
      180.3      13.3   68066.5   20512.2   68046.9   20543.1   68061.4   21010.9   68044.1   20497.9
   47 3      0  0.8252 -1.3040   68717.0   22891.8    2871.1  0.8391 -1.3065   66577.4  104315.4  -69347.5
      149.2       7.9   68803.4   22770.0   68817.2   22748.3   68841.4   23222.3   68790.0   22761.6
vertex track :        234   3  48    3962862 -4.7442  0.8272   69596.5  102721.5     182.2   211     nan
   45 3     -2 -5.0244  0.8396   38393.8   30071.0    6581.4 -4.6686  0.7721   39176.5  111331.8  -65651.4
        nan       nan      -nan       nan       nan       nan       nan       nan       nan       nan
   46 3     -1 -4.8738  0.9535   50342.4   30228.6    3901.8 -4.6686  0.7721   51687.0  109262.7  -68331.1
        nan       nan      -nan       nan       nan       nan       nan       nan       nan       nan
   47 3      0 -4.9804  0.9683   56242.7   26532.7    3109.0 -4.6686  0.7721   55388.0  108650.6  -69123.8
        nan       nan      -nan       nan       nan       nan       nan       nan       nan       nan
