groupid:   9042, ntrk:  2
vertex track :          0   3  35    7035356  0.0967 -0.1318  144807.5  178663.8     398.8    13  3991.7
   36 6      1  0.0962 -0.1324   24026.9   22101.2   -2867.2  0.0965 -0.1429  144500.6  180278.2  -49963.6
       19.2       1.9   24039.7   22086.8   24037.3   22090.1   24224.1   22325.5   24036.6   22084.6
   37 6      2  0.0955 -0.1322   25577.0   23493.3   -3717.1  0.0965 -0.1429  144418.6  180399.6  -50813.5
       23.2       3.7   25593.5   23476.7   25586.5   23486.5   25770.5   23719.8   25587.6   23472.4
   38 6      3  0.0950 -0.1327   25011.7   23347.4   -6587.1  0.0965 -0.1429  144141.7  180809.8  -53683.5
       37.1       6.9   25038.9   23321.3   25015.7   23353.8   25194.6   23583.4   25027.6   23313.2
vertex track :         12   3  35    7035912 -1.3510 -0.5295  140321.3  177350.4     402.4  2212   574.5
   36 6      1 -1.3173 -0.5416   25703.7   23541.5   -3222.9 -1.3759 -0.5360  145259.3  180461.1  -50331.0
      191.5      51.6   25546.3   23421.0   25623.8   23452.9   26069.9   23871.5   25507.0   23516.4
   37 6      2 -1.2040 -0.6213   24147.1   22509.4   -4048.6 -1.3759 -0.5360  146395.4  180903.7  -51156.7
      285.4     117.0   23947.1   22274.5   24201.5   22405.8   24555.9   22953.6   23839.8   22482.5
   38 6      3 -1.3601 -0.5853   29793.8   23688.6   -6270.0 -1.3759 -0.5360  149451.8  182094.3  -53378.1
      445.0     196.5   29462.8   23332.3   29994.6   23561.1   30333.5   24254.4   29307.4   23693.3
