groupid:    913, ntrk:  6
vertex track :          0   3  93     907626  0.5043  0.0088   92532.4   44787.4     189.0    13   803.9
   94 1      1  0.5040  0.0107   91942.5   42891.4   -2867.8  0.5030  0.0079   91849.9   45412.9 -157222.0
       50.2       8.1   91992.5   42900.6   91997.9   42900.7   92102.9   43092.2   91992.8   42884.3
   95 1      2  0.5043  0.0132   92985.3   45103.4   -3718.6  0.5030  0.0079   91422.0   45406.2 -158072.8
       61.9      18.5   93046.7   45123.5   93028.9   45123.1   93134.4   45293.2   93047.7   45086.5
   96 1      3  0.5042  0.0180   88734.2   42274.8   -6585.8  0.5030  0.0079   89979.7   45383.6 -160940.0
      100.3      36.5   88833.1   42314.8   88738.5   42311.4   88845.7   42444.8   88835.7   42241.9
vertex track :         61   3  93     908361 -0.3947 -0.5195   92131.2   44555.1     188.9   211   450.9
   94 1      1 -0.3844 -0.5087   92200.3   48116.7   -3062.3 -0.3893 -0.5238   94255.2   46906.3 -157416.4
       67.9      16.7   92172.7   48052.5   92173.8   48054.0   92437.6   48390.4   92146.1   48072.6
   95 1      2 -0.4108 -0.5445   90838.7   46937.3   -3887.1 -0.3893 -0.5238   94576.3   47338.3 -158241.2
       88.9      38.9   90816.2   46842.9   90837.0   46870.5   91070.8   47241.1   90754.2   46889.7
   96 1      3 -0.3840 -0.5200   94248.5   52080.1   -6593.2 -0.3893 -0.5238   95629.9   48755.8 -160947.3
      144.5      73.4   94221.7   51920.3   94312.7   52043.6   94484.9   52449.4   94103.6   52007.5
vertex track :        160   3  94     879740 -3.3964  3.6962   98065.2   36632.2     172.4     0  2711.4
   91 1     -2 -3.4244  3.6631   77385.2   61467.8    6586.7 -3.3681  3.6944   76367.5   62793.7 -150829.4
     2184.3     109.9   75813.2   62988.4   78077.5   60566.4   79163.7   60160.9   75973.8   63138.5
   92 1     -1 -3.3785  3.7199   81985.9   50853.0    3717.9 -3.3681  3.6944   86030.1   52195.1 -153698.2
     1225.1      54.2   81122.1   51723.5   82060.0   50690.8   83056.3   50196.2   81202.3   51796.4
   93 1      0 -3.3904  3.7141   86724.3   49828.6    2867.5 -3.3681  3.6944   88894.4   49053.4 -154548.6
      937.2      25.6   86073.5   50503.5   86625.2   49899.2   87581.6   49367.4   86111.3   50538.0
vertex track :        204   3  94    1304533  0.8108  3.2770   90593.8   33090.9     169.6   211     nan
   91 1     -2  0.7136  3.2055   94252.2   54349.9    6527.8  0.8187  3.2723   95676.2   56373.0 -150885.3
        nan       nan      -nan       nan       nan       nan       nan       nan       nan       nan
   92 1     -1  0.8145  3.3917   96799.6   45000.2    3907.9  0.8187  3.2723   93531.2   47799.9 -153505.2
        nan       nan      -nan       nan       nan       nan       nan       nan       nan       nan
   93 1      0  0.9206  3.3165   94042.7   40441.1    3076.9  0.8187  3.2723   92850.8   45080.7 -154336.1
        nan       nan      -nan       nan       nan       nan       nan       nan       nan       nan
vertex track :        205   3  94    1304702  1.4822  3.6090   89874.1   34967.2     169.2   211   589.1
   91 1     -2  1.4729  3.6329  101080.4   59311.0    6585.0  1.4922  3.6006   99321.8   60557.8 -150824.0
     1892.3     334.5  101481.5   61190.4  100368.8   58446.0  100890.9   57645.3  102101.4   60939.1
   92 1     -1  1.4978  3.5995   92739.2   48909.0    3718.3  1.4922  3.6006   95044.0   50235.9 -153690.7
     1001.3     161.7   92974.6   49895.5   92519.8   48802.5   92715.3   48136.0   93273.1   49771.3
   93 1      0  1.4883  3.6084   93500.5   47940.0    2866.4  1.4922  3.6006   93772.9   47168.6 -154542.6
      648.6      62.5   93690.0   48563.4   93507.9   48122.0   93522.5   47530.1   93805.6   48515.7
vertex track :        207   3  94    1318287  0.1293  4.0890   92844.0   36745.6     170.0     0  1312.7
   91 1     -2  0.0470  4.3125   92020.3   63267.7    6519.6  0.1365  4.0804   93610.6   65139.4 -150889.0
     1580.6     158.2   91879.3   64850.0   91854.7   62594.5   92371.3   61899.8   92195.7   64846.5
   92 1     -1  0.1282  3.9791   96443.2   51783.3    3902.0  0.1365  4.0804   93253.3   54458.3 -153506.7
      932.4      82.3   96390.9   52717.9   96357.8   51689.7   96705.6   51062.8   96555.5   52712.6
   93 1      0  0.1451  4.2163   94303.9   46371.6    3077.2  0.1365  4.0804   93140.7   51093.0 -154331.4
      707.4      35.3   94292.9   47079.8   94274.7   46551.3   94525.0   45877.7   94363.5   47077.4
