groupid:   9256, ntrk:  8
vertex track :          0   3  67    3161496 -0.0005  0.0753   74600.2  130154.8     184.9    13 10000.6
   68 3      1 -0.0003  0.0752   74862.9   56038.1   -2867.6  0.0018  0.0725   75695.8  131400.4 -109391.1
       12.3       0.8   74862.0   56050.4   74862.1   56041.6   75073.7   56235.9   74863.6   56050.4
   69 3      2 -0.0018  0.0752   74373.6   52629.6   -3718.6  0.0018  0.0725   75694.3  131338.8 -110242.1
       15.3       1.4   74371.8   52644.9   74372.2   52630.0   74585.4   52824.3   74374.6   52644.9
   70 3      3 -0.0014  0.0752   75853.6   50941.5   -6587.4  0.0018  0.0725   75689.1  131130.9 -113110.9
       25.9       2.7   75850.4   50967.3   75851.0   50931.4   76066.8   51125.8   75855.8   50967.4
vertex track :          5   3  67    3131530 -0.5483 -0.3092   73439.0  129346.4     186.8     0  1019.4
   68 3      1 -0.5376 -0.3073   75275.1   58063.5   -3010.5 -0.5468 -0.3103   76286.1  131808.6 -109535.0
       62.8       8.0   75224.6   58025.3   75220.7   58023.1   75535.1   58311.3   75216.7   58039.3
   69 3      2 -0.5321 -0.3248   74321.7   55381.7   -3827.1 -0.5468 -0.3103   76732.6  132062.0 -110351.6
       75.1      16.8   74266.4   55328.2   74282.8   55338.2   74586.5   55644.9   74248.8   55356.9
   70 3      3 -0.5494 -0.3272   75994.5   54914.2   -6481.4 -0.5468 -0.3103   78183.8  132885.6 -113005.9
      115.5      31.4   75911.3   54828.1   75994.4   54877.6   76287.1   55209.9   75879.2   54882.1
vertex track :          6   3  67    3131542  0.1213 -0.1862   74853.4  129610.7     183.7     0  1566.2
   68 3      1  0.1206 -0.1863   74751.4   56281.4   -2867.5  0.1258 -0.1892   75575.2  131654.8 -109392.0
       23.7       3.6   74767.4   56263.4   74766.9   56264.2   74945.6   56509.2   74761.3   56259.5
   69 3      2  0.1243 -0.1837   74163.4   53069.2   -3717.3  0.1258 -0.1892   75468.3  131815.7 -110241.8
       29.3       8.2   74186.7   53049.5   74179.9   53059.5   74350.3   53298.6   74173.0   53040.3
   70 3      3  0.1230 -0.1844   75310.7   52086.0   -6584.7  0.1258 -0.1892   75107.6  132358.3 -113109.2
       47.8      16.2   75350.7   52055.3   75323.5   52096.1   75480.8   52326.6   75323.7   52037.3
vertex track :          7   3  67    3131574 -0.6404 -0.8451   73236.9  128212.2     187.0     0  2156.0
   68 3      1 -0.6290 -0.8365   75338.3   58457.3   -3008.7 -0.6373 -0.8502   76377.2  132400.8 -109536.0
      106.3       7.8   75280.6   58367.7   75276.3   58362.0   75605.3   58756.2   75268.1   58377.1
   69 3      2 -0.6222 -0.9223   74427.0   56330.9   -3819.8 -0.6373 -0.8502   76894.2  133090.5 -110347.1
      125.0      13.1   74368.0   56220.0   74377.1   56233.5   74695.4   56651.0   74346.3   56234.7
   70 3      3 -0.6000 -0.8231   76314.3   57253.5   -6489.1 -0.6373 -0.8502   78595.2  135360.0 -113016.5
      190.7      23.7   76221.2   57085.5   76319.8   57220.8   76616.9   57630.8   76182.8   57113.4
vertex track :         41   3  67    3817274 -0.6544 -1.7847   73190.8  126816.0     185.1     0 10001.0
   68 3      1 -0.6577 -1.7789   75428.9   58286.6   -2868.0 -0.6476 -1.7970   76279.9  133773.3 -109397.7
      215.5       9.4   75362.9   58081.2   75374.3   58111.9   75704.1   58700.3   75345.3   58087.7
   69 3      2 -0.6171 -1.7990   75412.0   56374.7   -3717.5 -0.6476 -1.7970   76830.0  135299.8 -110247.2
      260.2      12.5   75339.4   56124.5   75378.7   56238.9   75694.0   56833.0   75315.8   56132.6
   70 3      3 -0.6292 -1.7885   78587.2   59739.4   -6584.4 -0.6476 -1.7970   78686.5  140451.6 -113114.0
      421.5      22.0   78468.1   59334.5   78615.7   59754.1   78915.7   60352.5   78426.6   59349.1
vertex track :         42   3  67    3817585 -0.5100 -2.1657   73460.4  125187.1     184.9   211   455.9
   68 3      1 -0.6147 -2.1654   75233.6   59214.4   -3006.3 -0.5003 -2.1831   76180.0  133623.7 -109541.4
      299.6      47.5   75197.5   58913.2   75232.0   59035.0   75479.2   59723.5   75106.1   58939.1
   69 3      2 -0.6100 -2.1733   74181.0   58071.6   -3819.7 -0.5003 -2.1831   76586.9  135399.4 -110354.8
      430.7     112.6   74173.0   57626.5   74277.7   57999.4   74398.4   58724.5   73956.2   57687.4
   70 3      3 -0.5000 -2.1605   75682.5   62968.8   -6511.9 -0.5003 -2.1831   77933.7  141276.8 -113047.0
      740.2     213.9   75724.0   62199.3   75952.8   63188.0   75850.5   63946.0   75307.2   62295.8
vertex track :         57   3  67    3847595  0.5957  2.8572   74878.7  131441.5     184.5     0   847.4
   68 3      1  0.5999  2.8594   73335.9   48945.8   -2869.7  0.5826  2.8328   74195.1  124254.6 -109390.0
      424.0      34.9   73388.8   49368.0   73340.7   49138.5   73493.6   48736.5   73457.2   49353.7
   69 3      2  0.5441  2.8818   72580.2   43203.2   -3719.1  0.5826  2.8328   73700.3  121848.6 -110239.3
      566.1      82.7   72604.0   43774.8   72508.2   43267.4   72767.0   42844.4   72766.5   43744.1
   70 3      3  0.5499  2.8746   72541.1   34342.0   -6586.8  0.5826  2.8328   72029.6  113724.8 -113107.0
      980.1     163.3   72564.8   35335.3   72312.0   34013.7   72727.9   33561.6   72885.6   35274.0
vertex track :        116   3  68    2909953  0.9660  1.1586   72727.9  127135.3     187.0   211     nan
   65 3     -2  0.9573  1.1616   80761.8   56654.8    6583.9  0.9667  1.1528   80146.0  136786.7 -102964.3
        nan       nan      -nan       nan       nan       nan       nan       nan       nan       nan
   66 3     -1  0.9596  1.1610   76168.9   52491.2    3719.7  0.9667  1.1528   77377.2  133485.0 -105828.4
        nan       nan      -nan       nan       nan       nan       nan       nan       nan       nan
   67 3      0  0.9679  1.1576   74900.6   52957.3    2867.1  0.9667  1.1528   76552.9  132502.1 -106681.0
        nan       nan      -nan       nan       nan       nan       nan       nan       nan       nan
