groupid:   9470, ntrk:  6
vertex track :          0   3  21    4603426  0.0632 -0.0517  176544.6  108507.9     223.9    13   577.6
   22 4      1  0.0638 -0.0510   55692.4   29113.9   -2866.4  0.0646 -0.0558  174695.5  110600.3  -24497.1
       15.4       8.6   55709.8   29111.0   55699.1   29119.5   55885.0   29326.7   55699.0   29097.5
   23 4      2  0.0642 -0.0505   55452.0   26620.7   -3719.6  0.0646 -0.0558  174640.4  110647.9  -25350.2
       26.7      21.4   55486.2   26621.0   55457.8   26643.4   55627.9   26830.3   55459.8   26587.4
   24 4      3  0.0636 -0.0515   54512.0   27470.8   -6587.9  0.0646 -0.0558  174455.2  110807.8  -28218.5
       50.0      42.2   54577.4   27472.1   54513.1   27524.3   54656.6   27679.4   54524.2   27406.5
vertex track :          9   3  21    4604213 -0.2408 -0.1774  175929.8  108244.5     222.0  2212   861.6
   22 4      1 -0.2476 -0.1415   56673.5   27691.3   -2236.2 -0.2400 -0.1815  174869.2  110610.7  -23865.1
       27.7       7.1   56652.9   27671.5   56649.0   27669.2   56903.7   27921.1   56645.9   27683.8
   23 4      2 -0.2044 -0.2012   55470.2   28312.9   -3049.9 -0.2400 -0.1815  175064.5  110758.3  -24678.8
       37.4      18.7   55456.7   28273.3   55467.1   28283.5   55693.5   28562.2   55430.4   28300.0
   24 4      3 -0.2318 -0.1949   59426.8   26820.2   -6325.0 -0.2400 -0.1815  175850.5  111352.7  -27953.9
       71.7      43.4   59399.8   26740.8   59460.9   26792.2   59663.5   27109.4   59344.0   26807.3
vertex track :         40   3  21    5256761  3.2576 -3.3722  182074.1  103292.8     217.3     0 10001.0
   22 4      1  3.2956 -3.3396   54061.9   31285.0   -2866.9  3.3142 -3.4518  170199.6  115833.8  -24518.5
      932.0      19.7   54730.5   30635.4   54113.4   31260.8   53606.6   32141.2   54702.5   30607.8
   23 4      2  3.3044 -3.3153   51177.9   31417.0   -3720.2  3.3142 -3.4518  167371.7  118779.1  -25371.8
     1170.0      27.6   52023.4   30607.9   51065.4   31569.0   50545.7   32432.8   51984.2   30568.8
   24 4      3  3.2617 -3.3686   39689.8   43417.2   -6584.3  3.3142 -3.4518  157879.2  128665.6  -28235.9
     1982.8      49.5   41104.6   42027.2   39031.1   44168.7   38488.3   45013.9   41033.5   41958.3
vertex track :         64   3  22    4620076  0.6285  0.5004  175469.3  109784.8     344.6   211   149.5
   19 4     -2  0.6331  0.4936   58171.2   32326.9    6579.7  0.6373  0.4901  178550.7  113431.7  -17421.6
      402.9     296.7   58306.5   32808.6   57804.0   32416.8   58246.6   32055.7   58671.4   32340.6
   20 4     -1  0.6396  0.4874   58731.1   32304.8    3715.8  0.6373  0.4901  176725.6  112028.2  -20285.5
      197.2     139.8   58803.3   32535.6   58623.8   32398.8   58869.6   32284.5   58972.7   32313.1
   21 4      0  0.6320  0.4964   57116.4   30472.4    2872.9  0.6373  0.4901  176188.4  111615.1  -21128.4
       95.9      51.7   57159.9   30572.3   57141.8   30558.0   57283.5   30583.0   57223.8   30491.0
vertex track :         94   3  22    5264834 -1.8298  4.7246  177556.8  105671.0     337.1     0 10001.0
   19 4     -2 -1.9132  4.9423   46229.5   57223.5    5994.3 -1.7409  4.6186  166785.3  132362.6  -18026.2
     1913.3      44.3   45497.5   58991.8   46477.1   56461.1   47169.6   55670.1   45580.1   59023.8
   20 4     -1 -1.9282  4.9182   51185.8   41321.1    3066.4 -1.7409  4.6186  171882.4  118840.0  -20954.0
      960.3      20.6   50816.2   42207.6   51112.2   41452.4   51763.5   40649.5   50854.4   42222.6
   21 4      0 -2.0008  4.9856   51694.3   40343.2    2251.5 -1.7409  4.6186  173301.1  115076.4  -21768.9
      706.8      13.0   51419.0   40994.4   51525.3   40729.4   52177.6   39907.1   51443.1   41004.0
vertex track :         95   3  22    5265008  0.0944  3.1438  175572.5  106239.6     338.8     0  1426.5
   19 4     -2  0.1160  3.1459   55151.3   44720.0    6582.7  0.1211  3.1066  175409.2  126217.8  -17428.8
      944.6      99.4   55086.7   45667.6   55041.4   44440.4   55425.9   43985.5   55285.4   45660.3
   20 4     -1  0.1633  3.1363   57299.8   36916.2    3717.0  0.1211  3.1066  175062.1  117315.2  -20294.5
      528.5      47.4   57279.9   37446.5   57259.2   37049.5   57529.8   36599.0   57374.6   37441.5
   21 4      0  0.1151  3.1458   56022.7   32891.6    2871.0  0.1211  3.1066  174959.6  114687.2  -21140.5
      403.9      20.0   56017.6   33296.0   56012.2   33149.4   56238.0   32700.4   56057.4   33294.5
