groupid:   9880, ntrk:  6
vertex track :          0   3  63    3146763 -0.1676 -0.0770   43719.6  145041.5     322.7    13   456.6
   64 3      1 -0.1672 -0.0779   46100.2   69194.3   -2864.1 -0.1634 -0.0794   43821.4  147608.5 -102101.2
       23.9      11.8   46083.6   69173.5   46091.8   69177.3   46326.8   69425.0   46073.6   69194.9
   65 3      2 -0.1676 -0.0765   44476.9   67281.6   -3719.7 -0.1634 -0.0794   43961.2  147676.4 -102956.8
       38.3      28.7   44454.0   67239.6   44488.5   67255.3   44709.7   67533.6   44430.2   67291.9
   66 3      3 -0.1677 -0.0755   42898.9   66405.7   -6587.4 -0.1634 -0.0794   44429.9  147904.1 -105824.5
       69.4      56.1   42858.7   66326.1   42950.0   66367.2   43149.0   66695.3   42812.6   66428.4
vertex track :         24   3  63    3147063 -0.2082  0.3395   43644.7  146078.4     324.6   211   157.7
   64 3      1 -0.2068  0.3527   40891.9   65732.0   -2956.3 -0.2013  0.3379   43892.5  147287.6 -102192.4
       69.0      51.2   40812.8   65765.6   40839.1   65720.7   41180.8   65908.8   40901.2   65817.4
   65 3      2 -0.1939  0.3458   44748.4   65394.2   -3771.0 -0.2013  0.3379   44056.5  147012.3 -103007.1
      140.4     122.4   44573.0   65456.8   44669.6   65284.5   45133.7   65541.9   44786.5   65576.5
   66 3      3 -0.2265  0.3189   45941.5   65582.1   -6458.8 -0.2013  0.3379   44597.7  146104.1 -105694.9
      258.9     230.5   45603.6   65659.6   45855.9   65304.5   46489.1   65714.8   45979.5   65926.6
vertex track :         25   3  63    3147600 -2.3640 -0.1470   38307.9  144793.8     326.4     0 10001.0
   64 3      1 -2.3604 -0.1593   47143.6   69159.7   -2868.8 -2.3273 -0.1161   45304.5  147514.9 -102077.4
      305.8      11.5   46839.3   69127.6   46953.8   69135.3   47655.6   69401.6   46837.7   69150.6
   65 3      2 -2.3628 -0.1443   47315.1   67292.3   -3718.4 -2.3273 -0.1161   47281.9  147613.5 -102927.0
      371.3      15.3   46945.5   67254.4   47190.5   67269.4   47892.4   67540.1   46943.6   67284.9
   66 3      3 -2.3606 -0.1510   51571.2   66599.5   -6586.4 -2.3273 -0.1161   53956.6  147946.3 -105795.1
      603.3      26.6   50970.9   66534.4   51679.2   66579.7   52379.2   66874.4   50967.5   66587.6
vertex track :         92   3  64    2945189 -0.1473  0.1242   46792.3  146515.8     332.0   211   388.2
   61 3     -2 -0.1461  0.1243   43655.4   66528.2    6588.5 -0.1456  0.1234   42853.6  147959.7  -95619.3
       72.6      61.2   43560.4   66528.7   43640.3   66460.7   43960.2   66737.9   43639.7   66621.9
   62 3     -1 -0.1489  0.1223   40615.2   63266.3    3720.9 -0.1456  0.1234   43271.0  147606.0  -98486.8
       37.0      28.9   40568.3   63267.5   40594.2   63246.2   40871.9   63475.3   40605.0   63312.1
   63 3      0 -0.1474  0.1239   44040.8   64911.8    2873.0 -0.1456  0.1234   43394.4  147501.4  -99334.7
       21.4      10.7   44017.5   64917.4   44019.3   64915.8   44273.9   65116.3   44031.3   64933.7
vertex track :        120   3  64    3147666  2.8978 -0.8063   41259.4  148492.9     338.0     0  2122.7
   61 3     -2  2.9803 -0.8238   64283.5   63009.5    6549.8  2.9199 -0.8489   56359.9  143921.8  -95652.7
      842.4      65.3   65112.8   62848.0   64114.8   63123.8   63667.1   63380.1   65078.0   62722.1
   62 3     -1  3.0205 -0.5167   54889.2   70226.6    3746.7  2.9199 -0.8489   48175.0  146301.3  -98455.8
      483.6      32.0   55371.3   70176.6   55052.2   70231.2   54620.1   70486.0   55360.5   70113.5
   63 3      0  2.9721 -0.8053   52557.8   67605.2    2923.1  2.9199 -0.8489   45770.1  147000.5  -99279.4
      380.5      15.3   52929.0   67520.4   52818.7   67550.3   52399.5   67899.1   52921.0   67491.0
vertex track :        131   3  64    3598864 -4.4358  1.5657   56235.3  143237.0     319.6     0 10001.0
   61 3     -2 -4.4439  1.6019   25289.8   72742.7    6585.6 -4.3591  1.5632   25905.2  153676.3  -95632.1
     1840.9      45.6   23542.5   73324.1   26073.0   72411.9   27242.7   72372.9   23573.4   73409.8
   62 3     -1 -4.4697  1.5061   33642.9   65387.4    3720.1 -4.3591  1.5632   38396.0  149197.1  -98497.5
     1026.3      23.9   32662.7   65692.5   33669.3   65353.3   34828.7   65293.8   32677.9   65737.7
   63 3      0 -4.4346  1.5629   40752.5   65910.3    2866.3 -4.3591  1.5632   42117.9  147862.4  -99351.3
      790.2      16.2   40001.8   66157.7   40561.1   65960.6   41708.8   65874.5   40012.6   66188.3
