groupid:  10263, ntrk:  5
vertex track :          0   3 123    1324711 -0.3112 -0.0917  180739.8   41928.8     205.5    13  1227.9
  124 2      1 -0.3111 -0.0920   61497.3   41878.6   -2861.0 -0.3138 -0.0907  182033.0   43494.3 -213654.3
       33.2       5.0   61466.8   41864.4   61465.2   41863.9   61737.4   42102.6   61464.0   41873.9
  125 2      2 -0.3113 -0.0917   63089.0   41721.8   -3715.4 -0.3138 -0.0907  182301.1   43571.8 -214508.7
       40.7      11.1   63053.1   41699.6   63065.7   41703.4   63334.5   41953.8   63046.8   41720.9
  126 2      3 -0.3126 -0.0915   64193.6   41326.9   -6585.5 -0.3138 -0.0907  183201.9   43832.1 -217378.8
       65.7      21.7   64136.6   41287.6   64197.1   41305.3   64460.2   41576.1   64124.4   41329.3
vertex track :         80   3 123    2206941  4.9922 -2.0074  186058.4   39989.9     193.5     0 10001.0
  124 2      1  4.8443 -2.3078   54839.5   45127.3   -3005.8  5.0193 -2.0984  170329.2   47911.6 -213793.1
     1238.0      23.2   55967.2   44615.8   54749.1   45196.1   53926.7   45846.5   55947.2   44573.8
  125 2      2  4.7502 -1.6328   45599.1   46913.6   -3847.5  5.0193 -2.0984  166104.4   49677.9 -214634.8
     1545.9      32.8   47071.7   46442.1   45145.4   47104.2   44341.3   47593.5   47050.4   46380.2
  126 2      3  4.4822 -1.7553   31731.8   51519.2   -6492.2  5.0193 -2.0984  152829.7   55227.7 -217279.5
     2523.3      56.3   34101.9   50651.5   30344.0   52123.1   29576.2   52595.2   34060.8   50546.7
vertex track :        116   3 123    2648714  1.7681 -0.2062  186840.3   41581.8     196.2  2212   480.5
  124 2      1  1.7711 -0.2060   61415.4   41879.6   -2868.7  1.7737 -0.2352  181755.7   43502.5 -213653.5
      244.9      71.1   61666.9   41921.9   61552.4   41935.2   61375.8   42047.0   61650.5   41780.7
  125 2      2  1.7690 -0.2080   61282.6   41794.4   -3716.9  1.7737 -0.2352  180251.3   43702.1 -214501.7
      429.3     175.3   61729.4   41918.4   61248.2   41975.0   61047.6   41880.3   61688.5   41570.2
  126 2      3  1.7696 -0.2006   56875.7   41693.7   -6582.6  1.7737 -0.2352  175168.2   44376.2 -217367.4
      804.6     346.8   57714.2   41947.8   56487.0   42086.9   56249.0   41649.5   57636.1   41258.5
vertex track :        190   3 124    2209707  0.2509  2.2620  179138.7   37658.2     289.9   211   533.3
  121 2     -2  0.2717  2.2520   62089.5   52109.7    6586.0  0.2683  2.2718  182619.5   53589.9 -207258.1
      671.1     173.5   61997.7   52796.7   61894.0   51937.1   62391.7   51634.9   62342.1   52755.2
  122 2     -1  0.2699  2.2618   60994.0   42886.5    3713.1  0.2683  2.2718  181848.5   47063.2 -210131.1
      365.0      82.4   60955.5   43258.7   60925.6   43008.7   61242.9   42726.5   61119.1   43239.1
  123 2      0  0.2404  2.2637   62933.9   43303.3    2864.7  0.2683  2.2718  181620.9   45136.0 -210979.4
      256.7      31.5   62929.6   43561.9   62925.9   43526.8   63148.4   43257.0   62992.4   43555.3
vertex track :        216   3 124    2239262  1.5425 -0.7198  175494.7   43674.4     302.4  2212   635.7
  121 2     -2  1.4152 -0.8595   62774.7   38165.2    6640.4  1.5378 -0.7313  187061.7   40711.5 -207229.5
      496.1     184.7   63294.6   38065.5   62743.7   38400.1   62466.2   38474.0   63102.8   37749.8
  122 2     -1  1.5448 -0.5932   56917.7   39710.1    3797.3  1.5378 -0.7313  182689.6   42790.6 -210072.6
      269.4      89.0   57201.1   39696.6   57022.6   39765.2   56845.9   39933.0   57137.2   39530.4
  123 2      0  1.3848 -0.7674   59705.9   40736.6    2984.4  1.5378 -0.7313  181439.6   43385.0 -210885.5
      183.1      34.7   59882.9   40678.2   59853.3   40694.6   59740.2   41004.2   59849.2   40617.4
