groupid:  10651, ntrk:  3
vertex track :          0   3  49    3679799 -0.4315 -0.0855  151100.5  161652.8     286.0    13  2264.5
   50 6      1 -0.4311 -0.0884   36241.9    9282.9   -2868.6 -0.4330 -0.0898  153980.2  165863.2  -76520.7
       44.6       4.4   36199.1    9269.7   36195.9    9269.0   36494.3    9506.0   36197.4    9278.2
   51 4      2 -0.4308 -0.0914   33730.6   85305.0   -3719.9 -0.4330 -0.0898  154348.8  165939.7  -77372.0
       53.0       7.7   33680.3   85286.4   33693.6   85289.2   33990.4   85533.4   33677.1   85301.5
   52 4      3 -0.4316 -0.0886   38556.4   87909.4   -6583.5 -0.4330 -0.0898  155588.8  166196.8  -80235.6
       83.4      14.5   38477.6   87878.5   38550.3   87893.5   38844.7   88150.3   38471.8   87906.8
vertex track :         76   3  50    3573697 -0.2205  4.4131  155430.8  156765.8     431.1     0  1800.7
   47 6     -2 -0.2172  4.4208   32801.2   26182.1    6587.3 -0.1853  4.3108  151943.7  183530.3  -69490.9
     1699.9     126.4   32591.6   27873.7   32712.8   25406.5   33220.6   24704.9   32844.0   27886.1
   48 6     -1 -0.1716  4.4246   31614.2    6337.6    3716.0 -0.1853  4.3108  152475.9  171153.0  -72362.2
      923.2      59.5   31519.0    7257.8   31554.6    6342.0   31919.3    5631.9   31637.9    7262.4
   49 4      0 -0.2078  4.4104   29593.2   84672.6    2867.5 -0.1853  4.3108  152633.1  167495.0  -73210.7
      687.9      24.8   29536.0   85358.6   29557.1   84910.5   29860.1   84201.1   29585.6   85360.9
vertex track :         87   3  50    3590037  1.2939  1.0698  153012.8  163619.9     443.5   211   293.3
   47 6     -2  1.2399  1.0189   43719.5   13126.3    6556.1  1.3028  1.0651  158662.4  170397.3  -69495.1
      544.0     225.6   43996.6   13646.0   43416.3   13169.1   43653.6   12817.6   44283.0   13297.5
   48 6     -1  1.2393  1.0958   37201.1   10865.9    3075.0  1.3028  1.0651  154127.1  166689.7  -72976.2
      231.0      82.9   37319.3   11081.0   37233.4   11005.1   37294.2   10861.8   37429.2   10956.8
   49 6      0  1.2146  1.1165   40570.9   14076.2    2263.3  1.3028  1.0651  153069.7  165825.2  -73787.8
      144.9      26.7   40659.5   14194.0   40701.3   14232.4   40693.6   14169.6   40695.7   14154.6
