groupid:  10193, ntrk:  4
vertex track :          0   3 107    3643127 -0.0785 -0.3542  104067.0  157983.7     314.1    13  1537.4
  108 3      1 -0.0763 -0.3538   99910.3   80650.4   -2865.1 -0.0740 -0.3547  100642.7  162402.2 -183792.6
       37.6       4.7   99906.9   80612.7   99906.7   80611.9  100123.6   80897.8   99897.8   80614.7
  109 3      2 -0.0809 -0.3531  102801.5   82389.5   -3715.2 -0.0740 -0.3547  100705.7  162703.7 -184642.7
       45.2       9.6  102800.7   82343.3  102803.9   82357.3  103012.1   82645.4  102782.0   82347.6
  110 3      3 -0.0780 -0.3543  101465.9   83847.4   -6586.1 -0.0740 -0.3547  100918.2  163722.0 -187513.6
       71.8      18.5  101468.6   83773.3  101483.1   83839.2  101673.2   84131.2  101432.4   83781.3
vertex track :        104   3 107    6999541 -1.4290  2.9446  100969.7  165247.1     277.6  2212   420.4
  108 3      1 -1.5227  2.8610  109350.8   81272.3   -3316.8 -1.4316  2.9192  102422.4  158025.1 -184195.6
     1025.0     249.1  108649.3   82060.1  109292.7   80851.3  110260.7   80697.3  109089.1   82294.2
  109 3      2 -1.2270  2.7851  107723.3   77714.5   -4169.2 -1.4316  2.9192  103642.6  155536.9 -185048.0
     2085.5     575.1  106356.2   79391.2  107780.1   76159.0  109299.1   76250.6  107408.8   79854.9
  110 3      3 -1.3379  2.8345  110401.1   68795.7   -7201.7 -1.4316  2.9192  107984.0  146684.2 -188080.5
     3947.9    1105.3  107716.4   71894.0  110805.6   65348.9  113294.4   65910.1  109715.5   72837.6
vertex track :        153   3 108    3210652 -1.0035 -0.2387   99875.6  157883.4     176.2     0 10001.0
  105 3     -2 -1.0083 -0.2275   94911.9   77564.5    6587.3 -1.0010 -0.2440   94535.4  160903.1 -177521.8
      176.7      13.5   94742.5   77512.4   94875.6   77542.4   95290.3   77826.4   94736.5   77538.8
  106 3     -1 -1.0050 -0.2341   98719.6   80408.7    3720.7 -1.0010 -0.2440   97404.9  161602.5 -180388.4
      110.5       7.4   98613.7   80376.5   98617.8   80377.4   99034.5   80650.8   98610.3   80390.9
  107 3      0 -1.0066 -0.2255  101815.7   81119.5    2869.9 -1.0010 -0.2440   98256.6  161810.1 -181239.2
       93.1       5.5  101726.0   81093.8  101696.3   81087.1  102114.3   81355.0  101723.6   81104.5
vertex track :        282   3 108    5864780 -1.5732 -2.8763  103639.8  164688.6     117.8     0  5010.6
  105 3     -2 -1.6298 -2.6818   92347.0   65638.2    6759.2 -1.5914 -2.9082   94167.7  149963.6 -177271.6
     1020.3      43.0   91853.8   64743.9   92571.3   65924.6   93048.5   66739.8   91780.3   64788.5
  106 3     -1 -1.6753 -2.8987   95108.8   71807.3    4146.9 -1.5914 -2.9082   98324.9  157560.7 -179883.9
      637.7      24.5   94810.9   71242.9   95097.3   71738.4   95615.0   72578.8   94768.4   71267.4
  107 3      0 -1.6497 -2.7711   95678.8   77597.5    3321.8 -1.5914 -2.9082   99638.0  159960.5 -180709.0
      519.5      16.0   95426.7   77142.9   95611.8   77453.8   96139.2   78259.3   95399.3   77159.2
