groupid:    113, ntrk: 11
vertex track :          0   3 109    6620493 -0.0621 -0.1684  202333.6  193935.9     396.3    13  1430.2
  110 6      1 -0.0605 -0.1690   79588.0   36296.7   -2867.7 -0.0627 -0.1749  200302.7  199049.5 -187951.1
       21.0       4.0   79584.7   36275.6   79586.1   36279.6   79801.2   36527.6   79577.1   36278.3
  111 6      2 -0.0607 -0.1688   81726.2   41260.4   -3718.3 -0.0627 -0.1749  200356.0  199198.2 -188801.7
       26.3       9.3   81726.0   41232.5   81731.1   41246.6   81936.3   41498.1   81708.5   41238.8
  112 6      3 -0.0605 -0.1689   78148.7   34915.6   -6584.5 -0.0627 -0.1749  200535.7  199699.6 -191667.9
       43.0      17.9   78151.0   34869.1   78167.4   34914.6   78356.3   35172.0   78117.3   34881.2
vertex track :          8   3 109    6202228 -0.8052  0.9252  201684.6  194884.8     394.3  2212   437.1
  110 6      1 -1.0659  0.7651   80957.8   33082.4   -3105.7 -0.8167  0.9117  202294.8  196233.7 -188182.4
      171.1      68.3   80778.9   33126.7   80833.1   33087.8   81345.6   33248.9   80858.7   33237.7
  111 6      2 -0.6581  0.8518   83834.7   36832.1   -3930.1 -0.8167  0.9117  202968.1  195482.0 -189006.9
      294.4     158.2   83529.6   36968.4   83751.3   36681.3   84349.2   36906.7   83779.9   37161.8
  112 6      3 -0.7546  0.8537   88944.4   29716.3   -6273.9 -0.8167  0.9117  204882.1  193345.2 -191350.6
      488.0     274.4   88415.5   29900.2   88903.5   29348.2   89682.5   29743.3   88826.8   30263.8
vertex track :         84   3 109    7069276  0.3132  3.9628  203633.5  207510.5     412.5   211     nan
  110 6      1  0.2754  3.9661   79715.6   37049.8   -2868.0  0.2800  3.8773  200393.5  199364.6 -187889.1
        nan       nan      -nan       nan       nan       nan       nan       nan       nan       nan
  111 6      2  0.2752  3.9708   81577.3   38612.3   -3718.7  0.2800  3.8773  200155.3  196066.0 -188739.9
        nan       nan      -nan       nan       nan       nan       nan       nan       nan       nan
  112 6      3  0.2770  3.9699   77218.6   22649.5   -6585.8  0.2800  3.8773  199352.7  184949.3 -191607.0
        nan       nan      -nan       nan       nan       nan       nan       nan       nan       nan
vertex track :         91   3 109    7231972 -0.4326 -2.8790  202328.0  193863.2     396.3   211   237.3
  110 6      1 -0.4556 -2.7456   80519.8   43021.8   -3095.7 -0.4240 -2.9419  201573.7  208678.9 -188179.5
      674.3     161.1   80568.4   42330.3   80693.5   43084.1   80680.8   43920.6   80250.5   42383.0
  111 6      2 -0.4369 -2.9361   82857.0   49884.5   -3907.4 -0.4240 -2.9419  201917.8  211066.6 -188991.1
     1273.4     373.3   83038.8   48570.1   83321.9   50472.5   82884.8   51406.0   82300.4   48680.0
  112 6      3 -0.5481 -2.7458   87092.9   53507.5   -6384.1 -0.4240 -2.9419  202968.1  218352.9 -191467.9
     2209.6     664.2   87311.7   51210.6   88061.7   54967.6   87083.6   56011.6   86009.0   51470.7
vertex track :         93   3 109    7232246  1.0800  0.2704  203324.8  194318.2     393.4   211   398.7
  110 6      1  1.0754  0.2808   77041.2   35290.0   -2867.4  1.0835  0.2717  197562.2  197982.3 -187944.5
      119.8      26.8   77150.4   35346.2   77144.4   35344.7   77143.2   35444.0   77163.9   35294.3
  111 6      2  1.0742  0.2784   78251.6   39889.9   -3718.0  1.0835  0.2717  196640.6  197751.3 -188795.1
      163.2      63.5   78393.7   39992.3   78303.2   39968.9   78320.5   39997.8   78425.5   39869.4
  112 6      3  1.0773  0.2811   71953.8   32347.1   -6585.1  1.0835  0.2717  193534.0  196972.3 -191662.3
      275.9     122.8   72189.8   32535.6   71882.1   32455.3   71928.9   32368.9   72251.8   32298.0
vertex track :        108   3 110    6158048 -0.2485  2.5300  202896.9  191536.2     153.6     0  1004.7
  107 6     -2 -0.2585  2.5307   80767.8   50469.6    6585.7 -0.2659  2.4891  198993.3  211760.1 -181392.6
      696.6     108.3   80589.3   51151.6   80676.6   50297.2   81156.0   50000.2   80804.7   51173.6
  108 6     -1 -0.2596  2.5281   83299.4   40925.2    3716.6 -0.2659  2.4891  199756.1  204618.8 -184261.7
      398.6      52.7   83206.2   41316.3   83233.1   41054.1   83602.3   40746.5   83311.1   41327.1
  109 6      0 -0.2532  2.5301   84221.0   45833.3    2868.7 -0.2659  2.4891  199981.5  202508.2 -185109.6
      305.9      21.9   84168.8   46135.5   84176.5   46058.1   84483.0   45743.7   84212.3   46139.9
vertex track :        151   3 110    6826845 -0.3000 -1.2243  202521.0  194653.9     155.0   211   135.6
  107 6     -2 -0.2946 -1.1818   77101.2   27875.1    7021.9 -0.2969 -1.2449  198263.0  190323.0 -180938.9
      910.3     546.3   77411.1   26859.7   77789.5   28378.0   77001.0   29099.2   76351.0   27124.0
  108 6     -1 -0.2821 -1.1071   88632.6   32012.5    3956.7 -0.2969 -1.2449  199172.9  194139.0 -184004.1
      447.6     263.1   88776.9   31513.8   88938.8   32148.8   88697.9   32720.1   88267.1   31643.8
  109 6      0 -0.2852 -1.1865   84126.0   38531.6    3127.0 -0.2969 -1.2449  199419.2  195171.8 -184833.7
      209.2     105.1   84179.3   38303.6   84217.2   38461.3   84282.4   38968.4   83974.9   38352.8
vertex track :        158   3 110    6841610 -3.7512 -0.4484  202263.8  194751.5     153.8     0  3137.4
  107 6     -2 -3.7458 -0.4455   55571.9   32824.8    6588.5 -3.8048 -0.4841  175558.6  195852.7 -181370.7
     1284.7      66.7   54304.1   32606.8   56068.9   32816.7   57046.0   33252.4   54288.4   32739.4
  108 6     -1 -3.7537 -0.4567   68847.4   32288.6    3718.8 -3.8048 -0.4841  186477.2  197241.9 -184240.4
      733.8      33.5   68123.1   32166.7   68791.6   32248.1   69778.0   32619.9   68115.0   32233.1
  109 6      0 -3.7505 -0.4519   72646.8   39737.3    2867.7 -3.8048 -0.4841  189715.7  197654.0 -185091.5
      573.0      17.5   72080.0   39651.4   72430.2   39693.6   73419.9   40032.7   72075.8   39686.1
vertex track :        167   3 110    7047921  6.6265  4.5244  187782.0  185131.1     167.2     0 10001.0
  107 6     -2  6.7940  3.9048  108039.8   56172.0    6900.8  6.4746  4.4715  229137.8  219342.0 -181130.8
     5468.5      89.2  112736.5   58974.3  104680.9   54344.4  103559.9   53583.6  112825.4   58819.7
  108 6     -1  5.9240  3.8062   99828.9   43840.9    3951.8  6.4746  4.4715  210044.4  206155.8 -184079.7
     3096.5      47.4  102408.4   45554.6   98442.2   43006.4   97465.4   42341.0  102459.7   45474.8
  109 6      0  7.2040  4.9581   88631.1   45054.7    3119.2  6.4746  4.4715  204653.1  202432.5 -184912.4
     2428.9      31.5   90614.0   46457.7   88125.2   44744.9   86865.4   43866.7   90649.8   46405.8
vertex track :        187   3 110    7101639 -3.0346 -1.3768  209962.2  197437.1     148.2   211     nan
  107 6     -2 -3.0300 -1.3967   68293.3   29042.9    6584.0 -3.0867 -1.4225  187923.7  192557.1 -181346.5
        nan       nan      -nan       nan       nan       nan       nan       nan       nan       nan
  108 6     -1 -3.0307 -1.3918   79399.4   31324.8    3717.5 -3.0867 -1.4225  196771.8  196634.6 -184213.0
        nan       nan      -nan       nan       nan       nan       nan       nan       nan       nan
  109 6      0 -3.0312 -1.3889   82585.8   39539.5    2868.3 -3.0867 -1.4225  199393.0  197842.6 -185062.2
        nan       nan      -nan       nan       nan       nan       nan       nan       nan       nan
vertex track :        193   3 110    7103135 -0.2337 -3.5151  202554.7  196233.6     155.8   211   388.1
  107 6     -2 -0.2667 -3.2626   77881.0   14338.2    7049.9 -0.2157 -3.6099  198836.8  175568.2 -180901.8
     2160.6     492.9   78196.2   12144.6   78492.3   15766.4   77775.5   16738.6   77213.7   12224.9
  108 6     -1 -0.4486 -3.2632   88943.3   25229.0    3960.2 -0.2157 -3.6099  199503.3  186721.6 -183991.5
     1100.7     236.6   89027.8   24106.4   89233.4   25602.0   89068.3   26558.5   88558.9   24170.8
  109 6      0 -0.2785 -3.3598   84081.8   33430.3    3132.0 -0.2157 -3.6099  199682.0  189711.4 -184819.8
      648.9      95.3   84123.2   32775.8   84171.9   33363.5   84250.1   34291.5   83933.2   32791.5
