groupid:  11896, ntrk:  4
vertex track :          0   3  73    1635298  0.1171  0.1582  130783.2   81248.5     351.4    13  1014.0
   74 2      1  0.1157  0.1592   11020.3   82043.8   -2864.2  0.1172  0.1552  129217.9   84985.7 -121352.2
       22.6       5.5   11029.1   82065.3   11026.8   82062.1   11221.5   82232.4   11038.0   82058.9
   75 2      2  0.1155  0.1593    9729.2   81829.2   -3715.2  0.1172  0.1552  129118.2   84853.6 -122203.2
       29.3      12.9    9735.9   81860.6    9725.8   81846.5    9932.6   82008.1    9756.9   81845.4
   76 2      3  0.1158  0.1589    9865.5   83736.6   -6588.2  0.1172  0.1552  128781.5   84407.8 -125076.3
       48.9      25.1    9874.0   83790.9    9840.7   83745.3   10067.1   83892.5    9914.6   83761.3
vertex track :         71   3  73    3426917 -0.0848 -0.7134  130309.0   79162.0     154.3   211     nan
   74 2      1 -0.0507 -0.6952    8229.4   80970.3   -2971.7 -0.0824 -0.7245  129383.9   85647.2 -121269.3
        nan       nan      -nan       nan       nan       nan       nan       nan       nan       nan
   75 2      2 -0.0777 -0.7531   11941.5   79622.0   -3790.2 -0.0824 -0.7245  129451.4   86240.2 -122087.8
        nan       nan      -nan       nan       nan       nan       nan       nan       nan       nan
   76 2      3 -0.0526 -0.7024   10852.6   81176.2   -6624.4 -0.0824 -0.7245  129684.9   88293.6 -124922.0
        nan       nan      -nan       nan       nan       nan       nan       nan       nan       nan
vertex track :        111   3  74    1255505  1.7500  2.8112  128809.6   77404.9     239.8   211   428.4
   71 4     -2  1.7111  2.8309   16069.3   18659.2    6586.5  1.7750  2.8077  137685.9   98268.0 -114763.7
     1607.7     367.7   16586.3   20225.2   15282.4   18068.0   15764.0   17305.9   17215.6   19844.9
   72 4     -1  1.7521  2.7991   13144.7   11321.5    3718.2  1.7750  2.8077  132594.8   90214.7 -117632.0
      829.7     175.9   13435.8   12118.1   12923.4   11299.4   13065.4   10737.7   13734.0   11931.4
   73 2      0  1.7156  2.8363   11729.4   83543.3    2867.5  1.7750  2.8077  131084.8   87826.2 -118482.7
      501.8      66.7   11932.0   84007.2   11772.9   83744.1   11738.5   83292.3   12046.2   83938.2
vertex track :        186   3  74    3912637 -1.3657 -3.5946  136202.1   92654.5     365.2     0  1119.7
   71 2     -2 -1.0605 -3.6493    9296.3   72040.9    6676.1 -1.3834 -3.5832  125179.3   73037.3 -114799.9
     1438.3     167.9    9056.2   70612.9    9636.2   72608.8    9745.4   73675.2    8733.7   70706.6
   72 2     -1 -1.0838 -3.5440   15461.8   77766.1    3785.4 -1.3834 -3.5832  129178.2   83395.2 -117690.5
      784.1      79.7   15308.7   76993.0   15539.8   77748.4   15823.8   78745.8   15156.2   77039.6
   73 2      0 -1.1931 -3.6628   12847.7   81606.4    2972.5 -1.3834 -3.5832  130302.9   86308.1 -118503.5
      581.2      32.3   12698.5   81043.8   12807.9   81379.8   13205.8   82375.3   12637.0   81063.8
