groupid:  11332, ntrk:  3
vertex track :          0   3  61    2737395  0.8893  0.0268  124625.3  153589.3     323.3    13   691.9
   62 3      1  0.8883  0.0355  114960.9   74888.3   -2867.3  0.8945  0.0198  113838.4  155873.3  -98824.5
       89.8      13.0  115050.0   74904.9  115057.2   74905.2  115082.6   75081.7  115051.1   74878.9
   63 3      2  0.8867  0.0453  113258.1   73829.9   -3717.8  0.8945  0.0198  113077.6  155856.4  -99675.0
      110.7      29.4  113367.2   73864.9  113332.3   73863.1  113359.9   74004.9  113370.2   73806.2
   64 3      3  0.8896  0.0246  111368.0   74631.2   -6586.7  0.8945  0.0198  110511.3  155799.5 -102543.9
      178.0      57.0  111544.3   74693.1  111375.3   74688.4  111402.6   74779.3  111547.5   74579.1
vertex track :          7   3  61    2317688 -1.3528 -0.0348  123802.2  153567.4     321.5  2212   643.9
   62 4      1 -1.2699 -0.1093   12676.2   76179.2   -2503.4 -1.3533 -0.0276  119689.7  155997.8  -98457.7
      138.8      28.6   12540.4   76138.9   12550.3   76139.7   13020.8   76429.5   12535.5   76195.8
   63 4      2 -1.2935 -0.0495   14217.7   77749.1   -3329.9 -1.3533 -0.0276  120808.1  156020.6  -99284.1
      196.0      71.6   14024.6   77670.1   14144.6   77674.7   14619.5   78038.1   14019.1   77813.2
   64 4      3 -1.3571  0.0074   20995.7   74667.1   -5644.9 -1.3533 -0.0276  123941.0  156084.6 -101599.2
      319.5     131.9   20675.5   74537.0   21029.5   74535.0   21524.6   75007.3   20676.9   74800.8
vertex track :        115   3  62    2535084  3.6654 -3.5180  110762.1  160152.1     324.4     0  1113.0
   59 4     -2  3.6671 -3.4865   16755.7   55153.7    6586.3  3.8031 -3.6781  133572.5  138938.6  -91854.6
     2475.0     250.3   18721.9   53629.8   15904.6   56308.3   15003.2   56884.1   18377.0   53266.9
   60 4     -1  3.6771 -3.5181    4687.0   69527.6    3716.6  3.8031 -3.6781  122658.9  149493.5  -94724.3
     1322.1     118.7    5724.3   68699.3    4585.9   69788.5    3863.3   70562.3    5560.2   68527.8
   61 4      0  3.6350 -3.5479    4181.0   74331.0    2868.3  3.8031 -3.6781  119432.6  152613.8  -95572.6
      932.0      46.2    4880.3   73713.1    4309.7   74270.0    3695.4   75155.3    4815.7   73647.0
