groupid:  11671, ntrk:  5
vertex track :          0   3 119    3074467  0.3500 -0.1488   55843.3  112502.9     273.5    13   587.8
  120 3      1  0.3513 -0.1473   50958.6   30459.7   -2867.1  0.3598 -0.1519   53380.0  115545.0 -206506.8
       40.0      10.0   50999.4   30453.4   50999.4   30453.4   51128.2   30675.8   50991.7   30435.0
  121 3      2  0.3493 -0.1506   53541.3   36668.0   -3717.0  0.3598 -0.1519   53074.2  115674.1 -207356.6
       52.2      23.8   53598.6   36669.2   53576.1   36678.9   53694.2   36876.7   53579.8   36625.5
  122 3      3  0.3490 -0.1502   52810.8   35693.5   -6582.2  0.3598 -0.1519   52043.3  116109.2 -210221.8
       87.2      46.6   52909.3   35701.9   52822.4   35739.3   52922.6   35895.0   52872.5   35616.2
vertex track :         21   3 119    3061797 -0.0663 -0.4132   54759.8  111804.5     272.0   211     nan
  120 3      1 -0.0698 -0.4045   58117.4   35169.1   -2525.1 -0.0601 -0.4131   53587.8  115532.0 -206155.1
        nan       nan      -nan       nan       nan       nan       nan       nan       nan       nan
  121 3      2 -0.0744 -0.4217   55273.6   37073.2   -3353.6 -0.0601 -0.4131   53637.6  115874.2 -206983.5
        nan       nan      -nan       nan       nan       nan       nan       nan       nan       nan
  122 3      3 -0.0742 -0.4307   54324.6   38428.1   -6062.2 -0.0601 -0.4131   53800.3  116993.2 -209692.2
        nan       nan      -nan       nan       nan       nan       nan       nan       nan       nan
vertex track :         70   3 119    3956211 -0.9623 -0.3550   55171.8  112397.4     272.8  2212   487.6
  120 3      1 -0.9597 -0.3608   53607.6   30895.5   -2867.8 -0.9526 -0.3471   56827.0  116056.5 -206501.5
      117.2      41.5   53512.5   30815.4   53530.4   30822.1   53911.7   31185.3   53483.3   30893.2
  121 3      2 -0.9653 -0.3484   57269.6   37224.3   -3717.9 -0.9526 -0.3471   57636.8  116351.6 -207351.5
      187.4     101.2   57127.6   37065.5   57277.6   37119.6   57620.6   37592.7   57059.0   37255.8
  122 3      3 -0.9678 -0.3507   60060.5   36768.6   -6588.3 -0.9526 -0.3471   60371.0  117347.7 -210222.0
      339.5     198.6   59808.9   36466.2   60244.1   36623.9   60521.0   37280.6   59673.6   36839.6
vertex track :         78   3 120    3743013  0.1316  0.1718   51797.3  109943.5     203.1  2212   350.9
  117 3     -2  0.1320  0.1726   54841.8   33959.0    6584.0  0.1358  0.1698   54928.6  115883.6 -199530.9
      211.6     202.8   54809.4   34250.3   54580.0   33950.4   55084.4   33877.9   55131.5   34003.8
  118 3     -1  0.1331  0.1704   56352.8   34625.9    3716.7  0.1358  0.1698   54539.3  115396.8 -202398.2
      102.9      97.4   56339.3   34767.0   56240.6   34640.7   56576.3   34695.1   56492.9   34647.0
  119 3      0  0.1288  0.1738   55741.8   32087.8    2866.8  0.1358  0.1698   54423.8  115252.5 -203248.1
       43.1      36.8   55737.9   32144.4   55713.6   32111.5   55955.9   32241.4   55797.1   32100.5
vertex track :        142   3 120    4799986  1.2153 -0.0492   50292.7  110508.8     206.9   211     nan
  117 3     -2  1.2050 -0.0730   54050.0   29339.1    6120.6  1.2275 -0.0595   59812.8  115024.6 -199993.0
        nan       nan      -nan       nan       nan       nan       nan       nan       nan       nan
  118 3     -1  1.1529 -0.0508   50735.2   26680.4    3363.2  1.2275 -0.0595   56428.0  115188.7 -202750.4
        nan       nan      -nan       nan       nan       nan       nan       nan       nan       nan
  119 3      0  1.1705  0.0358   50371.0   27429.8    2542.1  1.2275 -0.0595   55420.1  115237.6 -203571.5
        nan       nan      -nan       nan       nan       nan       nan       nan       nan       nan
