groupid:  12364, ntrk:  3
vertex track :          0   3  75    7829930  0.4614  0.0049  170609.9  172978.8     194.7    13   522.2
   76 6      1  0.4608  0.0072   51047.4   18864.9   -2865.5  0.4610  0.0099  169107.7  175407.4 -125049.0
       47.3      11.5   51094.5   18877.1   51096.8   18877.2   51210.8   19062.7   51094.9   18854.2
   77 6      2  0.4613  0.0039   49126.1   17323.3   -3717.5  0.4610  0.0099  168715.0  175399.0 -125901.0
       61.8      27.6   49187.7   17351.3   49160.9   17351.1   49275.0   17505.2   49188.2   17296.2
   78 6      3  0.4615  0.0080   45873.4   16603.4   -6586.0  0.4610  0.0099  167392.7  175370.5 -128769.4
      103.8      54.4   45976.3   16659.6   45865.6   16657.7   45981.0   16757.1   45978.2   16550.7
vertex track :         82   3  75    7899051  3.4206  3.7700  177404.0  182132.3     190.0     0 10001.0
   76 6      1  3.0154  3.7043   47703.8   14288.4   -2399.1  3.3908  3.7512  168517.5  174978.7 -124568.9
      922.7      17.7   48272.6   15015.2   47740.7   14361.9   47348.0   13775.2   48300.1   14992.8
   77 6      2  2.9572  3.8677   43975.1   12309.4   -3243.1  3.3908  3.7512  165655.6  171812.5 -125413.0
     1195.7      26.1   44680.6   13275.1   43849.0   12187.5   43482.5   11557.4   44722.1   13243.4
   78 4      3  3.2868  3.4086   34348.4   82914.8   -5919.7  3.3908  3.7512  156579.9  161772.1 -128089.5
     2081.0      48.2   35758.2   84446.3   33559.4   82166.0   33151.9   81596.6   35827.6   84379.3
vertex track :        122   3  76    5892154  0.1261 -0.6135  169703.7  175013.3     386.2   211     nan
   73 6     -2  0.1288 -0.6103   48976.2   12764.4    6590.9  0.1256 -0.6299  170307.1  171716.1 -118170.7
        nan       nan      -nan       nan       nan       nan       nan       nan       nan       nan
   74 6     -1  0.1269 -0.6141   52194.6   15392.6    3723.1  0.1256 -0.6299  169947.0  173522.5 -121038.4
        nan       nan      -nan       nan       nan       nan       nan       nan       nan       nan
   75 6      0  0.1237 -0.6150   50221.8   16173.9    2869.1  0.1256 -0.6299  169839.8  174060.4 -121892.4
        nan       nan      -nan       nan       nan       nan       nan       nan       nan       nan
