groupid:  13316, ntrk:  5
vertex track :          0   3 121    6830043  0.1051 -0.0887  132680.3  187654.4     446.2    13  2664.3
  122 6      1  0.1047 -0.0891   12347.7   27028.7   -2870.0  0.1062 -0.0911  131809.7  190852.6 -209982.5
       17.4       2.4   12362.5   27019.3   12358.0   27023.1   12543.1   27248.1   12359.5   27015.7
  123 6      2  0.1055 -0.0879   11374.2   29063.7   -3715.3  0.1062 -0.0911  131719.9  190929.6 -210827.8
       21.3       5.1   11393.8   29054.0   11383.2   29062.8   11564.6   29283.4   11387.3   29046.1
  124 6      3  0.1048 -0.0889   12247.4   31438.3   -6584.4  0.1062 -0.0911  131415.1  191191.0 -213696.9
       34.6       9.8   12280.1   31423.4   12249.4   31449.4   12424.8   31663.2   12267.4   31408.5
vertex track :          7   3 121    5701780 -1.1989  0.3296  128750.0  188903.4     309.0  2212   657.8
  122 6      1 -1.1490  0.2888   10398.7   28936.2   -3014.1 -1.2077  0.3254  132211.5  190713.8 -209985.4
      139.5      31.5   10255.7   28939.7   10285.0   28932.3   10750.5   29143.1   10271.1   29000.8
  123 6      2 -1.2445  0.3003   14786.9   29534.5   -3835.8 -1.2077  0.3254  133203.9  190446.4 -210807.2
      192.2      73.3   14582.9   29508.3   14695.2   29481.2   15199.7   29771.0   14617.3   29650.8
  124 6      3 -1.2461  0.4227   22494.2   29944.6   -6857.9 -1.2077  0.3254  136853.6  189463.1 -213829.2
      334.6     145.0   22130.8   29914.8   22502.9   29788.6   23066.4   30184.8   22223.9   30189.3
vertex track :         56   3 121    7034042  0.5573 -1.0024  134206.3  184593.8     440.1     0 10000.5
  122 6      1  0.5530 -1.0049   12507.7   26710.2   -2869.6  0.5631 -1.0081  131835.4  190824.1 -209983.9
      118.4       7.2   12571.1   26610.0   12573.1   26606.3   12654.9   27019.4   12558.5   26603.0
  123 6      2  0.5639 -1.0001   11166.1   29472.8   -3718.0  0.5631 -1.0081  131357.6  191679.4 -210832.3
      139.2       9.3   11242.6   29356.1   11224.2   29388.6   11300.1   29798.5   11226.3   29347.0
  124 6      3  0.5593 -1.0020   10671.9   34633.6   -6586.0  0.5631 -1.0081  129742.7  194570.8 -213700.4
      215.8      15.9   10791.0   34452.9   10698.1   34619.4   10763.4   35023.3   10763.2   34437.4
vertex track :        133   3 122    6144097 -0.5848  1.7644  135131.2  182443.2     247.8     0 10001.0
  119 6     -2 -0.5995  1.7650   10736.7   40156.5    6581.2 -0.6010  1.7870  129615.3  197908.2 -203345.5
      383.8      20.2   10594.2   40513.4   10715.2   40157.3   11088.7   40011.3   10632.4   40526.4
  120 6     -1 -0.5981  1.7579    7796.1   34392.3    3722.4 -0.6010  1.7870  131333.3  192799.6 -206204.2
      230.3      10.9    7711.6   34606.8    7734.3   34540.0    8090.0   34389.6    7732.2   34613.8
  121 6      0 -0.5894  1.7620   12608.2   30692.4    2866.6 -0.6010  1.7870  131847.6  191270.2 -207060.1
      188.3       7.9   12540.9   30868.5   12536.6   30881.3   12884.8   30728.1   12555.9   30873.6
vertex track :        193   3 122    6831066  0.9474  0.6698  133756.5  186833.3     251.1     0  3111.1
  119 6     -2  0.9647  0.5527   20160.4   35447.9    6269.4  0.9581  0.6850  137785.5  195104.9 -203683.7
      191.8      18.3   20317.7   35559.2   20187.4   35484.6   20214.0   35547.2   20335.9   35527.4
  120 6     -1  0.8581  0.6477   20095.0   36592.7    3870.9  0.9581  0.6850  135487.5  193461.9 -206082.2
      128.0      10.4   20190.8   36678.1   20166.7   36659.9   20210.0   36717.9   20203.4   36661.5
  121 6      0  0.9331  0.7224   17277.2   29656.6    3019.2  0.9581  0.6850  134671.5  192878.5 -206933.9
      107.4       6.6   17358.1   29727.5   17384.2   29747.7   17407.2   29796.4   17366.2   29717.2
