groupid:  13489, ntrk:  4
vertex track :          0   3  41    3116620 -0.4601 -0.2560  167752.4  126070.0     370.9    13   602.6
   42 4      1 -0.4598 -0.2546   52090.7   46199.5   -2864.9 -0.4558 -0.2523  168831.9  128000.9  -60892.0
       54.6      11.3   52048.4   46163.1   52047.4   46162.6   52342.5   46445.6   52037.4   46182.9
   43 4      2 -0.4613 -0.2527   54466.0   48258.6   -3719.3 -0.4558 -0.2523  169221.4  128216.5  -61746.4
       69.2      26.2   54417.9   48202.5   54442.3   48215.8   54723.6   48524.6   54392.7   48248.4
   44 4      3 -0.4601 -0.2572   52114.5   48007.4   -6581.9 -0.4558 -0.2523  170526.2  128938.8  -64609.0
      112.6      50.6   52040.9   47908.4   52140.9   47964.2   52397.7   48316.3   51991.6   47996.6
vertex track :         35   3  41    3336123  0.5011 -0.6624  171403.8  124320.9     366.2   211   231.7
   42 4      1  0.4673 -0.6436   48822.4   48374.0   -3638.2  0.5056 -0.6672  168982.5  128084.1  -61678.6
      118.0      53.1   48934.7   48309.7   48894.2   48365.5   48920.6   48647.6   48848.7   48247.3
   43 4      2  0.5454 -0.6403   46309.8   48139.5   -4471.9  0.5056 -0.6672  168561.0  128640.3  -62512.3
      187.6     116.6   46520.3   48072.3   46391.5   48223.5   46309.9   48416.1   46342.7   47921.0
   44 4      3  0.4866 -0.6303   46717.5   52645.4   -7216.7  0.5056 -0.6672  167173.3  130471.6  -65257.1
      314.4     207.1   47073.5   52523.0   46791.4   52888.4   46571.9   52977.1   46745.7   52269.9
vertex track :        192   3  42    2882743  1.6627  0.6423  171103.8  125324.9     229.6   211   273.3
   39 4     -2  1.6501  0.6825   60317.0   49893.1    6584.0  1.6673  0.6288  179360.8  131995.3  -54932.3
      668.1     275.2   60829.2   50402.7   59941.0   50035.3   60016.5   49594.1   61039.5   49894.2
   40 4     -1  1.6650  0.6396   55813.6   52745.4    3718.8  1.6673  0.6288  174583.8  130193.6  -57797.5
      346.1     131.8   56089.4   52992.6   55792.8   52878.6   55749.4   52708.8   56184.0   52746.4
   41 4      0  1.6634  0.6427   55597.3   49746.6    2869.3  1.6673  0.6288  173167.5  129659.4  -58647.0
      205.7      49.9   55771.2   49867.3   55736.7   49854.0   55635.1   49836.5   55807.2   49774.2
vertex track :        228   3  42    3133880  0.4547 -1.7491  168651.4  129398.5     233.2     0  1558.4
   39 4     -2  0.6084 -1.7868   50193.4   45880.6    6596.2  0.4476 -1.7511  169179.1  120936.1  -54919.4
      380.8      47.3   50360.9   45535.3   50243.1   45881.1   50236.5   46434.1   50271.4   45504.9
   40 4     -1  0.6907 -1.8577   51375.7   42717.1    4445.0  0.4476 -1.7511  168216.1  124703.2  -57070.6
      263.5      28.5   51494.2   42480.0   51455.6   42583.8   51467.9   43162.3   51440.8   42460.2
   41 4      0  0.2754 -1.7377   52283.1   43403.4    3624.4  0.4476 -1.7511  167848.8  126140.3  -57891.2
      218.7      14.7   52331.9   43189.7   52321.2   43256.8   52444.6   43825.4   52302.8   43185.1
