groupid:  13592, ntrk:  4
vertex track :          0   3  49    1433618  0.0269  0.1884  201892.1   84568.6     239.7    13  1017.4
   50 4      1  0.0256  0.1888   86405.6    8500.4   -2864.9  0.0219  0.1895  203817.6   88283.1  -76329.7
       21.5       5.2   86403.4    8522.4   86403.0    8519.5   86617.9    8688.6   86413.7    8521.0
   51 2      2  0.0244  0.1884   84238.9   85045.3   -3717.0  0.0219  0.1895  203798.9   88121.7  -77181.7
       28.0      12.5   84230.1   85074.7   84228.1   85058.7   84457.7   85226.1   84254.8   85071.5
   52 4      3  0.0256  0.1882   87386.9    9597.8   -6575.8  0.0219  0.1895  203736.3   87580.1  -80040.5
       47.0      24.5   87369.0    9647.7   87361.7    9594.0   87614.8    9758.1   87417.5    9641.1
vertex track :         34   3  49    2332468 -0.9186 -1.7132  199540.4   79841.9     235.9  2212   659.3
   50 2      1 -0.8296 -1.7479   76123.3   82431.9   -2709.4 -0.9313 -1.7519  204280.4   89246.0  -76173.6
      235.3      43.1   76061.4   82200.9   76089.0   82258.9   76394.4   82871.2   75983.5   82237.9
   51 4      2 -0.9107 -1.8141   78361.2    9542.6   -3534.3 -0.9313 -1.7519  205048.6   90691.1  -76998.5
      348.7     106.4   78299.9    9183.2   78421.5    9425.5   78631.6   10110.1   78109.7    9278.7
   52 4      3 -0.9239 -1.6753   78738.7   12788.0   -6041.4 -0.9313 -1.7519  207383.5   95083.3  -79505.7
      596.1     200.6   78626.6   12169.2   79008.2   12861.3   79059.9   13615.2   78275.2   12363.0
vertex track :         38   3  49    2360279  0.5280  0.1424  203117.0   84462.1     233.5   211   575.1
   50 4      1  0.5266  0.1486   86211.0    8571.2   -2873.5  0.5262  0.1481  203485.5   88316.9  -76327.7
       55.1      11.5   86260.9    8597.2   86265.5    8598.5   86371.7    8755.3   86267.2    8575.1
   51 4      2  0.5259  0.1496   83493.4    7996.1   -3719.8  0.5262  0.1481  203040.2   88191.5  -77174.1
       70.2      27.1   83553.5    8041.3   83528.9    8034.4   83643.9    8161.0   83568.3    7989.2
   52 4      3  0.5258  0.1480   85565.2    9787.0   -6590.4  0.5262  0.1481  201529.6   87766.3  -80044.7
      115.6      53.2   85662.1    9869.5   85549.9    9837.9   85678.9    9914.6   85691.0    9767.1
vertex track :         66   3  49    3843533  3.8269  4.1145  208625.5   91291.3     185.1   211     nan
   50 2      1  3.9354  4.7481   71633.7   77182.8   -2673.2  3.7790  4.1114  199804.8   83902.0  -76066.8
        nan       nan      -nan       nan       nan       nan       nan       nan       nan       nan
   51 2      2  3.6531  4.2805   70035.6   76272.6   -3483.5  3.7790  4.1114  196742.9   80570.8  -76877.0
        nan       nan      -nan       nan       nan       nan       nan       nan       nan       nan
   52 2      3  3.9578  4.1817   56463.0   62438.0   -5926.3  3.7790  4.1114  187511.3   70527.3  -79319.9
        nan       nan      -nan       nan       nan       nan       nan       nan       nan       nan
