groupid:  14518, ntrk:  2
vertex track :          0   3 111    3003487 -0.1685 -0.2873   98460.3  159665.8     323.4    13   645.7
  112 3      1 -0.1651 -0.2896   94856.4   81801.1   -2871.7 -0.1627 -0.2920   96388.9  163631.3 -191788.5
       35.8       9.1   94846.5   81765.5   94847.3   81766.9   95076.1   82046.4   94830.8   81774.5
  113 3      2 -0.1675 -0.2884   97018.6   83961.7   -3718.3 -0.1627 -0.2920   96526.6  163878.5 -192635.1
       46.6      21.4   97013.7   83910.6   97025.3   83930.7   97233.3   84222.5   96976.6   83932.1
  114 3      3 -0.1636 -0.2902   96059.4   83869.4   -6585.7 -0.1627 -0.2920   96993.2  164715.6 -195502.4
       77.7      41.7   96057.5   83781.3   96099.5   83855.7   96271.0   84167.3   95984.9   83822.3
vertex track :        140   3 112    3695851  3.7067 -1.0693   86365.6  160935.9     198.1   211     nan
  109 3     -2  3.6946 -1.1227  113292.9   77871.1    6583.6  3.6981 -1.0816  111578.3  158280.9 -184769.5
        nan       nan      -nan       nan       nan       nan       nan       nan       nan       nan
  110 3     -1  3.7009 -1.0952  100786.6   81606.1    3718.9  3.6981 -1.0816  100984.3  161379.3 -187634.2
        nan       nan      -nan       nan       nan       nan       nan       nan       nan       nan
  111 3      0  3.6902 -1.1222  100869.0   83030.3    2870.2  3.6981 -1.0816   97845.5  162297.3 -188482.9
        nan       nan      -nan       nan       nan       nan       nan       nan       nan       nan
