groupid:    147, ntrk:  3
vertex track :          0   3  39    1194424  0.0702 -0.0803  209016.8   79597.5     209.4    13  3410.6
   40 4      1  0.0699 -0.0806   86181.9    7989.9   -2865.8  0.0699 -0.0795  206430.4   85970.0  -57709.3
       14.4       1.7   86192.6    7980.1   86188.4    7984.9   86381.3    8209.6   86190.1    7978.0
   41 4      2  0.0701 -0.0804   87344.5    5647.3   -3709.6  0.0699 -0.0795  206371.4   86037.1  -58553.2
       17.9       3.7   87359.0    5636.3   87350.2    5646.3   87540.0    5868.3   87353.4    5631.4
   42 2      3  0.0699 -0.0804   89077.4   83370.5   -6586.9  0.0699 -0.0795  206170.3   86265.8  -61430.4
       29.8       7.3   89102.4   83352.7   89078.0   83380.9   89262.4   83598.1   89091.5   83343.2
vertex track :         39   3  39    2344195 -0.5337  0.3208  207719.4   80463.9     210.9  2212   524.6
   40 2      1 -0.5635  0.2301   89655.2   71722.8   -2476.7 -0.5351  0.3221  206782.4   85727.4  -57322.1
       61.2      22.0   89590.3   71725.6   89585.2   71727.7   89929.6   71930.2   89606.9   71766.3
   41 2      2 -0.5426  0.3321   90930.4   73472.8   -3308.2 -0.5351  0.3221  207227.3   85459.5  -58153.6
       93.6      56.9   90820.8   73473.2   90866.6   73445.1   91249.4   73682.8   90880.2   73570.3
   42 2      3 -0.5401  0.3347   91765.7   73850.7   -6666.9 -0.5351  0.3221  209024.7   84377.6  -61512.3
      188.3     129.0   91537.7   73840.3   91744.4   73712.2   92203.2   74071.5   91673.6   74059.5
vertex track :         87   3  40    2413287  0.5791 -0.1484  206625.9   86511.9     333.9   211     nan
   37 2     -2  0.5791 -0.1502   89562.6   80592.0    6583.5  0.5908 -0.1525  209946.1   84996.0  -50833.0
        nan       nan      -nan       nan       nan       nan       nan       nan       nan       nan
   38 2     -1  0.5784 -0.1527   89625.9   82540.4    3713.7  0.5908 -0.1525  208250.6   85433.6  -53702.9
        nan       nan      -nan       nan       nan       nan       nan       nan       nan       nan
   39 2      0  0.5803 -0.1439   88419.0   80423.9    2864.9  0.5908 -0.1525  207749.2   85563.0  -54551.6
        nan       nan      -nan       nan       nan       nan       nan       nan       nan       nan
