groupid:  14375, ntrk:  4
vertex track :          0   3  41      62075  0.3972 -0.1300   79163.1   63861.2     222.2    13  3269.3
   42 1      1  0.3972 -0.1293   79761.5   62759.5   -2864.6  0.3944 -0.1377   77102.4   65551.3  -60831.3
       41.8       3.7   79802.4   62750.1   79806.3   62748.8   79931.0   62978.8   79800.1   62743.1
   43 1      2  0.3973 -0.1312   81364.4   64235.5   -3711.2  0.3944 -0.1377   76768.5   65667.9  -61677.9
       49.6       5.9   81413.3   64225.5   81402.5   64229.1   81525.8   64455.2   81409.6   64214.3
   44 1      3  0.3945 -0.1319   77613.0   62717.2   -6586.0  0.3944 -0.1377   75634.7   66063.9  -64552.7
       78.3      11.0   77690.8   62702.8   77625.0   62724.8   77745.6   62941.4   77683.8   62681.9
vertex track :         23   3  41     462473  2.3267 -2.8740   85224.9   55307.5     207.7   211   309.0
   42 1      1  2.6652 -3.0862   76561.7   65083.5   -3451.3  2.3158 -2.8766   75900.5   67007.0  -61404.1
      975.6     174.0   77331.1   64458.9   76615.5   65287.5   76005.0   65915.0   77067.6   64231.4
   43 1      2  2.3349 -2.9898   72763.1   65987.9   -4251.4  2.3158 -2.8766   74047.6   69308.5  -62204.2
     1733.2     393.7   74140.2   64864.2   72496.9   66968.4   71598.3   67318.6   73519.6   64379.6
   44 1      3  2.3527 -2.7402   68782.1   76236.2   -7135.5  2.3158 -2.8766   67368.7   77604.9  -65088.3
     3146.0     738.5   71391.9   74330.3   67787.2   78528.8   66384.7   78349.3   70271.2   73368.1
vertex track :         96   3  41     970161 -3.6377 -0.9263   72358.8   62465.2     224.8   211   567.8
   42 1      1 -3.6411 -0.9235   87091.0   64158.8   -2878.8 -3.7365 -0.9274   83061.5   66647.0  -60880.7
      693.4      73.8   86437.0   63916.9   87016.7   64063.9   87951.4   64609.9   86400.7   64059.9
   43 1      2 -3.6470 -0.9134   92073.6   66281.0   -3717.9 -3.7365 -0.9274   86196.8   67425.2  -61719.8
     1046.2     178.8   91102.1   65853.4   92366.0   66170.0   93251.4   66917.7   91015.3   66200.2
   44 1      3 -3.6363 -0.9244   99896.3   67026.7   -6584.7 -3.7365 -0.9274   96908.6   70083.8  -64586.7
     1897.3     352.4   98144.3   66217.7  101058.4   66958.6  101854.7   68044.8   97970.7   66900.8
vertex track :        245   3  42     980249  0.0246  3.2086   79843.6   62292.6     193.6   211   580.4
   39 1     -2  0.0246  3.2125   79820.3   79741.4    6591.2  0.0412  3.2739   77296.9   86071.7  -54798.2
     1274.3     256.5   79573.5   81017.6   79559.2   79143.6   80277.1   78678.3   80086.6   81013.7
   40 1     -1  0.0035  3.2124   77965.3   78556.5    3721.9  0.0412  3.2739   77178.6   76677.6  -57667.6
      682.9     123.6   77842.4   79239.5   77841.7   78548.3   78298.2   78086.7   78089.7   79239.2
   41 1      0  0.0264  3.2051   77978.7   75047.9    2871.6  0.0412  3.2739   77143.6   73893.9  -58517.8
      459.1      47.9   77934.6   75507.4   77932.6   75262.3   78232.8   74801.7   78030.3   75506.6
