groupid:  14898, ntrk:  4
vertex track :          0   3  71    6315937 -0.5289 -0.2316  177890.1  177373.7     202.6    13   822.3
   72 6      1 -0.5322 -0.2225   61292.9   24797.7   -2867.3 -0.5348 -0.2306  182212.5  182635.1 -117073.2
       56.6       8.5   61244.0   24768.0   61236.7   24764.9   61551.4   25037.2   61237.4   24783.7
   73 6      2 -0.5294 -0.2291   61072.8   24081.6   -3718.9 -0.5348 -0.2306  182667.9  182831.4 -117924.7
       69.3      19.2   61016.7   24036.4   61032.8   24043.4   61338.3   24336.5   61001.5   24071.6
   74 6      3 -0.5292 -0.2258   66522.2   25381.7   -6585.1 -0.5348 -0.2306  184200.7  183492.5 -120790.9
      111.5      37.6   66434.4   25303.4   66528.3   25343.4   66819.5   25669.7   66404.9   25372.5
vertex track :         88   3  72    5925146 -0.8161  1.1961  180809.5  179914.4     403.1   211     nan
   69 6     -2 -0.8301  1.1957   56640.4   32714.0    6588.8 -0.8298  1.1918  176913.9  190257.5 -110756.5
        nan       nan      -nan       nan       nan       nan       nan       nan       nan       nan
   70 6     -1 -0.8221  1.1958   59686.0   30085.1    3717.1 -0.8298  1.1918  179296.8  186835.0 -113628.2
        nan       nan      -nan       nan       nan       nan       nan       nan       nan       nan
   71 6      0 -0.8358  1.1775   55584.5   27304.8    2869.2 -0.8298  1.1918  180000.4  185824.5 -114476.1
        nan       nan      -nan       nan       nan       nan       nan       nan       nan       nan
vertex track :        142   3  72    6538373  2.0679  1.4059  174300.0  175552.6     401.4   211     nan
   69 6     -2  2.0701  1.2771   64201.2   32278.3    6626.2  2.0513  1.4041  188312.9  187228.9 -110738.0
        nan       nan      -nan       nan       nan       nan       nan       nan       nan       nan
   70 6     -1  2.0360  1.4804   57402.2   24888.7    3754.8  2.0513  1.4041  182422.9  183197.3 -113609.4
        nan       nan      -nan       nan       nan       nan       nan       nan       nan       nan
   71 6      0  2.0030  1.1917   57180.9   30171.8    2948.7  2.0513  1.4041  180769.2  182065.4 -114415.5
        nan       nan      -nan       nan       nan       nan       nan       nan       nan       nan
vertex track :        171   3  72    6587635  1.0824 -2.8041  178376.1  183919.8     409.9     0   895.3
   69 4     -2  1.1317 -2.7857   66233.6   86941.8    6586.0  1.1205 -2.8253  186483.7  169445.9 -110752.6
      931.7     144.7   66718.3   86133.1   66254.6   87274.4   65960.0   87957.7   66450.2   86024.2
   70 6     -1  1.0972 -2.7976   64412.1   19136.2    3716.8  1.1205 -2.8253  183268.8  177552.1 -113621.7
      507.9      67.8   64660.6   18688.1   64520.2   19046.3   64374.6   19791.5   64534.4   18638.6
   71 6      0  1.1266 -2.7872   58886.2   19602.3    2867.8  1.1205 -2.8253  182317.4  179950.9 -114470.7
      372.1      26.2   59050.0   19267.1   59007.7   19371.8   58933.6   20144.6   59001.4   19247.4
