groupid:   1568, ntrk:  5
vertex track :          0   3 113    6379237 -0.2629 -0.2946  195043.5  193621.0     392.6    13   595.2
  114 6      1 -0.2632 -0.2935   76098.7   32744.4   -2872.8 -0.2648 -0.2930  196874.8  196041.2 -195118.5
       42.5      10.5   76078.2   32705.7   76079.6   32707.3   76329.0   32992.7   76062.5   32719.8
  115 6      2 -0.2637 -0.2929   74426.8   37709.1   -3716.9 -0.2648 -0.2930  197098.3  196288.5 -195962.5
       55.0      24.5   74408.3   37651.9   74426.4   37672.1   74655.1   37976.1   74371.8   37684.7
  116 6      3 -0.2675 -0.2908   81176.4   34296.8   -6583.1 -0.2648 -0.2930  197857.2  197128.3 -198828.8
       90.8      47.3   81149.8   34197.9   81216.6   34270.5   81412.8   34605.4   81080.1   34262.0
vertex track :         49   3 113    6607016 -3.3102  3.8128  192989.9  196486.6     395.7   211     nan
  114 6      1 -2.9890  3.3934   84310.2   27530.5   -3122.3 -3.2990  3.8260  205562.3  184509.5 -195368.6
        nan       nan      -nan       nan       nan       nan       nan       nan       nan       nan
  115 6      2 -4.5185  3.7626   85522.8   29094.1   -3954.5 -3.2990  3.8260  208307.9  181325.4 -196200.9
        nan       nan      -nan       nan       nan       nan       nan       nan       nan       nan
  116 6      3 -3.7582  3.4778   92705.1   10965.8   -6803.9 -3.2990  3.8260  217708.1  170423.4 -199050.3
        nan       nan      -nan       nan       nan       nan       nan       nan       nan       nan
vertex track :        122   3 114    6181031  0.5705 -1.4046  192268.8  196248.6     180.0   211     nan
  111 6     -2  0.5640 -1.4040   79156.5   32802.2    6587.1  0.5657 -1.4246  197775.0  190519.6 -188557.1
        nan       nan      -nan       nan       nan       nan       nan       nan       nan       nan
  112 6     -1  0.5650 -1.4083   74139.3   29326.8    3721.1  0.5657 -1.4246  196153.8  194602.4 -191423.1
        nan       nan      -nan       nan       nan       nan       nan       nan       nan       nan
  113 6      0  0.5561 -1.4081   76487.2   32030.7    2873.0  0.5657 -1.4246  195674.1  195810.5 -192271.2
        nan       nan      -nan       nan       nan       nan       nan       nan       nan       nan
vertex track :        221   3 114    7039993 -1.0589 -0.4650  196376.2  192924.3     175.2     0  2291.5
  111 6     -2 -1.0301 -0.4735   67063.7   33404.3    6317.8 -1.0804 -0.4664  191634.9  193419.5 -188824.5
      195.4      22.2   66895.5   33302.5   67034.2   33366.2   67440.9   33715.6   66876.9   33342.9
  112 6     -1 -1.1508 -0.6263   72835.8   30783.0    3963.6 -1.0804 -0.4664  194178.2  194517.5 -191178.7
      132.1      12.7   72725.8   30708.7   72716.2   30703.4   73154.5   31066.7   72713.7   30731.1
  113 6      0 -1.0288 -0.5565   74152.7   28004.7    3149.9 -1.0804 -0.4664  195057.4  194897.0 -191992.4
      111.8       7.5   74057.9   27944.9   74038.6   27934.4   74456.4   28274.0   74050.8   27958.2
vertex track :        231   3 114    7067859 -1.2141 -2.5166  198014.4  199668.7     176.0   211     nan
  111 6     -2 -1.2321 -2.5102   73631.2   29180.2    6585.7 -1.2647 -2.5614  191861.8  186619.1 -188519.5
        nan       nan      -nan       nan       nan       nan       nan       nan       nan       nan
  112 6     -1 -1.2254 -2.5093   72794.5   28319.8    3719.5 -1.2647 -2.5614  195486.7  193960.7 -191385.8
        nan       nan      -nan       nan       nan       nan       nan       nan       nan       nan
  113 6      0 -1.2401 -2.5000   76637.5   31965.7    2864.0 -1.2647 -2.5614  196568.6  196151.9 -192241.3
        nan       nan      -nan       nan       nan       nan       nan       nan       nan       nan
