groupid:  15018, ntrk:  4
vertex track :          0   3  71    5244917 -0.0492  0.1242   85529.9  182647.7     161.3    13  1658.9
   72 5      1 -0.0470  0.1251   88279.5   30604.1   -2869.0 -0.0459  0.1178   88098.4  188053.6 -116895.0
       16.2       3.1   88270.9   30618.1   88272.4   30614.1   88498.0   30800.2   88276.7   30620.3
   73 5      2 -0.0486  0.1247   87272.3   28458.7   -3719.6 -0.0459  0.1178   88137.4  187953.4 -117745.6
       20.6       7.4   87258.0   28475.3   87262.8   28463.0   87496.7   28652.3   87271.7   28480.6
   74 5      3 -0.0484  0.1253   90348.3   28768.9   -6589.2 -0.0459  0.1178   88269.2  187615.4 -120615.2
       34.8      14.6   90322.2   28796.0   90337.1   28757.5   90584.5   28951.8   90349.5   28806.6
vertex track :         11   3  71    5052258 -0.1238  0.4504   85346.9  183420.5     160.6   211     nan
   72 5      1 -0.1192  0.4238   88501.4   22318.3   -2859.6 -0.1170  0.4413   88137.0  187847.3 -116879.8
        nan       nan      -nan       nan       nan       nan       nan       nan       nan       nan
   73 5      2 -0.1182  0.4255   81902.5   23578.5   -3683.2 -0.1170  0.4413   88233.3  187483.8 -117703.4
        nan       nan      -nan       nan       nan       nan       nan       nan       nan       nan
   74 5      3 -0.1176  0.4792   83351.5   21804.3   -7071.5 -0.1170  0.4413   88629.7  185988.7 -121091.7
        nan       nan      -nan       nan       nan       nan       nan       nan       nan       nan
vertex track :         51   3  71    5516741 -0.8798  3.7038   83373.7  193003.8     168.7  2212   555.3
   72 5      1 -0.8131  3.7161   88564.5   30650.1   -2867.6 -0.8220  3.5940   88401.1  187803.6 -116833.8
      860.8     147.8   88236.1   31459.5   88433.3   30558.0   89102.0   30054.6   88524.8   31522.6
   73 5      2 -0.8637  3.7050   88190.1   25529.3   -3717.2 -0.8220  3.5940   89099.5  184750.0 -117683.4
     1645.0     366.4   87459.9   27048.2   88025.4   24622.2   89129.5   24224.2   88173.5   27214.5
   74 5      3 -0.8520  3.7158   93937.3   13932.1   -6581.3 -0.8220  3.5940   91453.9  174456.1 -120547.5
     3158.1     727.1   92522.9   16847.9   93755.5   11471.7   95560.9   11230.1   93940.2   17172.9
vertex track :        114   3  72    5258728 -2.3828 -0.0367   90352.9  185847.0     325.1     0  1670.2
   69 5     -2 -2.3793 -0.0562   75824.0   29359.2    6585.8 -2.3755 -0.0478   76370.9  188036.9 -110492.8
      573.4      60.4   75252.2   29285.2   75899.0   29300.5   76603.4   29643.0   75249.3   29406.0
   70 5     -1 -2.3848 -0.0433   82163.5   30921.5    3719.0 -2.3755 -0.0478   83181.1  188173.9 -113359.6
      331.0      29.1   81833.0   30886.4   81994.1   30889.3   82701.5   31166.6   81832.0   30944.7
   71 5      0 -2.3796 -0.0757   80698.5   27934.3    2867.9 -2.3755 -0.0478   85203.0  188214.6 -114210.7
      261.7      13.3   80437.4   27912.7   80460.8   27913.4   81167.3   28165.9   80436.6   27939.3
