groupid:  15446, ntrk:  3
vertex track :          0   3  49    5229358  0.3634 -0.7262   43927.8  180730.4     206.0    13   827.1
   50 5      1  0.3686 -0.7221   47163.9   29152.2   -2871.7  0.3758 -0.7356   43867.5  186638.8  -76206.6
       79.4      10.2   47209.1   29086.1   47214.3   29075.9   47329.0   29427.6   47190.9   29076.8
   51 5      2  0.3682 -0.7218   44195.8   26456.0   -3718.7  0.3758 -0.7356   43549.1  187261.9  -77053.5
       96.7      22.7   44260.0   26380.2   44249.4   26400.8   44342.1   26741.0   44219.6   26359.5
   52 5      3  0.3704 -0.7239   47076.9   31852.1   -6590.3  0.3758 -0.7356   42469.9  189374.2  -79925.2
      154.9      44.4   47187.0   31734.4   47123.7   31858.2   47177.1   32179.0   47107.9   31693.9
vertex track :          3   3  49    4610940  0.1732  1.6179   43535.6  185263.9     211.5     0 10001.0
   50 5      1  0.1352  1.6501   37957.2   22896.6   -2433.9  0.1706  1.6165   44152.2  184655.6  -75766.0
      159.0       7.3   37962.9   23055.7   37965.3   23085.3   38161.6   22949.2   37977.5   23054.6
   51 5      2  0.1592  1.5858   38277.0   22879.0   -3228.4  0.1706  1.6165   44016.7  183371.3  -76560.5
      190.3       9.8   38286.3   23069.3   38281.7   23023.7   38477.9   22900.3   38305.8   23067.3
   52 5      3  0.1157  1.6310   35917.6   17508.2   -6069.9  0.1706  1.6165   43532.0  178778.0  -79401.9
      313.8      18.1   35921.7   17822.5   35901.6   17538.9   36123.5   17405.5   35957.8   17820.0
vertex track :         64   3  49    5259756 -0.6397  0.2591   41777.4  182836.2     212.6  2212   623.5
   50 5      1 -0.6428  0.2561   47383.3   28949.4   -2869.9 -0.6384  0.2564   44814.6  185706.1  -76200.7
       71.0      20.5   47309.8   28956.6   47306.6   28957.9   47666.1   29152.5   47324.9   28994.7
   51 5      2 -0.6417  0.2541   45251.7   25442.1   -3713.1 -0.6384  0.2564   45353.0  185490.0  -77043.9
       98.7      49.7   45141.7   25432.2   45190.5   25412.8   45571.2   25662.2   45178.3   25524.6
   52 5      3 -0.6427  0.2532   50959.2   28083.7   -6587.7 -0.6384  0.2564   47188.1  184753.1  -79918.4
      170.6      98.3   50764.4   28054.8   50947.0   27982.9   51363.4   28322.9   50836.5   28237.7
