groupid:  15747, ntrk:  2
vertex track :          0   3  17    4606744  0.7129  0.0768   66535.0  183805.7     171.6    13   511.3
   18 5      1  0.7128  0.0716   64897.1   30345.4   -2875.1  0.7197  0.0683   62203.7  188430.5  -17518.2
       70.7      14.0   64966.1   30366.4   64975.0   30367.3   65038.9   30534.5   64968.9   30338.6
   19 5      2  0.7121  0.0796   62712.1   29273.7   -3712.8  0.7197  0.0683   61600.9  188373.3  -18355.9
       90.4      33.3   62798.2   29316.8   62768.1   29313.4   62836.7   29440.7   62805.6   29250.7
   20 5      3  0.7110  0.0788   61306.4   29846.5   -6584.6  0.7197  0.0683   59533.9  188177.1  -21227.7
      149.9      65.9   61448.1   29928.6   61299.4   29912.1   61375.4   29974.6   61462.6   29797.5
vertex track :         23   3  17    5065159  0.5307 -1.6007   66199.5  181881.7     168.6     0  3822.2
   18 5      1  0.5284 -1.5200   69053.1   29997.8   -1942.2  0.5316 -1.6264   62927.5  190148.5  -16591.2
      146.5       6.3   69107.1   29861.5   69121.9   29819.1   69209.5   30342.6   69095.2   29857.4
   19 5      2  0.4917 -1.6403   66629.7   33848.0   -2787.1  0.5316 -1.6264   62478.4  191522.5  -17436.1
      179.9      10.5   66691.4   33678.7   66691.3   33678.9   66778.4   34225.7   66671.3   33672.7
   20 5      3  0.5534 -1.5096   63990.7   34005.7   -6154.5  0.5316 -1.6264   60688.3  196999.3  -20803.5
      334.3      24.0   64128.2   33700.1   64014.3   34010.9   64063.6   34519.9   64083.2   33683.6
