groupid:  15409, ntrk:  3
vertex track :          0   3  37    1332273 -0.0770  0.2401  154747.8   40612.8     253.1    13   934.6
   38 2      1 -0.0764  0.2404   35951.8   41291.7   -2867.5 -0.0779  0.2421  154282.7   44108.3  -53990.2
       27.3       5.9   35937.9   41315.9   35938.4   41314.3   36175.6   41477.7   35949.1   41319.5
   39 2      2 -0.0793  0.2395   35827.7   38157.6   -3716.7 -0.0779  0.2421  154348.8   43902.8  -54839.3
       34.8      14.0   35803.5   38186.2   35808.7   38170.4   36061.8   38339.1   35830.0   38195.0
   40 2      3 -0.0780  0.2397   34271.9   42129.7   -6582.8 -0.0779  0.2421  154572.0   43209.0  -57705.5
       57.7      27.4   34228.0   42176.1   34247.3   42116.7   34525.8   42293.6   34280.1   42193.1
vertex track :         83   3  38    1118167 -1.2503 -0.6879  158658.8   43835.2     313.1     0 10001.0
   35 2     -2 -1.2450 -0.6887   30786.2   39823.4    6585.8 -1.2469 -0.6819  149181.4   42049.2  -47414.3
      259.9      16.5   30566.8   39683.2   30760.2   39790.1   31214.5   40172.9   30550.8   39712.0
   36 2     -1 -1.2393 -0.7104   33865.5   38967.9    3717.1 -1.2469 -0.6819  152758.4   44005.3  -50283.0
      158.3       8.8   33732.6   38881.5   33747.0   38889.8   34207.2   39263.6   33723.8   38896.8
   37 2      0 -1.2439 -0.6971   33587.2   39838.3    2869.7 -1.2469 -0.6819  153815.1   44583.2  -51130.4
      131.6       6.4   33475.6   39768.3   33444.0   39750.6   33907.7   40117.5   33469.3   39779.5
vertex track :         92   3  38    1330405  3.2266  2.8288  155739.1   41536.9     311.3   211     nan
   35 2     -2  3.1103  2.9621   57396.3   60089.2    6590.2  3.2418  2.8491  174446.6   61922.3  -47401.8
        nan       nan      -nan       nan       nan       nan       nan       nan       nan       nan
   36 2     -1  3.4975  2.4029   48241.5   54208.3    3664.8  3.2418  2.8491  164962.8   53587.5  -50327.3
        nan       nan      -nan       nan       nan       nan       nan       nan       nan       nan
   37 2      0  3.2128  3.0793   44844.8   52267.8    2840.6  3.2418  2.8491  162291.0   51239.4  -51151.4
        nan       nan      -nan       nan       nan       nan       nan       nan       nan       nan
