groupid:  16944, ntrk:  3
vertex track :          0   3  59    3359235 -0.3526 -0.2047  175347.8  139090.2     404.9    13  1645.1
   60 4      1 -0.3507 -0.2080   56338.4   63553.4   -2863.4 -0.3545 -0.2083  173751.1  143269.2  -94795.0
       42.5       5.0   56304.4   63527.4   56303.9   63527.1   56582.1   63789.1   56299.3   63535.9
   61 4      2 -0.3532 -0.2039   59072.4   64958.9   -3719.1 -0.3545 -0.2083  174054.5  143447.4  -95650.7
       50.9       9.7   59033.2   64925.1   59047.2   64933.2   59321.3   65202.6   59023.5   64941.9
   62 4      3 -0.3537 -0.2033   56425.3   63679.2   -6587.1 -0.3545 -0.2083  175071.3  144044.8  -98518.7
       80.0      18.4   56365.1   63623.4   56429.6   63660.5   56695.2   63944.8   56346.8   63655.3
vertex track :         43   3  59    3607337  0.2908  0.3162  177447.5  140761.8     404.8  2212   387.7
   60 4      1  0.2575  0.3270   53703.2   64244.7   -3291.0  0.2939  0.3135  173622.4  143104.9  -95219.3
       74.1      51.7   53708.4   64334.9   53670.7   64287.1   53908.2   64364.8   53789.7   64271.0
   61 4      2  0.2718  0.3586   50434.5   61145.5   -4124.4  0.2939  0.3135  173377.5  142843.7  -96052.6
      139.8     117.6   50425.2   61327.9   50313.4   61180.4   50654.0   61173.4   50612.6   61185.9
   62 4      3  0.2888  0.3073   56996.5   57851.1   -6816.2  0.2939  0.3135  172586.3  141999.9  -98744.5
      246.0     212.5   57010.2   58175.9   56733.9   57882.0   57193.2   57736.7   57319.8   57884.8
vertex track :        110   3  60    3158089  1.0253  0.2785  177599.6  138824.4     245.1     0  3659.6
   57 4     -2  1.0259  0.2793   62618.1   62615.6    6586.2  1.0240  0.2843  179566.0  144821.0  -88472.9
      181.3      16.9   62788.5   62679.6   62654.1   62643.0   62658.6   62762.0   62797.4   62646.9
   58 4     -1  1.0185  0.3053   57714.8   59098.2    3719.6  1.0240  0.2843  176630.6  144006.1  -91339.5
      112.7       8.8   57820.2   59139.0   57818.2   59138.4   57820.4   59267.7   57825.2   59122.1
   59 4      0  1.0210  0.2928   58356.8   61956.6    2867.4  1.0240  0.2843  175757.9  143763.8  -92191.8
       94.6       5.7   58446.1   61988.2   58478.6   61997.5   58478.4   62135.3   58449.3   61977.1
