groupid:  16671, ntrk:  3
vertex track :          0   3  73    2905274  0.8358 -0.2773   84660.9  133707.1     186.4    13   858.8
   74 3      1  0.8417 -0.2646   81966.4   55668.5   -2871.2  0.8491 -0.2849   80474.8  138526.3 -120845.2
       85.9      10.4   82051.5   55652.7   82064.3   55648.6   82092.2   55894.1   82045.3   55632.8
   75 3      2  0.8388 -0.2740   80335.6   57663.7   -3716.0  0.8491 -0.2849   79757.5  138766.9 -121690.1
      104.4      22.9   80441.9   57653.1   80419.6   57660.4   80440.1   57884.0   80427.7   57609.5
   76 3      3  0.8389 -0.2703   78127.8   59402.0   -6587.7  0.8491 -0.2849   77319.2  139585.1 -124561.8
      167.3      45.0   78300.9   59393.6   78158.5   59439.4   78165.6   59620.2   78273.3   59307.9
vertex track :         27   3  73    2906640 -2.1039  0.3318   76449.6  135368.7     193.8  2212   597.4
   74 3      1 -2.2384  0.1458   80098.5   54284.1   -3204.8 -2.0942  0.3224   81920.4  138220.6 -121146.1
      316.8      68.8   79777.9   54236.0   79940.2   54225.5   80626.9   54542.2   79786.8   54373.2
   75 3      2 -1.9642  0.2688   85348.9   53872.8   -4030.8 -2.0942  0.3224   83650.3  137954.2 -121972.1
      498.3     160.5   84833.4   53781.4   85408.4   53702.7   86072.4   54174.5   84876.9   54099.4
   76 3      3 -2.1586  0.3056   90076.8   51579.1   -6775.2 -2.0942  0.3224   89397.6  137069.4 -124716.5
      872.1     300.8   89171.1   51403.5   90444.8   51223.2   91190.3   51964.9   89255.5   51999.1
vertex track :        160   3  74    2490420 -1.1651 -1.1889   89157.2  138380.0     299.4   211     nan
   71 3     -2 -1.1530 -1.2019   77196.3   51524.2    6586.0 -1.1762 -1.1966   79490.9  133974.6 -114728.0
        nan       nan      -nan       nan       nan       nan       nan       nan       nan       nan
   72 3     -1 -1.1721 -1.1809   81467.8   58470.4    3720.5 -1.1762 -1.1966   82861.3  137403.6 -117593.6
        nan       nan      -nan       nan       nan       nan       nan       nan       nan       nan
   73 3      0 -1.1542 -1.2031   83271.3   56872.3    2866.2 -1.1762 -1.1966   83866.1  138425.9 -118447.9
        nan       nan      -nan       nan       nan       nan       nan       nan       nan       nan
