groupid:   1626, ntrk:  3
vertex track :          0   3  19    2508661  0.0072 -0.3061   87761.1  144128.8     180.1    13  7403.0
   20 3      1 -0.0019 -0.3065   90710.3   67446.5   -2868.5  0.0013 -0.3108   88153.1  149149.3  -20442.8
       31.1       2.5   90712.6   67415.4   90712.6   67413.3   90918.0   67687.4   90707.6   67415.4
   21 3      2  0.0047 -0.3061   86717.3   67722.7   -3716.7  0.0013 -0.3108   88152.0  149413.0  -21290.9
       37.0       3.5   86721.4   67685.8   86721.3   67695.5   86923.2   67969.4   86714.4   67685.7
   22 3      3 -0.0040 -0.3064   93428.9   71085.5   -6585.9  0.0013 -0.3108   88148.1  150304.8  -24160.2
       58.8       6.3   93434.5   71026.6   93435.2   71079.9   93633.3   71354.1   93421.8   71026.8
vertex track :         10   3  19    2508476  0.0542  1.3532   87880.4  148295.0     182.8  2212   756.8
   20 3      1  0.1120  1.3354   89020.8   61778.0   -3485.0  0.0811  1.3472   88062.2  147437.9  -21048.2
      163.9      31.2   89003.4   61943.9   88999.6   61897.7   89248.3   61823.4   89065.6   61938.7
   21 3      2  0.0049  1.3423   88513.7   65730.1   -4301.1  0.0811  1.3472   87996.0  146338.4  -21864.4
      215.0      69.0   88445.6   65945.4   88445.0   65797.2   88791.9   65726.1   88583.5   65944.9
   22 3      3  0.0754  1.3590   87556.0   55645.4   -6462.3  0.0811  1.3472   87820.7  143426.9  -24025.5
      317.8     114.2   87459.6   55969.0   87440.3   55619.8   87862.5   55533.1   87687.6   55956.4
vertex track :        159   3  20    8461957 -1.5093  0.2392   93984.9  145587.7     294.1     0  1700.7
   17 3     -2 -1.5077  0.2519   86371.2   67374.9    6589.7 -1.5093  0.2450   83219.1  149124.9  -14572.7
      292.9      36.4   86076.3   67387.2   86337.6   67343.6   86874.7   67572.8   86088.3   67459.1
   18 3     -1 -1.5067  0.2545   87138.8   68702.0    3717.3 -1.5093  0.2450   87554.4  148421.2  -17445.0
      176.2      17.8   86962.1   68713.8   86993.2   68708.5   87524.0   68900.5   86968.1   68748.9
   19 3      0 -1.5076  0.2371   88666.9   67190.0    2868.2 -1.5093  0.2450   88835.9  148213.2  -18294.1
      144.5       8.8   88522.8   67203.8   88491.6   67208.7   89019.5   67386.5   88525.6   67221.2
