groupid:  16010, ntrk:  5
vertex track :          0   3  37    3161272  0.0886 -0.0825  203072.1  154359.6     207.7    13  1699.0
   38 4      1  0.0890 -0.0821   84454.7   77463.1   -2867.8  0.0861 -0.0844  202949.3  158801.9  -53861.8
       15.5       3.0   84468.2   77454.8   84464.1   77458.6   84651.4   77681.3   84464.0   77450.3
   39 4      2  0.0902 -0.0809   82624.4   77154.0   -3715.2  0.0861 -0.0844  202876.3  158873.5  -54709.2
       19.9       7.3   82644.0   77146.1   82633.3   77155.7   82814.8   77371.8   82634.3   77135.3
   40 4      3  0.0884 -0.0818   82092.7   81138.1   -6589.2  0.0861 -0.0844  202628.9  159116.1  -57583.2
       33.6      14.3   82127.2   81125.8   82096.3   81154.3   82268.4   81360.3   82107.7   81104.7
vertex track :         10   3  37    3405620  0.0864 -0.2918  203080.0  153868.2     208.4  2212   606.9
   38 4      1  0.0927 -0.2914   82309.8   73133.4   -2978.8  0.0822 -0.2948  202955.8  158988.2  -53974.2
       36.7      17.5   82337.6   73103.8   82334.8   73112.4   82492.1   73372.7   82304.2   73093.1
   39 4      2  0.1044 -0.3158   78675.0   81533.4   -3783.4  0.0822 -0.2948  202889.7  159225.4  -54778.8
       57.6      41.9   78732.8   81491.9   78718.6   81534.9   78827.2   81784.6   78653.2   81465.6
   40 4      3  0.1007 -0.2811   81889.5   73566.7   -6217.9  0.0822 -0.2948  202689.5  159943.1  -57213.3
       97.1      76.3   81994.1   73500.9   81949.7   73624.8   81995.1   73842.1   81850.5   73449.5
vertex track :         99   3  38    3631072 -1.7011  0.3483  208245.0  155243.9     378.5   211     nan
   35 4     -2 -1.7038  0.3530   76778.9   78868.5    6588.0 -1.7068  0.3393  195890.3  160053.6  -47557.4
        nan       nan      -nan       nan       nan       nan       nan       nan       nan       nan
   36 4     -1 -1.6996  0.3342   79643.1   76207.2    3717.6 -1.7068  0.3393  200789.7  159079.8  -50427.8
        nan       nan      -nan       nan       nan       nan       nan       nan       nan       nan
   37 4      0 -1.7051  0.3047   80749.1   74974.8    2868.1 -1.7068  0.3393  202239.6  158791.6  -51277.3
        nan       nan      -nan       nan       nan       nan       nan       nan       nan       nan
vertex track :        155   3  38    4364086 -3.3811 -1.6969  214754.6  160956.1     378.1     0  1187.0
   35 4     -2 -3.2846 -1.9508   72635.5   70454.9    6667.4 -3.4189 -1.6952  191539.6  153008.7  -47466.0
     1373.4     154.4   71533.5   69620.9   73205.4   70613.9   73944.2   71497.0   71375.9   69886.3
   36 4     -1 -3.6085 -1.4874   81769.1   78333.4    3778.2 -3.4189 -1.6952  201417.3  157906.4  -50355.2
      750.4      73.2   81103.2   77979.8   81733.0   78239.4   82641.4   78895.6   81047.4   78115.1
   37 4      0 -3.5208 -1.6130   84998.8   79306.2    2963.9 -3.4189 -1.6952  204201.3  159286.8  -51169.5
      560.0      29.8   84502.1   79045.9   84781.0   79173.6   85701.9   79775.0   84477.2   79100.1
vertex track :        166   3  38    6055813 -2.1096 -2.3595  209289.7  160483.9     330.2   211     nan
   35 4     -2 -2.0981 -2.3440   75141.7   66055.0    6586.0 -2.1285 -2.3956  194212.1  148213.8  -47494.8
        nan       nan      -nan       nan       nan       nan       nan       nan       nan       nan
   36 4     -1 -2.0898 -2.3804   79201.5   71219.3    3716.8 -2.1285 -2.3956  200319.3  155087.2  -50364.0
        nan       nan      -nan       nan       nan       nan       nan       nan       nan       nan
   37 4      0 -2.0440 -2.4108   80679.5   72180.5    2868.9 -2.1285 -2.3956  202124.0  157118.3  -51211.9
        nan       nan      -nan       nan       nan       nan       nan       nan       nan       nan
