groupid:  17762, ntrk:  3
vertex track :          0   3  61    2760829  0.0063 -0.0613   97210.2  158600.2     325.8    13 10000.6
   62 3      1  0.0072 -0.0612   89682.1   79755.5   -2868.4  0.0104 -0.0636   89188.3  161000.1  -98737.5
       12.0       0.7   89684.3   79743.7   89683.0   79754.7   89890.0   79977.3   89682.8   79743.6
   63 3      2  0.0076 -0.0611   88681.3   78623.0   -3717.4  0.0104 -0.0636   89179.5  161054.1  -99586.5
       14.9       1.4   88684.5   78608.3   88682.4   78625.1   88888.0   78847.5   88681.7   78608.0
   64 3      3  0.0060 -0.0614   88947.1   80227.0   -6587.1  0.0104 -0.0636   89149.7  161236.6 -102456.2
       25.0       2.7   88952.2   80202.3   88948.6   80239.2   89152.0   80461.6   88946.9   80201.8
vertex track :         62   3  62    2538886  0.6734  0.8179   89127.0  157593.4     327.0   211     nan
   59 3     -2  0.6773  0.8175   95690.4   81703.1    6589.6  0.6871  0.8268   92390.8  164663.1  -91774.2
        nan       nan      -nan       nan       nan       nan       nan       nan       nan       nan
   60 3     -1  0.6741  0.8185   94105.3   81373.6    3718.1  0.6871  0.8268   90417.9  162289.1  -94645.7
        nan       nan      -nan       nan       nan       nan       nan       nan       nan       nan
   61 3      0  0.6883  0.8051   95573.0   83034.5    2867.7  0.6871  0.8268   89833.6  161586.0  -95496.2
        nan       nan      -nan       nan       nan       nan       nan       nan       nan       nan
vertex track :         93   3  62    3855880 -1.7720  1.9026   91585.4  157497.6     288.5   211     nan
   59 5     -2 -1.9379  1.7530   78547.6   16756.3    6590.3 -1.7297  1.9146   79647.4  171444.4  -91745.3
        nan       nan      -nan       nan       nan       nan       nan       nan       nan       nan
   60 5     -1 -1.9259  1.8425   81232.7    7874.9    3314.8 -1.7297  1.9146   85313.0  165173.2  -95020.8
        nan       nan      -nan       nan       nan       nan       nan       nan       nan       nan
   61 3      0 -1.9538  1.8383   80011.3   85574.2    2491.4 -1.7297  1.9146   86737.1  163596.8  -95844.2
        nan       nan      -nan       nan       nan       nan       nan       nan       nan       nan
