groupid:  17626, ntrk:  2
vertex track :          0   3  39    4568140 -0.5833 -0.1498  109759.7  161639.7     114.6    13   613.1
   40 5      1 -0.5833 -0.1475  108298.0   12106.1   -2869.5 -0.5749 -0.1469  109500.8  168927.2  -57515.9
       58.4      10.6  108244.0   12081.5  108234.7   12079.1  108561.4   12340.6  108238.8   12102.1
   41 5      2 -0.5831 -0.1467  110067.3   11414.3   -3717.6 -0.5749 -0.1469  109988.4  169051.8  -58364.1
       73.3      25.2  110002.3   11372.0  110022.1   11376.9  110341.7   11666.4  109990.0   11420.8
   42 5      3 -0.5822 -0.1486  114089.7   10145.5   -6584.7 -0.5749 -0.1469  111636.8  169473.1  -61231.1
      120.5      50.1  113985.3   10067.2  114096.6   10095.6  114403.5   10433.7  113960.5   10164.3
vertex track :         21   3  39    3239925  0.4841 -3.7008  111514.8  155194.1     160.4   211   564.5
   40 3      1  0.6301 -3.6398  112312.4   81905.3   -2072.5  0.4884 -3.7702  108424.3  170490.0  -56806.5
      511.1      48.1  112447.0   81410.0  112405.0   81652.7  112388.4   82607.1  112352.1   81393.6
   41 3      2  0.0958 -3.8300  111800.4   83962.3   -2894.7  0.4884 -3.7702  108022.7  173589.9  -57628.7
      806.5     134.5  111955.0   83159.4  111934.8   83967.5  111855.9   84971.3  111686.1   83152.7
   42 5      3  0.3149 -3.6797  108483.8   19195.4   -6513.2  0.4884 -3.7702  106255.5  187232.3  -61247.2
     1840.8     343.6  108983.0   17390.6  108735.3   20286.0  108194.9   21206.5  108298.4   17332.1
