groupid:  17788, ntrk:  2
vertex track :          0   3  33    4159180 -0.4560  0.3750  176864.2  101744.7     327.6    13   772.6
   34 4      1 -0.4589  0.3735   54768.3   21080.9   -2865.3 -0.4536  0.3759  174660.8  103079.6  -46189.0
       59.4       9.5   54716.2   21111.0   54712.0   21114.5   55029.9   21261.2   54728.2   21125.8
   35 4      2 -0.4548  0.3764   56951.8   21362.0   -3718.6 -0.4536  0.3759  175047.8  102758.8  -47042.4
       72.9      21.2   56882.1   21392.1   56899.0   21378.2   57231.1   21542.3   56909.2   21424.9
   36 4      3 -0.4572  0.3712   56436.2   18514.2   -6588.1 -0.4536  0.3759  176349.4  101680.1  -49911.8
      116.7      41.1   56319.6   18555.8   56404.8   18486.7   56762.2   18682.9   56371.5   18619.7
vertex track :        142   3  33    4633392  0.2056  3.5774  178837.1  113304.0     344.8     0   938.3
   34 4      1  0.1178  3.6198   61717.8   28835.6   -3400.5  0.2144  3.5581  174409.1  102517.6  -46723.7
      718.3      54.6   61686.6   29555.3   61664.6   28879.7   61959.1   28329.6   61795.7   29551.7
   35 4      2 -0.4047  3.4932   61039.7   19645.2   -4196.9  0.2144  3.5581  174238.3   99684.0  -47520.1
      931.7     117.8   60815.5   20557.2   60945.0   19439.7   61473.5   18946.7   61049.5   20584.3
   36 4      3  0.3501  3.7766   59532.7   12407.5   -7029.2  0.2144  3.5581  173630.9   89606.5  -50352.4
     1535.1     216.6   59458.7   13956.0   59248.8   11692.0   59817.0   11072.7   59890.1   13916.0
