groupid:  18200, ntrk:  2
vertex track :          0   3 109    2696285 -0.1494 -0.1950   70378.1  132668.6     299.9    13  2167.0
  110 3      1 -0.1481 -0.1958   69047.6   56882.3   -2867.2 -0.1451 -0.2005   68364.4  136546.5 -187897.4
       26.5       3.2   69034.1   56859.2   69034.9   56860.3   69270.9   57115.1   69029.1   56863.1
  111 3      2 -0.1490 -0.1956   72086.3   57705.6   -3720.1 -0.1451 -0.2005   68488.1  136717.4 -188750.3
       32.0       6.5   72072.1   57676.2   72079.6   57686.0   72310.4   57944.8   72061.8   57684.1
  112 3      3 -0.1475 -0.1974   67699.6   55753.6   -6583.1 -0.1451 -0.2005   68903.5  137291.4 -191613.4
       51.1      12.5   67678.9   55705.2   67709.2   55745.7   67930.0   56011.9   67659.0   55720.1
vertex track :        133   3 110    3154439 -0.4237 -4.4978   71869.0  145408.9     198.8   211   645.8
  107 3     -2 -0.4373 -4.5051   70450.6   36136.7    6585.5 -0.3979 -4.5563   66812.5  119262.3 -181303.2
     2445.6     374.0   70586.6   33666.4   70967.3   37588.6   70524.2   38812.5   69842.1   33738.7
  108 3     -1 -0.3697 -4.5021   67492.0   49588.2    3716.4 -0.3979 -4.5563   67954.2  132335.0 -184172.4
     1284.7     180.0   67566.3   48293.0   67698.9   49908.5   67627.4   51088.9   67207.5   48322.5
  109 3      0 -0.4383 -4.5049   70204.7   55223.2    2866.2 -0.3979 -4.5563   68292.6  136208.8 -185022.5
      827.3      69.3   70193.6   54393.0   70261.8   55093.9   70425.4   56258.8   70055.6   54406.5
