groupid:  18312, ntrk:  4
vertex track :          0   3  51    4410706  0.4410  0.2369  108088.0  196766.2     134.3    13   558.7
   52 5      1  0.4407  0.2373  109695.0   42921.0   -2864.1  0.4364  0.2248  105594.9  199518.9  -79118.3
       50.0      10.8  109733.9   42954.2  109738.4   42956.7  109866.6   43098.0  109744.1   42935.2
   53 5      2  0.4430  0.2335  109096.5   37336.5   -3713.6  0.4364  0.2248  105224.2  199327.9  -79967.8
       64.2      25.9  109141.2   37389.4  109120.6   37378.5  109262.2   37493.9  109165.4   37343.5
   54 5      3  0.4406  0.2360  105945.0   41671.5   -6585.7  0.4364  0.2248  103970.6  198682.2  -82839.9
      107.2      51.6  106015.2   41767.6  105918.7   41715.9  106085.3   41785.7  106063.9   41676.7
vertex track :         17   3  51    4424067 -1.5969  2.1097  105388.9  199473.9     135.8     0  2655.8
   52 5      1 -1.5568  2.0178  107083.0   36201.6   -2833.7 -1.5854  2.0745  108951.5  196758.8  -79071.3
      344.4      14.3  106861.3   36465.5  106955.1   36343.9  107513.1   36149.6  106883.9   36482.9
   53 5      2 -1.7722  2.3169  111358.8   33293.6   -3662.8 -1.5854  2.0745  110266.0  195038.9  -79900.4
      425.2      26.1  111079.8   33615.5  111224.3   33426.5  111846.2   33184.0  111121.2   33647.2
   54 5      3 -1.7203  2.3438  114960.8   27453.8   -6741.3 -1.5854  2.0745  115146.8  188652.6  -82979.0
      734.4      52.3  114484.1   28014.9  114991.9   27323.1  115645.7   27105.1  114568.4   28076.7
vertex track :         19   3  51    4436259  2.2949  3.4294  113307.6  206352.2     133.9   211   577.0
   52 5      1  2.2881  3.4420  109610.2   43364.8   -2869.9  2.2740  3.3500  105295.1  199660.5  -79064.9
      797.6      79.6  109985.5   44073.1  109582.9   43467.5  109447.2   42870.0  110118.0   43985.0
   53 5      2  2.3267  3.4051  107495.3   35213.7   -3722.4  2.2740  3.3500  103356.4  196804.5  -79917.5
     1231.6     196.5  108027.9   36341.5  107126.8   35022.8  107175.0   34299.4  108352.4   36119.7
   54 5      3  2.3010  3.4157   98611.0   29661.8   -6588.0  2.2740  3.3500   96840.1  187205.0  -82783.1
     2264.3     391.2   99551.7   31758.4   97504.7   28719.7   97882.7   27778.7  100200.6   31321.2
vertex track :        131   3  52    4475616 -1.0031 -3.4448  113850.6  208710.0     335.6   211   633.2
   49 5     -2 -1.0114 -3.4535  101135.5   31771.9    6585.7 -1.0321 -3.4568  103155.1  188599.4  -72744.6
     1494.6     267.0  100971.6   30262.5  101599.4   32406.0  101508.3   33487.8  100459.2   30412.5
   50 5     -1 -0.9940 -3.4619  108738.3   40873.9    3720.5 -1.0321 -3.4568  106112.4  198504.0  -75609.8
      786.8     126.3  108642.5   40082.8  108868.1   40868.4  109043.1   41871.6  108399.8   40152.5
   51 5      0 -0.9962 -3.4598  106860.0   40352.4    2868.8 -1.0321 -3.4568  106991.5  201448.2  -76461.5
      524.3      47.7  106760.8   39835.4  106841.7   40116.4  107168.2   41075.9  106669.1   39861.8
