groupid:  18056, ntrk:  5
vertex track :          0   3  95    2823645 -0.1173 -0.0440   67944.8   93340.7     170.4    13 10000.6
   96 3      1 -0.1173 -0.0440   68197.4   16413.4   -2869.8 -0.1165 -0.0440   67277.1   97621.4 -161784.8
       15.4       1.1   68183.4   16407.0   68187.5   16408.6   68421.3   16629.8   68182.6   16409.1
   97 3      2 -0.1170 -0.0450   65680.3   15322.9   -3717.3 -0.1165 -0.0440   67375.9   97658.7 -162632.3
       18.8       1.7   65663.4   15314.5   65673.9   15318.6   65907.0   15541.2   65662.1   15317.8
   98 3      3 -0.1174 -0.0443   70404.3   17582.5   -6586.6 -0.1165 -0.0440   67710.3   97785.1 -165501.5
       30.8       3.2   70376.6   17568.6   70409.7   17581.1   70641.9   17806.4   70374.3   17574.7
vertex track :          3   3  95    1391224  1.9281 -4.3921   71346.3   85748.3     219.8  2212   953.6
   96 3      1  1.8216 -4.2201   66523.1   17989.7   -2636.3  1.9621 -4.4286   64747.9  102547.2 -161615.5
      980.6      79.0   66984.2   17120.7   66589.6   18035.0   66273.9   19064.4   66839.3   17058.1
   97 3      2  1.8985 -4.8116   64802.5   22548.8   -3451.6  1.9621 -4.4286   63148.1  106158.1 -162430.9
     1487.6     196.3   65531.1   21237.1   64837.8   22994.2   64285.8   24065.7   65165.9   21092.9
   98 3      3  1.8689 -4.4499   57221.2   33636.9   -6381.6  1.9621 -4.4286   57399.2  119134.0 -165360.8
     2810.2     404.1   58681.9   31202.4   56898.0   35449.8   55972.4   36277.0   57936.9   30889.5
vertex track :         16   3  95    3001287  0.7694  0.8364   68001.8   93396.7     170.4  2212   791.7
   96 3      1  0.7700  0.8379   65912.8   14142.4   -2864.9  0.7770  0.8258   64621.9   95036.1 -161779.9
      114.2      19.4   65975.8   14239.7   65982.9   14247.4   66060.6   14256.0   66004.4   14213.4
   97 3      2  0.7631  0.8430   62686.2   12305.4   -3714.6  0.7770  0.8258   63961.7   94334.4 -162629.6
      148.1      46.4   62751.1   12446.3   62712.6   12403.8   62832.0   12375.3   62820.0   12384.0
   98 3      3  0.7688  0.8367   64806.4   12027.2   -6588.2  0.7770  0.8258   61729.0   91961.2 -165503.2
      247.7      92.0   64906.2   12271.9   64732.5   12082.7   64917.3   11993.3   65041.8   12147.3
vertex track :         25   3  95    3232029 -3.2885 -0.5187   64730.0   92930.9     172.4     0 10001.0
   96 3      1 -3.2267 -0.6089   74987.7   14102.6   -2599.9 -3.2946 -0.5301   72814.9   98555.2 -161511.2
      471.6      13.0   74526.7   14002.4   74775.8   14049.4   75655.4   14412.2   74521.9   14027.9
   97 3      2 -3.3274 -0.4287   77638.8   15294.6   -3400.0 -3.2946 -0.5301   75450.9   98979.3 -162311.3
      586.0      17.9   77059.9   15201.9   77523.5   15261.7   78424.4   15596.8   77055.3   15237.4
   98 3      3 -3.3363 -0.6165   85001.9   15274.3   -6374.2 -3.2946 -0.5301   85249.6  100555.8 -165285.5
     1029.5      33.7   83995.7   15054.1   85319.7   15298.8   86214.7   15703.9   83983.4   15120.4
vertex track :         92   3  96    3026530 -3.0237 -0.7629   71873.9   96076.1     235.5     0 10001.0
   93 3     -2 -3.0138 -0.8001   51614.8   12611.1    6591.4 -3.0733 -0.7479   51686.2   93826.4 -155016.6
      893.4      30.7   50759.2   12352.2   51853.3   12642.6   52677.4   13079.2   50743.4   12411.5
   94 3     -1 -3.0208 -0.7627   64024.5   17112.1    3715.9 -3.0733 -0.7479   60523.2   95976.9 -157892.0
      513.5      16.4   63530.6   16970.5   63892.1   17061.8   64725.4   17463.0   63522.6   17002.3
   95 3      0 -3.0181 -0.7894   64279.7   12062.9    2865.8 -3.0733 -0.7479   63135.9   96612.7 -158742.1
      406.7      11.6   63889.2   11948.8   64042.4   11988.8   64877.3   12386.3   63883.3   11971.3
