groupid:  18745, ntrk:  2
vertex track :          0   3  33    3848625  0.8310 -0.0842  165559.6  141249.9     399.1    13   777.4
   34 4      1  0.8334 -0.0814   38817.3   62057.5   -2869.1  0.8318 -0.0887  159298.6  144094.9  -46197.0
       85.1      11.7   38903.1   62060.9   38908.8   62060.3   38942.3   62264.0   38900.9   62037.5
   35 4      2  0.8331 -0.0860   40265.5   62839.5   -3719.2  0.8318 -0.0887  158591.5  144170.3  -47047.1
      103.8      25.8   40371.5   62854.5   40339.9   62857.8   40370.5   63034.4   40366.2   62803.2
   36 4      3  0.8303 -0.0839   35858.8   61225.7   -6583.4  0.8318 -0.0887  156209.0  144424.4  -49911.3
      164.9      49.5   36027.9   61258.4   35874.1   61273.9   35900.6   61402.9   36017.9   61159.9
vertex track :        404   3  34    4113421 -0.1975 -3.0875  161741.3  149268.4     259.9   211   499.9
   31 4     -2 -0.1995 -3.1034   41071.7   51056.5    6589.7 -0.2447 -3.1052  161185.4  134023.2  -40002.4
     1265.6     282.0   41272.0   49775.4   41392.5   51649.7   41081.3   52544.5   40709.1   49811.6
   32 4     -1 -0.2270 -3.0893   42459.5   62330.0    3717.6 -0.2447 -3.1052  161888.2  142941.4  -42874.4
      665.2     134.5   42544.9   61656.8   42594.7   62334.8   42583.9   63210.2   42276.6   61676.5
   33 4      0 -0.2070 -3.0894   45250.9   61108.9    2866.1 -0.2447 -3.1052  162096.6  145585.4  -43725.9
      430.4      51.1   45273.1   60676.0   45287.2   60886.1   45438.5   61748.6   45171.1   60682.9
