groupid:   2081, ntrk:  4
vertex track :          0   3  69    3352824 -0.2383 -0.0189  152862.2  127436.3     270.8    13  2629.7
   70 4      1 -0.2381 -0.0188   33501.6   50704.6   -2866.5 -0.2348 -0.0188  152761.4  131099.5 -113493.8
       25.6       2.8   33476.3   50699.8   33477.4   50699.9   33736.7   50919.4   33475.8   50705.3
   71 4      2 -0.2380 -0.0231   30099.1   50705.6   -3722.2 -0.2348 -0.0188  152962.3  131115.6 -114349.4
       30.9       5.5   30068.9   50697.2   30080.5   50698.3   30339.1   50924.0   30067.9   50708.1
   72 4      3 -0.2380 -0.0214   33219.3   51369.8   -6587.2 -0.2348 -0.0188  153635.0  131169.4 -117214.4
       49.4      10.4   33171.0   51354.9   33219.4   51359.3   33477.3   51594.6   33169.2   51375.7
vertex track :         71   3  69    4015946  1.0681 -0.1340  153745.0  127356.8     269.7  2212   732.5
   70 4      1  1.0937 -0.1225   29519.8   46716.9   -3143.3  1.0762 -0.1332  149235.3  131416.7 -113772.3
      117.7      24.3   29639.5   46727.9   29635.3   46728.4   29611.3   46915.7   29634.1   46679.7
   71 4      2  1.1044 -0.1958   30134.2   55363.4   -3956.9  1.0762 -0.1332  148359.7  131525.1 -114585.9
      153.8      55.2   30295.3   55390.9   30224.3   55403.5   30184.2   55545.6   30276.0   55282.1
   72 4      3  1.0071 -0.1459   30971.8   49500.6   -6786.8  1.0762 -0.1332  145314.2  131902.2 -117415.8
      252.6     104.8   31236.8   49568.1   30948.3   49609.9   30917.7   49642.9   31206.8   49360.6
vertex track :         96   3  69    4064932 -1.1617  3.6654  150869.3  136825.7     277.1     0   770.8
   70 4      1 -1.1479  3.6624   34399.7   48556.8   -2871.9 -1.1432  3.5861  153620.8  129091.5 -113488.8
      704.6      57.6   34134.0   49212.0   34314.4   48636.3   34874.2   48115.3   34243.9   49246.4
   71 4      2 -1.2271  3.6431   31876.4   45485.9   -3717.0 -1.1432  3.5861  154586.9  126060.9 -114333.9
      989.3     137.1   31430.7   46379.7   31804.6   45269.6   32530.9   44805.7   31690.6   46467.2
   72 4      3 -1.1810  3.6648   37622.7   35737.7   -6581.8 -1.1432  3.5861  157862.1  115787.3 -117198.8
     1744.6     268.2   36832.3   37316.0   37654.5   34764.6   38621.9   34373.2   37342.9   37480.5
vertex track :        132   3  70    3992952  0.2412  3.9815  154012.8  126666.1     409.5     0   979.7
   67 4     -2  0.2221  3.9918   35220.8   75966.7    6582.6  0.2237  3.9183  153857.6  152496.7 -107320.6
     1558.6     196.7   35111.0   77533.9   34984.5   75259.7   35540.9   74613.6   35503.8   77512.0
   68 4     -1  0.1508  3.9848   33956.0   63006.4    3717.3  0.2237  3.9183  153216.6  141269.8 -110185.9
      833.3      92.2   33895.3   63842.5   33864.0   63014.0   34226.8   62384.2   34079.7   63835.6
   69 4      0  0.1807  3.9791   32956.4   58822.3    2869.1  0.2237  3.9183  153026.8  137946.0 -111034.1
      592.6      35.4   32947.9   59415.9   32932.1   59067.5   33175.1   58442.7   33018.7   59412.7
