groupid:   2141, ntrk:  3
vertex track :          0   3  41    5266605 -0.2089 -0.0869  135289.4  179187.4     420.8    13 10000.6
   42 6      1 -0.2091 -0.0862   18982.7   22335.4   -2866.6 -0.2085 -0.0895  135703.8  180793.4  -60757.1
       25.2       2.0   18960.2   22324.0   18962.8   22325.1   19215.0   22556.8   18958.6   22327.7
   43 6      2 -0.2094 -0.0839   20956.8   23000.9   -3718.2 -0.2085 -0.0895  135881.3  180869.7  -61608.7
       30.0       2.8   20930.0   22987.2   20941.7   22991.9   21193.4   23224.6   20928.0   22992.4
   44 6      3 -0.2095 -0.0840   17926.8   22597.0   -6583.8 -0.2085 -0.0895  136478.9  181126.3  -64474.3
       47.2       4.8   17884.8   22574.9   17928.4   22592.4   18178.6   22829.0   17881.2   22583.9
vertex track :        270   3  42    5680160  1.2827  1.3029  133167.3  173408.0     242.0   211   371.3
   39 6     -2  1.2760  1.3176   18923.0   24303.1    6586.0  1.2895  1.3056  139071.9  184522.6  -54728.7
      556.0     197.8   19167.7   24840.2   18662.0   24318.0   18889.5   23977.4   19451.9   24565.0
   40 6     -1  1.2858  1.2950   16510.4   25517.5    3716.3  1.2895  1.3056  135371.3  180776.0  -57598.4
      298.4      94.6   16653.5   25795.8   16503.1   25644.3   16578.5   25450.4   16787.7   25662.6
   41 6      0  1.2832  1.2967   16648.8   23671.3    2869.2  1.2895  1.3056  134279.0  179670.1  -58445.4
      198.8      36.1   16762.9   23838.0   16752.8   23827.7   16745.9   23716.0   16814.2   23787.2
vertex track :        317   3  42    5721493 -0.7601 -3.5157  139119.4  184433.6     237.7     0   720.6
   39 6     -2 -0.6666 -3.3431   12041.3   11524.9    6537.1 -0.8043 -3.5982  131843.3  164694.1  -54715.5
     1433.9     236.7   11993.0   10072.3   12413.9   12182.8   12298.9   13184.0   11528.8   10164.9
   40 6     -1 -0.6081 -3.7436   17878.1   13210.5    4433.9 -0.8043 -3.5982  133535.0  172261.9  -56818.7
      932.3     141.1   17867.9   12267.7   18039.1   13322.0   18097.8   14359.6   17589.4   12312.9
   41 6      0 -0.4025 -3.3012   19658.3   16955.6    3586.7 -0.8043 -3.5982  134216.5  175310.3  -57665.9
      667.2      60.7   19637.8   16286.0   19714.8   16917.3   19888.5   17832.0   19517.4   16300.7
