groupid:   2221, ntrk:  4
vertex track :          0   3  65    4430507 -0.2193 -0.0588   51029.1  198794.5     351.9    13  1630.7
   66 5      1 -0.2187 -0.0592   51022.7   42207.8   -2863.3 -0.2244 -0.0562   49795.9  200909.0 -105396.6
       25.1       3.8   50999.5   42197.6   51001.9   42198.3   51255.7   42427.9   50997.5   42204.9
   67 5      2 -0.2189 -0.0592   52810.3   43885.0   -3719.2 -0.2244 -0.0562   49988.0  200957.1 -106252.5
       30.7       8.3   52782.8   43868.9   52796.2   43872.5   53047.6   44111.0   52778.5   43885.0
   68 5      3 -0.2183 -0.0596   50720.4   41294.2   -6586.4 -0.2244 -0.0562   50631.5  201118.2 -109119.7
       49.5      16.1   50676.9   41265.6   50726.6   41279.2   50973.7   41532.7   50668.4   41296.7
vertex track :         75   3  65    5094145  0.7592  0.5133   53167.9  200048.6     349.9   211   214.8
   66 5      1  0.7437  0.5631   51119.3   46140.9   -3596.2  0.7585  0.5161   48231.7  199947.8 -106122.9
      134.0      61.3   51189.1   46270.7   51131.6   46227.2   51260.2   46221.7   51263.1   46172.9
   67 5      2  0.7697  0.5137   51149.5   42216.4   -4430.8  0.7585  0.5161   47598.7  199517.0 -106957.5
      220.5     135.6   51257.6   42451.6   51052.5   42314.7   51252.1   42191.8   51408.1   42226.0
   68 5      3  0.8566  0.5209   44353.8   45261.3   -6859.1  0.7585  0.5161   45756.9  198263.6 -109385.8
      356.5     230.0   44538.9   45643.1   44109.6   45382.0   44379.6   45090.1   44777.9   45250.0
vertex track :        103   3  65    5140727  2.2989  3.3856   60602.7  211477.4     358.5     0  1561.3
   66 5      1  2.2925  3.3965   51561.8   42481.6   -2866.7  2.3177  3.3698   51216.3  202553.4 -105402.8
      772.8      35.1   51965.1   43141.8   51581.8   42574.0   51370.9   42034.8   52023.3   43102.5
   67 5      2  2.2950  3.3796   51237.4   41303.4   -3719.9  2.3177  3.3698   49238.7  199678.0 -106256.1
      994.9      77.2   51732.4   42169.9   51096.5   41233.5   50954.7   40650.3   51860.2   42083.1
   68 5      3  2.2523  3.3855   43136.1   30216.0   -6585.3  2.3177  3.3698   42597.7  190022.2 -109121.4
     1685.3     148.7   43945.8   31701.5   42551.8   29606.1   42538.7   28943.8   44193.5   31536.8
vertex track :        108   3  65    5163995  2.9972  3.9826   62830.6  214068.5     360.2     0 10001.0
   66 5      1  3.3343  3.9854   54608.7   50118.6   -3591.5  3.0239  3.9639   48979.3  200320.3 -106132.3
     1311.9      26.9   55429.9   51142.0   54446.5   49966.6   54000.9   49309.1   55471.1   51107.5
   67 5      2  2.6416  3.8778   52389.4   43312.6   -4425.2  3.0239  3.9639   46458.1  197015.4 -106966.1
     1577.4      36.0   53247.7   44636.6   52026.3   42843.5   51743.7   42202.5   53307.2   44596.0
   68 5      3  3.2599  4.3935   39112.4   36275.5   -6859.6  3.0239  3.9639   39097.0  187366.0 -109400.4
     2356.8      56.2   40471.6   38201.8   38347.5   35338.9   37966.4   34563.7   40561.9   38134.8
