groupid:   2255, ntrk:  2
vertex track :          0   3  27    1463922 -0.0973  0.3265  203301.6   82709.6     339.0    13   159.1
   28 2      1 -0.1019  0.3248   82549.6   80997.6   -2869.7 -0.0986  0.3257  202627.1   83949.9  -35936.9
       57.3      42.7   82491.7   81039.5   82504.6   80998.4   82817.3   81166.1   82573.1   81065.1
   29 2      2 -0.1018  0.3250   83266.6   81037.9   -3721.2 -0.0986  0.3257  202711.1   83672.6  -36788.4
      117.6     104.0   83132.2   81119.0   83181.1   80962.8   83611.0   81167.1   83330.8   81181.2
   30 2      3 -0.1004  0.3263   83660.7   82023.0   -6586.2 -0.0986  0.3257  202993.5   82739.4  -39653.4
      223.9     202.7   83401.1   82177.4   83511.7   81817.9   84130.2   82078.8   83788.7   82296.6
vertex track :         71   3  27    3628098  0.5277  2.8681  204307.4   88170.8     292.1   211   543.9
   28 2      1  0.5214  2.8612   82783.6   82131.3   -2740.5  0.5079  2.8390  201756.6   81862.4  -35741.9
      438.4      52.7   82810.4   82572.1   82762.6   82310.2   82967.4   81903.4   82914.1   82553.2
   29 2      2  0.0447  2.7585   80411.5   80399.0   -3569.6  0.5079  2.8390  201335.5   79508.6  -36571.0
      637.3     128.2   80293.6   81038.3   80282.3   80343.2   80739.4   79972.5   80550.1   81034.1
   30 2      3  0.0571  2.7939   79124.6   68673.3   -6128.7  0.5079  2.8390  200035.8   72243.2  -39130.2
     1091.6     241.6   78905.4   69769.6   78872.8   68173.6   79553.9   67789.8   79388.5   69759.7
