groupid:   2377, ntrk:  8
vertex track :          0   3  69    1131775  0.0568  0.2885  183254.4   47892.3     229.3    13  1135.4
   70 2      1  0.0559  0.2890   62898.0   49073.6   -2868.5  0.0571  0.2911  182424.0   50264.0 -113394.5
       30.7       5.2   62898.7   49104.7   62898.8   49105.1   63107.3   49252.8   62908.9   49102.8
   71 2      2  0.0498  0.2894   60616.6   46357.7   -3715.1  0.0571  0.2911  182375.7   50017.5 -114241.1
       37.9      11.8   60611.4   46397.1   60609.0   46383.1   60831.8   46528.6   60634.6   46393.1
   72 2      3  0.0561  0.2881   59994.4   47251.2   -6584.4  0.0571  0.2911  182212.0   49182.2 -117110.4
       61.7      23.1   59983.5   47316.2   59971.7   47255.6   60215.3   47396.5   60028.8   47307.3
vertex track :         54   3  69    1766093 -0.8573 -2.8739  181238.4   39282.8     223.6   211   292.5
   70 2      1 -0.9617 -3.0146   62540.3   45531.5   -3263.0 -0.8377 -2.8155  183530.1   52428.1 -113746.0
      630.9     129.6   62472.1   44891.0   62653.6   45460.0   62817.6   46378.8   62225.1   44969.8
   71 2      2 -0.8231 -2.9433   65026.6   53581.4   -4063.2 -0.8377 -2.8155  184200.4   54681.0 -114546.1
     1107.0     299.1   65016.6   52434.7   65440.0   53948.9   65245.9   54935.2   64440.4   52595.8
   72 2      3 -0.6597 -2.3713   69953.9   57359.7   -6955.2 -0.8377 -2.8155  186623.0   62823.4 -117438.1
     2033.0     571.4   69959.5   55247.9   70910.7   58667.2   70157.7   59679.1   68858.6   55554.1
vertex track :        110   3  69    2186130 -0.5370 -4.4963  181160.8   34624.8     219.9     0   941.4
   70 2      1 -0.5209 -4.4864   62734.4   51391.3   -2868.1 -0.5129 -4.3812  182129.9   51510.9 -113328.2
      913.5      58.6   62687.2   50477.2   62788.6   51349.9   62991.0   52511.0   62570.8   50490.7
   71 2      2 -0.4159 -4.4965   60799.0   52560.1   -3721.9 -0.5129 -4.3812  182567.8   55251.7 -114182.1
     1270.5     139.9   60821.3   51282.2   60968.0   52868.1   60986.2   54043.6   60542.6   51308.0
   72 2      3 -0.5028 -4.4874   61983.3   67229.5   -6578.0 -0.5129 -4.3812  184032.6   67764.5 -117038.1
     2242.0     274.8   62006.7   64970.9   62400.4   68484.6   62169.3   69693.7   61460.5   65032.1
vertex track :        128   3  70    1145461 -0.0953 -1.6936  183988.1   52782.1     326.2   211   587.7
   67 2     -2 -0.0664 -1.6963   63541.6   40349.8    6587.0 -0.0895 -1.6726  182181.3   43662.8 -107296.6
      394.6     109.1   63635.2   39951.2   63652.1   40383.6   63657.9   40956.6   63417.1   39959.8
   68 2     -1 -0.0550 -1.6941   63105.8   44157.7    3717.2 -0.0895 -1.6726  182438.2   48462.7 -110166.4
      223.2      51.7   63150.3   43932.9   63153.2   44023.3   63271.4   44590.8   63046.9   43936.3
   69 2      0 -0.0799 -1.6934   62993.9   45934.5    2867.7 -0.0895 -1.6726  182514.2   49883.7 -111015.9
      168.1      20.0   63006.0   45765.7   63005.1   45745.9   63191.7   46311.7   62966.0   45767.6
vertex track :        136   3  70    1349978  0.7648 -0.9177  182677.4   50575.4     325.7   211   309.2
   67 2     -2  0.8331 -0.8867   66674.9   42896.6    6927.9  0.7635 -0.9046  186481.7   45969.2 -106952.5
      332.3     163.5   67021.6   42766.4   66741.5   43064.6   66539.1   43236.0   66783.3   42542.5
   68 2     -1  0.7805 -0.9666   61503.7   51476.5    4104.6  0.7635 -0.9046  184326.1   48523.1 -109775.8
      186.2      81.9   61684.4   51383.1   61614.4   51469.8   61533.7   51778.9   61556.9   51280.1
   69 2      0  0.7658 -0.9708   65153.6   50820.9    3266.6  0.7635 -0.9046  183686.2   49281.2 -110613.8
      125.6      32.9   65257.2   50742.6   65262.4   50736.0   65260.7   51108.2   65205.6   50701.9
vertex track :        141   3  70    1363072  2.1761 -1.7387  178660.4   53602.3     334.2   211     nan
   67 2     -2  2.2071 -1.6923   73884.7   41144.2    6584.1  2.1782 -1.7179  191011.3   44215.4 -107318.6
        nan       nan      -nan       nan       nan       nan       nan       nan       nan       nan
   68 2     -1  2.2202 -1.6900   67098.2   44938.3    3718.5  2.1782 -1.7179  184769.6   49138.2 -110184.2
        nan       nan      -nan       nan       nan       nan       nan       nan       nan       nan
   69 2      0  2.1885 -1.7164   65096.8   46637.8    2866.4  2.1782 -1.7179  182913.5   50602.1 -111036.3
        nan       nan      -nan       nan       nan       nan       nan       nan       nan       nan
vertex track :        152   3  70    1572658 -2.1599 -0.3024  187570.2   49862.6     320.7   211   509.4
   67 2     -2 -2.1990 -0.2935   52498.6   46166.4    6950.8 -2.1738 -0.3000  171928.0   49245.9 -106909.3
      668.9     183.1   51859.8   45896.4   52724.1   46011.8   53345.2   46646.1   51811.3   46259.4
   68 2     -1 -2.1157 -0.7239   55434.0   52727.3    4123.5 -2.1738 -0.3000  178074.2   50094.1 -109736.6
      379.5      92.1   55104.8   52517.3   55378.5   52611.0   55971.1   53146.5   55045.2   52691.5
   69 2      0 -2.1995 -0.1262   61601.0   51994.6    3274.6 -2.1738 -0.3000  179919.5   50348.8 -110585.5
      268.8      37.4   61334.7   51941.9   61409.6   51946.2   62075.0   52257.2   61330.4   52016.6
vertex track :        177   3  70    2023670 -3.8760 -0.7333  192492.4   50958.1     317.8     0  6440.0
   67 2     -2 -3.8661 -0.8039   45547.4   44793.9    6587.1 -3.9393 -0.7301  166578.9   47744.3 -107258.2
     1337.7      44.1   44246.7   44478.4   46054.2   44854.2   47054.3   45318.7   44228.7   44564.8
   68 2     -1 -3.8320 -0.8117   55988.7   46132.2    3718.0 -3.9393 -0.7301  177881.1   49839.0 -110127.3
      751.6      22.6   55258.1   45954.3   55924.0   46095.4   56925.5   46519.3   55248.7   45998.6
   69 2      0 -3.8727 -0.7636   59067.8   47213.1    2868.4 -3.9393 -0.7301  181228.1   50459.3 -110977.0
      584.0      14.4   58497.6   47086.0   58830.2   47151.6   59844.0   47549.4   58492.0   47114.3
