groupid:   2475, ntrk:  7
vertex track :          0   3 101    5642693  0.1085  0.2005   60590.2  169073.6     303.1    13  1888.9
  102 3      1  0.1071  0.2010   58271.4   88047.0   -2866.5  0.1127  0.1984   57689.0  169940.0 -172859.1
       24.8       3.3   58280.2   88070.5   58279.3   88068.9   58472.8   88233.7   58286.1   88067.4
  103 5      2  0.1091  0.2003   58569.7   11808.8   -3720.0  0.1127  0.1984   57592.8  169770.7 -173712.6
       30.3       7.2   58577.9   11838.8   58571.8   11827.8   58771.7   11989.0   58590.5   11831.9
  104 5      3  0.1099  0.1998   58878.3    7741.2   -6586.2  0.1127  0.1984   57269.6  169202.1 -176578.8
       48.7      13.9   58889.5    7790.6   58865.7    7747.3   59077.1    7902.1   58913.9    7777.2
vertex track :          8   3 101    3845436 -0.9990 -2.4538   57415.1  161381.2     340.3  2212   615.1
  102 5      1 -1.3328 -2.6196   61385.9   13895.5   -3163.3 -0.9957 -2.4909   58361.0  171537.2 -173210.0
      468.0      90.3   61254.2   13437.5   61398.7   13721.5   61726.3   14560.9   61093.2   13519.4
  103 5      2 -0.9610 -2.2910   62122.0   16075.9   -3984.5 -0.9957 -2.4909   59178.6  173582.7 -174031.2
      753.6     208.0   62022.4   15300.5   62403.6   16209.3   62430.7   17059.0   61638.7   15461.5
  104 5      3 -1.0632 -2.4563   63983.6   17395.6   -6515.0 -0.9957 -2.4909   61698.1  179886.0 -176561.7
     1276.6     372.6   63818.4   16076.0   64609.3   17903.4   64357.7   18922.7   63134.6   16372.0
vertex track :         22   3 101    5432189 -2.2636 -1.8308   54992.2  164260.8     299.4   211     nan
  102 5      1 -2.2528 -1.8307   58997.9    7372.9   -2867.1 -2.2558 -1.8529   59574.9  171562.7 -172851.7
        nan       nan      -nan       nan       nan       nan       nan       nan       nan       nan
  103 5      2 -2.2697 -1.8167   62420.5   15084.4   -3718.2 -2.2558 -1.8529   61494.6  173139.5 -173702.8
        nan       nan      -nan       nan       nan       nan       nan       nan       nan       nan
  104 5      3 -2.2704 -1.8284   68706.8   16073.7   -6580.2 -2.2558 -1.8529   67950.8  178442.5 -176564.8
        nan       nan      -nan       nan       nan       nan       nan       nan       nan       nan
vertex track :        144   3 102    4960917  1.0889  1.3659   56765.2  163965.4     161.3   211     nan
   99 5     -2  1.1195  1.3358   66775.1   16403.0    6589.4  1.1152  1.3691   64239.6  178068.6 -166424.2
        nan       nan      -nan       nan       nan       nan       nan       nan       nan       nan
  100 5     -1  1.0923  1.3654   61172.4   15932.6    3719.6  1.1152  1.3691   61039.2  174139.5 -169294.0
        nan       nan      -nan       nan       nan       nan       nan       nan       nan       nan
  101 5      0  1.1082  1.3526   63214.2   11995.5    2867.7  1.1152  1.3691   60089.2  172973.2 -170145.9
        nan       nan      -nan       nan       nan       nan       nan       nan       nan       nan
vertex track :        151   3 102    4984935  0.3331 -0.6766   56846.8  166877.6     161.9   211   218.2
   99 3     -2  0.2924 -0.6392   58683.7   80263.8    7003.1  0.3370 -0.6893   59482.7  167484.4 -166001.7
      270.6     187.4   58966.7   80095.8   58803.0   80453.6   58611.0   80641.3   58625.9   79939.8
  100 3     -1  0.2865 -0.7009   58499.8   85557.0    3976.0  0.3370 -0.6893   58462.5  169571.0 -169028.8
      141.5      91.0   58637.7   85460.5   58590.7   85575.3   58572.3   85862.9   58469.2   85391.6
  101 3      0  0.3248 -0.7150   57622.0   83589.1    3143.5  0.3370 -0.6893   58181.9  170144.8 -169861.3
       84.8      36.5   57690.3   83527.0   57688.4   83531.3   57764.0   83860.5   57623.8   83496.8
vertex track :        164   3 102    5178792 -2.0734 -0.6066   62372.5  166464.6     156.5     0  5006.3
   99 5     -2 -2.0860 -0.5606   50142.0    5404.6    6584.8 -2.0665 -0.5982   49453.4  167911.8 -166447.9
      487.3      27.3   49678.4    5251.8   50181.6    5387.0   50813.4    5766.9   49664.3    5304.5
  100 5     -1 -2.0826 -0.5961   54188.1   10609.5    3718.3 -2.0665 -0.5982   55377.1  169626.6 -169314.4
      290.6      14.4   53912.7   10515.7   54034.1   10550.5   54671.4   10912.7   53904.8   10543.4
  101 5      0 -2.0822 -0.5769   58852.4    8310.2    2868.4 -2.0665 -0.5982   57133.4  170135.0 -170164.3
      236.3       9.5   58627.2    8237.9   58645.4    8242.9   59285.5    8591.9   58622.1    8256.3
vertex track :        193   3 102    5434629  3.9472 -0.4887   52018.1  165495.3     167.9   211   584.2
   99 3     -2  4.1662 -0.9314   77751.2   80383.8    7111.4  4.0922 -0.5307   80722.5  167146.7 -165873.5
     2153.9     380.2   79936.1   80284.9   76607.0   81029.2   75780.4   80691.7   79770.2   79542.8
  100 3     -1  3.8945 -0.5813   67208.5   84818.2    3992.0  4.0922 -0.5307   67957.0  168802.3 -168993.0
     1126.0     182.2   68349.0   84832.2   66939.6   85042.6   66281.8   85013.6   68295.2   84471.7
  101 3      0  3.9121 -0.3673   63194.9   82763.2    3156.2  4.0922 -0.5307   64537.1  169245.8 -169828.7
      739.9      74.1   63938.5   82767.8   63286.6   82829.0   62665.2   82968.3   63924.7   82620.3
