groupid:   2741, ntrk:  4
vertex track :          0   3  61    5426241 -0.0662 -0.1311  139879.6  168024.9     428.5    13 10000.6
   62 6      1 -0.0643 -0.1325   13786.7   13482.5   -2868.7 -0.0645 -0.1383  131994.6  170815.2  -98903.2
       17.9       1.4   13780.1   13465.8   13782.2   13470.1   14003.2   13709.0   13777.7   13467.0
   63 6      2 -0.0640 -0.1325   12458.0   12275.2   -3719.4 -0.0645 -0.1383  132049.5  170932.9  -99754.0
       21.5       2.0   12450.5   12255.0   12455.7   12265.9   12675.4   12505.3   12446.8   12256.8
   64 6      3 -0.0655 -0.1318   11492.0   13712.4   -6587.0 -0.0645 -0.1383  132234.5  171329.3 -102621.6
       34.3       3.7   11480.0   13680.1   11496.8   13713.8   11713.9   13954.6   11473.5   13683.4
vertex track :         16   3  61    5241983 -0.4700  0.8372  139165.4  169913.9     429.3   211   447.5
   62 6      1 -0.5440  0.8379   25802.5   13035.0   -2535.3 -0.4901  0.8265  132475.5  169799.1  -98562.0
       94.7      18.8   25735.2   13104.3   25724.1   13121.3   26079.3   13176.6   25766.6   13124.7
   63 6      2 -0.4943  0.7979   26075.4   14692.2   -3359.6 -0.4901  0.8265  132879.5  169117.8  -99386.3
      124.2      45.5   25971.3   14773.8   25998.3   14730.2   26388.9   14821.4   26048.6   14821.7
   64 4      3 -0.5104  0.8261   30405.4   85617.3   -5714.7 -0.4901  0.8265  134033.7  167171.3 -101741.4
      194.9      83.1   30232.3   85739.5   30330.0   85581.4   30788.0   85706.1   30373.7   85826.8
vertex track :        107   3  62    5201669  0.4943  0.0614  132505.5  169212.8     429.8  2212   367.2
   59 6     -2  0.4967  0.0563   17389.6   12815.3    6584.7  0.5050  0.0610  134644.6  170929.7  -91992.5
      242.7     204.1   17607.8   13045.4   17229.7   13002.5   17381.9   12795.2   17653.7   12639.9
   60 6     -1  0.4949  0.0594   16185.3   11941.5    3720.0  0.5050  0.0610  133198.1  170755.1  -94857.1
      117.9      95.1   16291.1   12049.9   16160.9   12034.3   16290.1   12043.1   16313.7   11861.2
   61 6      0  0.4951  0.0556   18455.1   13742.2    2868.4  0.5050  0.0610  132768.0  170703.1  -95708.8
       57.7      34.5   18508.6   13783.0   18497.8   13781.8   18612.1   13911.5   18516.3   13714.4
vertex track :        122   3  62    5500302 -2.9395  0.0915  134644.2  169212.3     427.9     0  2987.5
   59 5     -2 -2.5631 -0.4309  114079.7   16798.2    6684.2 -2.9590  0.0705  115196.4  171007.7  -91896.7
      804.6      48.9  113294.3   16616.6  114343.0   16792.9  115072.4   17189.4  113278.1   16713.0
   60 5     -1 -3.0901  0.1636  119940.0   12960.1    3343.4 -2.9590  0.0705  125081.8  170772.2  -95237.5
      405.0      20.5  119534.5   12961.0  119694.4   12952.6  120552.4   13169.3  119536.7   13002.0
   61 5      0 -3.0470 -0.0760  119168.0   13367.8    2515.0 -2.9590  0.0705  127532.8  170713.7  -96065.8
      313.3      10.3  118855.0   13349.7  118841.6   13349.4  119687.9   13595.8  118854.5   13370.3
