groupid:   2831, ntrk: 13
vertex track :          0   3  51    5471264 -0.4963 -0.6361  208363.9  177315.1     154.8    13  2072.9
   52 6      1 -0.4957 -0.6358   92125.5   26105.5   -2869.2 -0.4950 -0.6345  208992.6  182355.2  -79573.7
       77.4       6.2   92082.8   26040.7   92073.9   26029.2   92377.7   26379.8   92073.0   26048.3
   53 6      2 -0.5003 -0.6329   91575.4   20769.1   -3715.7 -0.4950 -0.6345  209411.7  182892.3  -80420.2
       91.7      10.7   91527.0   20690.5   91535.6   20701.4   91833.3   21057.0   91510.1   20703.8
   54 6      3 -0.4961 -0.6355   91666.7   27943.1   -6587.3 -0.4950 -0.6345  210833.1  184714.4  -83291.8
      144.4      20.4   91593.9   27816.8   91667.5   27910.9   91949.0   28278.9   91561.8   27841.9
vertex track :          3   3  51    5256609  1.1910  0.5333  212691.8  180512.5     151.7     0  3653.2
   52 6      1  1.1624  0.6002   85926.9   22312.6   -2796.0  1.2113  0.5184  208288.0  182055.7  -79506.3
      128.4       7.4   86037.5   22378.1   86053.5   22386.4   86027.4   22457.7   86044.3   22364.9
   53 6      2  0.9877  0.5752   87368.5   20291.4   -3629.7  1.2113  0.5184  207278.1  181623.5  -80340.0
      152.5      11.2   87494.6   20377.8   87438.5   20345.1   87453.3   20415.6   87505.9   20358.4
   54 6      3  1.0162  0.8107   83854.1   17886.8   -6479.3  1.2113  0.5184  203826.3  180146.4  -83189.6
      242.7      20.7   84030.9   18054.3   83864.9   17921.8   83888.3   17930.0   84056.7   18021.9
vertex track :          4   3  51    5256811  2.5037  0.1581  214762.5  178895.3     148.9     0 10000.9
   52 6      1  2.5045  0.1567   90116.0   25451.3   -2865.3  2.5638  0.1349  206214.0  181552.9  -79593.6
      319.6      11.3   90434.2   25482.6   90322.2   25475.6   90010.2   25630.2   90435.6   25460.0
   53 6      2  2.5066  0.1378   87085.9   19489.8   -3720.1  2.5638  0.1349  204022.4  181437.5  -80448.5
      392.1      15.3   87476.6   19526.6   87220.0   19512.5   86907.8   19663.1   87478.3   19496.0
   54 6      3  2.5044  0.1537   78553.7   24354.1   -6589.9  2.5638  0.1349  196664.9  181050.4  -83318.2
      648.5      27.1   79199.4   24420.9   78430.7   24373.7   78120.6   24497.4   79202.7   24366.7
vertex track :         15   3  51    5482734 -0.4401  1.3045  208206.5  182380.6     157.6   211     nan
   52 6      1 -0.5004  1.3477   86138.1   21966.6   -2794.4 -0.4268  1.2721  208603.7  181720.5  -79473.9
        nan       nan      -nan       nan       nan       nan       nan       nan       nan       nan
   53 6      2 -0.3268  1.2977   89042.4   19425.6   -3625.7 -0.4268  1.2721  208958.5  180663.0  -80305.2
        nan       nan      -nan       nan       nan       nan       nan       nan       nan       nan
   54 6      3 -0.3912  1.1600   89766.1   15211.8   -6452.3 -0.4268  1.2721  210164.9  177067.1  -83131.9
        nan       nan      -nan       nan       nan       nan       nan       nan       nan       nan
vertex track :         23   3  51    5688938 -0.3975 -1.2039  208709.1  175358.7     153.8   211     nan
   52 6      1 -0.3950 -1.2015   92199.3   25731.3   -2865.8 -0.3976 -1.2046  209041.4  182125.0  -79581.7
        nan       nan      -nan       nan       nan       nan       nan       nan       nan       nan
   53 6      2 -0.4044 -1.1997   91559.3   20873.1   -3718.7 -0.3976 -1.2046  209380.6  183152.4  -80434.5
        nan       nan      -nan       nan       nan       nan       nan       nan       nan       nan
   54 6      3 -0.3979 -1.2060   91369.5   29708.2   -6582.4 -0.3976 -1.2046  210519.2  186602.0  -83298.2
        nan       nan      -nan       nan       nan       nan       nan       nan       nan       nan
vertex track :         31   3  51    5700966  2.2269  1.0310  210931.1  179049.2     154.5     0 10001.0
   52 6      1  2.4592  0.7269   81320.2   19211.6   -2765.3  2.2678  1.0113  203461.8  179188.8  -79475.6
      301.3      10.8   81606.1   19307.3   81544.6   19289.2   81246.7   19326.5   81612.2   19286.6
   53 6      2  2.5686  0.8720   81790.5   17062.7   -3596.5  2.2678  1.0113  201576.9  178348.3  -80306.7
      368.6      14.6   82134.9   17195.0   81976.2   17141.1   81658.7   17141.3   82144.3   17167.4
   54 6      3  2.0169  1.1335   75444.7   13374.9   -6459.5  2.2678  1.0113  195084.0  175452.9  -83169.7
      613.9      26.2   75967.1   13698.5   75320.2   13334.9   75134.3   13262.4   75992.8   13652.9
vertex track :         49   3  51    5892775  0.3969 -3.4099  210597.0  169963.5     148.5     0  1461.2
   52 6      1  0.4026 -3.4016   91859.5   26526.9   -2867.4  0.4095 -3.4709  208500.2  183574.5  -79617.6
      538.5      27.1   91949.6   25995.3   91907.6   26350.5   91979.7   27265.0   91895.9   25988.9
   53 6      2  0.3658 -3.4645   90566.4   23542.2   -3721.6  0.4095 -3.4709  208150.5  186539.4  -80471.8
      694.1      60.7   90699.6   22858.3   90630.7   23511.3   90643.5   24432.6   90578.9   22845.6
   54 6      3  0.3790 -3.4252   88050.1   38948.8   -6589.4  0.4095 -3.4709  206976.2  196493.4  -83339.7
     1189.2     119.6   88299.7   37780.0   88117.7   39424.7   88010.8   40324.2   88062.0   37753.7
vertex track :         62   3  51    5940988  2.7075  0.3283  215540.0  179853.5     149.8     0  2366.1
   52 6      1  2.6804  0.4495   84459.4   22211.6   -2791.6  2.7731  0.3051  206569.4  182009.3  -79520.4
      359.1      15.2   84811.0   22286.0   84665.6   22261.6   84320.5   22347.6   84816.0   22255.9
   53 6      2  2.7865  0.5313   84574.5   20411.7   -3618.9  2.7731  0.3051  204275.4  181756.9  -80347.6
      445.5      29.1   85006.6   20523.7   84716.6   20468.4   84355.1   20510.1   85017.5   20466.5
   54 6      3  3.0210 -0.0187   76834.8   18631.1   -6484.8  2.7731  0.3051  196327.8  180882.6  -83213.6
      750.9      56.9   77586.0   18683.3   76718.6   18688.7   76296.5   18788.8   77585.3   18569.5
vertex track :         71   3  51    5942646 -0.9911  2.3624  207856.0  181427.1     158.8   211     nan
   52 6      1 -0.9868  2.3617   93004.9   21818.3   -2865.0 -0.9713  2.3096  209926.6  177546.2  -79548.7
        nan       nan      -nan       nan       nan       nan       nan       nan       nan       nan
   53 6      2 -0.9706  2.3615   92789.2   14033.9   -3715.2 -0.9713  2.3096  210752.4  175582.7  -80398.9
        nan       nan      -nan       nan       nan       nan       nan       nan       nan       nan
   54 6      3 -0.9790  2.3679   94259.8   12743.8   -6583.0 -0.9713  2.3096  213538.0  168959.3  -83266.7
        nan       nan      -nan       nan       nan       nan       nan       nan       nan       nan
vertex track :         90   3  51    6064598 -3.6456  3.2826  201481.6  186548.5     167.1   211     nan
   52 6      1 -3.5648  3.3745   88567.5   20394.4   -2787.2 -3.4870  3.1250  210888.6  180426.7  -79403.2
        nan       nan      -nan       nan       nan       nan       nan       nan       nan       nan
   53 6      2 -3.4570  3.1919   93870.6   16277.0   -3620.9 -3.4870  3.1250  213795.6  177821.4  -80236.9
        nan       nan      -nan       nan       nan       nan       nan       nan       nan       nan
   54 4      3 -4.0804  3.5181  103461.8   82955.4   -6389.3 -3.4870  3.1250  223449.1  169170.1  -83005.3
        nan       nan      -nan       nan       nan       nan       nan       nan       nan       nan
vertex track :         92   3  51    6088749 -0.4389  4.0034  208340.1  191151.2     162.2   211   326.3
   52 6      1 -0.4513  3.9867   91957.4   26883.6   -2865.4 -0.4067  3.8327  208743.8  182565.6  -79480.8
      917.1     143.5   91711.6   27778.8   91823.1   26793.4   92412.7   26202.4   91996.8   27811.1
   53 6      2 -0.4173  4.0023   91310.6   17772.5   -3720.3 -0.4067  3.8327  209091.5  179289.0  -80335.7
     1721.1     357.4   90776.6   19447.2   91045.9   16864.1   92054.2   16311.7   91487.6   19521.4
   54 6      3 -0.4353  4.0051   91202.9   11931.2   -6591.5 -0.4067  3.8327  210259.2  168284.6  -83206.9
     3299.3     710.7   90139.9   15134.4   90761.5    9415.5   92475.5    8942.1   91552.9   15288.0
vertex track :        106   3  52    5249400  0.8668  1.2787  210170.8  177180.3     360.0   211     nan
   49 6     -2  0.8653  1.2779   88182.6   27905.5    6579.0  0.8857  1.2738  211780.4  186533.9  -73125.8
        nan       nan      -nan       nan       nan       nan       nan       nan       nan       nan
   50 6     -1  0.8654  1.2830   91921.8   26829.4    3725.4  0.8857  1.2738  209252.9  182898.9  -75979.4
        nan       nan      -nan       nan       nan       nan       nan       nan       nan       nan
   51 6      0  0.8608  1.2798   88591.8   22720.0    2868.4  0.8857  1.2738  208493.9  181807.2  -76836.4
        nan       nan      -nan       nan       nan       nan       nan       nan       nan       nan
vertex track :        121   3  52    5449548  0.1359  1.9702  212119.0  178102.9     363.8  2212   734.3
   49 6     -2  0.1261  2.1703   97319.9   38343.4    6246.6  0.1437  1.9582  209079.2  191037.5  -73476.9
      524.0     158.4   97192.1   38875.7   97157.8   38285.3   97657.8   38023.3   97508.4   38857.3
   50 6     -1  0.0722  1.8419   93813.3   28710.9    3653.5  0.1437  1.9582  208706.6  185959.5  -76070.1
      294.5      77.9   93747.0   29008.2   93739.1   28806.4   94089.6   28625.4   93902.6   29002.1
   51 6      0  0.1100  1.9981   94147.8   29331.1    2840.2  0.1437  1.9582  208589.8  184366.9  -76883.4
      206.6      29.5   94129.7   29539.0   94130.1   29546.0   94376.0   29335.2   94188.7   29535.7
