groupid:   2925, ntrk: 10
vertex track :          0   3  49    6005200 -0.2364 -0.8804  195588.2  202778.8     185.6    13   556.3
   50 6      1 -0.2299 -0.8839   80031.3   52522.3   -2871.3 -0.2386 -0.8777  197774.4  209462.7  -76212.6
       90.3      15.1   80023.2   52431.1   80020.4   52420.3   80249.2   52822.6   79994.0   52438.7
   51 6      2 -0.2258 -0.8817   77526.5   50161.8   -3723.7 -0.2386 -0.8777  197977.8  210210.8  -77065.0
      114.4      35.7   77532.7   50042.1   77542.0   50078.6   77730.1   50490.6   77463.6   50059.8
   52 6      3 -0.2278 -0.8864   81664.9   56126.6   -6586.2 -0.2386 -0.8777  198660.7  212723.2  -79927.5
      188.0      70.3   81686.2   55927.0   81731.9   56105.1   81853.4   56535.3   81550.0   55962.0
vertex track :          9   3  49    5539055  1.0355  0.4671  198333.0  205418.0     184.5   211     nan
   50 6      1  1.0039  0.4475   70307.4   45651.8   -2269.1  1.0356  0.4564  197261.1  208270.1  -75595.3
        nan       nan      -nan       nan       nan       nan       nan       nan       nan       nan
   51 6      2  0.8672  0.5937   69558.3   47657.9   -3075.6  1.0356  0.4564  196425.9  207902.1  -76401.8
        nan       nan      -nan       nan       nan       nan       nan       nan       nan       nan
   52 6      3  1.0922  0.5342   64560.7   45751.1   -5944.9  1.0356  0.4564  193454.3  206592.5  -79271.1
        nan       nan      -nan       nan       nan       nan       nan       nan       nan       nan
vertex track :         18   3  49    5759339 -3.5128 -2.5104  188308.6  199542.9     191.9   211   397.4
   50 6      1 -3.4858 -2.5315   80136.3   52999.0   -2865.6 -3.5887 -2.5237  200694.4  211301.3  -76239.2
      978.4     128.8   79420.3   52319.8   80271.6   52938.0   81058.7   53885.6   79268.9   52528.3
   51 6      2 -3.4778 -2.5339   80381.0   52015.7   -3711.0 -3.5887 -2.5237  203728.5  213435.0  -77084.7
     1723.9     317.9   79175.0   50743.6   81231.2   52241.8   81793.6   53495.3   78800.5   51257.5
   52 6      3 -3.4974 -2.5173   94467.4   63117.6   -6589.7 -3.5887 -2.5237  214059.2  220699.9  -79963.4
     3266.7     631.3   92184.8   60696.9   96753.1   63984.9   96956.4   65745.8   91447.2   61721.7
vertex track :         59   3  49    6005418  0.1311  0.8322  195642.7  203029.2     185.8  2212     nan
   50 6      1  0.1212  0.7462   70249.6   42259.1   -2258.3  0.1272  0.8188  196788.5  205026.5  -75599.0
        nan       nan      -nan       nan       nan       nan       nan       nan       nan       nan
   51 6      2  0.1892  0.7968   70383.7   43758.5   -3085.7  0.1272  0.8188  196683.3  204349.0  -76426.5
        nan       nan      -nan       nan       nan       nan       nan       nan       nan       nan
   52 6      3  0.0104  0.9074   67514.8   41106.7   -5956.6  0.1272  0.8188  196318.2  201998.5  -79297.3
        nan       nan      -nan       nan       nan       nan       nan       nan       nan       nan
vertex track :         63   3  49    6030131  3.8487  0.3323  204775.1  205763.2     176.4     0 10000.9
   50 6      1  3.8417  0.3660   79968.3   52810.0   -2867.9  3.8369  0.3173  194609.1  208756.5  -76170.7
      655.4      16.3   80619.2   52888.3   80121.0   52840.9   79531.2   52942.0   80622.3   52855.9
   51 6      2  3.8371  0.3688   74247.5   49397.8   -3721.8  3.8369  0.3173  191332.7  208485.6  -77024.6
      819.3      22.6   75060.8   49498.7   74235.6   49419.4   73648.0   49507.4   75065.2   49453.8
   52 6      3  3.8365  0.3390   66698.4   51777.6   -6582.0  3.8369  0.3173  180358.3  207578.1  -79884.8
     1382.5      40.3   68072.0   51939.5   66123.5   51767.3   65538.7   51826.2   68079.1   51859.2
vertex track :         69   3  49    6032581  0.3087  2.1206  196702.1  210077.1     187.3     0 10001.0
   50 6      1  0.4540  2.1105   70931.9   45524.5   -2214.0  0.3006  2.0822  197424.6  209007.7  -75532.3
      215.3       8.1   70969.3   45736.7   70974.1   45758.9   71105.0   45524.4   70985.1   45733.3
   51 6      2 -0.2505  2.1647   70496.7   46013.6   -3049.7  0.3006  2.0822  197173.4  207267.5  -76368.0
      266.0      11.3   70454.9   46276.6   70463.4   46202.6   70748.2   45962.8   70477.3   46279.2
   52 6      3  0.1522  2.0369   67424.0   39620.2   -5945.4  0.3006  2.0822  196303.1  201238.0  -79263.7
      459.7      21.8   67436.5   40080.2   67400.0   39591.1   67621.6   39372.2   67479.9   40076.9
vertex track :         74   3  49    6060411 -0.2482  2.9570  195542.7  211374.1     185.5     0 10001.0
   50 6      1 -0.2517  2.9661   79847.4   52667.0   -2867.4 -0.2583  2.9019  197763.7  206435.4  -76182.4
      423.4      13.0   79798.6   53087.7   79817.4   52866.9   80105.8   52459.2   79824.5   53089.9
   51 6      2 -0.2737  2.9559   77514.3   47004.4   -3717.8 -0.2583  2.9019  197983.4  203967.6  -77032.8
      522.7      17.6   77448.6   47523.3   77487.5   47103.0   77789.8   46698.5   77483.7   47526.5
   52 6      3 -0.2596  2.9413   81758.6   41675.7   -6584.4 -0.2583  2.9019  198723.9  195649.3  -79899.4
      871.0      31.3   81650.9   42540.5   81749.5   41423.0   82076.1   41023.7   81713.2   42546.0
vertex track :         76   3  49    6062997 -3.9807  4.3511  187405.0  213307.8     194.9   211     nan
   50 6      1 -3.4303  4.0088   73868.3   42326.9   -2224.3 -4.0002  4.3433  198423.7  206717.1  -75560.4
        nan       nan      -nan       nan       nan       nan       nan       nan       nan       nan
   51 6      2 -4.1313  4.8664   77348.6   40985.8   -3120.5 -4.0002  4.3433  202008.4  202824.9  -76456.5
        nan       nan      -nan       nan       nan       nan       nan       nan       nan       nan
   52 6      3 -3.6116  3.9850   86539.0   28290.4   -6114.9 -4.0002  4.3433  213986.9  189819.3  -79451.0
        nan       nan      -nan       nan       nan       nan       nan       nan       nan       nan
vertex track :        106   3  50    5557145 -0.7243  0.4064  200219.0  206746.7     403.2  2212   557.2
   47 6     -2 -0.7250  0.4084   74451.4   50383.1    6592.2 -0.7147  0.4004  193895.4  209098.8  -69299.9
      205.9     119.2   74213.5   50380.4   74420.1   50264.0   74898.6   50596.3   74330.5   50588.0
   48 6     -1 -0.7207  0.4116   75234.2   43717.3    3713.3 -0.7147  0.4004  195953.1  207946.1  -72178.8
      110.7      55.6   75110.4   43723.9   75151.4   43700.5   75567.1   43921.0   75165.6   43820.4
   49 6      0 -0.7220  0.4104   73165.5   49081.6    2866.0 -0.7147  0.4004  196558.7  207606.9  -73026.0
       75.6      20.6   73089.6   49101.1   73069.5   49112.5   73450.7   49272.6   73109.9   49136.9
vertex track :        117   3  50    5583003 -0.3049  3.0754  199586.6  208474.2     404.3     0  1380.9
   47 6     -2  0.4509  3.3080   79687.3   70974.4    6073.5 -0.2690  2.9670  196171.0  225161.1  -69802.2
      836.6      89.7   79711.4   71815.4   79580.2   70852.3   79873.6   70346.7   79889.1   71791.2
   48 6     -1 -0.1142  3.4450   77357.0   63656.9    3063.7 -0.2690  2.9670  196980.7  216231.0  -72812.0
      420.0      36.8   77306.4   64075.5   77310.2   63959.3   77617.6   63451.8   77379.9   64077.9
   49 6      0 -0.4139  2.9683   82276.3   64833.5    2278.4 -0.2690  2.9670  197192.0  213900.8  -73597.4
      316.0      14.0   82218.8   65144.6   82219.2   65141.9   82543.4   64735.4   82246.5   65148.5
