groupid:    295, ntrk:  2
vertex track :          0   3  75    6999937 -0.1278 -0.0630  176367.6  170754.6     189.0    13  2365.9
   76 6      1 -0.1274 -0.0636   58210.9   16835.7   -2863.2 -0.1298 -0.0640  176705.8  173436.7 -125028.7
       16.7       2.3   58197.0   16826.2   58200.1   16827.7   58434.7   17055.2   58194.9   16830.4
   77 6      2 -0.1277 -0.0629   56755.8   15294.9   -3718.0 -0.1298 -0.0640  176816.7  173491.4 -125883.5
       20.7       5.3   56739.6   15280.9   56749.9   15286.0   56981.9   15518.8   56734.9   15290.5
   78 6      3 -0.1273 -0.0642   55132.3   14855.4   -6584.3 -0.1298 -0.0640  177188.8  173674.7 -128749.8
       34.2      10.5   55106.5   14830.7   55140.8   14848.0   55368.0   15090.1   55097.1   14849.4
vertex track :        108   3  76    5891169  0.8889 -0.3114  174304.4  173405.9     380.1  2212   485.5
   73 6     -2  0.8916 -0.3068   58606.3   13178.4    6586.6  0.8927 -0.3202  179689.4  172024.6 -118175.3
      277.3     167.1   58922.9   13246.1   58585.7   13362.2   58500.6   13320.3   58814.1   12930.1
   74 6     -1  0.8899 -0.3113   59278.8   14759.9    3716.5  0.8927 -0.3202  177127.1  172943.5 -121045.5
      144.4      78.3   59441.0   14786.1   59355.3   14816.1   59327.6   14943.3   59389.2   14638.3
   75 6      0  0.8887 -0.3164   56673.6   15259.8    2865.1  0.8927 -0.3202  176367.0  173216.1 -121896.9
       90.2      28.9   56768.3   15256.8   56785.0   15250.9   56789.8   15472.5   56748.9   15202.3
