groupid:   2926, ntrk:  3
vertex track :          0   3  49    5310897 -0.1628 -0.8372  178327.0  199439.0     202.9    13  2586.4
   50 6      1 -0.1571 -0.8384   62605.4   48884.0   -2868.1 -0.1626 -0.8380  180193.6  206056.8  -76275.3
       82.6       6.2   62596.3   48801.6   62593.8   48788.0   62824.4   49175.5   62584.1   48803.9
   51 6      2 -0.1548 -0.8383   60054.2   46429.9   -3719.6 -0.1626 -0.8380  180332.0  206770.4  -77126.9
       97.7      10.0   60046.3   46331.9   60049.3   46348.1   60272.0   46737.0   60026.7   46335.6
   52 6      3 -0.1569 -0.8416   63970.4   52273.6   -6589.5 -0.1626 -0.8380  180798.7  209175.3  -79996.7
      153.3      18.6   63960.6   52119.5   63983.8   52244.1   64190.1   52636.8   63924.1   52126.3
vertex track :         39   3  49    6008821  0.2819  2.6467  178642.5  201856.3     201.6   211     nan
   50 6      1  0.2180  2.4851   52735.5   35877.1   -2206.5  0.2669  2.6078  179357.9  199608.7  -75604.3
        nan       nan      -nan       nan       nan       nan       nan       nan       nan       nan
   51 6      2  0.0326  2.4529   52691.7   35823.1   -3024.7  0.2669  2.6078  179139.6  197475.0  -76422.6
        nan       nan      -nan       nan       nan       nan       nan       nan       nan       nan
   52 6      3  0.0652  2.7786   49471.2   27793.7   -5810.9  0.2669  2.6078  178396.1  190209.3  -79208.7
        nan       nan      -nan       nan       nan       nan       nan       nan       nan       nan
vertex track :         45   3  49    6009923 -0.7738  1.0590  177231.1  202938.2     205.4   211     nan
   50 6      1 -0.7796  1.0534   62792.6   48286.7   -2872.3 -0.7825  1.0560  180987.3  203726.6  -76273.9
        nan       nan      -nan       nan       nan       nan       nan       nan       nan       nan
   51 6      2 -0.7841  1.0530   60807.8   44259.7   -3712.3 -0.7825  1.0560  181644.7  202839.5  -77114.0
        nan       nan      -nan       nan       nan       nan       nan       nan       nan       nan
   52 6      3 -0.7775  1.0459   66524.1   44627.4   -6592.1 -0.7825  1.0560  183898.0  199798.4  -79993.8
        nan       nan      -nan       nan       nan       nan       nan       nan       nan       nan
