groupid:   3045, ntrk:  3
vertex track :          0   3  25    2423257 -0.1232  0.3922  117203.5  117198.9     271.2    13  1778.0
   26 3      1 -0.1244  0.3919  115451.5   36898.0   -2867.4 -0.1183  0.3879  115097.5  117640.1  -32140.5
       41.7       4.6  115434.6   36936.4  115433.7   36939.2  115678.4   37070.0  115443.3   36939.1
   27 3      2 -0.1216  0.3926  117192.6   38511.6   -3719.5 -0.1183  0.3879  115198.3  117309.5  -32992.6
       49.9       8.8  117169.4   38556.7  117173.4   38543.8  117425.7   38677.0  117186.3   38561.9
   28 3      3 -0.1236  0.3915  116659.0   34878.4   -6586.5 -0.1183  0.3879  115537.5  116197.5  -35859.5
       78.9      16.9  116619.1   34948.6  116640.7   34880.3  116908.7   35018.6  116651.3   34958.7
vertex track :         15   3  25    2443139  0.3370  2.8950  118154.3  121190.4     275.7   211   629.2
   26 3      1  0.4495  2.7734  118198.4   37751.8   -2771.4  0.3444  2.8702  114635.1  114094.5  -32043.7
      432.2      45.9  118222.2   38185.8  118178.4   37915.0  118385.0   37530.6  118312.8   38171.1
   27 3      2  0.3417  2.8965  119322.7   33024.3   -3600.9  0.3444  2.8702  114349.4  111713.7  -32873.2
      606.0     110.6  119283.9   33639.1  119213.6   33043.7  119571.9   32622.4  119503.6   33613.2
   28 3      3  0.3867  3.1969  118605.4   25554.4   -6489.9  0.3444  2.8702  113354.5  103421.8  -35762.2
     1078.5     220.3  118516.1   26651.5  118338.3   25181.6  118905.0   24670.5  118953.6   26598.6
vertex track :         36   3  25    2639402 -0.2206 -0.1860  117154.9  116895.5     271.0   211   412.1
   26 3      1 -0.2202 -0.1860  115672.5   38190.8   -2868.5 -0.2169 -0.1884  115357.8  119146.2  -32141.9
       33.2      13.8  115656.0   38158.8  115660.6   38162.6  115898.8   38432.5  115638.2   38179.8
   27 3      2 -0.2215 -0.1848  117500.0   40284.5   -3718.0 -0.2169 -0.1884  115542.0  119306.3  -32991.4
       49.9      33.6  117483.2   40226.7  117513.3   40251.8  117726.6   40552.0  117440.1   40278.3
   28 3      3 -0.2204 -0.1851  117232.1   38340.8   -6587.6 -0.2169 -0.1884  116164.4  119846.9  -35861.0
       88.8      66.0  117206.6   38233.2  117296.3   38308.5  117467.5   38658.2  117121.7   38334.2
