groupid:   3242, ntrk:  2
vertex track :          0   3 117     312777  0.0692 -0.1314  125231.6   81534.3     185.7    13  2817.3
  118 2      1  0.0692 -0.1315    5755.9   83053.0   -2867.2  0.0675 -0.1339  124181.3   84490.0 -203025.0
       17.1       2.1    5765.7   83038.8    5764.4   83041.4    5956.2   83276.9    5762.0   83036.9
  119 2      2  0.0695 -0.1312    4600.5   81869.4   -3718.1  0.0675 -0.1339  124123.8   84604.0 -203875.9
       21.0       4.6    4614.3   81853.0    4609.3   81862.5    4796.7   82095.7    4606.3   81848.7
  120 1      3  0.0696 -0.1307  121546.4   80531.5   -6585.8  0.0675 -0.1339  123930.2   84988.0 -206743.6
       34.4       8.9  121570.4   80505.3  121552.8   80538.5  121732.5   80767.4  121554.7   80496.9
vertex track :        146   3 118     560028 -0.2659 -0.6419  126362.9   84169.9     262.1   211   250.3
  115 1     -2 -0.2632 -0.6417  121943.3   77249.5    6587.8 -0.2679 -0.6456  122889.9   81043.0 -196557.3
      203.1     137.4  121993.4   77009.4  122092.3   77250.5  122103.0   77698.9  121739.1   77113.7
  116 2     -1 -0.2658 -0.6417    5682.6   79288.3    3718.4 -0.2679 -0.6456  123658.7   82895.4 -199426.7
      107.4      65.5    5702.0   79164.0    5728.4   79227.7    5872.9   79622.0    5581.0   79214.1
  117 1      0 -0.2640 -0.6429  124662.2   80709.7    2870.2 -0.2679 -0.6456  123886.0   83443.0 -200274.9
       67.8      24.7  124659.3   80637.6  124655.4   80628.1  124874.9   80991.2  124613.6   80656.3
