groupid:   3444, ntrk:  5
vertex track :          0   3 101    2904481  0.4754 -0.0298   86907.9  125564.2     281.0    13   925.3
  102 3      1  0.4748 -0.0258   83643.1   45414.0   -2867.6  0.4837 -0.0323   82987.4  126935.6 -173117.1
       48.6       7.4   83692.0   45418.8   83694.8   45418.7   83804.7   45619.2   83691.2   45404.0
  103 3      2  0.4744 -0.0299   83488.9   47474.3   -3718.7  0.4837 -0.0323   82575.8  126963.1 -173968.2
       59.4      16.4   83549.2   47486.9   83530.3   47488.1   83639.1   47671.7   83547.1   47454.3
  104 3      3  0.4757 -0.0318   84528.2   46781.9   -6584.1  0.4837 -0.0323   81189.8  127055.6 -176833.7
       95.2      31.8   84625.3   46807.2   84535.3   46813.3   84641.6   46966.5   84621.1   46743.8
vertex track :         84   3 101    3811253 -2.1069 -0.9239   86074.5  125274.3     282.4  2212   821.7
  102 3      1 -2.0992 -1.0612   94067.6   55477.4   -3160.1 -2.0991 -0.9183   90897.9  129705.6 -173408.0
      329.4      46.0   93794.4   55287.8   93941.5   55362.2   94548.8   55876.0   93752.9   55369.8
  103 3      2 -1.9242 -0.9154   95298.7   52906.6   -3986.8 -2.0991 -0.9183   92633.3  130464.7 -174234.7
      453.6     105.2   94934.2   52616.8   95349.5   52814.3   95871.3   53405.6   94843.9   52806.7
  104 3      3 -2.2017 -0.9375  101623.9   52203.1   -6366.4 -2.0991 -0.9183   97628.3  132649.9 -176614.4
      718.8     184.2  101034.7   51752.0  101895.0   52118.4  102420.9   52863.2  100890.4   52090.9
vertex track :        133   3 102    2460671 -2.5524 -1.5514   85868.5  123561.3     168.6     0  1423.1
   99 3     -2 -2.5910 -1.5032   70197.9   37822.3    6587.6 -2.5563 -1.5171   69542.9  118616.3 -166719.1
      885.3      95.9   69480.3   37295.1   70467.6   37867.9   71122.9   38558.0   69384.0   37461.0
  100 3     -1 -2.5521 -1.5554   75538.7   41226.6    3717.2 -2.5563 -1.5171   76880.4  122970.9 -169589.6
      505.6      46.8   75131.3   40923.5   75458.9   41123.1   76153.5   41738.2   75082.5   41003.5
  101 3      0 -2.5864 -1.4935   80777.6   44882.4    2867.8 -2.5563 -1.5171   79051.6  124259.5 -170438.9
      391.1      20.3   80449.1   44669.3   80583.3   44746.8   81313.6   45304.0   80428.8   44704.4
vertex track :        164   3 102    3114062  1.3121 -2.5913   81255.7  127210.0     177.7   211     nan
   99 3     -2  1.4004 -2.5989   88933.2   27874.8    7228.9  1.3212 -2.6445   90653.1  113411.6 -166057.0
        nan       nan      -nan       nan       nan       nan       nan       nan       nan       nan
  100 3     -1  1.2481 -2.6034   86880.0   38730.4    4013.9  1.3212 -2.6445   86405.5  121913.5 -169272.0
        nan       nan      -nan       nan       nan       nan       nan       nan       nan       nan
  101 3      0  1.2496 -2.6184   84236.3   38119.1    3176.8  1.3212 -2.6445   85299.6  124127.1 -170109.0
        nan       nan      -nan       nan       nan       nan       nan       nan       nan       nan
vertex track :        191   3 102    3349993 -3.5724 -2.7127   90314.1  127061.9     168.4   211     nan
   99 3     -2 -3.6388 -2.6323   67308.3   33082.6    6591.4 -3.5771 -2.6553   67478.1  114758.8 -166727.3
        nan       nan      -nan       nan       nan       nan       nan       nan       nan       nan
  100 3     -1 -3.5675 -2.7206   75898.5   40071.3    3719.5 -3.5771 -2.6553   77751.5  122384.6 -169599.2
        nan       nan      -nan       nan       nan       nan       nan       nan       nan       nan
  101 3      0 -3.6297 -2.6319   82011.0   44647.1    2868.2 -3.5771 -2.6553   80796.7  124645.1 -170450.5
        nan       nan      -nan       nan       nan       nan       nan       nan       nan       nan
