groupid:   3583, ntrk:  2
vertex track :          0   3  29    4435768  0.3811  0.5812   86568.6  203817.9     151.5    13   170.4
   30 5      1  0.3844  0.5787   86263.4   49400.5   -2867.1  0.3875  0.5666   84668.9  205983.1  -38814.9
       85.8      44.9   86273.5   49496.8   86259.3   49475.5   86463.8   49514.8   86348.3   49447.1
   31 5      2  0.3823  0.5803   85671.2   44710.9   -3716.6  0.3875  0.5666   84339.7  205501.7  -39664.5
      157.2     112.1   85664.0   44903.8   85571.4   44763.2   85888.8   44728.6   85851.3   44780.4
   32 5      3  0.3854  0.5794   85027.0   47149.9   -6583.5  0.3875  0.5666   83228.8  203877.3  -42531.4
      297.9     223.3   85006.1   47521.6   84757.0   47147.2   85258.4   46988.8   85377.9   47274.3
vertex track :        111   3  30    5557680  0.3170  0.5521   87673.3  205287.8     323.0   211   141.2
   27 5     -2  0.3178  0.5515   90115.9   47624.2    6586.1  0.3131  0.5443   87073.1  209802.0  -31981.7
      357.1     288.0   90044.6   48077.4   89754.8   47574.4   90397.5   47381.5   90543.8   47789.8
   28 5     -1  0.3134  0.5559   86729.0   49141.2    3719.1  0.3131  0.5443   86175.3  208241.6  -34848.7
      174.0     136.1   86695.9   49359.7   86590.8   49173.2   86972.4   49133.3   86933.0   49226.0
   29 5      0  0.3117  0.5556   86427.2   49135.1    2868.6  0.3131  0.5443   85909.0  207778.7  -35699.2
       81.1      50.3   86423.0   49230.5   86409.1   49205.6   86641.7   49250.3   86510.8   49181.3
