groupid:   4009, ntrk:  3
vertex track :          0   3  59    2327588 -0.3020 -0.1859   47550.9  153348.4     342.6    13  1668.5
   60 3      1 -0.3011 -0.1876   49372.6   76801.0   -2869.9 -0.3041 -0.1890   45347.8  157640.7  -94597.8
       37.0       4.5   49343.6   76777.6   49343.2   76777.4   49611.4   77034.2   49338.9   76785.2
   61 3      2 -0.3041 -0.1819   51604.3   80109.9   -3718.6 -0.3041 -0.1890   45605.9  157801.1  -95446.5
       44.4       9.0   51570.8   80079.4   51583.1   80086.8   51847.4   80350.2   51561.5   80094.8
   62 3      3 -0.3009 -0.1882   47131.0   77109.3   -6586.0 -0.3041 -0.1890   46477.7  158342.9  -98313.9
       70.3      17.2   47080.5   77057.4   47136.5   77092.5   47391.2   77370.9   47062.3   77086.6
vertex track :         34   3  59    2725876 -0.3954  2.7053   47604.3  162653.6     351.2     0  1607.7
   60 3      1 -0.5333  2.7476   46493.3   77828.4   -3172.1 -0.3979  2.7187   45851.2  156811.5  -94900.1
      420.2      23.3   46390.3   78236.5   46438.4   77988.5   46805.7   77633.2   46436.1   78245.3
   61 3      2 -0.3599  2.6189   43609.0   73797.3   -3996.1 -0.3979  2.7187   46179.1  154571.4  -95724.1
      516.1      46.9   43492.3   74302.1   43557.3   73829.6   43935.4   73505.0   43585.2   74314.9
   62 3      3 -0.2937  2.8396   50670.6   63923.2   -6547.1 -0.3979  2.7187   47194.0  147635.9  -98275.1
      800.7      83.0   50505.7   64711.1   50608.8   63714.5   51045.2   63348.1   50670.8   64728.2
vertex track :        158   3  60    3246928  3.5554 -0.7168   48270.1  153903.8     239.7     0 10001.0
   57 3     -2  3.5407 -0.7481   70972.8   70831.5    6585.8  3.6183 -0.7000   66242.9  153291.0  -88216.9
     1161.9      35.5   72116.9   70626.0   70586.9   70949.3   70042.3   71246.3   72102.3   70556.7
   58 3     -1  3.5668 -0.6555   58138.9   70213.6    3720.9  3.6183 -0.7000   55876.9  155296.6  -91081.9
      662.6      18.9   58794.0   70112.5   58239.7   70214.3   57697.4   70524.1   58787.2   70075.3
   59 3      0  3.5590 -0.6946   57997.3   72502.6    2867.5  3.6183 -0.7000   52788.9  155894.0  -91935.3
      519.7      13.3   58510.0   72416.1   58237.1   72469.3   57698.2   72798.5   58504.9   72390.1
