groupid:   4289, ntrk:  4
vertex track :          0   3  45    2571972 -0.0288 -0.1561   57256.9  160436.6     332.5    13 10000.6
   46 3      1 -0.0303 -0.1561   57442.7   83301.0   -2869.7 -0.0303 -0.1603   56470.5  163437.1  -68872.9
       18.5       1.4   57440.6   83282.6   57441.3   83286.0   57654.8   83529.2   57437.8   83283.1
   47 3      2 -0.0303 -0.1561   57791.5   83525.1   -3720.2 -0.0303 -0.1603   56496.3  163573.5  -69723.5
       22.2       2.1   57789.3   83502.9   57791.4   83513.6   58003.6   83757.1   57785.2   83503.7
   48 3      3 -0.0316 -0.1557   57330.3   83299.6   -6586.0 -0.0303 -0.1603   56583.1  164032.9  -72589.2
       35.5       3.8   57327.0   83264.1   57334.5   83301.0   57543.7   83545.0   57319.6   83265.6
vertex track :         65   3  46    2531461 -1.9544 -0.9108   59118.3  161570.6     219.3     0  2169.5
   43 3     -2 -1.9767 -0.8654   52037.9   79465.3    6584.7 -1.9736 -0.9174   45958.5  158321.9  -61810.0
      488.6      44.1   51608.1   79229.0   52088.1   79439.1   52675.9   79910.7   51572.7   79309.7
   44 3     -1 -1.9625 -0.9019   53873.6   80116.8    3714.9 -1.9736 -0.9174   51622.5  160954.7  -64679.8
      288.2      21.9   53620.8   79976.6   53732.5   80027.9   54334.4   80466.1   53602.6   80016.3
   45 3      0 -1.9578 -0.9077   54368.7   81396.6    2868.8 -1.9736 -0.9174   53292.3  161730.9  -65525.9
      232.4      11.2   54162.6   81288.7   54173.1   81293.5   54782.9   81713.6   54153.2   81309.0
vertex track :         76   3  46    2533101  1.7773  0.6234   53569.6  159202.8     227.4     0  4359.7
   43 3     -2  1.7489  0.5007   62773.1   85185.8    6277.0  1.7681  0.6286   63652.5  165573.8  -62140.6
      376.2      23.8   63128.3   85312.2   62772.1   85210.3   62629.7   85269.8   63141.4   85266.4
   44 3     -1  1.8653  0.6170   58950.3   85360.5    3327.4  1.7681  0.6286   58437.5  163719.6  -65090.1
      215.7      11.6   59151.4   85439.2   59133.6   85433.3   58961.0   85492.4   59158.7   85417.3
   45 3      0  1.7421  0.5876   57204.1   83302.7    2494.9  1.7681  0.6286   56965.5  163196.3  -65922.7
      175.3       7.3   57367.9   83365.6   57401.4   83377.0   57252.0   83450.4   57372.5   83351.9
vertex track :        108   3  46    4711063 -1.7501 -2.1842   59891.2  164076.9     153.7   211     nan
   43 3     -2 -1.7927 -2.1420   54039.8   73941.9    6580.0 -1.7649 -2.1954   47960.3  152572.9  -61751.8
        nan       nan      -nan       nan       nan       nan       nan       nan       nan       nan
   44 3     -1 -1.7669 -2.1776   55334.1   78411.5    3717.5 -1.7649 -2.1954   53012.4  158857.3  -64614.3
        nan       nan      -nan       nan       nan       nan       nan       nan       nan       nan
   45 3      0 -1.7533 -2.1840   55654.1   80738.8    2870.7 -1.7649 -2.1954   54507.0  160716.5  -65461.1
        nan       nan      -nan       nan       nan       nan       nan       nan       nan       nan
