groupid:   4283, ntrk:  2
vertex track :          0   3  43    3665264 -0.0163  0.2980  143524.0  163672.0     450.1    13   640.6
   44 4      1 -0.0182  0.2980   20444.0   83152.4   -2866.9 -0.0155  0.2960  139290.4  164196.3  -65282.6
       33.5       9.4   20432.6   83185.3   20432.8   83180.9   20665.3   83329.8   20451.3   83186.4
   45 4      2 -0.0165  0.2986   19135.9   85721.8   -3717.3 -0.0155  0.2960  139303.5  163944.6  -66133.0
       44.3      22.0   19111.5   85764.9   19113.0   85739.1   19370.3   85889.1   19155.4   85767.3
   46 4      3 -0.0150  0.2988   19681.8   83843.7   -6579.6 -0.0155  0.2960  139347.8  163097.3  -68995.3
       73.7      42.2   19636.0   83915.2   19640.2   83830.7   19937.6   83982.5   19720.2   83919.5
vertex track :         50   3  43    4368925  0.8242 -1.1525  144174.9  162686.8     447.3  2212   628.5
   44 6      1  0.7400 -1.0858   24148.1   12918.7   -2835.3  0.8324 -1.1863  137158.7  168070.6  -65254.2
      165.8      37.9   24272.8   12803.0   24241.5   12849.0   24234.2   13243.2   24210.2   12760.3
   45 6      2  0.8347 -1.0947   23531.4    8663.5   -3664.0  0.8324 -1.1863  136468.9  169053.6  -66082.9
      237.0      89.2   23746.1    8529.1   23633.9    8676.2   23527.6    9006.7   23604.2    8420.9
   46 6      3  0.7136 -1.1130   23424.3   10353.5   -6248.7  0.8324 -1.1863  134317.3  172119.9  -68667.6
      393.7     164.5   23775.3   10110.9   23500.2   10540.0   23284.0   10805.0   23498.2    9933.3
