groupid:   4376, ntrk:  2
vertex track :          0   3  31    3423482  0.0794  0.0507  202511.3  148712.9     202.7    13  1286.0
   32 4      1  0.0790  0.0512   81237.3   74555.4   -2866.8  0.0827  0.0466  200543.7  152564.4  -42569.6
       14.0       3.9   81247.0   74566.2   81240.1   74561.7   81437.7   74754.5   81251.2   74559.7
   33 4      2  0.0787  0.0516   83685.4   70996.3   -3715.7  0.0827  0.0466  200473.5  152524.9  -43418.5
       19.1       9.5   83696.2   71014.7   83680.7   71004.6   83884.6   71187.9   83706.6   70998.9
   34 4      3  0.0787  0.0519   79736.1   70683.1   -6578.3  0.0827  0.0466  200236.8  152391.6  -46281.2
       33.4      18.7   79753.7   70717.1   79714.5   70691.3   79928.6   70859.2   79774.3   70685.9
vertex track :         12   3  31    3611521 -0.5823 -0.3198  202188.4  148531.3     201.5  2212   425.4
   32 4      1 -0.5750 -0.3602   82632.8   75241.6   -2637.8 -0.5805 -0.3281  202121.9  153455.2  -42339.3
       74.4      35.6   82588.6   75172.0   82594.0   75175.3   82886.4   75521.0   82550.8   75232.3
   33 4      2 -0.6036 -0.3158   81577.5   70239.3   -3470.1 -0.5805 -0.3281  202605.0  153728.3  -43171.7
      130.2      90.5   81504.1   70098.7   81608.0   70153.1   81860.2   70589.5   81420.1   70259.1
   34 4      3 -0.6386 -0.3804   87057.1   76078.9   -6798.5 -0.5805 -0.3281  204537.1  154820.3  -46500.1
      268.3     199.8   86928.8   75770.0   87255.7   75964.7   87394.7   76597.4   86724.4   76113.2
