groupid:   4341, ntrk:  2
vertex track :          0   3 103     323481  0.1382  0.4909   98569.6   79141.9     261.2    13  4045.1
  104 1      1  0.1324  0.4933   99096.9   79836.7   -2865.9  0.1391  0.5021   97310.7   80720.7 -177246.9
       50.8       4.3   99105.9   79886.9   99107.4   79892.4   99298.0   79997.1   99114.2   79884.7
  105 1      2  0.1314  0.4901   97591.1   77224.3   -3715.2  0.1391  0.5021   97192.6   80294.3 -178096.1
       60.0       6.3   97600.7   77283.9   97597.2   77270.8   97791.8   77375.1   97612.7   77280.7
  106 1      3  0.1320  0.4940   98808.8   78102.8   -6583.9  0.1391  0.5021   96793.7   78854.1 -180964.8
       94.1      11.3   98822.2   78196.6   98801.3   78118.5   99005.6   78219.4   98844.0   78190.8
vertex track :         38   3 103    1465301 -1.2999 -3.7692   96761.9   73351.8     256.6     0   926.9
  104 1      1 -1.4018 -3.9404   98729.7   83537.1   -2429.6 -1.2681 -3.8488   99380.7   86701.9 -176801.9
      641.2      41.6   98554.0   82919.1   98689.4   83299.9   99114.0   84361.3   98475.6   82946.9
  105 3      2 -1.2516 -3.8195  100955.7    9542.2   -3258.5 -1.2681 -3.8488  100431.9   89892.2 -177630.8
      892.4     104.1  100776.8    8661.7  101069.7    9555.7  101343.4   10628.9  100578.9    8726.5
  106 3      3 -1.2528 -3.6127  103238.2   18420.9   -5694.0 -1.2681 -3.8488  103520.4   99265.9 -180066.3
     1523.5     199.2  102927.2   16916.2  103662.5   19036.4  103757.9   20132.0  102550.9   17046.7
