groupid:    450, ntrk:  6
vertex track :          0   3  95    5077703 -0.0786 -0.1852   62421.2  194929.1     160.8    13  6594.5
   96 5      1 -0.0789 -0.1854   62485.9   41942.7   -2868.0 -0.0789 -0.1853   61812.4  199975.5 -161687.3
       21.5       1.7   62479.1   41922.2   62479.4   41922.8   62702.7   42172.9   62475.9   41923.6
   97 5      2 -0.0780 -0.1859   59694.5   39916.7   -3718.3 -0.0789 -0.1853   61879.4  200133.1 -162537.6
       25.8       2.7   59687.0   39891.8   59690.6   39900.5   59911.9   40151.4   59682.0   39894.0
   98 5      3 -0.0791 -0.1858   64185.8   43182.4   -6587.5 -0.0789 -0.1853   62105.7  200664.8 -165406.8
       41.6       5.1   64174.2   43142.2   64190.1   43179.7   64407.3   43432.5   64164.8   43146.2
vertex track :          3   3  95    4856848 -0.3757  0.2479   62279.8  195139.4     159.0     0   752.0
   96 5      1 -0.3662  0.2864   63902.8   37550.8   -2636.1 -0.3768  0.2477   62484.7  198932.1 -161453.5
       42.8       7.4   63864.5   37571.4   63855.1   37578.8   64150.7   37740.5   63873.6   37583.0
   97 5      2 -0.3143  0.2833   64449.7   37159.3   -3446.8 -0.3768  0.2477   62790.2  198731.3 -162264.2
       53.2      17.5   64398.4   37181.9   64411.4   37170.1   64710.6   37347.0   64421.9   37207.9
   98 5      3 -0.3934  0.2377   62860.5   35680.8   -6233.1 -0.3768  0.2477   63840.1  198041.2 -165050.5
       87.6      35.3   62767.2   35695.9   62834.5   35655.2   63163.3   35876.0   62803.8   35756.4
vertex track :         47   3  95    5520905 -1.1067 -1.6533   59935.2  191785.0     160.8   211   513.6
   96 5      1 -1.1098 -1.6494   62709.9   42664.7   -2866.9 -1.1174 -1.6559   62442.8  201272.8 -161683.1
      239.4      34.2   62604.7   42447.0   62639.0   42497.9   63024.1   43090.8   62547.9   42485.2
   97 5      2 -1.1016 -1.6574   60745.2   41838.3   -3717.4 -1.1174 -1.6559   63393.1  202681.1 -162533.6
      331.2      83.2   60631.2   41516.3   60766.6   41720.0   61068.1   42368.5   60492.5   41608.5
   98 5      3 -1.1032 -1.6495   68059.3   49119.8   -6588.8 -1.1174 -1.6559   66601.7  207435.7 -165405.0
      578.7     165.3   67875.0   48547.0   68286.8   49162.5   68452.5   49901.1   67600.2   48730.8
vertex track :         50   3  95    5521688 -4.2995  0.0997   52804.7  195378.2     174.9     0  3217.1
   96 5      1 -4.2387  0.1700   65688.9   38199.4   -2630.7 -4.3096  0.1173   63978.2  199520.5 -161455.7
      736.9      20.7   64951.7   38208.3   65534.2   38184.9   66631.8   38400.7   64953.4   38249.6
   97 5      2 -4.4057  0.3260   69282.0   37803.1   -3433.7 -4.3096  0.1173   67438.9  199426.3 -162258.7
      933.4      39.3   68348.3   37832.8   69284.7   37763.5   70421.3   37983.8   68354.1   37911.2
   98 5      3 -4.6399 -0.0122   79466.1   36643.7   -6207.8 -4.3096  0.1173   79394.1  199101.0 -165032.8
     1613.9      76.9   77852.4   36562.6   80105.8   36568.5   81285.1   36934.9   77852.0   36716.4
vertex track :        149   3  96    5554262 -3.0974 -2.7868   69195.3  202410.7     333.0   211     nan
   93 5     -2 -3.0921 -2.7909   47968.2   27750.2    6586.2 -3.1399 -2.7630   48993.7  187851.5 -155041.7
        nan       nan      -nan       nan       nan       nan       nan       nan       nan       nan
   94 5     -1 -3.0883 -2.7890   60292.5   34984.2    3719.7 -3.1399 -2.7630   57994.5  195771.8 -157908.2
        nan       nan      -nan       nan       nan       nan       nan       nan       nan       nan
   95 5      0 -3.0939 -2.7890   61056.7   38731.9    2869.4 -3.1399 -2.7630   60664.5  198121.3 -158758.6
        nan       nan      -nan       nan       nan       nan       nan       nan       nan       nan
vertex track :        150   3  96    5555652  0.5939 -3.7159   61362.7  202052.8     338.7   211   569.1
   93 5     -2  0.6364 -3.5734   67872.5   24968.3    6305.2  0.5885 -3.7151   64252.3  182656.5 -155341.2
     1655.0     302.8   68460.8   23392.1   68014.1   25900.3   67494.8   26751.0   67864.5   23285.9
   94 5     -1  0.6776 -3.7418   60686.6   29462.0    3464.8  0.5885 -3.7151   62580.8  193208.8 -158181.6
      835.1     138.3   60971.5   28665.0   60816.2   29522.6   60612.4   30465.3   60699.3   28615.7
   95 5      0  0.5286 -3.8814   62515.2   38430.1    2642.8  0.5885 -3.7151   62097.1  196262.6 -159003.6
      531.8      50.3   62636.7   37909.9   62604.2   38148.7   62604.1   39156.3   62537.1   37896.4
