groupid:   4716, ntrk:  7
vertex track :          0   3  45    5530261 -0.1507 -0.1283  194779.0  201482.6     394.5    13  1138.6
   46 6      1 -0.1517 -0.1271   75783.1   39964.9   -2868.1 -0.1536 -0.1327  195111.2  202693.3  -68598.4
       22.9       5.0   75768.8   39946.4   75771.9   39949.0   76007.2   40193.3   75762.3   39954.1
   47 6      2 -0.1508 -0.1282   75840.4   44193.4   -3717.3 -0.1536 -0.1327  195241.7  202806.0  -69447.7
       29.1      11.7   75825.8   44165.7   75838.5   44176.5   76064.9   44431.0   75810.7   44183.5
   48 6      3 -0.1520 -0.1266   74765.1   39204.5   -6586.2 -0.1536 -0.1327  195682.5  203186.7  -72316.5
       47.9      22.6   74742.8   39156.5   74784.5   39191.2   74997.4   39462.4   74713.9   39191.2
vertex track :          2   3  45    5308648  0.4063  0.5311  196617.3  203418.5     394.5   211     nan
   46 6      1  0.4967  0.6346   77314.9   40252.9   -2872.0  0.4109  0.5026  195134.3  202487.7  -68584.0
        nan       nan      -nan       nan       nan       nan       nan       nan       nan       nan
   47 6      2  0.4264  0.5035   75765.0   42063.9   -3691.2  0.4109  0.5026  194797.7  202076.0  -69403.2
        nan       nan      -nan       nan       nan       nan       nan       nan       nan       nan
   48 6      3  0.4206  0.5667   71612.9   41687.6   -6887.8  0.4109  0.5026  193484.1  200469.5  -72599.9
        nan       nan      -nan       nan       nan       nan       nan       nan       nan       nan
vertex track :         32   3  45    5985435 -2.6797  0.7690  191706.7  202484.6     395.9   211     nan
   46 6      1 -2.6708  0.7956   79928.3   38363.8   -2874.5 -2.6680  0.7781  200262.8  200740.5  -68599.2
        nan       nan      -nan       nan       nan       nan       nan       nan       nan       nan
   47 6      2 -2.6787  0.7856   82093.5   41866.0   -3715.4 -2.6680  0.7781  202506.5  200086.2  -69440.2
        nan       nan      -nan       nan       nan       nan       nan       nan       nan       nan
   48 6      3 -2.6660  0.8030   88677.9   33835.5   -6582.0 -2.6680  0.7781  210154.4  197855.8  -72306.7
        nan       nan      -nan       nan       nan       nan       nan       nan       nan       nan
vertex track :         94   3  46    5721922  1.5289  2.9880  193006.4  196631.5     162.9   211   360.0
   43 6     -2  1.5423  2.9897   87951.7   60497.5    6580.3  1.5729  2.9751  202989.4  217759.0  -61893.6
     1908.4     460.9   88417.0   62404.8   86991.1   59640.7   87698.0   58803.2   89236.3   61982.2
   44 6     -1  1.5416  2.9861   79890.6   51650.8    3700.7  1.5729  2.9751  198460.2  209192.0  -64773.2
      972.8     221.8   80139.8   52616.9   79571.1   51515.2   79853.0   50897.7   80533.9   52413.5
   45 6      0  1.5170  2.9979   77222.1   46654.1    2868.3  1.5729  2.9751  197150.9  206715.5  -65605.6
      554.0      85.4   77396.1   47187.0   77214.3   46827.9   77259.7   46334.2   77548.5   47109.9
vertex track :        125   3  46    6153351 -0.2619  3.8631  195221.4  197149.4     160.7   211     nan
   43 6     -2  0.3786  4.1902   70456.8   65325.6    6657.0 -0.2427  3.8444  193552.8  224135.0  -61823.4
        nan       nan      -nan       nan       nan       nan       nan       nan       nan       nan
   44 6     -1 -0.2669  4.0974   73029.2   58059.1    3747.9 -0.2427  3.8444  194258.9  212951.2  -64732.5
        nan       nan      -nan       nan       nan       nan       nan       nan       nan       nan
   45 6      0 -0.0544  3.8212   73055.9   48816.1    2918.8 -0.2427  3.8444  194460.1  209763.5  -65561.7
        nan       nan      -nan       nan       nan       nan       nan       nan       nan       nan
vertex track :        128   3  46    6154476 -0.7324  4.2358  196381.8  192323.1     159.0     0  4829.9
   43 6     -2 -0.7093  4.2434   76380.1   64676.8    6579.6 -0.7160  4.2138  191678.4  221425.6  -61897.3
     1606.3      58.3   76057.8   66251.5   76438.5   63974.1   76911.7   63316.4   76172.8   66270.7
   44 6     -1 -0.7085  4.2521   74789.9   51999.0    3723.2 -0.7160  4.2138  193723.5  209389.6  -64753.6
      915.5      29.9   74609.9   52897.2   74762.1   51984.0   75179.2   51315.1   74668.9   52907.0
   45 6      0 -0.7515  4.2354   74030.5   45977.4    2861.8 -0.7160  4.2138  194340.3  205759.7  -65615.1
      711.5      17.5   73889.0   46674.9   73979.7   46163.3   74381.2   45494.2   73923.4   46681.0
vertex track :        143   3  46    6177982  0.2971  3.1014  195228.2  201147.2     162.4   211     nan
   43 6     -2  0.3432  3.6147   74100.1   64092.2    6643.7  0.3193  3.0857  197225.1  223118.6  -61843.5
        nan       nan      -nan       nan       nan       nan       nan       nan       nan       nan
   44 6     -1  0.1508  2.9861   75137.2   59222.2    3762.5  0.3193  3.0857  196305.0  214228.1  -64724.8
        nan       nan      -nan       nan       nan       nan       nan       nan       nan       nan
   45 6      0  0.6090  2.7997   74710.5   50761.7    2937.5  0.3193  3.0857  196041.6  211682.4  -65549.8
        nan       nan      -nan       nan       nan       nan       nan       nan       nan       nan
