groupid:   4825, ntrk:  6
vertex track :          0   3 103      61193  0.2441  0.1011   57921.8   51569.5     248.3    13  1275.2
  104 1      1  0.2429  0.1042   58434.9   52677.4   -2870.3  0.2520  0.1024   56308.5   53575.5 -177040.6
       28.1       4.6   58458.9   52692.7   58458.3   52692.4   58621.1   52872.2   58462.5   52684.2
  105 1      2  0.2426  0.1047   56900.5   50338.1   -3718.6  0.2520  0.1024   56094.7   53488.5 -177888.9
       34.7      10.4   56928.2   50361.4   56915.5   50355.9   57083.0   50524.9   56936.4   50342.2
  106 1      3  0.2426  0.1043   57820.4   52136.1   -6588.7  0.2520  0.1024   55371.5   53194.5 -180759.0
       56.3      20.4   57864.1   52177.0   57811.5   52154.5   57986.9   52305.2   57880.2   52139.6
vertex track :         20   3 103     470929 -0.2892  0.3406   57060.6   51964.9     248.3   211   157.1
  104 1      1 -0.2955  0.3503   56087.6   50298.7   -2644.8 -0.2884  0.3349   57055.3   53311.8 -176808.6
       65.0      44.8   56011.4   50319.5   56033.2   50293.6   56373.5   50488.3   56080.0   50377.3
  105 1      2 -0.2884  0.3547   57601.2   52383.3   -3476.7 -0.2884  0.3349   57295.1   53033.2 -177640.5
      134.4     113.7   57428.2   52415.8   57537.2   52281.7   57984.0   52561.1   57604.7   52559.3
  106 1      3 -0.3083  0.3464   56971.1   49335.0   -5869.9 -0.2884  0.3349   57985.2   52231.8 -180033.6
      243.4     211.4   56651.4   49376.3   56910.3   49085.4   57500.5   49504.0   56967.2   49657.3
vertex track :         48   3 103     721455 -3.8225  0.5617   51668.7   52585.6     253.7     0  1369.5
  104 1      1 -3.8344  0.5203   62844.0   52553.8   -2866.6 -3.7187  0.4987   62393.7   53283.3 -176990.8
      680.7      34.6   62164.8   52611.1   62708.7   52537.3   63729.4   52707.1   62174.1   52679.6
  105 1      2 -3.8451  0.5003   64726.3   49867.8   -3713.6 -3.7187  0.4987   65543.4   52861.0 -177837.8
      884.5      78.1   63839.2   49904.5   64785.9   49781.3   65819.6   50041.6   63859.3   50059.3
  106 1      3 -3.8380  0.4957   75144.4   50755.0   -6590.2 -3.7187  0.4987   76240.8   51426.4 -180714.5
     1518.0     152.7   73619.3   50798.0   75824.3   50513.2   76875.6   50922.5   73658.4   51100.9
vertex track :         90   3 104      53851  0.7728 -0.1798   57371.0   53239.8     234.1  2212   476.0
  101 1     -2  0.7717 -0.1744   62977.0   51989.5    6584.2  0.7843 -0.1846   60343.0   53008.3 -170205.9
      242.3     158.9   63248.4   52091.1   62937.7   52161.3   62916.3   52097.7   63178.3   51781.1
  102 1     -1  0.7749 -0.1711   58791.5   48820.2    3718.9  0.7843 -0.1846   58095.6   53537.4 -173071.3
      127.7      76.1   58932.7   48867.0   58845.9   48886.1   58861.1   48983.2   58899.9   48718.3
  103 1      0  0.7711 -0.1893   58230.9   51371.8    2866.4  0.7843 -0.1846   57426.9   53694.8 -173923.7
       79.1      28.8   58314.5   51380.9   58322.9   51378.9   58358.0   51572.4   58300.8   51324.9
vertex track :         94   3 104      54222 -2.8419 -0.3732   58764.4   52781.1     231.2     0  1198.4
  101 1     -2 -2.8535 -0.4519   39608.0   50324.9    6631.6 -2.8378 -0.3704   38603.6   51349.7 -170161.8
      836.7     106.4   38798.2   50088.9   39851.8   50255.7   40624.9   50770.4   38764.9   50299.1
  102 1     -1 -2.7661 -0.3421   49018.9   55736.8    3498.3 -2.8378 -0.3704   47495.3   52510.4 -173295.2
      444.8      47.5   48583.3   55635.1   48885.3   55672.5   49661.7   56048.2   48571.6   55729.3
  103 1      0 -2.7909 -0.4081   52456.2   52385.6    2668.7 -2.8378 -0.3704   49849.3   52817.7 -174124.7
      339.3      19.3   52123.2   52317.4   52208.6   52329.9   52996.3   52663.4   52117.6   52355.6
vertex track :        142   3 104    1131648 -0.2440  3.7084   58795.7   50228.5     229.2   211   432.9
  101 1     -2 -0.2429  3.6999   57708.7   74483.1    6586.2 -0.2394  3.6546   55276.1   74400.8 -170214.2
     2045.3     429.0   57146.6   76495.9   57363.6   73191.0   58480.5   72683.9   58002.7   76552.1
  102 1     -1 -0.2738  3.7063   56652.6   59167.0    3720.4 -0.2394  3.6546   55962.1   63927.4 -173080.0
     1049.2     205.7   56370.2   60198.2   56467.3   58883.8   57144.7   58349.5   56780.4   60228.5
  103 1      0 -0.1958  3.7180   57056.2   58593.3    2869.5 -0.2394  3.6546   56165.8   60818.0 -173930.8
      618.9      78.1   56945.6   59207.2   56969.6   58752.0   57376.5   58193.2   57101.6   59215.4
