groupid:   4924, ntrk:  2
vertex track :          0   3  23    7016655 -0.6128  0.2756  105642.3  172637.0     118.0    13   365.4
   24 5      1 -0.6141  0.2700  104170.6   18161.5   -2869.3 -0.6084  0.2730  104497.5  175979.5  -27579.6
       67.2      18.3  104101.8   18171.8  104095.8   18174.4  104448.8   18361.5  104116.5   18205.2
   25 5      2 -0.6119  0.2767  107804.7   18546.2   -3720.2 -0.6084  0.2730  105015.2  175747.2  -28430.5
       92.3      45.0  107702.0   18543.2  107741.8   18525.3  108116.7   18759.4  107739.1   18625.2
   26 5      3 -0.6128  0.2749  107511.8   15995.0   -6586.6 -0.6084  0.2730  106759.0  174964.7  -31296.8
      159.4      89.7  107329.6   15978.4  107491.8   15905.7  107903.3   16221.9  107403.1   16142.1
vertex track :         35   3  23    7014702  1.3584  0.6682  109457.6  173396.1     114.1   211     nan
   24 5      1  1.2818  0.6824  106089.7   15049.0   -3367.5  1.3495  0.6583  101775.3  175248.5  -28074.9
        nan       nan      -nan       nan       nan       nan       nan       nan       nan       nan
   25 5      2  1.3024  0.7052  104828.4   13468.4   -4173.1  1.3495  0.6583  100688.2  174718.2  -28880.5
        nan       nan      -nan       nan       nan       nan       nan       nan       nan       nan
   26 5      3  1.3392  0.6649  102221.4   13741.3   -6852.9  1.3495  0.6583   97071.8  172954.1  -31560.3
        nan       nan      -nan       nan       nan       nan       nan       nan       nan       nan
