groupid:   4906, ntrk:  4
vertex track :          0   3 117    5914905 -0.3656 -0.0259  106385.8  190722.3     119.1    13   548.7
  118 5      1 -0.3658 -0.0245  109311.4   31227.7   -2867.8 -0.3635 -0.0295  107003.7  193768.0 -202574.3
       37.6       9.9  109274.6   31215.3  109272.8   31215.2  109558.0   31450.1  109273.2   31235.1
  119 5      2 -0.3655 -0.0259  108268.0   36126.7   -3717.5 -0.3635 -0.0295  107312.5  193793.1 -203424.0
       50.0      24.2  108219.8   36099.0  108242.8   36100.6  108525.8   36364.4  108216.4   36147.3
  120 5      3 -0.3659 -0.0249  105360.7   34731.1   -6586.5 -0.3635 -0.0295  108355.3  193877.7 -206293.0
       85.3      48.3  105278.9   34677.1  105372.2   34683.4  105652.1   34995.1  105272.3   34773.5
vertex track :         11   3 117    5489760  1.9391  0.0009  106588.1  190724.5     119.1  2212   657.3
  118 5      1  1.9816  0.0957  100899.2   27440.3   -2920.9  1.9412 -0.0168  100218.7  193731.9 -202627.6
      240.7      45.0  101137.5   27496.9  101072.8   27493.8  100873.0   27593.8  101141.8   27407.0
  119 5      2  2.1168 -0.2085   99381.1   35307.0   -3744.1  1.9412 -0.0168   98620.6  193745.8 -203450.9
      356.1     109.6   99746.2   35381.1   99482.0   35407.1   99228.1   35442.6   99724.8   35163.0
  120 5      3  1.8160 -0.0354   97074.0   38311.1   -6209.7  1.9412 -0.0168   93834.5  193787.2 -205916.4
      600.2     203.0   97678.1   38502.3   96859.2   38518.3   96681.7   38329.9   97670.2   38096.5
vertex track :        202   3 118    5922184 -4.2076  0.4949  110762.1  192222.3     313.7     0  4327.8
  115 5     -2 -4.2105  0.4932   80511.3   37826.4    6582.8 -4.1438  0.4922   82948.5  196592.9 -196260.8
     1530.8      59.7   78983.9   37945.1   81140.6   37692.5   82244.5   37918.1   78997.8   38063.8
  116 5     -1 -4.2094  0.5226   96100.1   32993.2    3717.3 -4.1438  0.4922   94822.7  195182.6 -199126.3
      856.3      29.8   95246.7   33069.1   96062.2   32967.9   97159.4   33127.8   95254.1   33128.2
  117 5      0 -4.2055  0.5003   95815.5   31077.7    2867.9 -4.1438  0.4922   98342.6  194764.5 -199975.8
      661.0      16.6   95157.2   31139.3   95586.7   31088.2   96679.6   31226.7   95161.1   31172.3
vertex track :        206   3 118    5922784 -1.1931  0.9600  111401.9  189398.7     307.8   211     nan
  115 5     -2 -1.2305  0.9716  105486.7   43787.2    6499.2 -1.1786  0.9515  102264.6  196570.3 -196353.5
        nan       nan      -nan       nan       nan       nan       nan       nan       nan       nan
  116 5     -1 -1.1388  0.7877  105352.6   33636.6    3783.4 -1.1786  0.9515  105465.5  193986.4 -199069.2
        nan       nan      -nan       nan       nan       nan       nan       nan       nan       nan
  117 5      0 -1.2327  0.7981  107299.8   33253.0    2947.3 -1.1786  0.9515  106451.0  193190.9 -199905.3
        nan       nan      -nan       nan       nan       nan       nan       nan       nan       nan
