groupid:   5533, ntrk:  4
vertex track :          0   3  61    4016109  0.5855 -1.0521   50067.6  207295.4     367.7    13   353.2
   62 5      1  0.6010 -1.0440   40866.2   53715.9   -2865.8  0.6033 -1.0572   39363.7  212470.4  -98510.5
      132.4      31.4   40959.4   53616.8   40953.5   53627.0   40983.5   54023.9   40905.0   53585.5
   63 5      2  0.6025 -1.0424   39411.7   53020.3   -3715.5  0.6033 -1.0572   38851.0  213368.7  -99360.2
      186.3      74.8   39569.7   52896.5   39509.8   53000.1   39464.3   53353.1   39440.2   52821.6
   64 5      3  0.5899 -1.0523   37196.9   58092.4   -6589.9  0.6033 -1.0572   37116.9  216407.4 -102234.6
      320.7     145.4   37480.6   57883.8   37290.9   58222.2   37123.9   58510.0   37226.9   57741.6
vertex track :          3   3  61    4016560 -0.4301 -0.8438   47310.7  208155.6     371.4   211    88.5
   62 5      1 -0.4376 -0.8812   53022.0   55881.1   -2569.6 -0.4221 -0.8514   39776.7  212399.4  -98207.4
      245.7     166.2   53061.6   55587.1   53188.3   55842.2   53192.1   56384.2   52763.9   55734.9
   63 5      2 -0.4090 -0.9509   53793.4   59008.2   -3396.7 -0.4221 -0.8514   40125.8  213103.6  -99034.5
      584.9     417.7   53946.0   58305.9   54322.3   59180.7   53850.3   59919.6   53178.6   58636.0
   64 5      3 -0.4600 -0.9169   57446.0   57859.7   -6038.7 -0.4221 -0.8514   41240.8  215352.8 -101676.5
     1125.3     808.6   57664.2   56491.3   58576.8   58310.4   57437.4   59437.2   56218.7   57216.5
vertex track :         80   3  61    4938330 -0.4606  2.7090   47682.0  215853.2     381.2   211   571.4
   62 5      1 -0.5026  2.7026   41202.9   52464.4   -2868.4 -0.4796  2.6921   40401.3  208867.9  -98501.4
      418.1      50.7   41076.6   52866.1   41123.9   52611.6   41538.8   52275.3   41176.4   52884.7
   63 5      2 -0.5184  2.6983   40709.1   48661.2   -3717.5 -0.4796  2.6921   40808.5  206582.1  -99350.5
      591.8     120.1   40479.5   49219.7   40593.9   48623.9   41148.1   48315.3   40715.3   49265.0
   64 5      3 -0.4725  2.7037   41235.9   43860.6   -6589.8 -0.4796  2.6921   42186.2  198849.3 -102222.9
     1033.6     232.8   40828.6   44838.7   41085.3   43370.1   41852.7   43095.2   41287.2   44918.9
vertex track :        142   3  62    4274258 -2.7571 -3.5520   46099.2  213077.9     375.5   211     nan
   59 5     -2 -2.7589 -3.5512   29922.8   33445.6    6585.4 -2.7872 -3.5216   27837.1  193437.9  -91668.4
        nan       nan      -nan       nan       nan       nan       nan       nan       nan       nan
   60 5     -1 -2.7878 -3.5377   39110.2   40821.3    3715.1 -2.7872 -3.5216   35837.1  203545.8  -94538.8
        nan       nan      -nan       nan       nan       nan       nan       nan       nan       nan
   61 5      0 -2.7875 -3.5283   43789.4   48903.2    2868.3 -2.7872 -3.5216   38197.1  206527.6  -95385.5
        nan       nan      -nan       nan       nan       nan       nan       nan       nan       nan
