groupid:   5763, ntrk:  5
vertex track :          0   3  95    1624915 -0.1057 -0.0779  174860.4   76308.7     259.9    13  3706.6
   96 2      1 -0.1057 -0.0781   55353.5   78618.9   -2870.0 -0.1105 -0.0818  174687.3   80171.3 -161831.5
       16.2       1.7   55341.5   78607.9   55345.3   78610.8   55575.4   78839.8   55339.4   78610.7
   97 2      2 -0.1054 -0.0787   52941.7   77007.4   -3721.0 -0.1105 -0.0818  174781.3   80240.9 -162682.4
       19.8       3.6   52928.0   76992.7   52937.6   76999.9   53165.3   77232.1   52923.7   76998.4
   98 2      3 -0.1054 -0.0781   56847.2   79171.0   -6580.6 -0.1105 -0.0818  175097.4   80474.7 -165542.1
       32.4       7.0   56825.3   79146.1   56855.3   79168.3   57079.0   79405.8   56817.0   79157.3
vertex track :          1   3  95    1606295  1.6500 -0.4773  177142.9   75770.6     259.2  2212   446.2
   96 2      1  1.4863 -0.3870   53432.2   76140.6   -2700.4  1.6434 -0.4847  171767.8   80803.9 -161654.2
      236.0      74.7   53679.4   76153.4   53534.7   76191.1   53396.5   76337.4   53641.8   76008.9
   97 2      2  1.5372 -0.3604   52011.5   76487.3   -3521.9  1.6434 -0.4847  170417.9   81202.1 -162475.6
      429.7     185.8   52472.2   76570.1   51958.4   76690.6   51762.3   76614.1   52387.4   76208.3
   98 2      3  1.6839 -0.5818   44168.3   76158.5   -6544.5  1.6434 -0.4847  165450.5   82667.2 -165498.3
      845.0     383.7   45092.3   76245.2   43848.5   76674.9   43456.0   76281.2   44841.6   75519.8
vertex track :         49   3  95    2528033 -5.8450 -5.5420  159063.3   62574.8     275.6   211     nan
   96 2      1 -5.8389 -5.5543   55107.1   79691.3   -2866.0 -6.1071 -5.7889  177588.8   84283.8 -161931.9
        nan       nan      -nan       nan       nan       nan       nan       nan       nan       nan
   97 2      2 -5.8264 -5.5706   57529.0   82731.6   -3717.1 -6.1071 -5.7889  182786.8   89210.9 -162783.0
        nan       nan      -nan       nan       nan       nan       nan       nan       nan       nan
   98 4      3 -5.8546 -5.5666   80691.1   23254.0   -6587.0 -6.1071 -5.7889  200313.1  105824.0 -165652.9
        nan       nan      -nan       nan       nan       nan       nan       nan       nan       nan
vertex track :         62   3  95    2576494 -0.2834 -2.6856  174614.5   72636.5     258.2     0   755.3
   96 2      1 -0.3602 -2.9108   56402.2   79583.8   -2714.6 -0.3057 -2.7371  174982.1   84341.9 -161685.1
      366.9      33.8   56390.7   79215.6   56405.2   79332.5   56623.3   80159.1   56323.5   79223.9
   97 2      2 -0.1949 -2.7030   56659.3   81641.9   -3542.4 -0.3057 -2.7371  175235.2   86607.6 -162512.9
      492.3      81.1   56704.8   81145.1   56734.7   81559.4   56823.7   82346.0   56543.0   81156.7
   98 4      3 -0.2589 -2.7387   55441.0    8784.9   -6605.8 -0.3057 -2.7371  176171.8   94992.5 -165576.3
      886.7     167.7   55524.5    7886.3   55637.0    9076.8   55567.2    9890.7   55190.6    7917.8
vertex track :        151   3  96    2557272  2.3300  0.4035  168983.0   76838.9     356.6     0 10001.0
   93 2     -2  2.3298  0.4105   62173.2   77636.0    6586.6  2.3444  0.3939  183355.4   81454.3 -155188.0
      545.7      23.9   62706.4   77754.2   62120.9   77651.1   61852.3   77728.2   62714.7   77707.1
   94 2     -1  2.3260  0.4225   58062.6   79123.3    3718.9  2.3444  0.3939  176632.6   80324.9 -158055.7
      317.7      12.7   58372.9   79192.6   58236.2   79167.7   57964.6   79264.5   58377.5   79167.6
   95 2      0  2.3320  0.4064   54950.6   76662.3    2869.9  2.3444  0.3939  174642.0   79990.5 -158904.7
      255.4       9.0   55200.6   76715.1   55187.1   76712.7   54912.8   76820.0   55203.7   76697.3
