groupid:   6194, ntrk:  2
vertex track :          0   3 105    7730060  0.5734 -0.8667   69789.3  197514.2     166.2    13   608.6
  106 5      1  0.5707 -0.8679   70037.4   41431.6   -2872.5  0.5756 -0.8730   67791.1  204030.4 -180033.8
      102.7      15.3   70106.6   41354.1   70113.6   41343.5   70178.8   41718.1   70081.1   41337.4
  107 5      2  0.5695 -0.8677   70062.8   41424.2   -3716.3  0.5756 -0.8730   67305.3  204767.0 -180877.6
      128.9      35.7   70163.3   41336.0   70141.5   41369.3   70172.8   41721.5   70103.6   41296.8
  108 5      3  0.5671 -0.8719   65540.9   42231.9   -6586.2  0.5756 -0.8730   65653.3  207272.3 -183747.5
      211.5      70.6   65715.5   42093.1   65603.9   42264.6   65577.0   42579.8   65597.0   42016.1
vertex track :          5   3 105    6863208 -0.0343  0.8274   68432.9  201292.2     169.0  2212   936.9
  106 5      1 -0.0200  0.8583   67353.3   36130.7   -2706.8 -0.0319  0.8216   68278.5  202793.8 -179862.1
       78.2      11.5   67340.1   36208.6   67339.5   36232.6   67576.6   36263.7   67363.0   36209.1
  107 5      2 -0.0590  0.8661   64671.8   37327.1   -3515.6 -0.0319  0.8216   68304.2  202129.3 -180671.0
       96.4      26.8   64638.5   37421.5   64639.2   37411.0   64915.1   37443.7   64692.0   37425.1
  108 5      3 -0.0311  0.8306   70857.5   36084.3   -6657.7 -0.0319  0.8216   68404.3  199547.8 -183813.1
      164.9      56.9   70794.5   36246.9   70800.3   36091.9   71130.5   36132.5   70908.1   36251.2
