groupid:   6334, ntrk:  5
vertex track :          0   3  97    3036077  0.0593  0.3769   62287.9   96328.3     184.9    13   783.0
   98 3      1  0.0601  0.3768   65586.4   18424.4   -2867.5  0.0577  0.3754   62799.7   98556.0 -165262.3
       38.8       7.5   65585.1   18463.9   65585.5   18466.4   65797.7   18595.3   65599.9   18461.6
   99 3      2  0.0658  0.3754   65193.7   18667.1   -3717.6  0.0577  0.3754   62750.7   98236.9 -166112.3
       48.7      17.5   65184.9   18718.1   65181.9   18701.0   65412.6   18826.5   65219.4   18712.1
  100 3      3  0.0570  0.3780   62783.7   15923.9   -6582.1  0.0577  0.3754   62585.4   97161.5 -168976.8
       80.0      34.5   62761.5   16008.1   62749.6   15929.3   63015.9   16050.0   62829.8   15997.8
vertex track :         84   3  97    3666054 -0.1344 -0.5073   62151.3   95688.7     186.8     0  1188.6
   98 3      1 -0.1207 -0.5022   59413.4   16781.4   -2893.9 -0.1401 -0.5102   63268.0  100633.2 -165292.0
       51.8       6.4   59407.5   16729.5   59406.4   16724.9   59629.2   17042.8   59395.1   16732.5
   99 3      2 -0.1268 -0.4973   60145.2   17381.9   -3723.5 -0.1401 -0.5102   63384.2  101056.5 -166121.6
       62.2      13.3   60142.7   17318.4   60146.8   17334.4   60357.6   17654.9   60117.0   17324.9
  100 3      3 -0.1176 -0.4870   62324.2   22004.6   -6860.3 -0.1401 -0.5102   63823.7  102656.8 -169258.3
      102.6      27.0   62326.4   21898.6   62349.8   21995.7   62532.0   22320.2   62273.9   21911.3
vertex track :        142   3  98    3278432  2.3221 -2.3321   58673.7  105207.2     265.9   211     nan
   95 3     -2  2.3271 -2.3185   72070.1    7444.9    6585.0  2.3273 -2.3669   70723.9   91848.7 -158779.7
        nan       nan      -nan       nan       nan       nan       nan       nan       nan       nan
   96 3     -1  2.3251 -2.3257   65771.6   16857.5    3713.1  2.3273 -2.3669   64040.0   98646.2 -161651.6
        nan       nan      -nan       nan       nan       nan       nan       nan       nan       nan
   97 3      0  2.3324 -2.3169   61227.0   17635.6    2865.4  2.3273 -2.3669   62067.2  100652.4 -162499.2
        nan       nan      -nan       nan       nan       nan       nan       nan       nan       nan
vertex track :        153   3  98    3465625 -2.9782  0.2784   71915.2   97230.6     245.2   211     nan
   95 3     -2 -3.0282  0.2732   53972.3   21106.5    6430.0 -2.9838  0.2995   50890.6  100653.8 -158938.3
        nan       nan      -nan       nan       nan       nan       nan       nan       nan       nan
   96 3     -1 -2.8539  0.2443   63336.0   20353.1    3736.3 -2.9838  0.2995   58928.1   99847.1 -161632.0
        nan       nan      -nan       nan       nan       nan       nan       nan       nan       nan
   97 3      0 -2.9930  0.2021   65576.4   20948.0    2931.7 -2.9838  0.2995   61328.9   99606.2 -162436.6
        nan       nan      -nan       nan       nan       nan       nan       nan       nan       nan
vertex track :        199   3  98    3729951 -1.3964  0.8051   69118.4   95770.2     243.4  2212     nan
   95 3     -2 -1.3985  0.7925   58649.9   17968.5    6586.6 -1.3999  0.8099   57647.0  102508.2 -158777.3
        nan       nan      -nan       nan       nan       nan       nan       nan       nan       nan
   96 3     -1 -1.3950  0.8099   62278.0   19195.5    3721.6 -1.3999  0.8099   61657.7  100187.9 -161642.3
        nan       nan      -nan       nan       nan       nan       nan       nan       nan       nan
   97 3      0 -1.3984  0.7942   60795.5   17370.2    2866.4 -1.3999  0.8099   62854.9   99495.3 -162497.5
        nan       nan      -nan       nan       nan       nan       nan       nan       nan       nan
