groupid:   6368, ntrk:  7
vertex track :          0   3 123    3565287 -0.1891 -0.1933  135847.2  125922.6     271.1    13   893.9
  124 4      1 -0.1907 -0.1921   16688.0   50153.9   -2871.3 -0.1925 -0.1913  137648.3  128760.3 -213477.9
       29.1       6.3   16672.0   50128.8   16673.0   50129.8   16913.9   50388.8   16663.0   50137.6
  125 4      2 -0.1899 -0.1931   18732.4   49681.9   -3718.0 -0.1925 -0.1913  137811.3  128922.4 -214324.6
       37.0      14.8   18717.0   49645.1   18729.0   49657.3   18957.6   49928.5   18695.8   49665.8
  126 4      3 -0.1913 -0.1915   19439.7   48287.9   -6588.2 -0.1925 -0.1913  138364.0  129471.5 -217194.7
       61.2      29.0   19417.0   48224.1   19463.4   48270.5   19672.3   48561.5   19376.0   48265.1
vertex track :         52   3 123    4003698  0.6468  0.9028  137805.0  128497.6     269.2  2212   557.2
  124 4      1  0.5907  0.9857   19159.7   48985.0   -3297.5  0.6651  0.9006  136678.4  127510.3 -213905.0
      134.6      41.4   19193.4   49121.7   19179.1   49097.8   19336.6   49059.2   19264.4   49079.2
  125 4      2  0.7224  0.9531   13641.1   47686.5   -4125.4  0.6651  0.9006  136127.7  126764.6 -214733.0
      198.4      94.5   13685.6   47901.8   13597.6   47785.7   13807.3   47682.3   13836.3   47787.5
  126 4      3  0.6593  1.0410   11509.7   42561.5   -6789.6  0.6651  0.9006  134355.8  124365.2 -217397.1
      330.3     172.0   11541.1   42932.6   11326.1   42593.1   11688.9   42401.5   11831.7   42748.5
vertex track :        167   3 124    4009973  2.0327  1.1755  134439.9  125918.9     413.7   211     nan
  121 4     -2  2.0202  1.1854   30922.4   56149.0    6583.0  2.0526  1.1667  149380.2  135440.2 -207452.4
        nan       nan      -nan       nan       nan       nan       nan       nan       nan       nan
  122 4     -1  2.0318  1.1655   25078.2   51308.0    3718.3  2.0526  1.1667  143500.0  132098.1 -210317.1
        nan       nan      -nan       nan       nan       nan       nan       nan       nan       nan
  123 4      0  2.0184  1.1900   23509.0   51872.5    2867.5  2.0526  1.1667  141753.6  131105.5 -211168.0
        nan       nan      -nan       nan       nan       nan       nan       nan       nan       nan
vertex track :        171   3 124    4010451 -1.9808 -0.5214  136312.6  126686.9     414.8     0  2394.2
  121 3     -2 -2.0316 -0.2631  120629.0   46256.3    6817.7 -2.0026 -0.5136  125786.8  125715.2 -207217.5
      452.8      38.9  120185.0   46159.6  120656.4   46220.6  121281.0   46562.8  120175.0   46236.8
  122 4     -1 -1.9750 -0.7125    5197.9   46995.9    4127.7 -2.0026 -0.5136  131173.6  127096.6 -209907.5
      280.2      20.6    4941.3   46881.4    5053.7   46922.0    5662.5   47319.6    4927.3   46920.2
  123 4      0 -1.7222 -0.6716   10336.4   47725.2    3301.7 -2.0026 -0.5136  132827.7  127520.8 -210733.5
      229.7      11.4   10126.5   47631.1   10192.9   47657.0   10754.6   48028.6   10118.2   47652.3
vertex track :        250   3 124    4672774  2.5702  2.1498  129302.7  121286.2     412.8     0 10001.0
  121 4     -2  2.5508  2.1634   29439.1   58132.1    6586.7  2.5999  2.1385  147558.1  136827.2 -207451.5
      984.1      31.9   30169.0   58793.0   29203.6   57974.2   28921.8   57683.4   30210.3   58744.3
  122 4     -1  2.5686  2.1400   22148.8   50658.4    3718.5  2.5999  2.1385  140101.2  130693.6 -210319.6
      553.5      16.6   22563.4   51025.4   22252.4   50766.3   21946.8   50503.5   22584.7   50999.9
  123 4      0  2.5522  2.1733   20168.8   50429.2    2868.2  2.5999  2.1385  137890.5  128875.2 -211169.9
      432.3      11.5   20490.5   50718.2   20368.1   50614.1   20059.7   50352.3   20505.4   50700.7
vertex track :        269   3 124    4700547 -0.9737 -1.6053  135277.3  126239.1     413.8   211   271.2
  121 4     -2 -0.9171 -1.6301    7043.0   37580.2    6785.4 -0.9947 -1.6054  131224.8  118330.9 -207249.6
      740.8     296.3    6938.0   36789.3    7471.9   37738.1    7357.0   38579.4    6421.5   37079.9
  122 4     -1 -0.9620 -1.5906    7854.1   42614.1    4126.6 -0.9947 -1.6054  133869.5  122599.2 -209908.3
      404.8     151.7    7774.4   42189.2    7991.4   42548.0    8142.9   43247.4    7514.9   42346.2
  123 4      0 -0.9618 -1.6037   12082.8   44173.1    3305.0 -0.9947 -1.6054  134686.8  123918.3 -210730.0
      240.3      60.3   12010.9   43936.1   12056.1   44011.4   12363.6   44618.6   11907.4   43998.1
vertex track :        298   3 124    4878813  1.2241 -2.6800  131071.7  134048.1     426.9   211   356.4
  121 4     -2  1.2345 -2.6673   22100.7   38044.8    6588.9  1.2065 -2.6910  140824.1  119827.6 -207462.8
     1393.5     370.8   23022.5   36936.0   22111.2   38905.0   21390.1   39361.0   22349.4   36624.5
  122 4     -1  1.2038 -2.6789   18373.1   43534.2    3720.4  1.2065 -2.6910  137363.3  127546.8 -210331.4
      696.8     172.7   18816.3   42969.4   18497.8   43678.1   18141.1   44306.3   18501.2   42827.8
  123 4      0  1.2473 -2.6757   17545.2   47270.1    2868.1  1.2065 -2.6910  136335.0  129840.2 -211183.7
      400.9      63.1   17771.8   46933.4   17695.0   47098.2   17529.9   47814.1   17657.4   46880.1
