groupid:   6569, ntrk:  3
vertex track :          0   3  59    4573203 -0.0429 -0.0836   96071.1  168700.2     298.1    13 10000.6
   60 5      1 -0.0431 -0.0836   96460.5   10371.6   -2867.0 -0.0418 -0.0847   93334.3  172827.4  -94554.6
       13.8       0.9   96455.0   10358.8   96458.6   10365.9   96676.0   10594.2   96453.4   10359.7
   61 5      2 -0.0431 -0.0833   98834.5   15534.1   -3716.2 -0.0418 -0.0847   93369.7  172899.3  -95403.9
       17.0       1.6   98828.1   15518.2   98834.7   15531.0   99050.9   15759.8   98825.3   15519.7
   62 5      3 -0.0425 -0.0839   94444.5   15389.8   -6587.3 -0.0418 -0.0847   93489.6  173142.4  -98274.9
       28.2       3.0   94434.4   15363.3   94450.9   15396.0   94664.5   15626.2   94429.1   15366.0
vertex track :         89   3  59    4765248 -0.2784  2.4972   95544.2  176825.3     307.8   211   434.3
   60 5      1 -0.3370  2.4714   93567.2   11336.5   -3300.8 -0.2816  2.4953   93702.6  171666.6  -94989.2
      412.8      68.7   93443.3   11736.2   93484.1   11437.2   93900.7   11149.2   93579.5   11754.8
   61 3      2 -0.2173  2.4688   91009.6   88543.9   -4132.2 -0.2816  2.4953   93936.7  169592.2  -95820.5
      610.3     156.2   90800.6   89138.2   90861.9   88440.8   91428.5   88162.2   91111.7   89165.5
   62 3      3 -0.3785  2.3637   97859.1   79436.2   -6646.7 -0.2816  2.4953   94644.7  163317.7  -98335.0
     1000.2     276.0   97428.4   80380.2   97665.2   78901.4   98499.4   78704.6   97973.6   80467.5
vertex track :        164   3  60    4984522 -1.1119 -4.3551   98610.4  170500.4     121.7     0 10001.0
   57 3     -2 -1.1283 -4.3492   89428.5   62385.3    6584.7 -1.1112 -4.3942   86666.7  146314.2  -88230.8
     1744.1      44.9   89034.0   60685.8   89673.0   63148.9   90031.9   64290.4   88947.1   60708.3
   58 3     -1 -1.0292 -4.3753   89553.8   72284.7    3715.1 -1.1112 -4.3942   89855.3  158923.8  -91100.4
      994.8      24.1   89349.4   71310.8   89588.9   72328.8   89967.1   73464.2   89302.5   71321.8
   59 3      0 -1.0912 -4.3603   93286.0   77150.4    2870.4 -1.1112 -4.3942   90793.9  162635.2  -91945.0
      779.8      16.8   93113.0   76389.8   93262.5   76987.1   93667.9   78116.5   93080.4   76398.0
