groupid:   6820, ntrk:  3
vertex track :          0   3 121      61980 -0.1186 -0.2073   76589.0   58479.2     240.3    13  1285.1
  122 1      1 -0.1194 -0.2070   77634.9   58040.1   -2867.9 -0.1182 -0.2127   76163.1   61534.7 -210032.1
       25.7       4.4   77625.9   58015.7   77626.5   58016.7   77853.7   58274.4   77618.2   58020.1
  123 1      2 -0.1161 -0.2084   76143.5   58936.2   -3718.5 -0.1182 -0.2127   76263.6   61715.6 -210882.7
       31.9      10.2   76136.9   58903.4   76143.6   58915.4   76360.1   59178.9   76119.1   58913.3
  124 1      3 -0.1167 -0.2077   75060.0   59810.6   -6586.1 -0.1182 -0.2127   76602.6   62325.4 -213750.3
       52.1      19.9   75051.9   59755.3   75078.5   59802.6   75278.1   60075.6   75017.1   59774.9
vertex track :         48   3 121    1162947  0.7922  0.0866   77094.8   58639.7     240.3   211   280.0
  122 1      1  0.7987  0.0705   74296.6   59107.7   -2648.9  0.7997  0.0825   73994.3   60796.2 -209813.3
       81.5      26.6   74375.4   59141.4   74380.8   59141.8   74428.5   59284.1   74380.0   59088.3
  123 1      2  0.7962  0.0816   74253.7   59448.4   -3474.7  0.7997  0.0825   73334.0   60728.1 -210639.1
      121.8      66.7   74368.1   59527.2   74292.9   59519.5   74350.1   59579.7   74381.7   59394.5
  124 1      3  0.7698  0.0863   73747.2   58627.5   -6687.0  0.7997  0.0825   70765.1   60463.3 -213851.4
      233.1     143.5   73962.9   58796.0   73661.3   58762.2   73742.4   58669.0   73994.8   58510.8
vertex track :        115   3 122    1174311 -2.0865 -2.3297   81388.4   62019.3     187.6   211     nan
  119 1     -2 -2.0661 -2.3503   68841.9   49165.0    6586.0 -2.1045 -2.3725   66405.2   50284.6 -203165.2
        nan       nan      -nan       nan       nan       nan       nan       nan       nan       nan
  120 1     -1 -2.0669 -2.3399   70569.4   52902.4    3716.9 -2.1045 -2.3725   72443.2   57091.6 -206034.3
        nan       nan      -nan       nan       nan       nan       nan       nan       nan       nan
  121 1      0 -2.0778 -2.3356   75158.7   56855.6    2868.5 -2.1045 -2.3725   74228.6   59104.4 -206882.7
        nan       nan      -nan       nan       nan       nan       nan       nan       nan       nan
