groupid:   7069, ntrk:  5
vertex track :          0   3  59    3892227 -0.5887 -0.4790  149325.9   88171.0     352.7    13  1465.9
   60 4      1 -0.5853 -0.4838   31498.3   13283.5   -2867.2 -0.5907 -0.4853  148336.4   93119.8  -94774.2
       75.9       7.3   31444.5   13229.5   31438.6   13224.7   31761.6   13547.0   31435.1   13240.8
   61 4      2 -0.5905 -0.4765   33857.4   15215.6   -3718.3 -0.5907 -0.4853  148839.1   93532.9  -95625.3
       90.2      13.9   33795.9   15148.1   33812.3   15161.3   34128.3   15492.6   33778.5   15169.7
   62 4      3 -0.5909 -0.4748   31870.9   14703.7   -6586.4 -0.5907 -0.4853  150533.4   94925.0  -98493.4
      141.1      26.3   31777.4   14594.8   31873.3   14671.9   32173.8   15022.1   31744.4   14635.9
vertex track :         38   3  59    3427661  0.0974 -0.8589  151266.0   87216.5     347.7  2212   541.1
   60 4      1  0.1528 -0.8652   28744.9   13953.4   -3240.0  0.1013 -0.8725  148028.0   93717.6  -95146.9
      104.0      36.4   28798.8   13857.3   28794.7   13880.5   28901.1   14258.7   28727.2   13844.6
   61 4      2  0.0831 -0.8426   25503.8   11863.9   -4064.9  0.1013 -0.8725  147944.5   94437.3  -95971.8
      153.3      82.9   25601.3   11719.5   25588.7   11847.7   25616.3   12217.5   25436.4   11703.3
   62 4      3  0.1058 -0.8501   31809.6   12549.9   -6813.0  0.1013 -0.8725  147666.1   96835.0  -98719.9
      258.0     152.6   31992.9   12312.7   31951.4   12646.3   31836.3   12996.3   31690.0   12275.0
vertex track :         44   3  59    3428506  0.4600 -2.0902  150603.6   86184.4     349.8   211   249.0
   60 4      1  0.4787 -2.0850   29342.8   16519.3   -2867.3  0.4702 -2.1268  146212.4   96385.6  -94776.6
      339.0      90.5   29506.9   16209.2   29455.8   16432.1   29389.2   17037.3   29330.4   16168.7
   61 4      2  0.4515 -2.0773   30890.9   19769.9   -3722.2  0.4702 -2.1268  145810.4   98203.7  -95631.5
      608.2     219.6   31234.7   19222.2   31071.1   19974.7   30757.6   20525.6   30805.5   19128.9
   62 4      3  0.4549 -2.0974   26018.4   23668.2   -6585.4  0.4702 -2.1268  144464.1  104293.2  -98494.7
     1130.6     426.9   26675.2   22653.7   26291.5   24423.1   25572.0   24890.5   25840.8   22472.7
vertex track :         51   3  59    3439550 -0.0803  2.3263  149757.9   90579.9     356.4   211     nan
   60 2      1 -0.0700  2.2327   27282.8   83934.5   -3221.1 -0.0821  2.3464  147160.3   85601.6  -95129.2
        nan       nan      -nan       nan       nan       nan       nan       nan       nan       nan
   61 2      2 -0.1436  2.3545   24566.7   80273.7   -4030.8 -0.0821  2.3464  147226.8   83701.7  -95938.9
        nan       nan      -nan       nan       nan       nan       nan       nan       nan       nan
   62 2      3 -0.1678  2.3844   30772.6   73567.2   -6798.9 -0.0821  2.3464  147454.1   77206.7  -98707.0
        nan       nan      -nan       nan       nan       nan       nan       nan       nan       nan
vertex track :        215   3  60    3915162  0.9065 -0.9138  150212.1   89894.3     270.8   211     nan
   57 2     -2  0.9067 -0.9190   34613.1   84255.2    6586.9  0.9177 -0.9200  151544.1   88096.6  -88480.7
        nan       nan      -nan       nan       nan       nan       nan       nan       nan       nan
   58 4     -1  0.9314 -0.8865   31245.0    4620.8    3720.7  0.9177 -0.9200  148913.7   90733.3  -91346.8
        nan       nan      -nan       nan       nan       nan       nan       nan       nan       nan
   59 4      0  0.9150 -0.9003   31216.0    8848.0    2865.1  0.9177 -0.9200  148128.5   91520.5  -92202.5
        nan       nan      -nan       nan       nan       nan       nan       nan       nan       nan
