groupid:    700, ntrk:  7
vertex track :          0   3 123    2734326 -0.0275  0.0546   86820.2  153514.4     174.8    13  2845.7
  124 3      1 -0.0273  0.0548   87128.7   77735.1   -2867.4 -0.0252  0.0578   88229.8  156352.1 -213398.7
       11.6       1.7   87122.0   77744.7   87126.5   77735.5   87345.4   77935.6   87125.1   77746.2
  125 3      2 -0.0272  0.0548   89211.5   76072.4   -3718.1 -0.0252  0.0578   88251.2  156303.0 -214249.3
       14.9       4.2   89201.0   76083.9   89208.6   76068.7   89431.9   76271.0   89208.6   76087.7
  126 3      3 -0.0267  0.0550   90420.9   75027.5   -6585.0 -0.0252  0.0578   88323.4  156137.4 -217116.2
       25.7       8.4   90402.1   75047.0   90418.9   75012.3   90649.6   75218.1   90417.2   75054.3
vertex track :         48   3 123    3173648  3.8943  1.8250   96704.0  157963.0     163.8   211     nan
  124 3      1  3.8974  1.5565   88658.1   76373.5   -3252.9  3.9836  1.8080   84526.2  154713.4 -213800.3
        nan       nan      -nan       nan       nan       nan       nan       nan       nan       nan
  125 3      2  3.5374  2.1608   80415.8   72972.5   -4068.4  3.9836  1.8080   81277.5  153238.9 -214615.8
        nan       nan      -nan       nan       nan       nan       nan       nan       nan       nan
  126 3      3  4.0143  1.4389   69384.4   65788.7   -6695.6  3.9836  1.8080   70811.9  148488.9 -217243.0
        nan       nan      -nan       nan       nan       nan       nan       nan       nan       nan
vertex track :         73   3 123    3615534  0.1887 -1.9893   87359.3  148392.9     169.5   211   280.4
  124 3      1  0.1803 -1.9881   86969.7   79264.6   -2870.1  0.1629 -1.9959   88128.7  157426.5 -213384.6
      273.3      66.8   87060.8   78998.5   87049.3   79125.3   87088.6   79738.7   86927.8   78986.4
  125 3      2  0.1747 -1.9883   88895.1   79219.7   -3717.9  0.1629 -1.9959   87990.5  159118.5 -214232.3
      461.7     165.4   89100.2   78774.2   89056.1   79276.5   88900.1   79873.1   88770.7   78745.2
  126 3      3  0.1607 -2.0007   89618.9   83611.8   -6587.0  0.1629 -1.9959   87523.0  164844.9 -217101.5
      861.0     328.5   90015.3   82779.9   89911.2   84076.1   89432.7   84651.7   89360.3   82727.3
vertex track :         90   3 123    3646022  0.4051 -1.0565   87688.9  151291.5     170.0     0   980.2
  124 3      1  0.3682 -1.0444   89582.1   77944.7   -3249.7  0.3930 -1.0652   87650.7  157920.0 -213772.2
      120.2      13.1   89634.4   77835.7   89631.8   77843.1   89740.2   78262.7   89609.7   77827.0
  125 3      2  0.4756 -1.1339   84327.5   77158.4   -4066.2  0.3930 -1.0652   87329.8  158789.8 -214588.8
      144.2      27.0   84408.2   77035.9   84396.6   77063.7   84457.3   77489.8   84358.3   77015.0
  126 3      3  0.3903 -1.1576   83312.9   78290.6   -6736.9  0.3930 -1.0652   86280.1  161634.7 -217259.5
      220.8      49.4   83430.3   78097.2   83371.2   78272.5   83405.9   78692.9   83336.6   78065.6
vertex track :        135   3 124    2935474  0.2356 -1.9578   85765.9  154914.5     300.5     0  4000.9
  121 3     -2  0.2136 -1.9602   89652.7   65206.4    6589.7  0.2225 -1.9759   89461.8  145334.4 -207317.6
      417.1      26.9   89724.7   64794.7   89679.1   65212.4   89790.9   65826.2   89671.1   64788.9
  122 3     -1  0.2189 -1.9640   89274.0   69213.7    3715.8  0.2225 -1.9759   88822.4  151012.8 -210191.5
      247.1      13.8   89315.0   68969.7   89306.3   69048.4   89443.1   69665.8   89287.6   68966.6
  123 3      0  0.2148 -1.9592   90098.6   70790.9    2868.4  0.2225 -1.9759   88633.9  152687.1 -211038.9
      201.1       8.6   90129.1   70592.0   90130.4   70580.3   90278.3   71197.9   90111.9   70590.1
vertex track :        166   3 124    3416598 -2.1328 -0.5368   88069.8  154091.5     296.6   211     nan
  121 3     -2 -2.2347 -0.6096   71513.0   73741.8    6843.5 -2.1355 -0.5248   76387.8  153480.7 -207064.4
        nan       nan      -nan       nan       nan       nan       nan       nan       nan       nan
  122 3     -1 -2.1653 -0.5820   76209.1   75669.0    4074.1 -2.1355 -0.5248   82301.7  154934.2 -209833.8
        nan       nan      -nan       nan       nan       nan       nan       nan       nan       nan
  123 3      0 -1.9908 -0.5766   82733.2   75792.2    3247.3 -2.1355 -0.5248   84067.3  155368.1 -210660.6
        nan       nan      -nan       nan       nan       nan       nan       nan       nan       nan
vertex track :        220   3 124    3891661  2.9287  3.8805   85094.1  152333.0     297.4   211     nan
  121 5     -2  2.9494  3.8638  107844.2   20597.0    6586.4  2.9857  3.9045  106144.1  179721.1 -207317.4
        nan       nan      -nan       nan       nan       nan       nan       nan       nan       nan
  122 5     -1  2.9797  3.8203  101036.9    7687.5    3714.9  2.9857  3.9045   97570.5  168509.1 -210189.0
        nan       nan      -nan       nan       nan       nan       nan       nan       nan       nan
  123 3      0  2.9676  3.8367   98245.0   87024.2    2868.9  2.9857  3.9045   95044.7  165206.0 -211034.9
        nan       nan      -nan       nan       nan       nan       nan       nan       nan       nan
