groupid:   7253, ntrk:  3
vertex track :          0   3  99    7460203  0.2514 -0.4048  194575.6  167652.4     359.2    13   838.2
  100 6      1  0.2536 -0.4044   69530.1   12821.2   -2869.5  0.2568 -0.4081  191939.1  170937.9 -169250.6
       49.5       8.3   69563.4   12783.7   69564.1   12782.6   69707.1   13068.4   69549.4   12774.9
  101 6      2  0.2523 -0.4064   74081.9    9799.1   -3717.9  0.2568 -0.4081  191721.2  171284.2 -170099.1
       60.8      18.3   74129.6    9757.1   74118.4    9775.1   74244.5   10050.7   74098.4    9737.7
  102 6      3  0.2547 -0.4014   69226.9   13345.8   -6583.8  0.2568 -0.4081  190985.2  172453.6 -172965.0
       97.6      35.4   69309.0   13282.3   69258.0   13362.8   69355.0   13618.8   69249.3   13244.4
vertex track :        181   3 100    7642430 -1.1977  2.0816  193865.3  162670.6     168.2   211     nan
   97 6     -2 -1.1938  2.0944   64959.1   21681.9    6580.9 -1.1984  2.0747  187136.8  179300.8 -162734.8
        nan       nan      -nan       nan       nan       nan       nan       nan       nan       nan
   98 6     -1 -1.1912  2.0854   72205.6   17162.8    3718.5 -1.1984  2.0747  190567.1  173362.1 -165597.2
        nan       nan      -nan       nan       nan       nan       nan       nan       nan       nan
   99 6      0 -1.1809  2.0916   72876.7    9566.9    2869.9 -1.1984  2.0747  191584.0  171601.5 -166445.8
        nan       nan      -nan       nan       nan       nan       nan       nan       nan       nan
vertex track :        219   3 100    7716130 -0.3576 -4.0750  192762.3  178119.9     174.3     0   750.4
   97 4     -2 -0.4673 -4.4199   70626.1   71915.0    6986.4 -0.3696 -4.1394  191207.7  153280.3 -162298.8
     1984.8     298.9   70714.7   69909.7   71033.9   72929.2   70747.0   74125.8   70120.1   69972.6
   98 4     -1 -0.8113 -4.2215   69720.8   81756.5    3934.6 -0.3696 -4.1394  192335.6  165912.9 -165350.5
     1061.4     143.9   69661.8   80686.9   69892.1   81885.1   69989.0   83031.8   69379.2   80741.2
   99 4      0 -0.2390 -3.9341   69910.8   86817.5    3103.3 -0.3696 -4.1394  192642.8  169353.8 -166181.8
      738.6      58.7   69924.6   86076.7   69964.0   86725.0   70106.8   87764.3   69807.5   86083.8
