groupid:   7272, ntrk:  5
vertex track :          0   3  41    5712538  0.6854 -0.3270  140889.7  184589.8     422.6    13   971.7
   42 6      1  0.6834 -0.3296   21424.3   28583.9   -2864.6  0.6955 -0.3271  138384.4  187033.7  -60763.4
       77.3       9.5   21498.1   28558.9   21502.3   28556.8   21561.2   28818.6   21489.8   28541.8
   43 6      2  0.6833 -0.3323   22696.1   29439.3   -3720.6  0.6955 -0.3271  137789.1  187313.7  -61619.4
       93.2      20.0   22788.7   29416.5   22764.6   29428.2   22814.3   29671.7   22771.2   29380.6
   44 6      3  0.6826 -0.3261   17102.7   29727.1   -6584.6  0.6955 -0.3271  135797.2  188250.5  -64483.4
      146.5      38.1   17251.3   29698.3   17130.3   29756.1   17164.8   29965.5   17218.5   29629.6
vertex track :         67   3  41    5528267  0.4941  2.5966  140758.6  193580.4     433.4   211   404.8
   42 6      1  0.7354  2.1270   18462.7   31896.5   -3538.7  0.5129  2.5798  138546.7  184687.8  -61427.1
      503.5      90.1   18542.1   32401.9   18367.5   31896.8   18594.0   31603.4   18712.3   32343.0
   43 6      2  0.6270  2.4350   16113.1   27516.9   -4381.3  0.5129  2.5798  138114.5  182513.8  -62269.7
      760.4     197.9   16111.1   28302.7   15863.5   27341.2   16325.7   26943.7   16494.3   28204.0
   44 6      3  0.4284  2.7815   16258.0   23278.4   -7246.7  0.5129  2.5798  136644.8  175121.8  -65135.1
     1289.4     358.4   16100.1   24607.4   15797.5   22642.7   16626.3   22162.3   16808.5   24498.2
vertex track :        149   3  41    5713640 -2.2381  0.2186  137173.9  185272.8     426.5  2212   778.5
   42 6      1 -2.2377  0.2204   28041.3   27314.7   -2871.4 -2.2459  0.2062  144323.7  185946.4  -60763.3
      309.3      45.8   27729.0   27299.4   27874.8   27285.1   28561.5   27540.2   27738.0   27390.6
   43 6      2 -2.2323  0.2421   31685.8   27652.5   -3723.0 -2.2459  0.2062  146236.4  185770.8  -61614.9
      437.2     107.8   31239.5   27592.4   31640.0   27549.0   32339.8   27922.8   31262.7   27806.8
   44 6      3 -2.2401  0.2092   34329.0   26426.9   -6582.1 -2.2459  0.2062  152657.7  185181.1  -64474.0
      755.7     207.4   33557.2   26290.7   34591.7   26194.1   35308.5   26773.3   33595.8   26703.6
vertex track :        179   3  41    5759256  3.4699  3.5261  149842.1  197698.9     427.8   211     nan
   42 6      1  3.6230  3.7234   19113.2   33315.2   -3529.7  3.5368  3.5381  135740.7  185026.6  -61442.5
        nan       nan      -nan       nan       nan       nan       nan       nan       nan       nan
   43 6      2  3.9746  3.2939   13992.6   28181.0   -4380.5  3.5368  3.5381  132731.7  182016.5  -62293.3
        nan       nan      -nan       nan       nan       nan       nan       nan       nan       nan
   44 6      3  3.0936  3.6320    5374.1   21391.6   -7288.8  3.5368  3.5381  122445.5  171726.6  -65201.6
        nan       nan      -nan       nan       nan       nan       nan       nan       nan       nan
vertex track :        249   3  42    5501169 -2.1633  0.6356  141957.5  183616.4     233.7     0  3847.0
   39 6     -2 -2.1663  0.6298    5156.2   30125.1    6586.2 -2.1744  0.6129  125968.0  190453.7  -54670.0
      516.5      31.7    4651.4   30238.8    5188.5   30082.7    5868.9   30221.9    4669.1   30299.7
   40 6     -1 -2.1657  0.6424   10255.4   32808.9    3716.3 -2.1744  0.6129  132208.3  188694.7  -57539.9
      304.6      16.2    9958.8   32880.0   10088.0   32841.7   10759.9   32948.5    9968.0   32911.1
   41 6      0 -2.1618  0.6378   13202.9   31483.3    2868.7 -2.1744  0.6129  134051.3  188175.1  -58387.5
      246.2       9.9   12964.0   31543.4   12982.3   31538.0   13649.7   31633.8   12969.6   31562.5
