groupid:   7377, ntrk:  3
vertex track :          0   3  27    1454077  0.0599  0.2386  190747.0   80648.8     349.2    13  1540.5
   28 2      1  0.0568  0.2394   69585.3   78998.4   -2866.9  0.0589  0.2368  189535.0   82100.4  -35964.8
       26.9       4.0   69587.5   79025.5   69587.0   79023.5   69793.0   79181.6   69595.4   79023.7
   29 2      2  0.0568  0.2394   70169.1   79109.1   -3718.4  0.0589  0.2368  189484.8   81898.8  -36816.2
       32.9       8.9   70168.0   79143.1   70164.7   79129.4   70380.2   79285.2   70185.3   79139.0
   30 2      3  0.0571  0.2395   70140.6   80375.4   -6586.1  0.0589  0.2368  189316.0   81219.6  -39684.0
       52.9      17.2   70136.2   80430.8   70123.6   80378.2   70355.0   80530.2   70169.5   80422.9
vertex track :         69   3  28    1624590  1.3855  0.6267  189345.1   78238.1     251.0   211     nan
   25 2     -2  1.3764  0.6560   78547.3   84728.9    6586.9  1.3773  0.6318  197562.7   86015.4  -29188.4
        nan       nan      -nan       nan       nan       nan       nan       nan       nan       nan
   26 2     -1  1.3768  0.6487   73675.1   80938.1    3718.9  1.3773  0.6318  193612.7   84203.5  -32056.4
        nan       nan      -nan       nan       nan       nan       nan       nan       nan       nan
   27 2      0  1.3840  0.6279   73444.5   81950.1    2866.4  1.3773  0.6318  192438.6   83664.9  -32908.9
        nan       nan      -nan       nan       nan       nan       nan       nan       nan       nan
vertex track :         95   3  28    2367545 -1.7946  0.0495  192137.8   78591.6     247.2     0  2308.7
   25 2     -2 -1.7777  0.0682   56942.2   77862.3    6375.8 -1.8108  0.0425  180535.5   82639.3  -29386.4
      358.9      33.1   56582.2   77843.1   56926.3   77829.9   57510.3   78091.7   56584.8   77909.1
   26 2     -1 -1.6519  0.0258   63839.2   79489.9    3604.3 -1.8108  0.0425  185554.2   82521.4  -32157.9
      215.7      16.5   63623.2   79476.8   63707.8   79475.4   64263.5   79713.1   63623.7   79509.8
   27 2      0 -1.6969 -0.1310   66126.0   77577.6    2776.7 -1.8108  0.0425  187052.8   82486.2  -32985.5
      176.4       8.9   65950.8   77555.2   65946.3   77554.8   66509.5   77809.9   65949.5   77572.9
