groupid:    742, ntrk:  2
vertex track :          0   3  49    2296860  0.3182 -0.1064  109426.1  150935.0     166.8    13  1102.7
   50 3      1  0.3192 -0.1023  113020.3   75015.7   -2867.7  0.3194 -0.1086  109903.0  155258.1  -76415.8
       34.1       5.4  113054.4   75010.4  113056.5   75009.7  113196.5   75230.9  113051.1   75000.2
   51 3      2  0.3189 -0.1039  111084.0   74603.1   -3715.5  0.3194 -0.1086  109632.2  155350.2  -77263.5
       41.9      12.2  111127.6   74601.8  111114.9   74605.9  111250.7   74814.4  111120.0   74578.6
   52 3      3  0.3192 -0.1032  113201.8   76299.7   -6583.5  0.3194 -0.1086  108716.1  155661.6  -80131.5
       68.0      24.0  113274.0   76301.6  113211.6   76321.8  113340.1   76507.6  113259.2   76255.9
vertex track :         23   3  49    2746510 -3.8309 -0.7743  108014.7  150713.6     168.4  2212   590.3
   50 3      1 -3.8014 -0.9303  113761.6   71550.8   -2162.0 -3.7998 -0.7886  118318.8  156539.3  -75709.5
      661.3      97.6  113142.4   71298.8  113628.9   71417.8  114587.0   72011.9  113096.0   71488.4
   51 3      2 -3.9802 -0.9223  118438.2   76713.4   -2962.0 -3.7998 -0.7886  121358.7  157170.2  -76509.5
     1280.0     268.5  117251.8   76162.9  118909.9   76547.1  119830.6   77473.1  117130.5   76686.0
   52 4      3 -3.6950 -0.7915    6160.0   76988.4   -5602.6 -3.7998 -0.7886  131392.5  159252.4  -79150.1
     2578.7     565.3    3756.9   75895.5    8023.9   76809.6    8769.4   78290.5    3520.1   77001.0
