groupid:   7628, ntrk:  3
vertex track :          0   3  21    1352360 -0.2704 -0.1091  164205.7   46745.8     252.8    13   805.3
   22 2      1 -0.2692 -0.1121   49077.8   50799.6   -2871.2 -0.2731 -0.1090  165124.2   52453.2  -24753.2
       31.0       7.0   49051.8   50781.2   49052.6   50781.5   49313.5   51027.9   49046.4   50794.1
   23 2      2 -0.2685 -0.1129   47192.7   48013.3   -3718.2 -0.2731 -0.1090  165355.5   52545.5  -25600.3
       39.7      16.5   47162.5   47982.7   47179.3   47989.8   47432.7   48253.8   47149.7   48013.1
   24 2      3 -0.2692 -0.1139   46412.0   51484.8   -6583.2 -0.2731 -0.1090  166137.9   52857.8  -28465.2
       65.8      32.4   46364.0   51429.4   46428.7   51456.8   46669.8   51750.2   46338.8   51489.0
vertex track :         28   3  21    1567178 -1.8966 -0.3502  159720.9   46073.0     262.6     0 10001.0
   22 2      1 -1.8126 -0.3879   41798.8   41807.8   -2673.6 -1.9058 -0.3561  165384.8   52473.3  -24576.3
      213.7       9.1   41591.7   41754.1   41629.0   41762.1   42214.1   42071.1   41587.8   41772.0
   23 2      2 -1.9283 -0.3310   42448.7   46275.0   -3507.1 -1.9058 -0.3561  166973.3   52770.1  -25409.8
      258.2      12.2   42196.3   46219.3   42300.3   46237.2   42909.2   46540.4   42192.1   46243.3
   24 2      3 -1.7546 -0.5150   48617.4   46722.8   -6807.2 -1.9058 -0.3561  173262.6   53945.3  -28709.9
      448.2      23.2   48193.9   46574.3   48685.6   46718.6   49249.2   47080.8   48180.8   46618.9
vertex track :         62   3  21    2044922 -0.7530  0.1526  164158.4   46771.3     252.8  2212   593.1
   22 2      1 -0.7556  0.1480   50324.1   50142.8   -2863.9 -0.7586  0.1516  166588.1   51665.5  -24746.1
       80.6      24.0   50240.4   50134.8   50239.9   50134.9   50617.1   50361.0   50249.6   50181.8
   23 2      2 -0.7542  0.1458   48851.7   47153.3   -3715.5 -0.7586  0.1516  167234.1   51536.4  -25597.7
      114.5      58.1   48728.2   47117.9   48794.7   47105.1   49184.4   47398.8   48750.3   47232.1
   24 2      3 -0.7538  0.1416   49603.7   49806.4   -6585.7 -0.7586  0.1516  169411.4   51101.3  -28467.8
      198.9     114.3   49387.1   49730.7   49619.8   49687.0   50029.6   50092.2   49429.3   49955.5
