groupid:   7906, ntrk:  9
vertex track :          0   3  81    1652063  0.2674  0.0571  178682.4   85481.2     367.4    13   646.3
   82 4      1  0.2673  0.0579   58767.8    6709.6   -2868.2  0.2678  0.0577  176698.4   87316.8 -135530.9
       30.6       8.9   58795.9    6724.7   58792.1    6723.9   58950.0    6904.5   58799.6    6707.4
   83 2      2  0.2670  0.0581   55845.6   83633.7   -3718.8  0.2678  0.0577  176470.6   87267.7 -136381.5
       41.0      21.0   55881.1   83663.0   55857.1   83657.8   56020.3   83814.5   55890.0   83621.9
   84 4      3  0.2667  0.0591   57504.1    6229.6   -6584.7  0.2678  0.0577  175703.0   87102.3 -139247.4
       69.0      40.8   57562.6    6284.3   57483.9    6266.9   57655.8    6384.9   57580.3    6204.6
vertex track :          6   3  81    1651849 -0.8181  0.2579  176137.1   85824.8     368.5   211     nan
   82 4      1 -0.8536  0.3049   58657.5    6783.8   -3453.5 -0.8239  0.2518  178154.6   86868.6 -136117.7
        nan       nan      -nan       nan       nan       nan       nan       nan       nan       nan
   83 4      2 -0.8181  0.2989   59222.0    7960.0   -4276.8 -0.8239  0.2518  178832.8   86661.3 -136941.0
        nan       nan      -nan       nan       nan       nan       nan       nan       nan       nan
   84 4      3 -0.8106  0.2092   61317.2    5954.2   -7153.0 -0.8239  0.2518  181202.4   85937.2 -139817.2
        nan       nan      -nan       nan       nan       nan       nan       nan       nan       nan
vertex track :         62   3  81    2592503 -0.2300 -2.4823  177114.2   77591.9     355.9   211   652.3
   82 4      1 -0.2181 -2.4884   58907.2    7597.4   -2868.5 -0.2330 -2.5395  176748.4   87695.4 -135542.3
      348.2      38.9   58915.6    7247.1   58930.6    7418.3   59108.6    8155.1   58838.0    7253.9
   83 4      2 -0.2183 -2.4912   56907.5    8129.0   -3719.3 -0.2330 -2.5395  176946.7   89856.1 -136393.2
      472.4      91.4   56957.4    7650.4   56994.0    8068.4   57067.4    8815.1   56775.2    7666.3
   84 4      3 -0.2041 -2.5038   59389.1   16523.4   -6585.5 -0.2330 -2.5395  177614.6   97134.6 -139259.3
      810.4     177.3   59500.1   15701.3   59588.9   16791.0   59488.0   17553.1   59146.5   15730.1
vertex track :         99   3  81    2622195 -1.7196  0.0360  175189.8   85436.9     368.5   211   140.9
   82 4      1 -1.8782  0.2067   60341.3    7049.2   -3453.9 -1.7287  0.0229  180664.7   87347.7 -136118.9
      442.4     192.4   59880.5    6906.3   60365.6    6853.0   61010.2    7402.2   59922.6    7288.8
   83 4      2 -1.7815 -0.0564   61483.3    8388.6   -4279.7 -1.7287  0.0229  182092.2   87328.8 -136944.7
      896.9     431.4   60600.5    7929.0   62019.3    7973.9   62574.3    9058.1   60573.2    8791.4
   84 4      3 -1.6973 -0.2020   66483.3    7339.4   -7141.1 -1.7287  0.0229  187038.5   87263.3 -139806.0
     1627.0     792.8   64961.3    6359.9   67836.2    6702.0   68213.6    8528.7   64774.0    7934.3
vertex track :        114   3  81    3927328 -0.7945  1.1794  175393.1   89280.2     313.8     0  1729.1
   82 4      1 -0.7988  1.1786   59136.7    6632.6   -2868.9 -0.8061  1.1820  176798.6   87532.2 -135473.9
      150.8      10.5   59043.4    6751.6   59044.9    6749.4   59439.2    6724.8   59060.7    6763.4
   83 2      2 -0.8001  1.1782   57119.1   82627.3   -3717.7 -0.8061  1.1820  177482.9   86528.9 -136322.7
      180.9      19.6   57001.2   82765.9   57036.5   82714.0   57446.1   82699.8   57033.6   82787.9
   84 2      3 -0.8084  1.1755   61126.9   81425.8   -6581.0 -0.8061  1.1820  179791.0   83144.5 -139186.0
      287.2      37.1   60933.6   81641.4   61089.3   81415.0   61529.5   81421.4   60994.8   81683.5
vertex track :        133   3  81    4342317  0.4319  4.0758  178658.9   90525.0     312.6     0   758.6
   82 2      1  0.5262  3.9279   56739.0   79732.2   -3449.8  0.4011  4.0677  175994.9   77260.0 -136050.8
      939.0      80.9   56783.5   80673.7   56644.6   79637.1   56905.0   79004.7   56943.8   80652.2
   83 2      2  0.4178  4.2120   56433.2   77014.3   -4263.3  0.4011  4.0677  175668.6   73950.6 -136864.3
     1291.1     178.0   56383.5   78316.7   56216.4   76631.6   56693.3   75926.1   56737.8   78281.6
   84 2      3  0.6056  4.0111   54648.3   65051.5   -7150.5  0.4011  4.0677  174510.6   62206.1 -139751.5
     2184.1     329.8   54648.3   67260.3   54123.3   63783.4   54859.0   63056.6   55300.5   67161.8
vertex track :        213   3  82    2578066 -2.6410  2.2546  187435.9   78220.7     341.2     0  1065.5
   79 4     -2 -2.6660  2.2301   51060.5   15157.4    6585.9 -2.6253  2.2842  169882.7   93689.0 -129511.1
     1185.0     150.8   50054.8   15802.1   51312.8   14749.8   52273.5   14725.0   50248.3   16033.4
   80 4     -1 -2.6706  2.2002   55499.6    9367.7    3718.6 -2.6253  2.2842  177410.1   87139.6 -132378.3
      649.1      71.5   54953.1    9725.2   55394.3    9361.8   56253.4    9222.3   55044.0    9835.6
   81 4      0 -2.6210  2.2795   58732.7    7710.9    2868.0 -2.6253  2.2842  179643.3   85196.5 -133228.9
      477.6      28.3   58353.8    8002.9   58524.1    7854.8   59319.0    7631.1   58390.9    8045.6
vertex track :        258   3  82    3892913 -0.1967  1.3749  178882.0   82834.7     296.1   211     nan
   79 4     -2 -0.1614  1.4027   58642.5   15704.4    6955.3 -0.1843  1.3897  176501.9   93374.7 -129093.0
        nan       nan      -nan       nan       nan       nan       nan       nan       nan       nan
   80 4     -1 -0.3592  1.4274   60160.1   14022.9    4279.9 -0.1843  1.3897  176994.9   89656.7 -131768.5
        nan       nan      -nan       nan       nan       nan       nan       nan       nan       nan
   81 4      0 -0.1680  1.4259   59576.4    8189.3    3453.8 -0.1843  1.3897  177147.2   88508.7 -132594.6
        nan       nan      -nan       nan       nan       nan       nan       nan       nan       nan
vertex track :        284   3  82    4114528 -2.5189  3.1544  177703.0   85987.2     302.1     0  2659.5
   79 4     -2 -2.5470  3.1425   41982.8   29106.1    6584.5 -2.5161  3.1633  160761.4  107181.9 -129465.9
     1425.0      80.9   41022.7   30162.2   42282.3   28608.1   43150.4   28263.2   41148.4   30264.1
   80 4     -1 -2.5714  3.1266   46111.8   20837.6    3717.7 -2.5161  3.1633  167974.4   98113.4 -132332.7
      796.8      39.4   45575.3   21428.0   46047.6   20853.8   46855.8   20460.3   45636.1   21478.1
   81 4      0 -2.4893  3.1755   49495.2   18670.3    2870.2 -2.5161  3.1633  170106.7   95432.5 -133180.2
      612.8      18.9   49102.2   19140.9   49335.6   18843.3   50095.6   18413.0   49132.0   19164.3
