groupid:    832, ntrk:  2
vertex track :          0   3  43      70712  0.0301 -0.4567   72465.5   63904.6     237.8    13   771.5
   44 1      1  0.0298 -0.4575   69726.8   63310.9   -2868.2  0.0318 -0.4636   67572.6   66875.2  -65102.1
       46.5       8.3   69738.0   63265.0   69738.2   63261.7   69925.5   63566.3   69721.6   63263.9
   45 1      2  0.0336 -0.4568   69294.1   64945.8   -3718.6  0.0318 -0.4636   67545.5   67269.4  -65952.4
       57.8      18.9   69317.2   64889.6   69315.8   64908.9   69481.0   65211.6   69279.4   64886.8
   46 1      3  0.0304 -0.4556   68343.7   65874.8   -6586.2  0.0318 -0.4636   67454.4   68598.8  -68820.1
       93.9      37.1   68387.0   65783.6   68380.9   65875.3   68510.5   66175.6   68313.0   65778.7
vertex track :        101   3  44     301808  0.7503 -0.2023   69742.6   63357.6     204.6   211     nan
   41 1     -2  0.7502 -0.2010   73807.4   64025.9    6585.6  0.7550 -0.2086   72417.9   65472.6  -58485.0
        nan       nan      -nan       nan       nan       nan       nan       nan       nan       nan
   42 1     -1  0.7499 -0.2010   73212.5   63147.9    3718.0  0.7550 -0.2086   70253.0   66070.7  -61352.6
        nan       nan      -nan       nan       nan       nan       nan       nan       nan       nan
   43 1      0  0.7500 -0.2022   74525.8   64688.0    2865.4  0.7550 -0.2086   69609.3   66248.5  -62205.2
        nan       nan      -nan       nan       nan       nan       nan       nan       nan       nan
