groupid:   8353, ntrk:  7
vertex track :          0   3 125    6576020  0.1412 -0.0547  189248.9  180766.6     381.7    13  2127.3
  126 6      1  0.1409 -0.0552   68200.7   25444.4   -2868.2  0.1398 -0.0569  187596.4  183989.1 -217535.6
       18.1       2.8   68218.6   25440.4   68214.4   25442.1   68392.9   25658.4   68216.6   25435.2
  127 6      2  0.1411 -0.0545   67221.3   21329.3   -3715.5  0.1398 -0.0569  187477.9  184037.2 -218382.9
       22.4       6.2   67244.5   21327.0   67232.3   21331.7   67408.3   21541.5   67240.0   21315.4
  128 6      3  0.1415 -0.0544   68227.1   23237.5   -6582.9  0.1398 -0.0569  187077.2  184200.3 -221250.3
       36.4      12.0   68265.5   23235.7   68227.1   23250.4   68398.9   23449.3   68256.8   23213.2
vertex track :         26   3 125    6599426  1.0239  0.2310  190523.7  181138.6     379.7   211    74.7
  126 6      1  0.8075  0.2669   65457.5   24764.5   -3042.4  1.0243  0.2279  185826.4  183395.8 -217704.5
      447.0     299.0   65788.1   25188.6   65108.9   24964.1   65337.7   24550.7   65975.7   24620.9
  127 6      2  0.9340  0.2046   63277.1   25037.2   -3866.7  1.0243  0.2279  184982.0  183207.9 -218528.9
     1026.1     702.3   64129.2   25942.8   62320.7   25546.6   62636.0   24341.8   64429.8   24570.7
  128 6      3  1.0179  0.3155   66001.0   22082.4   -6106.6  1.0243  0.2279  182687.5  182697.5 -220768.8
     1756.3    1205.1   67321.8   23753.4   64180.4   22779.8   64891.2   20621.7   68035.3   21451.4
vertex track :         93   3 125    7267646  1.2066 -0.6841  191443.5  179457.5     378.1   211   127.2
  126 6      1  1.2047 -0.6854   67140.6   26045.5   -2869.8  1.2088 -0.6903  186329.8  184727.0 -217531.2
      286.1     143.6   67460.3   26028.8   67215.9   26167.8   67032.1   26271.5   67318.3   25779.2
  127 6      2  1.2069 -0.6856   65279.5   22446.2   -3719.9  1.2088 -0.6903  185302.2  185313.8 -218381.3
      619.1     347.5   65989.5   22442.5   65166.3   22910.1   64780.8   22659.2   65646.2   21838.3
  128 6      3  1.2098 -0.6905   63888.3   25784.0   -6584.3  1.2088 -0.6903  181839.8  187291.1 -221245.7
     1184.3     673.9   65250.9   25782.2   63447.9   26811.3   62736.9   25995.0   64582.8   24611.6
vertex track :        118   3 125    7445807  2.1617  3.0986  190399.5  182487.2     381.7     0  2883.5
  126 6      1  2.0989  2.8901   62457.6   17857.3   -3029.5  2.1501  3.0777  181872.4  175031.8 -217691.7
      700.1      23.4   62850.1   18437.6   62468.0   17911.5   62277.3   17490.0   62888.0   18410.0
  127 6      2  2.5664  3.5101   58774.4   15545.9   -3839.0  2.1501  3.0777  180132.1  172540.7 -218501.1
      859.2      42.8   59246.9   16264.7   58771.7   15614.7   58514.3   15040.6   59316.0   16214.2
  128 4      3  2.1597  3.1147   57232.3   85418.3   -5967.0  2.1501  3.0777  175556.5  165991.3 -220629.2
     1271.8      70.2   57899.3   86503.4   56903.5   85067.3   56777.5   84546.3   58014.7   86423.4
vertex track :        142   3 126    6379681  0.7859 -1.1976  188318.7  183597.1     392.9     0 10001.0
  123 6     -2  0.8009 -1.1866   70599.7   17645.9    6590.0  0.8044 -1.2049  190677.0  179924.2 -211138.2
      258.5      16.3   70757.8   17440.8   70636.8   17620.0   70652.4   18059.8   70730.8   17422.5
  124 6     -1  0.8013 -1.1911   69317.5   23061.5    3718.5  0.8044 -1.2049  188367.3  183384.1 -214009.7
      156.5       8.6   69412.0   22936.5   69405.6   22946.0   69433.7   23395.3   69397.6   22926.8
  125 6      0  0.8036 -1.1906   69310.6   25970.0    2864.8  0.8044 -1.2049  187680.6  184412.8 -214863.3
      129.7       6.2   69388.4   25866.0   69412.0   25831.0   69443.7   26282.8   69378.1   25859.0
vertex track :        163   3 126    6601026 -0.1097 -2.0906  190314.5  181195.0     388.2     0   994.8
  123 6     -2 -0.2510 -2.0804   72096.2    9892.4    6937.2 -0.0917 -2.1017  187116.8  171230.2 -210791.8
      510.4      87.3   72121.7    9375.3   72191.3    9951.8   72280.4   10617.5   71948.4    9396.2
  124 6     -1  0.2169 -2.0571   76020.6   17220.1    3886.2 -0.0917 -2.1017  187396.7  177642.4 -213842.8
      287.9      40.9   76091.4   16938.0   76076.6   17078.7   76160.0   17710.0   76010.1   16929.5
  125 6      0  0.0007 -2.0558   69655.9   21281.2    3057.0 -0.0917 -2.1017  187472.8  179385.2 -214672.0
      226.3      17.2   69673.3   21054.9   69673.3   21075.8   69848.6   21715.4   69638.8   21054.9
vertex track :        187   3 126    7006480  2.2070  3.1935  185005.8  172068.9     380.4     0  2354.7
  123 6     -2  2.1693  3.2233   76483.8   36006.3    6581.5  2.1944  3.2298  196069.2  195813.7 -211136.1
     1317.8      83.8   77150.0   37146.3   76134.0   35636.7   76029.6   35079.5   77289.0   37052.8
  124 6     -1  2.1737  3.2029   71464.0   28549.6    3718.5  2.1944  3.2298  189786.8  186566.8 -213999.1
      731.5      40.2   71841.5   29177.4   71476.4   28639.5   71298.6   28135.0   71908.0   29132.3
  125 6      0  2.1716  3.2224   70313.8   27871.0    2867.5  2.1944  3.2298  187919.3  183818.1 -214850.1
      558.8      18.5   70610.8   28344.7   70442.2   28094.7   70229.1   27610.5   70641.5   28324.0
