groupid:   9355, ntrk:  8
vertex track :          0   3  19    5052538 -0.0255 -0.0372   55541.6  181851.2     183.2    13  1128.0
   20 5      1 -0.0260 -0.0369   58041.2   28333.1   -2866.9 -0.0282 -0.0419   56679.0  186699.8  -20341.0
       11.6       4.3   58038.1   28321.2   58045.9   28332.3   58254.4   28555.0   58031.1   28326.1
   21 5      2 -0.0259 -0.0371   55677.6   26396.6   -3719.9 -0.0282 -0.0419   56703.0  186735.5  -21194.0
       17.3      10.6   55676.4   26376.4   55690.8   26396.9   55888.7   26626.8   55658.9   26388.6
   22 5      3 -0.0265 -0.0366   62001.7   30550.9   -6585.7 -0.0282 -0.0419   56784.0  186855.6  -24059.9
       31.4      21.1   62000.4   30513.1   62031.7   30556.3   62213.0   30798.7   61966.2   30537.9
vertex track :         20   3  19    5052540 -0.1354 -0.0764   55229.1  181737.5     183.2     0  1406.5
   20 5      1 -0.1448 -0.0982   55850.7   22752.0   -3389.8 -0.1390 -0.0792   56774.7  186746.7  -20865.1
       20.2       4.5   55836.6   22737.0   55839.6   22739.0   56074.8   22977.0   55831.5   22744.5
   21 5      2 -0.1311 -0.0761   56741.5   25735.6   -4212.7 -0.1390 -0.0792   56889.1  186811.9  -21688.1
       25.4      10.1   56724.6   25714.1   56741.0   25723.6   56968.3   25967.0   56714.5   25731.6
   22 5      3 -0.1271 -0.0688   56036.0   21088.9   -6457.6 -0.1390 -0.0792   57201.2  186989.8  -23933.0
       37.7      17.1   56011.0   21056.0   56050.6   21077.4   56270.9   21331.8   55994.8   21086.0
vertex track :        100   3  19    5505313  0.7197 -0.2115   57599.3  181366.5     182.2   211   320.1
   20 5      1  0.7201 -0.2233   57609.5   28423.6   -2867.4  0.7141 -0.2277   56465.9  186745.2  -20338.9
       77.8      23.7   57690.8   28423.1   57693.4   28422.3   57738.9   28633.8   57676.8   28378.0
   21 5      2  0.7155 -0.2224   54592.0   26620.2   -3714.0  0.7141 -0.2277   55861.3  186937.9  -21185.5
      111.5      58.0   54715.7   26642.5   54653.0   26662.0   54679.0   26807.7   54681.3   26531.7
   22 5      3  0.7153 -0.2309   59343.7   31161.1   -6584.7  0.7141 -0.2277   53811.2  187591.4  -24056.2
      195.6     115.1   59565.2   31210.5   59343.1   31282.2   59332.9   31321.4   59494.4   30991.4
vertex track :        127   3  20   10556996 -1.7870  0.5670   63572.2  182395.4     310.1     0   823.0
   17 5     -2 -1.7794  0.5766   54151.9   28691.2    6586.1 -1.7804  0.5717   51374.1  188225.9  -14413.6
      425.7      87.5   53720.0   28739.1   54156.3   28597.8   54792.1   28853.8   53773.9   28905.7
   18 5     -1 -1.7840  0.5772   56924.5   28906.3    3717.3 -1.7804  0.5717   56481.8  186585.8  -17282.4
      244.9      41.7   56678.6   28942.0   56770.1   28912.4   57378.6   29081.2   56704.3   29021.4
   19 5      0 -1.7894  0.5615   56824.4   27348.6    2869.0 -1.7804  0.5717   57992.0  186100.9  -18130.7
      190.3      16.8   56637.8   27389.5   56625.1   27393.4   57219.2   27518.2   56647.9   27421.6
vertex track :        149   3  20   10794608  2.2191  1.2339   56505.1  183754.2     315.2   211     nan
   17 5     -2  2.3520  1.1710   70770.9   39538.3    6158.9  2.2111  1.2078   68407.8  193098.7  -14841.6
        nan       nan      -nan       nan       nan       nan       nan       nan       nan       nan
   18 5     -1  1.9489  1.2081   68065.3   34235.2    4218.9  2.2111  1.2078   64118.2  190755.6  -16781.6
        nan       nan      -nan       nan       nan       nan       nan       nan       nan       nan
   19 5      0  2.0918  1.1022   64278.3   35762.0    3385.1  2.2111  1.2078   62274.4  189748.5  -17615.4
        nan       nan      -nan       nan       nan       nan       nan       nan       nan       nan
vertex track :        170   3  20   10941741 -1.8192  1.6536   62818.6  179633.1     305.3     0  2479.0
   17 5     -2 -1.8098  1.6547   53235.7   32707.3    6585.0 -1.7949  1.6479   50504.6  192224.2  -14425.3
      595.2      45.6   52765.7   33075.3   53264.2   32619.5   53914.0   32551.0   52827.2   33142.6
   18 5     -1 -1.8131  1.6695   56051.6   30736.5    3719.0 -1.7949  1.6479   55648.6  187501.6  -17291.2
      345.3      22.4   55782.4   30953.9   55909.7   30836.6   56529.0   30730.7   55812.8   30986.9
   19 5      0 -1.8274  1.6496   56000.4   28232.2    2869.5 -1.7949  1.6479   57173.3  186101.7  -18140.7
      275.2      11.6   55788.4   28408.0   55813.1   28385.6   56420.6   28268.1   55803.9   28425.2
vertex track :        221   3  20   10986057  5.2427  1.1108   52614.8  183338.3     319.6     0 10001.0
   17 5     -2  5.0893  1.0888   86782.5   38261.7    6133.3  5.2092  1.0668   81876.0  191849.6  -14875.5
     2183.1      48.4   88907.3   38765.8   85706.3   38081.0   84872.9   37968.8   88927.5   38671.1
   18 5     -1  4.5948  1.3087   75640.1   33366.3    4229.0  5.2092  1.0668   71956.2  189818.1  -16779.8
     1486.6      31.5   77061.2   33803.9   75166.7   33264.3   74433.6   33140.1   77078.4   33743.2
   19 5      0  5.2342  0.7404   69018.9   34953.0    3384.4  5.2092  1.0668   67556.3  188917.0  -17624.5
     1180.8      22.1   70185.0   35140.3   68945.8   34965.0   68068.0   34976.4   70191.2   35096.5
vertex track :        234   3  20   11230598  0.1209 -1.2069   57150.7  188647.5     322.4   211     nan
   17 5     -2  0.1153 -1.2037   59627.9   23856.5    6585.3  0.1130 -1.2248   56874.6  183256.1  -14386.8
        nan       nan      -nan       nan       nan       nan       nan       nan       nan       nan
   18 5     -1  0.1073 -1.2064   58533.1   27658.8    3717.3  0.1130 -1.2248   56550.5  186768.9  -17254.8
        nan       nan      -nan       nan       nan       nan       nan       nan       nan       nan
   19 5      0  0.1269 -1.2035   56937.9   27543.1    2867.7  0.1130 -1.2248   56454.4  187809.5  -18104.4
        nan       nan      -nan       nan       nan       nan       nan       nan       nan       nan
