groupid:   9450, ntrk:  6
vertex track :          0   3 123    1384867 -0.2090 -0.1847  142718.9   61774.4     288.4    13 10000.6
  124 2      1 -0.2093 -0.1845   23191.4   62040.6   -2863.3 -0.2116 -0.1866  143785.5   64208.8 -213616.1
       29.3       2.3   23170.9   62019.5   23170.9   62019.5   23421.6   62271.6   23167.8   62023.0
  125 2      2 -0.2101 -0.1836   24803.2   62132.6   -3716.4 -0.2116 -0.1866  143966.0   64367.9 -214469.2
       34.9       3.2   24779.1   62107.3   24787.4   62114.6   25037.2   62367.8   24774.9   62112.1
  126 2      3 -0.2096 -0.1834   25580.9   61905.1   -6587.1 -0.2116 -0.1866  144573.5   64903.4 -217340.0
       55.1       5.6   25543.0   61864.6   25582.0   61898.7   25828.5   62155.4   25535.7   61873.0
vertex track :          8   3 123    1398188  0.6118  0.3438  144634.0   63010.6     288.2     0  1549.8
  124 2      1  0.5790  0.3570   26029.9   61231.4   -3144.5  0.6204  0.3333  142930.6   63693.0 -213894.8
       72.9       7.3   26088.1   61275.9   26085.6   61274.4   26182.3   61397.3   26095.8   61263.5
  125 2      2  0.5804  0.3635   20644.1   61118.6   -3974.7  0.6204  0.3333  142415.5   63416.3 -214725.0
       85.9      13.4   20709.8   61175.6   20686.0   61160.7   20789.0   61272.0   20724.0   61152.8
  126 2      3  0.6280  0.3961   19047.3   59018.4   -6530.4  0.6204  0.3333  140829.9   62564.5 -217280.6
      127.6      23.7   19142.5   59106.5   19058.6   59053.5   19162.6   59140.7   19167.8   59066.4
vertex track :         19   3 123    1801632  2.5059 -3.9891  146300.7   56754.7     281.1   211   281.3
  124 2      1  2.5095 -3.9952   18117.2   69157.7   -2868.8  2.5301 -4.1272  138684.3   71536.2 -213639.7
     1448.3     226.4   19079.3   68051.7   18065.6   69665.6   17367.6   70469.7   18695.8   67810.8
  125 2      2  2.4782 -3.9993   17513.6   72414.4   -3718.9  2.5301 -4.1272  136533.6   75044.6 -214489.8
     2922.0     554.1   19523.7   70222.4   16965.9   74350.2   15715.9   74812.3   18581.6   69638.6
  126 2      3  2.4828 -4.0139   11233.8   82062.5   -6585.3  2.5301 -4.1272  129281.2   86874.8 -217356.2
     5602.9    1086.4   15105.1   77869.0    9731.7   86556.1    7574.9   86462.0   13257.2   76726.0
vertex track :         77   3 123    2284498 -0.4453 -4.4120  142619.3   58608.1     285.7   211   700.1
  124 2      1 -0.2934 -4.1141   26957.3   70542.5   -3180.6 -0.5078 -4.5136  144735.6   76088.0 -213942.9
     1015.1      87.8   26972.7   69523.7   27055.5   70684.8   27151.7   71767.2   26797.5   69536.2
  125 2      2 -0.2505 -4.4593   22436.2   74424.4   -4014.7 -0.5078 -4.5136  145159.1   79852.7 -214777.0
     1464.4     201.8   22555.6   72951.0   22667.3   74938.7   22526.6   76103.4   22152.6   72973.7
  126 4      3 -0.6472 -4.1970   23922.5    8213.0   -6663.5 -0.5078 -4.5136  146504.2   91808.3 -217425.8
     2471.0     369.3   23910.9    5714.6   24528.2    9717.5   24143.5   10917.3   23180.9    5827.2
vertex track :        135   3 124    1800400  0.3452  1.6737  140281.0   56349.1     355.4   211     nan
  121 2     -2  0.3566  1.6776   23989.8   67176.6    6585.4  0.3571  1.6758  144267.5   68774.0 -207382.4
        nan       nan      -nan       nan       nan       nan       nan       nan       nan       nan
  122 2     -1  0.3581  1.6655   22695.2   59886.7    3716.2  0.3571  1.6758  143243.0   63966.0 -210251.6
        nan       nan      -nan       nan       nan       nan       nan       nan       nan       nan
  123 2      0  0.3378  1.6716   24368.1   60340.7    2865.1  0.3571  1.6758  142939.0   62539.8 -211102.7
        nan       nan      -nan       nan       nan       nan       nan       nan       nan       nan
vertex track :        145   3 124    2004394  3.7318  4.0793  129821.6   49291.5     353.5   211     nan
  121 2     -2  3.7579  4.5621   31345.9   75494.8    6696.1  3.7900  4.0630  155498.9   77099.8 -207275.0
        nan       nan      -nan       nan       nan       nan       nan       nan       nan       nan
  122 2     -1  3.6236  4.4225   19053.2   62897.0    3980.3  3.7900  4.0630  145206.1   66065.6 -209990.8
        nan       nan      -nan       nan       nan       nan       nan       nan       nan       nan
  123 2      0  3.7088  4.1116   20176.6   60131.4    3155.5  3.7900  4.0630  142080.4   62714.7 -210815.5
        nan       nan      -nan       nan       nan       nan       nan       nan       nan       nan
