groupid:   9596, ntrk:  4
vertex track :          0   3 129    3648399  0.2185  0.1487   50985.6  146370.7     228.2    13   717.3
  130 3      1  0.2178  0.1492   51034.5   68306.7   -2867.7  0.2179  0.1500   50105.9  150474.8 -224259.5
       28.6       7.5   51053.8   68329.1   51052.3   68328.0   51225.3   68494.4   51062.4   68316.6
  131 3      2  0.2200  0.1465   52664.7   71707.9   -3715.2  0.2179  0.1500   49921.2  150347.7 -225107.0
       37.8      18.1   52686.1   71743.9   52669.4   71732.8   52853.6   71882.0   52706.2   71713.7
  132 3      3  0.2190  0.1478   48252.5   69403.1   -6588.1  0.2179  0.1500   49295.2  149916.7 -227979.9
       63.9      35.7   48285.5   69468.5   48225.6   69428.1   48429.8   69547.9   48325.5   69409.2
vertex track :         81   3 129    4239893 -0.6028 -1.6530   48380.2  140842.2     229.5  2212   406.7
  130 3      1 -0.4921 -1.6959   50402.8   69894.6   -3347.6 -0.6190 -1.6548   50338.4  151314.7 -224738.2
      322.4     117.6   50425.8   69552.2   50502.2   69815.4   50589.2   70445.3   50200.0   69617.7
  131 3      2 -0.5654 -1.6928   48900.6   67213.3   -4181.7 -0.6190 -1.6548   50854.7  152695.0 -225572.3
      605.1     270.6   48965.6   66553.6   49230.3   67346.1   49045.1   68081.4   48452.2   66725.1
  132 3      3 -0.6139 -1.6974   51435.2   73871.5   -7029.9 -0.6190 -1.6548   52617.7  157408.4 -228420.6
     1101.2     506.9   51537.3   72663.5   52157.5   74378.2   51542.5   75287.8   50583.9   73008.3
vertex track :        177   3 130    3425272  2.0434 -2.1424   43649.8  152849.6     218.3   211     nan
  127 3     -2  2.0326 -2.1701   58044.6   59895.6    6588.0  2.0320 -2.1936   56888.7  144351.4 -218137.9
        nan       nan      -nan       nan       nan       nan       nan       nan       nan       nan
  128 3     -1  2.0180 -2.1626   54011.1   69244.2    3718.3  2.0320 -2.1936   51057.5  150646.4 -221007.6
        nan       nan      -nan       nan       nan       nan       nan       nan       nan       nan
  129 3      0  2.0138 -2.1714   52563.0   69474.9    2863.4  2.0320 -2.1936   49320.1  152521.9 -221862.6
        nan       nan      -nan       nan       nan       nan       nan       nan       nan       nan
vertex track :        246   3 130    4294799  3.5461 -0.7913   44997.2  146433.2     208.7   211     nan
  127 3     -2  3.4005 -0.4819   65111.0   61352.6    6672.7  3.5802 -0.8529   68341.5  146341.6 -218048.4
        nan       nan      -nan       nan       nan       nan       nan       nan       nan       nan
  128 3     -1  3.4510 -0.9447   59916.5   64274.7    4205.9  3.5802 -0.8529   59509.9  148445.6 -220515.2
        nan       nan      -nan       nan       nan       nan       nan       nan       nan       nan
  129 3      0  3.4080 -0.8940   57773.8   66120.1    3375.5  3.5802 -0.8529   56536.9  149153.9 -221345.5
        nan       nan      -nan       nan       nan       nan       nan       nan       nan       nan
