groupid:   9686, ntrk:  5
vertex track :          0   3  23    2486684 -0.7290 -0.6320  138596.9   48896.2     297.0    13   891.5
   24 2      1 -0.7217 -0.6412   18228.2   53282.9   -2867.6 -0.7360 -0.6391  137865.3   54920.3  -28248.3
       96.6      11.2   18163.5   53210.4   18156.3   53204.0   18502.2   53564.8   18148.6   53227.2
   25 2      2 -0.7199 -0.6429   20036.8   53491.9   -3719.7 -0.7360 -0.6391  138492.5   55464.9  -29100.5
      117.2      24.4   19965.6   53395.6   19989.3   53416.7   20317.2   53797.5   19933.1   53432.0
   26 2      3 -0.7225 -0.6382   20920.0   53384.3   -6586.7 -0.7360 -0.6391  140602.7   57297.1  -31967.4
      186.5      47.2   20811.5   53225.5   20939.3   53338.3   21237.8   53752.5   20749.0   53296.2
vertex track :         70   3  23    2652440  0.7413 -4.3187  142701.4   37054.7     276.7   211   453.4
   24 2      1  0.8257 -3.9967   20585.5   48311.3   -3287.9  0.7527 -4.4072  136957.7   56786.8  -28705.2
     1129.0     139.9   20950.9   47234.0   20667.5   48605.9   20430.8   49594.6   20676.8   47177.3
   25 2      2  0.7062 -4.4048   19499.4   50390.4   -4102.4  0.7527 -4.4072  136344.6   60376.6  -29519.7
     1832.9     320.0   20105.5   48631.3   19673.5   51325.9   19104.0   52355.2   19473.7   48530.0
   26 2      3  0.7290 -4.1932   18853.4   64695.3   -6932.8  0.7527 -4.4072  134214.3   72850.8  -32350.1
     3261.8     599.4   20002.6   61584.4   19038.4   67131.0   17915.0   68012.0   18821.6   61379.1
vertex track :        147   3  23    3125012 -1.3734 -0.7888  136737.7   48451.0     296.8     0   917.9
   24 2      1 -1.3648 -0.8006   18459.3   53334.6   -2868.5 -1.3868 -0.7977  138054.7   54974.5  -28250.2
      174.8      16.9   18317.0   53231.6   18332.0   53240.4   18810.2   53646.8   18300.0   53260.7
   25 2      2 -1.3637 -0.8095   20820.2   53704.5   -3717.6 -1.3868 -0.7977  139232.3   55651.8  -29099.3
      216.7      37.3   20653.0   53561.8   20739.2   53613.0   21196.1   54056.3   20614.9   53626.0
   26 2      3 -1.3626 -0.8086   23512.2   54045.3   -6586.6 -1.3868 -0.7977  143211.0   57940.4  -31968.2
      352.9      72.4   23245.7   53802.9   23566.5   53993.3   23987.3   54496.8   23171.8   53927.5
vertex track :        261   3  24    1588602 -1.5848 -0.2145  141505.8   52474.8     346.3   211     nan
   21 2     -2 -1.5931 -0.2284    9076.1   47454.5    6588.3 -1.5847 -0.1956  130256.6   52564.6  -22136.4
        nan       nan      -nan       nan       nan       nan       nan       nan       nan       nan
   22 2     -1 -1.5868 -0.2061   17674.2   51193.9    3718.3 -1.5847 -0.1956  134804.7   53125.9  -25006.4
        nan       nan      -nan       nan       nan       nan       nan       nan       nan       nan
   23 2      0 -1.5845 -0.2123   16890.5   48346.7    2867.4 -1.5847 -0.1956  136153.1   53292.4  -25857.3
        nan       nan      -nan       nan       nan       nan       nan       nan       nan       nan
vertex track :        267   3  24    1601649 -0.4416 -4.2493  139281.4   59434.7     359.9     0  1372.1
   21 2     -2 -0.2955 -4.3334   18625.1   33358.9    6760.6 -0.5111 -4.2738  134738.6   33403.9  -21957.5
     1718.5     162.8   18670.6   31633.3   18842.4   34152.3   18789.3   35290.1   18345.8   31655.5
   22 2     -1 -0.6817 -4.0548   16690.4   39517.6    4121.1 -0.5111 -4.2738  136087.8   44684.3  -24596.9
     1012.2      84.7   16606.1   38505.4   16798.6   39650.3   16984.1   40735.8   16439.1   38533.4
   23 2      0 -0.3886 -4.0592   16073.0   47326.2    3302.2 -0.5111 -4.2738  136506.4   48184.5  -25415.9
      770.7      36.7   16036.0   46555.6   16101.3   47237.4   16319.5   48302.8   15963.0   46562.6
