groupid:   9713, ntrk:  8
vertex track :          0   3  83    2759637  0.0300 -0.1449   48586.4  160545.5     238.1    13  1716.6
   84 3      1  0.0312 -0.1446   48671.5   82883.1   -2867.9  0.0319 -0.1477   47816.2  164522.7 -139394.4
       17.4       3.1   48678.2   82866.7   48677.5   82870.4   48874.8   83109.3   48672.1   82865.4
   85 3      2  0.0301 -0.1448   50396.0   84950.1   -3717.9  0.0319 -0.1477   47789.1  164648.3 -140244.4
       21.9       7.3   50407.7   84930.1   50405.1   84942.7   50594.4   85179.9   50393.3   84927.1
   86 3      3  0.0289 -0.1460   49517.3   84155.7   -6585.6  0.0319 -0.1477   47697.7  165071.8 -143112.1
       36.4      14.4   49538.5   84122.8   49530.4   84163.5   49706.1   84398.4   49510.2   84117.2
vertex track :          7   3  83    2759664 -1.1012  1.2378   48305.0  160889.3     237.1     0  1141.4
   84 3      1 -1.0918  1.1989   50216.5   77500.5   -2857.6 -1.1004  1.2384   51038.0  160577.3 -139382.1
      182.2      14.7   50083.0   77625.4   50099.1   77607.7   50558.9   77586.9   50104.6   77645.1
   85 3      2 -1.1526  1.3343   49567.7   79275.7   -3680.0 -1.1004  1.2384   51943.0  159558.9 -140204.5
      222.7      31.2   49398.5   79423.9   49447.6   79367.0   49945.8   79338.9   49445.7   79464.7
   86 3      3 -1.0547  1.1855   55468.4   76606.0   -6407.0 -1.1004  1.2384   54943.9  156181.7 -142931.5
      356.3      59.5   55187.1   76832.6   55439.2   76549.2   55958.5   76590.5   55276.0   76911.7
vertex track :         28   3  83    3229098  0.5928 -0.4559   48731.6  160465.5     238.1  2212   499.4
   84 3      1  0.5961 -0.4517   47197.7   83685.0   -2868.2  0.5982 -0.4605   46202.9  165414.1 -139395.0
       82.7      31.7   47282.7   83660.4   47276.1   83665.3   47323.2   83919.2   47244.4   83609.8
   85 3      2  0.5926 -0.4561   48469.2   86024.7   -3718.4  0.5982 -0.4605   45694.2  165805.7 -140245.3
      129.1      77.6   48618.9   86007.5   48538.7   86069.2   48530.2   86251.5   48524.2   85884.4
   86 3      3  0.5890 -0.4586   46082.9   86082.3   -6586.3  0.5982 -0.4605   43978.6  167126.4 -143113.2
      232.7     152.9   46360.4   86060.0   46117.0   86249.6   46016.0   86314.2   46172.6   85818.7
vertex track :         29   3  83    3229123  0.0083  1.0592   48581.0  160846.2     237.1  2212   831.8
   84 3      1  0.0093  1.0016   47126.4   77912.8   -2850.1  0.0095  1.0644   47880.4  161081.1 -139375.2
      106.4      17.5   47109.9   78019.4   47109.9   78016.9   47352.9   78017.2   47144.9   78019.0
   85 3      2  0.0006  1.1224   45695.4   79860.7   -3671.9  0.0095  1.0644   47872.7  160206.4 -140197.0
      135.0      40.8   45654.6   79995.7   45654.6   79961.5   45946.1   79936.9   45736.3   79995.7
   86 3      3  0.1172  1.0445   48131.0   77809.8   -6406.2  0.0095  1.0644   47846.8  157296.0 -142931.3
      218.9      78.7   48077.2   78036.1   48053.0   77820.4   48394.9   77794.6   48233.6   78018.6
vertex track :         41   3  83    3654215 -0.5074 -1.7454   46731.8  156093.9     237.5  2212     nan
   84 3      1 -0.4962 -1.7496   48335.5   83002.8   -2868.1 -0.5259 -1.7596   47675.9  165040.6 -139398.7
        nan       nan      -nan       nan       nan       nan       nan       nan       nan       nan
   85 3      2 -0.5124 -1.7440   50512.7   86399.3   -3717.6 -0.5259 -1.7596   48122.6  166535.3 -140248.2
        nan       nan      -nan       nan       nan       nan       nan       nan       nan       nan
   86 5      3 -0.5144 -1.7451   50246.8    7339.3   -6586.1 -0.5259 -1.7596   49631.0  171582.9 -143116.7
        nan       nan      -nan       nan       nan       nan       nan       nan       nan       nan
vertex track :         71   3  83    5224621  4.2746  3.1315   59059.4  168607.2     168.0     0  4619.4
   84 3      1  4.1062  3.2376   45392.1   79821.0   -2849.5  4.3049  3.1624   45455.1  162678.6 -139306.9
     1142.0      24.8   46273.6   80547.6   45342.3   79813.3   44724.7   79307.7   46304.3   80508.7
   85 3      2  4.4110  2.9374   40315.2   79921.3   -3662.6  4.3049  3.1624   41954.7  160107.3 -140120.0
     1436.9      42.9   41487.4   80753.4   40021.7   79777.3   39357.3   79302.1   41535.0   80682.0
   86 3      3  4.3445  3.0561   30731.6   72378.2   -6388.8  4.3049  3.1624   30218.4  151485.6 -142846.3
     2425.7      80.0   32669.6   73839.2   29613.9   71689.7   29007.9   71130.2   32761.6   73708.4
vertex track :         79   3  83    5461836 -0.2046  4.2344   48496.8  173516.6     187.5   211   520.3
   84 3      1 -0.2372  4.2290   49227.7   83374.7   -2867.8 -0.2042  4.2353   48443.1  164201.7 -139321.6
      871.2      94.0   49085.0   84239.3   49132.8   83387.7   49580.1   82724.4   49272.8   84249.8
   85 3      2 -0.2141  4.2440   51168.4   81849.2   -3718.2 -0.2042  4.2353   48616.8  160599.8 -140172.1
     1392.5     231.2   50867.3   83228.3   50962.7   81338.0   51679.2   80684.3   51329.1   83251.6
   86 3      3 -0.1816  4.2409   50855.6   69038.0   -6586.0 -0.2042  4.2353   49202.3  148453.7 -143039.9
     2574.9     457.9   50287.9   71591.0   50470.1   67336.5   51633.0   66699.3   51202.9   71630.2
vertex track :        112   3  84    3246008  3.1943 -1.5095   43402.4  164311.6     351.7   211     nan
   81 3     -2  3.1723 -1.5615   66910.4   77188.1    6588.5  3.2423 -1.5535   62643.8  157088.6 -132888.3
        nan       nan      -nan       nan       nan       nan       nan       nan       nan       nan
   82 3     -1  3.1810 -1.5307   56168.8   80107.0    3718.2  3.2423 -1.5535   53337.6  161547.7 -135758.6
        nan       nan      -nan       nan       nan       nan       nan       nan       nan       nan
   83 3      0  3.1844 -1.5245   51253.5   79997.5    2868.0  3.2423 -1.5535   50580.9  162868.5 -136608.8
        nan       nan      -nan       nan       nan       nan       nan       nan       nan       nan
