groupid:  10600, ntrk:  7
vertex track :          0   3  71     280530  0.2086  0.1778   94324.6   74883.4     163.2    13   680.5
   72 1      1  0.2108  0.1754   94213.0   74907.3   -2865.8  0.2072  0.1820   94330.1   75124.7 -118067.2
       29.1       7.7   94230.4   74931.9   94229.9   74931.4   94405.7   75092.9   94240.3   74920.0
   73 1      2  0.2109  0.1758   90401.5   75500.8   -3715.8  0.2072  0.1820   94154.1   74970.0 -118917.1
       38.7      18.8   90419.1   75540.0   90404.0   75527.4   90594.0   75671.7   90443.3   75511.0
   74 1      3  0.2102  0.1760   94791.0   74332.9   -6585.5  0.2072  0.1820   93559.6   74447.7 -121786.8
       65.8      37.4   94817.4   74403.8   94760.6   74356.3   94974.7   74472.1   94865.5   74346.4
vertex track :        145   3  72      81142 -1.6888  0.3058   98911.1   74556.1     220.4     0  2527.3
   69 1     -2 -1.6991  0.3117   88182.6   76878.6    6588.8 -1.6924  0.3007   88165.7   76674.5 -112047.1
      347.6      31.0   87835.2   76910.9   88162.1   76850.9   88738.4   77056.6   87846.3   76971.8
   70 1     -1 -1.6922  0.2956   92522.0   75695.8    3720.1 -1.6924  0.3007   93020.7   75811.9 -114915.8
      209.1      15.6   92313.4   75716.4   92369.9   75706.5   92938.9   75885.5   92318.7   75747.2
   71 1      0 -1.6911  0.2851   92688.2   74948.4    2868.2 -1.6924  0.3007   94462.4   75555.7 -115767.7
      171.2       8.8   92517.9   74968.2   92500.4   74971.2   93066.7   75138.9   92520.8   74985.5
vertex track :        165   3  72     326012  0.8838 -0.9740   93826.9   75267.2     224.3   211   143.4
   69 1     -2  0.8429 -0.9494   98820.4   68650.2    6911.3  0.8784 -1.0017   99743.0   68745.0 -111737.5
      871.5     506.3   99777.6   68334.6   98797.4   69438.7   98074.0   69174.8   99020.4   67662.3
   70 1     -1  0.8579 -0.9652   96239.7   72109.1    4153.2  0.8784 -1.0017   97320.4   71507.8 -114495.6
      458.9     260.9   96739.6   71939.5   96310.0   72422.8   95950.6   72487.8   96349.5   71592.8
   71 1      0  0.8816 -1.0214   96115.8   74292.8    3338.5  0.8784 -1.0017   96604.8   72323.8 -115310.3
      221.5     106.9   96341.5   74195.0   96237.1   74315.8   96101.0   74599.6   96179.6   74055.3
vertex track :        197   3  72     765935  0.2263 -1.2567   94182.1   77323.3     224.3   211     nan
   69 1     -2  0.2238 -1.2584   96703.7   68837.0    6587.2  0.2335 -1.3068   95708.6   69271.7 -112061.3
        nan       nan      -nan       nan       nan       nan       nan       nan       nan       nan
   70 1     -1  0.2307 -1.2569   95770.6   71993.4    3717.1  0.2335 -1.3068   95038.6   73022.4 -114931.4
        nan       nan      -nan       nan       nan       nan       nan       nan       nan       nan
   71 1      0  0.2422 -1.2525   94381.8   72519.2    2866.5  0.2335 -1.3068   94840.0   74133.9 -115781.9
        nan       nan      -nan       nan       nan       nan       nan       nan       nan       nan
vertex track :        264   3  72    1284104  2.0877 -3.0546   90865.7   80734.3     230.9   211   115.8
   69 1     -2  2.0703 -2.9887  103847.2   60366.8    6923.3  2.1194 -3.1617  105051.7   59940.9 -111730.1
    10030.9    2596.5  111693.5   53599.5  100704.6   69463.5   96213.0   67341.0  107424.6   50642.4
   70 1     -1  2.1531 -2.9258   97784.9   69923.3    4150.1  2.1194 -3.1617   99174.2   68709.0 -114503.3
     5167.4    1333.7  101921.9   66551.9   96248.4   74261.3   93860.1   73501.9   99773.6   64970.9
   71 1      0  2.0936 -3.0003   96603.9   73808.9    3338.3  2.1194 -3.1617   97453.5   71275.8 -115315.1
     2184.4     546.8   98302.3   72330.4   96241.9   75283.2   95117.5   75494.4   97405.5   71704.6
vertex track :        278   3  72    1308826  0.3911 -3.9649   93601.4   84128.6     226.7   211   424.8
   69 1     -2  0.3903 -3.9645   97260.3   56848.0    6586.3  0.4116 -4.1314   96227.0   58388.3 -112060.9
     2414.8     484.4   97978.9   54492.3   97587.7   58466.1   96752.1   59409.8   97014.9   54397.4
   70 1     -1  0.4054 -3.9641   95883.1   67593.4    3717.1  0.4116 -4.1314   95046.0   70242.3 -114930.1
     1229.8     232.0   96239.0   66393.6   96073.9   68008.0   95737.6   68999.2   95777.4   66346.4
   71 1      0  0.4347 -3.9495   94384.0   70298.9    2869.0  0.4116 -4.1314   94696.9   73746.0 -115778.2
      708.2      88.1   94549.1   69604.6   94485.4   70183.2   94429.3   71199.3   94373.8   69585.3
vertex track :        279   3  72    1308891  0.4002 -3.1143   93327.5   85912.1     229.7   211   613.5
   69 1     -2  0.2936 -3.0934   95138.6   65121.7    6916.7  0.4611 -3.0270   96390.9   66189.4 -111733.2
     1246.3     247.3   95502.6   63904.3   95328.7   65736.1   94985.0   66545.9   95010.2   63857.6
   70 1     -1  0.2757 -3.1579   93939.0   74879.1    4159.4  0.4611 -3.0270   95119.6   74535.6 -114490.5
      712.4     127.7   94128.2   74180.5   94062.2   74936.7   93960.1   75784.5   93873.7   74158.3
   71 1      0  0.4737 -3.2424   94167.5   78829.0    3341.4  0.4611 -3.0270   94742.4   77011.7 -115308.4
      501.4      53.5   94292.8   78340.5   94247.3   78651.9   94252.6   79524.1   94187.1   78325.1
