groupid:  10482, ntrk:  3
vertex track :          0   3 129    3271661 -0.3812 -0.1840   89857.5  105788.2     148.2    13  1031.4
  130 3      1 -0.3817 -0.1817   93774.8   28776.0   -2868.0 -0.3832 -0.1868   90131.1  107924.5 -226251.1
       42.0       6.1   93739.5   28752.3   93735.2   28750.3   94019.7   29009.4   93734.2   28763.4
  131 3      2 -0.3829 -0.1785   93236.7   29450.4   -3717.7 -0.3832 -0.1868   90456.8  108083.2 -227100.8
       51.4      13.7   93196.0   29416.3   93208.7   29422.2   93487.1   29694.4   93184.4   29441.1
  132 3      3 -0.3828 -0.1781   96064.4   32140.7   -6587.7 -0.3832 -0.1868   91556.6  108619.1 -229970.7
       83.0      27.1   96000.6   32081.2   96070.7   32113.8   96337.9   32410.1   95977.8   32130.3
vertex track :         17   3 129    3069946  1.3254  0.0183   90699.9  105897.7     148.1  2212   411.0
  130 3      1  1.3528  0.0782   85749.6   25786.6   -3262.6  1.3294  0.0172   85287.0  107412.6 -226644.8
      195.3      79.8   85939.9   25877.5   85834.2   25871.4   85770.6   25905.7   85949.2   25718.2
  131 3      2  1.3265  0.0492   84884.3   23670.7   -4084.2  1.3294  0.0172   84194.9  107398.4 -227466.3
      352.7     186.7   85229.8   23870.4   84803.5   23854.6   84750.1   23681.2   85243.6   23497.2
  132 3      3  1.3508 -0.0008   80013.9   24770.3   -6885.0  1.3294  0.0172   80471.6  107350.1 -230267.1
      640.9     353.1   80655.0   25123.0   79656.9   25123.6   79584.2   24627.5   80654.6   24416.8
vertex track :        183   3 130    3501511  0.9160 -0.0429   91294.9  106287.0     174.6   211   117.2
  127 3     -2  0.9182 -0.0411   95921.3   27716.4    6581.4  0.9192 -0.0274   93446.6  107292.5 -220099.4
      681.1     488.7   96623.5   28174.3   95455.5   28226.5   95429.9   27468.6   96579.9   27197.8
  128 3     -1  0.9168 -0.0354   90896.4   26601.1    3717.7  0.9192 -0.0274   90814.1  107370.8 -222963.2
      334.5     235.8   91239.7   26823.8   90763.7   26842.2   90763.9   26588.3   91221.5   26352.5
  129 3      0  0.9167 -0.0297   92256.0   26964.0    2868.3  0.9192 -0.0274   90033.4  107394.1 -223812.5
      146.7      89.5   92405.6   27048.8   92304.8   27052.0   92317.4   27089.3   92399.8   26869.8
