groupid:  10238, ntrk:  4
vertex track :          0   3  49    6553449  0.3706  0.3697  124739.8  190817.1      50.7    13   892.9
   50 5      1  0.3723  0.3682  122006.7   29298.4   -2875.5  0.3751  0.3725  121314.4  190411.7  -76422.7
       50.3       7.2  122037.4   29338.9  122044.1   29345.5  122186.4   29468.2  122047.6   29328.6
   51 5      2  0.3741  0.3658  123079.1   28212.1   -3712.1  0.3751  0.3725  121000.6  190100.1  -77259.3
       61.4      16.3  123111.6   28266.6  123102.4   28257.6  123257.0   28367.8  123134.4   28243.3
   52 5      3  0.3725  0.3672  122243.3   27892.4   -6585.1  0.3751  0.3725  119923.0  189029.9  -80132.3
       99.7      32.6  122291.3   27985.6  122227.6   27922.7  122405.6   28009.5  122337.2   27939.1
vertex track :         66   3  49    7458916 -1.3728 -0.7251  120679.8  188232.1      49.7  2212   618.9
   50 6      1 -1.4328 -0.6324    6428.0   29214.4   -3035.4 -1.3634 -0.7296  122560.7  191150.0  -76576.0
      179.9      39.4    6279.3   29105.7    6307.5   29118.1    6785.2   29532.4    6247.5   29177.8
   51 6      2 -1.3577 -0.6970    7664.6   30947.7   -3853.4 -1.3634 -0.7296  123675.9  191746.8  -77394.0
      262.7      95.2    7474.4   30743.0    7656.7   30836.6    8063.5   31361.6    7387.5   30912.4
   52 6      3 -1.4190 -0.5645    9867.6   31799.8   -6816.0 -1.3634 -0.7296  127715.2  193908.3  -80356.7
      474.2     191.6    9497.8   31446.5   10081.0   31678.5   10445.9   32362.6    9356.1   31802.6
vertex track :        141   3  50    5087342 -0.5888 -3.9602  123814.2  203434.3      99.0   211   368.9
   47 5     -2 -0.6017 -3.9641  122077.7   15828.7    6586.9 -0.6117 -4.0908  120003.1  177001.8  -69941.5
     2792.2     584.4  122236.5   12980.5  122948.1   17669.2  122128.4   18883.1  121081.0   13155.8
   48 5     -1 -0.6053 -3.9576  122971.9   32608.7    3717.9 -0.6117 -4.0908  121758.2  188738.5  -72810.6
     1427.1     284.7  123037.5   31155.0  123341.9   33145.3  123115.6   34268.5  122474.7   31241.1
   49 5      0 -0.5860 -3.9638  123752.1   29953.0    2872.9 -0.6117 -4.0908  122275.2  192195.5  -73655.6
      785.4     110.4  123746.4   29159.8  123853.1   29881.4  123967.2   30952.1  123528.0   29192.1
vertex track :        144   3  50    5255482 -1.6305  0.5366  126822.6  189859.9      96.0     0  2657.1
   47 5     -2 -1.7484  0.4702  114368.6   35047.2    6521.2 -1.6340  0.5008  116507.5  193264.6  -70126.7
      350.1      30.3  114022.6   35108.9  114331.7   35025.7  114922.8   35195.9  114038.3   35167.3
   48 5     -1 -1.6867  0.6308  119510.5   37810.1    3867.9 -1.6340  0.5008  120843.0  191935.7  -72780.0
      221.4      16.4  119297.3   37872.3  119357.9   37849.6  119931.9   37958.5  119308.8   37903.0
   49 5      0 -1.6228  0.5824  119396.3   31073.7    3047.1 -1.6340  0.5008  122184.2  191524.7  -73600.9
      184.0       9.7  119219.9   31126.7  119225.4   31124.7  119781.1   31231.3  119226.4   31145.0
