groupid:  10423, ntrk:  7
vertex track :          0   3  41    5646497  0.1059 -0.2661  176628.9  156972.3     229.4    13   778.3
   42 4      1  0.1038 -0.2668   59083.5   78125.6   -2866.5  0.0999 -0.2701  178129.7  158371.7  -61899.6
       30.4       7.1   59101.1   78099.8   59100.9   78100.5   59276.0   78361.1   59087.9   78094.7
   43 4      2  0.1033 -0.2674   57456.5   77842.2   -3716.6  0.0999 -0.2701  178044.8  158601.4  -62749.8
       39.3      16.9   57486.4   77811.7   57479.8   77828.8   57636.7   78082.5   57454.9   77799.5
   44 4      3  0.1022 -0.2656   58419.8   79206.4   -6584.6  0.0999 -0.2701  177758.3  159376.1  -65617.7
       65.5      33.3   58474.3   79157.2   58448.8   79223.7   58575.3   79465.3   58412.2   79133.3
vertex track :         13   3  41    5198698  1.9037  1.8323  181350.4  162593.7     224.5  2212   466.8
   42 4      1  1.7584  1.7711   53198.5   76460.8   -2981.2  1.8695  1.8162  177166.1  157373.3  -61973.2
      518.0     130.9   53470.5   76920.6   53109.9   76557.4   53138.1   76212.8   53656.3   76736.2
   43 4      2  1.8887  1.8695   53791.1   76687.2   -3817.8  1.8695  1.8162  175602.1  155853.8  -62809.8
      995.6     316.0   54276.4   77612.1   53257.9   76604.0   53517.7   75974.1   54720.9   77163.0
   44 4      3  1.8646  1.5727   46825.3   72277.6   -6971.4  1.8695  1.8162  169706.5  150126.1  -65963.4
     1973.7     646.3   47917.3   74044.2   45291.4   71829.4   45945.1   70722.5   48750.8   73056.1
vertex track :         41   3  41    5783196  4.1998 -3.6583  182359.7  152403.5     220.7     0 10001.0
   42 4      1  4.1607 -3.6887   52648.8   83699.9   -2867.1  4.1357 -3.6472  171385.2  164216.3  -61874.2
     1276.4      23.1   53619.3   82870.5   52582.8   83789.3   51892.5   84735.6   53588.6   82835.8
   43 4      2  4.1481 -3.6909   47637.8   86295.3   -3716.0  4.1357 -3.6472  167874.3  167312.5  -62723.2
     1607.9      33.1   48861.1   85251.2   47329.7   86613.7   46628.8   87545.7   48817.1   85201.8
   44 6      3  4.1689 -3.6990   35722.1   16910.2   -6586.8  4.1357 -3.6472  156001.5  177783.0  -65594.0
     2741.8      59.6   37812.5   15135.0   34586.1   17997.7   33845.8   18891.7   37733.4   15045.9
vertex track :        124   3  42    4546339 -1.0161 -0.7727  182461.2  159066.3     232.6   211     nan
   39 4     -2 -1.0197 -0.7749   54712.5   73721.0    6587.1 -1.0211 -0.7958  174623.2  154731.1  -55434.5
        nan       nan      -nan       nan       nan       nan       nan       nan       nan       nan
   40 4     -1 -1.0191 -0.7709   57898.8   77051.4    3717.4 -1.0211 -0.7958  177553.6  157014.9  -58304.3
        nan       nan      -nan       nan       nan       nan       nan       nan       nan       nan
   41 4      0 -1.0188 -0.7685   56850.6   77104.9    2869.5 -1.0211 -0.7958  178419.4  157689.7  -59152.1
        nan       nan      -nan       nan       nan       nan       nan       nan       nan       nan
vertex track :        133   3  42    4921632 -3.9061  5.3414  187713.4  146054.1     219.2   211     nan
   39 6     -2 -3.2296  5.5243   43158.3   26790.7    6837.7 -3.9534  5.3926  160258.0  182377.2  -55171.6
        nan       nan      -nan       nan       nan       nan       nan       nan       nan       nan
   40 6     -1 -4.0288  5.0537   54377.4    5568.3    3826.0 -3.9534  5.3926  172164.3  166136.5  -58183.2
        nan       nan      -nan       nan       nan       nan       nan       nan       nan       nan
   41 4      0 -3.6301  5.6535   59578.4   83065.2    3000.2 -3.9534  5.3926  175429.2  161683.0  -59009.1
        nan       nan      -nan       nan       nan       nan       nan       nan       nan       nan
vertex track :        151   3  42    4983660 -2.3802 -0.5100  182989.4  158006.3     230.7   211   233.9
   39 4     -2 -2.3882 -0.4954   46123.1   74457.8    6582.4 -2.4014 -0.5483  166391.3  155242.8  -55437.0
     1420.4     492.8   44832.4   73686.8   47112.4   74159.7   47621.3   75438.3   44632.2   74651.8
   40 4     -1 -2.3898 -0.5104   53220.9   77019.0    3718.7 -2.4014 -0.5483  173268.4  156812.9  -58300.7
      708.6     236.1   52577.2   76640.1   53461.4   76828.9   54072.2   77607.3   52478.6   77101.8
   41 4      0 -2.3876 -0.5048   53307.3   76825.2    2868.6 -2.4014 -0.5483  175309.9  157279.0  -59150.8
      361.2      89.0   52972.4   76663.4   53177.7   76706.8   53849.9   77196.5   52935.5   76837.6
vertex track :        155   3  42    4985048 -1.4827  2.4820  179866.1  156994.1     234.7     0   715.6
   39 6     -2 -1.2442  2.7367   51223.9   19000.4    6781.9 -1.4981  2.4886  168712.6  173959.5  -55251.5
      978.5     183.9   50651.5   19815.1   51200.2   18608.2   52005.0   18398.5   50986.2   19967.3
   40 6     -1 -1.6597  2.5121   55491.5    5933.3    3831.7 -1.4981  2.4886  173132.4  166617.9  -58201.6
      536.1      88.3   55122.3    6332.0   55364.9    5964.9   56069.0    5747.2   55269.6    6429.3
   41 6      0 -1.6837  2.2635   58932.5    4507.0    3000.9 -1.4981  2.4886  174377.1  164550.2  -59032.5
      388.5      35.4   58672.2    4797.6   58782.4    4649.5   59401.1    4428.7   58729.1    4839.9
