groupid:   1028, ntrk:  5
vertex track :          0   3 107    2835756 -0.0639 -0.0903   55571.4  106275.6     271.6    13  1948.1
  108 3      1 -0.0633 -0.0906   51604.8   25266.4   -2868.0 -0.0628 -0.0889   51284.8  105146.4 -186001.3
       15.0       2.7   51598.5   25252.5   51602.4   25258.1   51821.1   25490.2   51594.0   25255.6
  109 3      2 -0.0638 -0.0904   54730.0   27271.5   -3718.6 -0.0628 -0.0889   51338.2  105222.0 -186852.0
       19.2       6.4   54724.3   27252.1   54733.0   27264.4   54945.8   27500.8   54713.7   27259.5
  110 3      3 -0.0644 -0.0897   54618.1   28045.3   -6585.4 -0.0628 -0.0889   51518.2  105476.7 -189718.7
       32.2      12.6   54609.6   28011.9   54633.6   28045.3   54836.5   28288.7   54589.1   28026.6
vertex track :         11   3 107    2802577  0.3739 -3.3754   55948.7  103371.3     268.0   211   369.6
  108 3      1  0.1333 -3.1141   58499.3   39319.4   -2767.6  0.4322 -3.3282   50206.0  112088.6 -185892.0
      627.9      98.1   58624.1   38696.2   58598.4   39296.9   58584.6   40149.4   58428.2   38687.8
  109 3      2  0.4497 -3.3965   56140.0   38013.3   -3587.5  0.4322 -3.3282   49851.6  114817.6 -186711.9
     1069.2     240.9   56519.1   36984.9   56332.8   38391.7   55971.3   39248.3   56041.5   36921.7
  110 3      3  0.6210 -3.2907   57089.0   47375.1   -6649.0  0.4322 -3.3282   48528.5  125006.9 -189773.4
     2081.6     496.2   57962.6   45421.6   57320.9   48821.6   56425.9   49535.3   56987.4   45237.6
vertex track :         26   3 107    2837954 -3.8626  0.0722   44590.0  106821.9     281.3     0 10001.0
  108 3      1 -3.8560  0.0400   51085.3   25314.2   -2870.2 -3.8776  0.0181   52299.7  105195.9 -186019.1
      675.7      16.9   50409.4   25304.3   50951.0   25298.7   51967.3   25534.1   50409.7   25338.1
  109 3      2 -3.8612  0.0691   57312.0   27243.8   -3718.3 -3.8776  0.0181   55588.3  105180.5 -186867.3
      839.0      23.2   56472.8   27235.7   57339.6   27220.2   58357.4   27462.0   56473.6   27282.0
  110 3      3 -3.8629  0.0853   68999.8   27438.9   -6585.3 -3.8776  0.0181   66705.4  105128.5 -189734.2
     1404.1      41.0   67595.2   27428.9   69591.5   27384.8   70610.7   27658.9   67597.0   27510.8
vertex track :        102   3 108    3221611  2.5294  1.5994   44994.7   99003.9     195.4     0   854.2
  105 3     -2  2.5388  1.5810   63348.3   33341.1    6588.2  2.5436  1.6090   61276.3  111305.6 -179213.2
      967.8     156.8   64086.9   33985.9   62977.0   33294.7   62822.2   32907.9   64252.7   33719.6
  106 3     -1  2.5470  1.5675   57405.6   28518.9    3717.0  2.5436  1.6090   53973.2  106686.0 -182084.3
      538.0      75.7   57824.1   28865.3   57442.6   28630.5   57199.6   28384.0   57903.5   28736.4
  107 3      0  2.5503  1.5713   56233.4   29427.6    2867.3  2.5436  1.6090   51811.6  105318.7 -182934.1
      395.6      30.2   56554.4   29660.8   56416.3   29575.7   56124.9   29405.9   56586.0   29609.4
vertex track :        122   3 108    3244687  2.8508  0.6795   46131.2  101815.0     196.0     0  3201.2
  105 3     -2  2.8297  0.7105   63534.3   24998.5    6710.0  2.8672  0.6867   64815.6  108291.2 -179100.2
      829.8      48.5   64327.3   25247.6   63312.0   24992.7   62954.2   24960.1   64350.9   25153.5
  106 3     -1  2.7253  0.6607   55460.7   22166.9    3593.6  2.8672  0.6867   55880.3  106151.4 -182216.6
      456.9      23.0   55899.4   22296.9   55583.6   22220.4   55234.8   22247.6   55910.2   22252.2
  107 3      0  2.7588  0.6758   50813.8   22348.9    2758.3  2.8672  0.6867   53485.2  105577.8 -183052.0
      361.5      12.5   51161.9   22447.1   51039.0   22417.0   50678.4   22461.3   51167.9   22422.7
