groupid:  11234, ntrk:  3
vertex track :          0   3  91    3030565 -0.2532 -0.1348   80454.0  163207.1     187.6    13  1478.3
   92 3      1 -0.2533 -0.1341   79743.2   84333.8   -2863.3 -0.2550 -0.1334   79014.9  163273.3 -155860.2
       29.6       4.1   79718.9   84316.3   79718.1   84315.9   79977.1   84561.2   79715.1   84323.6
   93 3      2 -0.2540 -0.1336   79163.4   83831.6   -3719.4 -0.2550 -0.1334   79233.2  163387.5 -156716.2
       36.1       9.1   79135.7   83806.8   79146.3   83812.4   79400.9   84066.4   79127.2   83822.9
   94 3      3 -0.2529 -0.1346   80736.5   85445.1   -6586.6 -0.2550 -0.1334   79964.2  163769.9 -159583.5
       58.4      17.8   80693.3   85402.0   80743.3   85428.6   80989.4   85698.1   80676.6   85433.4
vertex track :         34   3  91    3682563  0.9050  0.2683   80495.7  163221.4     187.6  2212   350.4
   92 3      1  0.8440  0.2892   79687.5   83782.8   -2981.0  0.9082  0.2913   75401.2  161958.5 -155977.9
      137.5      73.5   79793.8   83896.9   79710.8   83868.5   79792.1   83879.1   79841.4   83757.9
   93 3      2  0.8804  0.2197   79615.2   84717.6   -3803.9  0.9082  0.2913   74653.9  161718.8 -156800.8
      267.8     177.8   79832.0   84954.9   79497.3   84871.4   79609.3   84690.5   79918.1   84609.9
   94 3      3  0.8779  0.2889   75237.1   83618.7   -6426.6  0.9082  0.2913   72272.1  160955.0 -159423.4
      488.5     334.4   75596.6   84089.1   74852.8   83844.3   75088.4   83358.6   75805.6   83453.8
vertex track :         61   3  91    3870840  0.9130 -0.5854   80496.0  163190.4     187.5  2212   863.5
   92 3      1  0.9114 -0.5868   76329.2   85655.6   -2870.1  0.9224 -0.5553   75459.3  164548.5 -155866.6
      108.2      16.7   76429.2   85611.1   76438.7   85605.0   76440.2   85909.6   76411.2   85583.0
   93 3      2  0.9116 -0.5871   74791.9   85521.7   -3715.3  0.9224 -0.5553   74679.7  165017.9 -156711.9
      137.0      39.2   74928.3   85480.5   74889.4   85505.6   74866.4   85772.3   74885.8   85414.5
   94 5      3  0.9158 -0.5809   72968.4    6120.4   -6585.6  0.9224 -0.5553   72032.1  166611.8 -159582.2
      225.7      77.5   73200.5    6064.9   73011.5    6184.8   72947.2    6385.4   73117.5    5934.1
