groupid:  11620, ntrk:  4
vertex track :          0   3  93    3254608  0.2440 -0.2846   79363.1  104209.3     132.2    13   942.7
   94 3      1  0.2434 -0.2849   79973.3   27401.4   -2867.2  0.2507 -0.2764   79316.7  105310.7 -159721.8
       37.5       6.2   80002.4   27376.8   80004.8   27374.1   80154.4   27635.6   79993.0   27368.8
   95 3      2  0.2447 -0.2835   80040.1   26870.0   -3719.5  0.2507 -0.2764   79103.1  105546.3 -160574.2
       46.5      14.4   80081.4   26844.2   80072.0   26855.0   80209.1   27105.5   80059.6   26825.4
   96 3      3  0.2411 -0.2857   78863.0   28124.8   -6586.4  0.2507 -0.2764   78384.4  106338.8 -163441.1
       75.8      28.5   78933.6   28085.3   78886.5   28141.1   79002.6   28374.1   78890.1   28048.5
vertex track :         45   3  93    3724934 -1.3345  0.8959   76556.0  106283.5     137.3  2212   322.4
   94 3      1 -1.3757  0.9423   78545.3   24464.7   -2427.6 -1.3575  0.8762   80692.2  104258.7 -159288.9
      253.8     107.0   78275.4   24519.8   78405.3   24430.8   79023.8   24620.5   78396.3   24696.4
   95 3      2 -1.3591  0.8614   79675.0   24112.4   -3257.0 -1.3575  0.8762   81818.0  103532.0 -160118.3
      570.8     285.4   79040.1   24176.9   79718.9   23746.6   80518.5   24258.7   79345.6   24659.0
   96 3      3 -1.3657  0.9460   84762.5   19590.8   -6702.3 -1.3575  0.8762   86495.0  100513.2 -163563.6
     1308.3     668.6   83306.3   19786.1   85170.4   18494.8   86427.3   19606.4   84067.8   20885.4
vertex track :         59   3  94    2589299  2.2600  1.5033   76123.4  102380.8     147.0     0  2906.5
   91 3     -2  2.2757  1.4806   91651.6   32973.3    6585.7  2.2519  1.4724   90084.5  111186.0 -152728.8
      719.0      46.8   92228.7   33404.6   91501.3   32931.4   91286.8   32753.4   92279.8   33326.1
   92 3     -1  2.2746  1.4810   83088.0   28030.9    3717.3  2.2519  1.4724   83625.3  106962.6 -155597.2
      419.9      23.7   83427.0   28279.8   83200.8   28132.6   82961.2   27993.4   83452.8   28240.2
   93 3      0  2.2797  1.4788   80320.8   26184.8    2867.3  2.2519  1.4724   81711.3  105711.1 -156447.1
      334.9      12.9   80594.8   26377.8   80511.5   26323.8   80259.1   26203.2   80608.8   26356.2
vertex track :         78   3  94    3269842 -1.0040  0.8957   83111.4  102917.3     140.1   211   132.5
   91 3     -2 -0.9722  0.9406   75794.6   29149.9    6477.2 -1.0262  0.8796   76118.2  107804.9 -152811.2
      952.5     549.8   74727.8   29417.0   75892.7   28290.0   77070.4   29093.6   75492.3   30207.2
   92 3     -1 -0.9690  0.8820   80594.8   26946.3    3235.3 -1.0262  0.8796   79445.1  104953.4 -156053.1
      411.3     231.4   80134.9   27052.1   80539.8   26683.5   81263.8   27051.4   80446.3   27394.3
   93 3      0 -0.9900  0.9051   81975.9   27420.6    2411.6 -1.0262  0.8796   80290.5  104228.9 -156876.8
      178.6      81.8   81788.8   27480.8   81844.6   27429.8   82371.9   27571.4   81899.2   27601.5
