groupid:  11336, ntrk:  3
vertex track :          0   3  83    5159128 -0.0500 -0.1476  184741.2  140237.3     178.2    13  2206.3
   84 4      1 -0.0505 -0.1475   63631.9   62090.1   -2867.5 -0.0489 -0.1485  183481.1  141719.9 -140544.9
       17.7       2.5   63628.5   62072.6   63629.4   62075.1   63845.1   62317.5   63623.8   62074.2
   85 4      2 -0.0499 -0.1475   64483.7   61915.1   -3717.8 -0.0489 -0.1485  183522.7  141846.1 -141395.2
       21.9       5.7   64482.1   61892.6   64485.7   61903.0   64695.3   62147.5   64471.3   61896.2
   86 4      3 -0.0493 -0.1473   63813.2   63681.8   -6585.1 -0.0489 -0.1485  183663.1  142271.9 -144262.5
       36.0      11.3   63812.5   63644.2   63825.0   63681.4   64023.9   63929.4   63791.1   63651.3
vertex track :          3   3  83    4694717 -0.7367 -0.7263  182855.5  138690.9     180.6     0  1678.8
   84 4      1 -0.7164 -0.6790   65428.1   60322.3   -3427.2 -0.7336 -0.7400  184095.5  142353.6 -141103.9
      112.5       9.6   65353.1   60237.9   65365.9   60250.1   65712.4   60616.0   65339.8   60251.9
   85 4      2 -0.7643 -0.6624   65934.0   62494.5   -4252.9 -0.7336 -0.7400  184701.2  142964.6 -141929.6
      132.1      17.0   65845.2   62395.1   65884.4   62429.1   66231.9   62803.2   65823.0   62420.8
   86 4      3 -0.7049 -0.7413   67902.8   63002.4   -7051.9 -0.7336 -0.7400  186754.4  145035.8 -144728.6
      201.0      30.5   67786.4   62835.8   67915.4   62971.4   68228.5   63378.4   67742.2   62877.9
vertex track :         25   3  83    5158230  1.1607  0.4086  188231.1  141881.2     177.5  2212   309.9
   84 4      1  1.1628  0.4048   62969.2   61830.2   -2869.0  1.1636  0.4267  183278.2  141665.6 -140549.6
      212.9     110.3   63134.0   62004.4   62976.0   61949.4   63015.5   61866.4   63206.5   61796.0
   85 4      2  1.1593  0.4091   62816.4   61190.1   -3718.5  1.1636  0.4267  182289.7  141303.2 -141399.1
      457.2     273.7   63156.5   61600.4   62537.6   61382.0   62687.5   60990.3   63338.6   61084.1
   86 4      3  1.1560  0.4133   58730.6   61365.0   -6587.1  1.1636  0.4267  178951.8  140079.1 -144267.7
      890.4     543.1   59386.2   62176.2   57952.0   61663.4   58286.1   60764.3   59751.9   61153.4
