groupid:    123, ntrk:  6
vertex track :          0   3  71    5507369  0.5688 -0.1278  127800.1  202179.4     116.7    13   561.6
   72 6      1  0.5672 -0.1349    7285.6   43769.6   -2869.2  0.5746 -0.1245  127013.9  203262.6 -117843.3
       56.9      11.3    7343.5   43767.5    7352.0   43765.5    7438.2   43981.6    7338.3   43745.5
   73 5      2  0.5670 -0.1365  124584.0   42367.3   -3724.0  0.5746 -0.1245  126522.7  203369.0 -118698.1
       72.5      27.2  124660.8   42376.8  124639.0   42382.0  124717.7   42567.7  124648.1   42323.9
   74 6      3  0.5678 -0.1344    6871.9   47936.9   -6588.1  0.5746 -0.1245  124876.9  203725.6 -121562.2
      120.0      54.0    7001.1   47961.8    6886.8   47988.9    6953.3   48121.8    6976.3   47856.7
vertex track :        136   3  72    4648611  0.0654  1.9436  128358.6  201383.1     137.8   211     nan
   69 6     -2  0.0707  1.9443    9635.0   53325.8    6590.0  0.0577  1.9094  127545.1  214255.1 -111625.3
        nan       nan      -nan       nan       nan       nan       nan       nan       nan       nan
   70 6     -1  0.0634  1.9404    9027.1   47653.6    3715.2  0.0577  1.9094  127379.2  208766.0 -114500.1
        nan       nan      -nan       nan       nan       nan       nan       nan       nan       nan
   71 6      0  0.0528  1.9468    6767.8   46219.1    2868.1  0.0577  1.9094  127330.3  207148.6 -115347.1
        nan       nan      -nan       nan       nan       nan       nan       nan       nan       nan
vertex track :        212   3  72    6191329 -2.8770  0.5976  138634.0  200551.6     265.3     0  2067.3
   69 5     -2 -3.0087  0.7454  119443.0   43516.6    6579.1 -2.8743  0.5232  119439.0  204587.4 -111801.2
      821.8      66.0  118629.5   43650.2  119593.0   43411.5  120463.6   43593.8  118661.2   43778.3
   70 6     -1 -2.8995 -0.1738    7487.0   42277.4    3968.2 -2.8743  0.5232  126943.5  203221.4 -114412.1
      499.9      34.8    6990.0   42212.7    7379.2   42236.1    8191.0   42551.8    6985.9   42282.2
   71 6      0 -2.9660  0.9007   10649.2   43263.8    3132.1 -2.8743  0.5232  129346.6  202784.0 -115248.2
      397.5      17.0   10263.8   43363.0   10401.8   43321.1   11241.5   43375.5   10273.7   43395.6
vertex track :        220   3  72    6193559 -1.1956  0.3809  130152.0  202113.6     282.2     0  1169.1
   69 5     -2 -1.1978  0.3855  124101.8   43918.4    6586.5 -1.2031  0.3554  121397.1  204927.9 -111772.3
      228.1      41.5  123871.9   43948.7  124054.7   43889.9  124540.5   44098.4  123897.4   44027.8
   70 6     -1 -1.1946  0.3815    5825.4   42286.1    3724.5 -1.2031  0.3554  124840.2  203910.8 -114634.2
      138.6      20.1    5687.3   42309.1    5700.5   42304.9    6172.4   42473.5    5699.5   42347.5
   71 5      0 -1.1992  0.3723  125499.0   42019.6    2871.0 -1.2031  0.3554  125867.1  203607.5 -115487.8
      113.8       9.1  125387.6   42044.7  125353.1   42055.4  125819.2   42204.9  125393.0   42062.0
vertex track :        230   3  72    6247085 -3.1831 -3.0164  138659.0  210840.2     271.7   211     nan
   69 5     -2 -3.3395 -2.6870  117503.5   29900.7    6656.3 -3.2068 -3.1838  117030.2  191207.5 -111654.0
        nan       nan      -nan       nan       nan       nan       nan       nan       nan       nan
   70 6     -1 -3.0432 -2.7844    6244.3   38824.9    3990.3 -3.2068 -3.1838  125579.5  199695.7 -114320.1
        nan       nan      -nan       nan       nan       nan       nan       nan       nan       nan
   71 6      0 -3.2225 -2.7759    9588.4   43056.7    3120.1 -3.2068 -3.1838  128369.8  202466.1 -115190.2
        nan       nan      -nan       nan       nan       nan       nan       nan       nan       nan
vertex track :        248   3  72    6658222 -2.8889 -2.5171  137643.4  209575.4     269.2     0 10001.0
   69 5     -2 -2.9010 -2.4906  120213.9   32164.5    6589.1 -2.9020 -2.6506  118161.7  193479.6 -111727.4
     1276.5      37.3  119269.6   31304.8  120597.5   32444.7  121365.2   33231.8  119221.1   31361.3
   70 6     -1 -2.8855 -2.5233    6528.7   38201.5    3719.7 -2.9020 -2.6506  126488.8  201085.1 -114596.7
      722.8      19.8    5997.6   37710.8    6479.8   38132.5    7266.9   38899.6    5971.6   37740.5
   71 6      0 -2.8711 -2.5360    6866.8   40464.8    2870.7 -2.9020 -2.6506  128952.6  203335.5 -115445.7
      565.0      13.8    6452.4   40080.4    6696.5   40296.0    7488.3   41056.6    6434.2   40101.1
