groupid:  12744, ntrk:  3
vertex track :          0   3  57    6321030 -0.1568 -0.0973  156746.9  172572.6     203.8    13   858.0
   58 6      1 -0.1563 -0.0977   37193.5   17240.1   -2867.7 -0.1552 -0.1012  156118.4  175132.3  -91646.1
       21.0       6.0   37178.8   17223.9   37181.7   17225.7   37418.0   17466.2   37172.5   17234.0
   59 6      2 -0.1566 -0.0976   37542.0   19308.1   -3718.9 -0.1552 -0.1012  156250.4  175218.5  -92497.3
       28.4      14.6   37525.6   19280.7   37540.9   19290.2   37768.2   19545.4   37510.2   19305.5
   60 6      3 -0.1569 -0.0970   37157.8   13466.2   -6585.7 -0.1552 -0.1012  156695.2  175508.7  -95364.1
       48.6      28.8   37131.5   13416.2   37181.3   13446.9   37393.8   13726.2   37101.2   13465.2
vertex track :        118   3  58    5631538  1.6565  0.7102  154884.9  172977.5     226.2     0  4495.9
   55 6     -2  1.6628  0.7068   43590.5   17065.9    6584.5  1.6436  0.7092  164222.6  178577.1  -85456.1
      369.7      23.9   43921.4   17232.5   43590.1   17091.7   43471.2   17110.0   43940.1   17188.6
   56 6     -1  1.6593  0.7003   40548.2   15626.3    3718.4  1.6436  0.7092  159511.9  176544.5  -88322.2
      222.1      12.5   40748.0   15724.2   40687.2   15698.5   40560.1   15739.2   40757.7   15701.2
   57 6      0  1.6606  0.7046   38953.7   13829.1    2866.5  1.6436  0.7092  158111.7  175940.4  -89174.1
      182.0       8.2   39118.0   13907.7   39131.7   13913.5   39001.0   13961.2   39124.4   13892.6
vertex track :        159   3  58    5918214 -4.1900 -2.9898  166224.8  180319.2     210.0     0  2580.8
   55 4     -2 -4.0028 -3.0619   20237.1   81667.5    6684.4 -4.2359 -3.0571  137644.3  161665.9  -85301.9
     2319.6     120.1   18467.6   80162.8   21311.9   82338.5   22212.6   83379.2   18321.8   80353.5
   56 6     -1 -4.3235 -3.1288   30842.3    8158.3    4023.9 -4.2359 -3.0571  148914.1  169799.5  -87962.5
     1379.2      63.3   29762.1    7298.4   31088.8    8258.5   32128.1    9225.0   29687.9    7401.0
   57 6      0 -4.1450 -3.2598   33847.4   12145.0    3194.5 -4.2359 -3.0571  152427.2  172334.9  -88791.8
     1077.0      30.5   33019.7   11455.2   33842.4   12102.2   34880.9   13041.5   32981.9   11503.2
