groupid:   1216, ntrk:  6
vertex track :          0   3  99    4528216  0.6252 -0.5032   63060.1  164577.7     196.0    13   653.0
  100 5      1  0.6240 -0.5052   63232.0    7080.1   -2868.5  0.6364 -0.5012   60018.4  166183.3 -171088.7
       78.8      12.1   63300.9    7040.0   63309.5    7033.0   63373.8    7329.7   63285.6    7021.1
  101 5      2  0.6278 -0.5012   59858.9    5261.1   -3715.4  0.6364 -0.5012   59479.4  166607.8 -171935.6
       97.7      28.1   59952.8    5222.1   59931.9    5238.8   59975.6    5509.7   59917.7    5178.2
  102 5      3  0.6307 -0.4927   58128.0    7331.6   -6584.7  0.6364 -0.5012   57653.5  168046.0 -174804.9
      158.7      55.3   58287.1    7277.5   58169.5    7369.3   58179.6    7595.2   58219.1    7190.3
vertex track :         76   3  99    7205415 -1.1897  1.0194   61951.5  165519.1     149.0  2212   487.9
  100 3      1 -1.1348  1.1482   64282.0   83454.6   -2865.7 -1.1970  1.0020   64454.8  162558.3 -171034.6
      196.8      58.6   64102.0   83553.4   64140.4   83514.6   64670.9   83567.0   64185.4   83635.8
  101 3      2 -1.3320  0.9664   69074.3   84461.0   -3676.5 -1.1970  1.0020   65425.3  161745.9 -171845.4
      330.7     143.9   68722.1   84538.8   68977.7   84353.3   69635.1   84594.2   68891.1   84771.7
  102 3      3 -1.2062  0.9845   69427.4   79667.9   -6610.4 -1.1970  1.0020   68937.3  158806.1 -174779.3
      626.1     291.0   68758.4   79838.3   69475.2   79253.3   70305.2   79708.4   69126.4   80289.2
vertex track :        155   3 100    6311503 -0.9722 -0.1200   63327.6  166361.5     300.6     0  2586.0
   97 5     -2 -0.9732 -0.1069   56954.2    4036.2    6584.9 -0.9831 -0.1258   54928.8  165093.1 -164630.1
      165.7      18.7   56791.6    3999.5   56916.6    4013.2   57325.9    4282.8   56787.5    4036.7
   98 3     -1 -0.9732 -0.1182   57571.0   87552.1    3721.2 -0.9831 -0.1258   57744.2  165453.4 -167493.8
      102.6       9.5   57470.2   87530.3   57469.7   87530.3   57880.8   87783.8   57468.0   87549.1
   99 5      0 -0.9743 -0.1136   59431.0    4713.2    2866.5 -0.9831 -0.1258   58584.5  165561.0 -168348.6
       86.0       5.6   59346.2    4697.7   59312.5    4693.8   59724.8    4938.7   59344.9    4708.8
vertex track :        161   3 100    6311810  0.3965 -1.5656   62775.3  168649.9     302.5   211   361.5
   97 3     -2  0.2442 -1.6091   66193.9   79316.1    6781.6  0.4044 -1.5664   63159.5  158022.8 -164435.0
      468.1     181.2   66443.3   78880.4   66354.1   79468.2   66154.8   79960.1   66085.0   78826.1
   98 3     -1  0.4699 -1.7621   68222.2   86212.4    3689.5  0.4044 -1.5664   61908.9  162866.3 -167527.1
      242.3      82.2   68364.0   85999.4   68337.8   86097.7   68290.8   86633.6   68205.2   85957.1
   99 3      0  0.3858 -1.5350   65623.6   85924.3    2870.5  0.4044 -1.5664   61577.7  164149.2 -168346.1
      165.2      31.3   65694.3   85771.7   65694.8   85769.7   65763.4   86285.3   65633.5   85756.5
vertex track :        162   3 100    6312099 -0.8397  0.0457   62197.9  166633.0     298.6   211     nan
   97 5     -2 -0.8410  0.0564   56742.6    5432.7    6584.3 -0.8499  0.0411   54627.2  166408.7 -164632.0
        nan       nan      -nan       nan       nan       nan       nan       nan       nan       nan
   98 5     -1 -0.8417  0.0451   57365.5    7395.7    3717.7 -0.8499  0.0411   57063.6  166290.9 -167498.7
        nan       nan      -nan       nan       nan       nan       nan       nan       nan       nan
   99 5      0 -0.8408  0.0514   58686.8    5475.1    2872.1 -0.8499  0.0411   57782.3  166256.1 -168344.2
        nan       nan      -nan       nan       nan       nan       nan       nan       nan       nan
vertex track :        168   3 100    6347351  2.1428 -2.1139   58473.8  170886.9     309.1   211   301.6
   97 3     -2  2.1515 -2.1339   73428.7   77925.4    6775.0  2.1537 -2.0972   70126.3  156830.7 -164459.2
     1771.9     490.3   75032.0   77025.7   72967.7   79073.2   72037.5   79033.0   74341.5   76329.5
   98 3     -1  2.2023 -2.3236   70322.9   86442.3    3675.5  2.1537 -2.0972   63451.0  163331.0 -167558.7
      843.7     221.3   71063.9   85982.1   70365.6   86718.9   69794.1   87110.1   70742.7   85677.7
   99 5      0  2.2014 -2.2000   66479.9    4469.2    2861.2  2.1537 -2.0972   61697.3  165038.7 -168373.0
      458.0      83.3   66862.7    4204.4   66677.1    4389.9   66309.2    4941.8   66744.9    4086.5
