groupid:  12699, ntrk:  5
vertex track :          0   3  75    5176347  0.8063 -0.6843  113311.7  165084.9      88.9    13   800.8
   76 5      1  0.8072 -0.6823  110710.1    5774.0   -2867.2  0.8396 -0.6898  110115.7  167298.8 -125641.9
      101.9      12.0  110795.7    5717.4  110809.5    5705.7  110835.3    6040.0  110780.2    5699.1
   77 5      2  0.8039 -0.6861  111802.5    6007.5   -3717.3  0.8396 -0.6898  109401.9  167885.3 -126492.1
      125.1      27.2  111915.3    5947.0  111893.8    5965.3  111900.4    6277.3  111879.9    5905.6
   78 5      3  0.8055 -0.6841  107124.6    8782.4   -6583.2  0.8396 -0.6898  106995.6  169862.1 -129357.9
      202.8      54.1  107314.2    8692.4  107174.2    8811.2  107145.9    9081.7  107244.1    8609.9
vertex track :         37   3  75    5780430  0.4165 -0.5067  113288.4  165093.9      88.9  2212   420.6
   76 5      1  0.3607 -0.5012  112719.2    5802.0   -2335.2  0.4389 -0.5076  111510.0  166499.5 -125109.9
       65.5      29.4  112781.3    5766.0  112780.5    5767.1  112867.3    6047.5  112733.5    5731.6
   77 5      2  0.3583 -0.4814  111343.0    6333.6   -3163.3  0.4389 -0.5076  111146.6  166919.8 -125937.9
      116.2      80.4  111476.9    6288.4  111413.4    6373.8  111419.5    6588.4  111347.9    6192.4
   78 5      3  0.4442 -0.5403  112942.7    6842.4   -6416.7  0.4389 -0.5076  109718.7  168571.2 -129191.4
      249.2     186.4  113244.9    6768.3  113021.7    7039.7  112850.9    7125.9  112956.9    6531.5
vertex track :         38   3  75    5780431 -2.5646  1.0670  113101.7  165193.8      88.9     0  1166.7
   76 3      1 -2.5691  1.0518  118003.8   84099.2   -2867.7 -2.5653  1.0232  119969.6  162341.9 -125641.8
      375.3      24.1  117647.4   84219.1  117802.5   84155.6  118567.7   84190.3  117665.6   84263.7
   77 3      2 -2.5603  1.0720  121954.3   82508.5   -3717.7 -2.5653  1.0232  122150.2  161472.1 -126491.9
      483.2      55.3  121487.2   82644.2  121840.9   82496.0  122628.7   82583.9  121529.9   82746.1
   78 4      3 -2.5616  1.0673    7364.9   79592.6   -6582.9 -2.5653  1.0232  129500.4  158540.5 -129357.1
      826.5     109.8    6559.7   79809.0    7547.6   79397.4    8377.4   79587.2    6644.2   80011.8
vertex track :         65   3  76    2959514 -0.7068  3.0291  113091.9  160753.0     129.0   211   697.0
   73 5     -2 -0.6753  3.0331  106965.5   17586.2    6587.8 -0.7554  2.9673  108671.8  179989.3 -118585.5
     1121.0     205.6  106521.3   18635.7  106866.7   17084.2  107619.2   16749.7  106922.6   18725.1
   74 5     -1 -0.6856  3.0327  113002.9   14117.9    3718.1 -0.7554  2.9673  110839.6  171473.9 -121455.2
      616.0     100.0  112769.6   14696.7  112897.3   14131.8  113445.6   13752.1  112964.6   14740.8
   75 5      0 -0.6883  3.0370  112903.0    6907.0    2867.9 -0.7554  2.9673  111481.9  168951.1 -122305.4
      436.0      39.5  112768.1    7323.5  112816.3    7110.8  113247.2    6703.6  112845.2    7341.0
vertex track :         86   3  76    4559482 -1.2497  1.1058  112028.5  165329.4      85.0   211   398.4
   73 5     -2 -1.3242  1.2007  108175.3   10679.5    5979.3 -1.2533  1.0738  105010.9  171679.4 -119135.3
      424.3     151.2  107759.4   10852.5  108110.0   10534.6  108799.9   10717.6  107962.5   11076.5
   74 5     -1 -1.2903  1.1538  105786.6   14449.9    3167.2 -1.2533  1.0738  108535.5  168659.8 -121947.5
      225.5      69.0  105572.5   14548.9  105637.8   14490.5  106209.4   14562.2  105664.4   14651.7
   75 5      0 -1.2808  1.1206  108506.3    7477.5    2336.9 -1.2533  1.0738  109576.1  167768.2 -122777.7
      156.6      24.8  108372.1    7562.0  108338.9    7591.1  108849.3    7604.1  108404.8    7599.3
