groupid:  12957, ntrk:  3
vertex track :          0   3  29    3271683 -0.2138 -0.0238   90715.7  105664.4     163.4    13   594.7
   30 3      1 -0.2142 -0.0203   92622.5   27537.6   -2868.6 -0.2138 -0.0259   91934.7  107113.0  -40213.9
       24.3       8.5   92599.1   27526.8   92602.6   27527.2   92855.7   27758.4   92597.5   27543.9
   31 3      2 -0.2142 -0.0216   92432.0   27529.1   -3715.9 -0.2138 -0.0259   92115.9  107135.0  -41061.2
       34.7      21.1   92399.6   27504.6   92423.6   27507.0   92674.1   27763.5   92395.3   27546.6
   32 3      3 -0.2143 -0.0218   92624.8   27467.8   -6585.7 -0.2138 -0.0259   92729.5  107209.4  -43931.0
       61.1      41.9   92568.2   27419.9   92644.8   27427.7   92891.1   27725.7   92559.8   27503.3
vertex track :         64   3  30    2581256 -1.0291  1.2224   94617.0  103107.8     140.1     0 10001.0
   27 3     -2 -1.0429  1.2111   86529.9   33804.4    6581.7 -1.0443  1.1863   87189.3  111657.1  -33327.9
      312.6      18.4   86312.0   34029.3   86501.0   33809.8   86956.8   33790.7   86339.8   34053.2
   28 3     -1 -1.0326  1.2237   90532.6   28600.9    3720.3 -1.0443  1.1863   90177.5  108262.7  -36189.3
      191.1      10.1   90401.6   28740.4   90431.3   28705.3   90872.5   28672.5   90417.0   28753.4
   29 3      0 -1.0396  1.2147   91199.5   27169.0    2867.1 -1.0443  1.1863   91068.5  107250.5  -37042.4
      158.3       7.4   91091.0   27284.4   91078.5   27299.0   91517.1   27264.8   91102.3   27294.0
vertex track :         83   3  30    2612793  1.6870 -1.1396   90092.6  107740.9     144.9     0  2612.4
   27 3     -2  1.7235 -1.0697  102368.8   21002.0    6988.3  1.7203 -1.1128  101080.5  100916.1  -32908.2
      476.3      39.1  102794.1   20784.1  102346.6   21061.8  102155.2   21428.9  102752.9   20717.6
   28 3     -1  1.7031 -1.1227   96816.5   25279.8    3413.2  1.7203 -1.1128   94930.4  104894.4  -36483.3
      250.9      16.9   97035.2   25155.9   96974.0   25196.2   96809.5   25612.7   97016.7   25127.7
   29 3      0  1.6114 -1.0838   95593.2   27507.9    2584.2  1.7203 -1.1128   93504.4  105816.8  -37312.3
      203.2       9.2   95766.9   27402.1   95768.1   27401.3   95631.1   27822.6   95756.7   27386.9
