groupid:  12513, ntrk:  2
vertex track :          0   3  45    2049976  0.6684  0.0206  155577.8   64198.7     268.3    13   685.1
   46 2      1  0.6686  0.0214   32025.6   62854.8   -2867.9  0.6630  0.0261  153650.7   64333.1  -69742.3
       66.3      10.9   32091.5   62867.8   32099.3   62868.0   32170.3   63051.8   32092.2   62846.1
   47 2      2  0.6685  0.0258   33816.6   62619.3   -3718.2  0.6630  0.0261  153086.9   64310.9  -70592.6
       82.1      24.8   33897.7   62647.2   33874.1   62646.3   33946.2   62801.4   33899.6   62597.7
   48 2      3  0.6700  0.0206   31279.3   63812.0   -6586.5  0.6630  0.0261  151185.1   64236.1  -73460.9
      132.3      48.4   31410.1   63864.4   31286.2   63860.6   31359.1   63969.6   31413.1   63767.8
vertex track :        225   3  46    2103337 -1.7336 -1.6828  154896.0   65612.5     259.9   211   253.4
   43 2     -2 -1.7366 -1.6798   22543.8   52789.9    6585.0 -1.7101 -1.7147  145539.6   55428.5  -63391.3
     1281.4     438.9   21927.9   51583.5   23405.2   53012.5   23367.9   54204.6   21317.6   52214.5
   44 2     -1 -1.7300 -1.6869   29613.2   58311.4    3717.6 -1.7101 -1.7147  150443.1   60345.2  -66258.7
      641.3     209.3   29300.1   57713.8   29855.1   58255.0   30134.5   59117.2   29007.9   58013.5
   45 2      0 -1.7264 -1.6892   30109.1   59596.6    2867.8 -1.7101 -1.7147  151896.3   61802.3  -67108.5
      338.9      78.6   29921.8   59303.4   30043.7   59422.8   30504.6   60098.1   29811.8   59415.8
