groupid:  13548, ntrk:  2
vertex track :          0   3  63    9475809 -0.0994 -0.0068  155246.6  194567.9     216.2    13  3428.9
   64 6      1 -0.0993 -0.0070   22043.5   40737.3   -2870.1 -0.1014 -0.0134  154259.6  196007.7 -103168.9
       14.0       1.6   22029.7   40734.7   22036.7   40735.2   22267.2   40949.9   22029.5   40738.0
   65 6      2 -0.0994 -0.0061   33306.8   37839.2   -3720.9 -0.1014 -0.0134  154345.9  196019.0 -104019.7
       17.4       3.7   33289.6   37834.4   33303.6   37835.3   33533.9   38053.9   33289.1   37841.8
   66 6      3 -0.0995 -0.0065   33413.9   41490.0   -6582.6 -0.1014 -0.0134  154636.0  196057.3 -106881.4
       29.1       7.2   33385.3   41480.9   33422.5   41483.3   33652.4   41709.1   33384.3   41495.3
vertex track :         13   3  63    9494941  0.6418  2.3006  156204.1  197945.4     216.8   211   332.8
   64 6      1  0.6433  2.6238   27271.5   35993.6   -2406.0  0.6085  2.2325  153276.3  193459.8 -102681.5
      303.6      56.5   27288.9   36301.9   27279.4   36263.2   27464.7   35897.9   27398.7   36275.0
   65 6      2  0.6635  2.2830   34034.9   31623.3   -3223.8  0.6085  2.2325  152778.7  191634.1 -103499.3
      503.6     147.9   34033.4   32148.1   33891.7   31660.4   34247.0   31310.7   34317.4   32065.6
   66 6      3  0.8238  2.2385   33274.2   26646.4   -6438.1  0.6085  2.2325  150822.7  184458.0 -106713.7
     1037.7     330.6   33322.3   27734.4   32778.5   26256.8   33436.9   25770.5   33942.9   27506.0
