groupid:  13162, ntrk:  5
vertex track :          0   3  93    4733863 -0.3600 -0.4552  172099.3  154032.7     216.3    13   931.7
   94 4      1 -0.3573 -0.4572   53302.6   77629.9   -2866.4 -0.3639 -0.4687  174071.0  156645.9 -159771.9
       56.9       7.8   53273.7   77580.3   53268.8   77573.9   53541.1   77889.1   53261.4   77589.9
   95 4      2 -0.3591 -0.4549   54629.6   77163.1   -3719.1 -0.3639 -0.4687  174381.3  157045.6 -160624.6
       69.1      17.2   54600.3   77098.2   54610.5   77111.2   54868.6   77437.5   54573.3   77119.5
   96 4      3 -0.3618 -0.4543   55719.9   78350.5   -6585.7 -0.3639 -0.4687  175424.3  158389.2 -163491.2
      110.4      33.5   55677.4   78243.2   55739.0   78320.5   55972.1   78667.3   55624.9   78285.0
vertex track :          4   3  93    4065200  0.8117  0.1380  172417.9  154194.4     216.3  2212   362.3
   94 4      1  0.7895  0.1361   47630.2   74074.4   -2530.5  0.8074  0.1472  171050.6  154964.2 -159434.4
      100.3      52.0   47720.3   74142.7   47688.3   74137.2   47751.0   74216.2   47738.0   74040.2
   95 4      2  0.7214  0.1439   47172.7   74849.2   -3365.4  0.8074  0.1472  170376.6  154841.2 -160269.3
      195.2     134.6   47337.7   75019.4   47106.5   74973.2   47218.4   74889.2   47390.4   74755.4
   96 4      3  0.7429  0.1541   46302.8   71973.8   -6690.6  0.8074  0.1472  167691.9  154351.6 -163594.5
      416.5     300.6   46649.6   72352.7   45989.9   72215.8   46166.8   71805.0   46771.8   71764.1
vertex track :         19   3  93    4337577  0.9875  1.2902  175642.8  158734.1     215.3   211     nan
   94 4      1  0.9789  1.2949   53402.0   77884.3   -2869.3  0.9749  1.3036  173478.4  155975.0 -159747.2
        nan       nan      -nan       nan       nan       nan       nan       nan       nan       nan
   95 4      2  0.9865  1.2891   53619.2   75966.9   -3722.6  0.9749  1.3036  172646.6  154862.8 -160600.5
        nan       nan      -nan       nan       nan       nan       nan       nan       nan       nan
   96 4      3  0.9919  1.2839   50207.7   71385.6   -6586.7  0.9749  1.3036  169854.4  151129.0 -163464.6
        nan       nan      -nan       nan       nan       nan       nan       nan       nan       nan
vertex track :         73   3  94    3882598 -1.4439 -0.6379  175593.8  156920.3     206.6   211    71.6
   91 4     -2 -1.4553 -0.6265   47474.2   73177.3    6586.1 -1.4528 -0.6571  166247.8  152524.2 -152865.2
     3538.8    1886.9   44969.9   70044.9   51165.0   72711.9   50187.0   76519.0   43477.7   73511.1
   92 4     -1 -1.4518 -0.6265   49998.4   74575.0    3717.9 -1.4528 -0.6571  170414.8  154408.8 -155733.5
     1703.3     906.2   48793.6   73068.1   51616.4   74286.3   51411.8   76291.2   48075.5   74732.1
   93 4      0 -1.4470 -0.6360   51229.7   74842.1    2867.7 -1.4528 -0.6571  171649.9  154967.5 -156583.7
      657.7     342.4   50765.3   74264.0   51665.7   74659.8   51902.6   75629.6   50489.8   74890.9
vertex track :        112   3  94    4511322 -5.4368  4.5620  178679.4  152186.2     198.6     0 10001.0
   91 6     -2 -6.1373  4.3271   21772.0   19967.0    6324.8 -5.5322  4.6221  144715.3  180283.0 -153107.3
     3926.7      69.9   18522.5   22172.5   23652.2   18555.9   25225.4   17975.7   18603.1   22286.8
   92 6     -1 -5.5385  3.8737   39085.3    7206.5    3395.0 -5.5322  4.6221  160923.3  166741.2 -156037.0
     2079.2      34.7   37361.6    8369.8   39606.2    6799.9   41013.5    6257.1   37401.4    8426.6
   93 6      0 -5.1144  4.0425   44692.1    5280.9    2562.8 -5.5322  4.6221  165527.3  162894.5 -156869.3
     1561.6      22.2   43453.2    6231.9   44829.5    5144.1   46135.9    4544.0   43480.7    6266.7
