groupid:  13407, ntrk:  4
vertex track :          0   3 105    4952987  0.4955  0.3257  120037.3  165846.0     102.5    13   789.3
  106 3      1  0.4986  0.3218  120831.5   85704.5   -2867.7  0.4978  0.3177  117285.2  165382.2 -181658.8
       56.9       8.5  120874.7   85742.5  120883.7   85748.4  120998.8   85876.8  120883.9   85728.1
  107 3      2  0.4983  0.3209  121380.1   87646.1   -3717.3  0.4978  0.3177  116862.3  165112.3 -182508.4
       69.9      19.6  121428.2   87700.4  121415.4   87692.1  121542.4   87802.2  121449.4   87667.5
  108 3      3  0.4960  0.3255  115583.0   83307.7   -6586.3  0.4978  0.3177  115434.0  164200.9 -185377.3
      113.2      38.8  115656.3   83402.3  115571.2   83346.5  115720.2   83423.5  115698.9   83337.4
vertex track :        124   3 105    5439471  0.3875  2.8659  119634.5  170037.1     104.3   211   356.6
  106 3      1  0.5175  2.8155  118402.5   82089.7   -3199.1  0.3437  2.8345  117150.9  161138.5 -181982.4
      513.8      91.4  118405.5   82611.5  118328.4   82192.2  118610.0   81780.7  118585.2   82578.5
  107 3      2  0.5149  2.8079  115982.7   80363.1   -4020.5  0.3437  2.8345  116868.6  158810.1 -182803.8
      843.2     216.3  115922.0   81231.5  115725.9   80162.4  116253.8   79707.5  116347.5   81153.5
  108 3      3  0.2724  2.9880  118870.4   75472.1   -7032.8  0.3437  2.8345  115833.3  150271.9 -185816.1
     1573.5     428.5  118586.5   77078.1  118358.0   74571.5  119364.5   74079.2  119439.9   77000.3
vertex track :        148   3 106    2779566 -0.4412  0.2962  121220.3  164702.7     147.8     0  1469.2
  103 5     -2 -0.4422  0.2978  117266.8    5291.3    6584.0 -0.4464  0.2921  115093.2  167247.8 -175464.9
       94.2      20.4  117177.3    5327.0  117240.6    5284.3  117565.8    5465.8  117200.0    5360.7
  104 5     -1 -0.4427  0.2940  117811.9    5521.6    3716.2 -0.4464  0.2921  116373.3  166410.2 -178332.6
       58.3      10.1  117757.8    5545.4  117761.9    5542.7  118075.6    5708.1  117769.0    5562.3
  105 5      0 -0.4426  0.2937  117987.9    4707.0    2867.8 -0.4464  0.2921  116752.0  166162.4 -179181.1
       48.5       4.9  117944.8    4729.7  117932.7    4737.7  118240.7    4894.6  117950.2    4738.0
vertex track :        161   3 106    3010877 -4.4080  2.3584  129464.0  160711.6     136.8   211   502.5
  103 5     -2 -4.1270  2.0515  100961.5   16380.7    6312.6 -4.3873  2.2892   99280.9  175530.0 -175771.5
     3429.9     543.9   97648.0   17420.4  102924.0   14797.6  104480.8   15553.0   98132.2   18394.5
  104 5     -1 -4.8205  2.1415  115106.7    8710.4    4034.1 -4.3873  2.2892  109277.3  170314.1 -178050.0
     2022.9     304.8  113134.3    9253.1  115819.2    8060.3  117284.3    8379.9  113381.8    9810.3
  105 5      0 -4.5764  2.5773  117490.2    7101.5    3202.7 -4.3873  2.2892  112925.0  168410.8 -178881.4
     1214.5     124.5  116370.8    7589.0  117526.2    6938.3  118814.9    6826.7  116493.1    7806.0
