groupid:  13121, ntrk:  2
vertex track :          0   3  85    3389694  0.1503 -0.7770   63262.0  152648.6     170.8    13   732.7
   86 3      1  0.1551 -0.7774   61786.5   76866.8   -2867.7  0.1566 -0.7892   60880.7  155001.6 -144645.6
       77.0      10.9   61812.2   76793.4   61814.6   76781.2   61970.9   77149.4   61790.9   76789.1
   87 3      2  0.1544 -0.7764   61935.7   76523.4   -3718.1  0.1566 -0.7892   60747.5  155672.8 -145496.1
       94.6      24.8   61978.5   76435.4   61974.0   76458.0   62103.1   76820.6   61929.9   76425.8
   88 3      3  0.1533 -0.7750   61019.8   79456.3   -6586.3  0.1566 -0.7892   60298.3  157936.5 -148364.3
      152.8      48.8   61097.3   79315.8   61070.2   79452.9   61152.4   79805.9   61001.6   79296.9
vertex track :        113   3  86    3460235  1.9402  1.7516   58988.7  151428.6     172.7   211   152.3
   83 3     -2  1.9530  1.7359   73510.3   83672.5    6588.7  1.9490  1.7861   70477.7  161742.5 -138149.3
     2852.7     991.7   74983.7   86308.8   71129.4   82883.0   72248.9   81247.8   76301.4   84826.4
   84 3     -1  1.9538  1.7423   66973.6   78739.2    3718.3  1.9490  1.7861   64883.3  156615.7 -141019.7
     1393.2     478.2   67695.2   80023.4   66025.8   78534.7   66464.0   77666.8   68331.7   79309.6
   85 3      0  1.9543  1.7378   65467.9   76829.5    2867.8  1.9490  1.7861   63225.7  155096.6 -141870.2
      596.3     181.7   65792.8   77361.5   65312.0   76933.9   65355.0   76509.2   66034.3   77089.9
