groupid:  14236, ntrk:  3
vertex track :          0   3  19    4405071 -0.0355 -0.0640  138821.0  111641.5     277.4    13 10000.6
   20 4      1 -0.0360 -0.0637   22148.4   36337.8   -2865.5 -0.0348 -0.0685  140032.8  112750.2  -20902.5
       12.5       0.8   22143.0   36326.6   22147.7   36334.9   22363.9   36559.0   22141.6   36327.3
   21 4      2 -0.0358 -0.0638   18725.4   32989.5   -3715.2 -0.0348 -0.0685  140062.4  112808.3  -21752.2
       15.5       1.4   18719.1   32975.2   18726.7   32988.9   18941.7   33213.6   18716.5   32976.6
   22 4      3 -0.0354 -0.0639   20822.5   32894.5   -6583.2 -0.0348 -0.0685  140162.1  113004.8  -24620.2
       26.0       2.7   20812.3   32870.4   20830.0   32902.5   21042.6   33128.5   20807.5   32873.1
vertex track :        264   3  20    4870388  3.3401 -0.3402  130445.7  114088.9     411.1     0  4036.3
   17 4     -2  3.3253 -0.3319   29717.2   31179.4    6585.3  3.3693 -0.3127  148348.8  111785.8  -15244.8
      994.5      46.2   30711.4   31126.6   29430.6   31254.5   28936.4   31441.9   30702.2   31034.7
   18 4     -1  3.3414 -0.3323   21283.3   31958.5    3717.6  3.3693 -0.3127  138686.8  112682.6  -18112.4
      558.1      22.8   21841.0   31925.9   21431.9   31966.6   20939.1   32200.7   21836.4   31880.6
   19 4      0  3.3375 -0.3297   18494.1   32892.8    2866.9  3.3693 -0.3127  135820.3  112948.7  -18963.2
      434.2      12.9   18927.5   32862.9   18764.2   32879.0   18274.1   33132.3   18924.9   32837.3
vertex track :        318   3  20    5296161  2.6037  0.8836  137492.1  111431.2     402.5   211   396.1
   17 4     -2  2.6828  1.0581   36127.5   40026.8    6824.9  2.6140  0.9053  151414.7  116940.1  -15010.1
     1168.0     314.3   37098.8   40747.7   35489.0   40112.8   35368.9   39517.0   37329.4   40163.0
   18 4     -1  2.6904  0.9091   30995.9   36734.0    4414.5  2.6140  0.9053  145114.1  114757.9  -17420.5
      691.3     173.9   31595.2   37120.0   30850.3   36868.3   30609.3   36558.8   31706.5   36790.5
   19 4      0  2.4422  0.9962   28517.2   36414.8    3600.3  2.6140  0.9053  142985.7  114020.8  -18234.7
      440.9      72.8   28898.0   36648.7   28594.3   36524.9   28348.8   36391.9   28953.0   36514.0
