groupid:  14992, ntrk: 14
vertex track :          0   3  45    3755294 -0.1805 -0.2357   51077.2  118068.3     188.9    13  1385.7
   46 3      1 -0.1807 -0.2354   51097.6   39719.5   -2866.9 -0.1756 -0.2366   51238.1  118657.0  -69613.5
       30.6       4.4   51082.4   39692.6   51081.7   39691.7   51322.5   39956.2   51075.5   39698.0
   47 3      2 -0.1802 -0.2356   53351.7   38908.7   -3717.5 -0.1756 -0.2366   51387.5  118858.2  -70464.0
       37.3       9.7   53336.8   38873.2   53344.3   38883.0   53576.5   39154.0   53321.4   38884.9
   48 3      3 -0.1803 -0.2354   52971.6   40700.8   -6582.0 -0.1756 -0.2366   51890.5  119536.1  -73328.5
       60.3      19.0   52950.0   40641.3   52985.5   40687.7   53202.9   40970.0   52919.8   40664.4
vertex track :          3   3  45    3313755  0.1069  0.1081   51172.0  118182.0     188.9     0  1629.0
   46 3      1  0.1004  0.1051   52772.2   39151.4   -2990.6  0.1092  0.1058   50448.4  117711.0  -69737.1
       18.0       3.4   52782.2   39166.7   52778.4   39162.7   52972.3   39346.1   52787.1   39162.0
   47 3      2  0.1024  0.0982   49537.8   40273.4   -3836.1  0.1092  0.1058   50356.1  117621.6  -70582.7
       22.7       7.9   49548.7   40294.8   49537.5   40284.0   49737.0   40462.1   49559.7   40283.4
   48 3      3  0.0957  0.1012   49673.0   38887.2   -6301.1  0.1092  0.1058   50087.0  117360.9  -73047.7
       35.4      14.4   49686.9   38922.8   49658.4   38892.6   49869.2   39061.7   49707.7   38903.0
vertex track :         13   3  45    3340805  1.1039  0.8044   54840.5  121184.5     184.6   211    54.8
   46 3      1  1.1038  0.8021   51020.7   39726.9   -2868.0  1.1019  0.8014   51074.3  118592.7  -69616.1
     1001.9     586.2   51486.6   40790.1   50097.4   39780.6   50765.8   38874.6   52175.8   39841.7
   47 3      2  1.1003  0.8022   52192.4   38041.5   -3717.6  1.1019  0.8014   50138.0  117911.7  -70465.8
     2470.8    1456.3   53330.8   40673.9   49569.0   37931.0   51265.0   35619.9   55046.8   38320.5
   48 3      3  1.0996  0.7990   48643.0   37263.2   -6581.1  1.1019  0.8014   46982.6  115616.9  -73329.3
     4891.2    2885.2   50903.8   42472.5   43221.0   36889.7   46593.3   32264.6   54295.9   37804.4
vertex track :         23   3  45    3755298  0.1863 -0.2640   51197.8  118058.6     188.9     0  1770.8
   46 3      1  0.1882 -0.2612   52551.7   40081.9   -2989.9  0.1904 -0.2645   50216.7  118765.3  -69736.8
       33.7       4.1   52574.7   40056.9   52574.8   40056.7   52738.9   40316.6   52568.1   40052.1
   47 3      2  0.1801 -0.2798   49304.1   41584.9   -3835.7  0.1904 -0.2645   50055.6  118989.1  -70582.7
       40.5       8.3   49333.0   41555.3   49326.9   41564.7   49485.4   41824.2   49319.1   41546.4
   48 3      3  0.1899 -0.3000   49103.7   41221.6   -6306.2  0.1904 -0.2645   49585.3  119642.6  -73053.1
       61.0      14.8   49148.8   41178.0   49123.4   41218.1   49268.7   41474.9   49123.8   41162.1
vertex track :         53   3  45    4417246 -0.7095 -2.2393   50350.4  115420.3     189.8     0  2079.8
   46 3      1 -0.7117 -2.2373   51956.5   43053.4   -2868.5 -0.6945 -2.2350   52114.0  122134.0  -69618.6
      292.9      14.6   51881.6   42769.9   51909.7   42858.2   52240.7   43544.7   51853.8   42778.7
   47 3      2 -0.7092 -2.2402   54656.1   43928.0   -3717.5 -0.6945 -2.2350   52703.5  124031.4  -70467.6
      361.0      28.0   54573.8   43575.4   54642.8   43793.3   54947.6   44488.4   54520.4   43592.4
   48 3      3 -0.7119 -2.2366   55552.7   50576.6   -6582.3 -0.6945 -2.2350   54693.0  130434.1  -73332.4
      596.0      54.0   55423.4   49992.3   55635.4   50658.5   55891.3   51368.7   55320.5   50025.1
vertex track :         56   3  45    4417490  0.4268  0.1336   51276.7  118188.9     188.9  2212   528.6
   46 3      1  0.4238  0.1460   51972.5   39075.4   -2991.9  0.4285  0.1317   49537.0  117635.2  -69738.8
       52.4      24.1   52014.2   39115.2   52004.1   39111.8   52141.2   39245.7   52029.8   39069.7
   47 3      2  0.4253  0.1245   48459.4   40214.3   -3839.8  0.4285  0.1317   49173.7  117523.5  -70586.7
       83.3      58.3   48523.0   40293.7   48452.4   40273.0   48606.3   40345.1   48555.7   40181.7
   48 3      3  0.4352  0.1182   47616.9   38800.1   -6322.6  0.4285  0.1317   48109.9  117196.5  -73069.5
      141.2     106.6   47725.2   38940.0   47544.1   38890.8   47719.1   38870.3   47781.1   38734.2
vertex track :         67   3  45    4419455 -3.3353  0.4563   41343.5  120074.9     205.7     0  1941.3
   46 3      1 -3.3275  0.4646   50802.3   39662.5   -2868.5 -3.2868  0.4423   51091.6  118556.8  -69597.2
      527.1      22.4   50277.3   39713.2   50622.5   39665.0   51534.1   39822.2   50283.4   39757.5
   47 3      2 -3.3356  0.4650   55705.2   38275.8   -3718.6 -3.2868  0.4423   53885.7  118180.9  -70447.3
      666.1      46.6   55039.0   38321.6   55658.1   38235.3   56578.1   38440.5   55051.9   38414.0
   48 3      3 -3.3395  0.4649   62797.4   38388.6   -6582.0 -3.2868  0.4423   63297.3  116914.5  -73310.7
     1125.7      90.6   61670.0   38454.1   63198.6   38241.3   64131.5   38533.5   61694.9   38633.5
vertex track :         74   3  45    4593954 -3.2544 -2.9895   41231.5  109552.0     200.5   211   124.7
   46 3      1 -3.1835 -3.0169   52478.5   39405.7   -2990.9 -3.1724 -2.9213   51055.7  118776.8  -69731.2
     3066.1     649.6   50699.7   36825.2   54482.2   40409.7   54464.0   42193.2   49806.1   37768.1
   47 3      2 -3.1403 -3.2655   52171.2   43292.0   -3829.7 -3.1724 -2.9213   53716.9  121227.4  -70570.1
     7227.1    1577.6   48298.8   36989.2   57658.3   46721.9   56250.4   49801.5   46024.5   39176.3
   48 3      3 -3.5684 -2.9554   61977.2   50798.6   -6200.4 -3.1724 -2.9213   61237.6  128153.1  -72940.8
    12915.6    2826.9   53833.4   40383.2   72978.0   56239.1   70327.5   61421.1   50227.1   44737.5
vertex track :         83   3  45    4655306 -0.4749  2.5433   50491.1  122370.3     191.5   211   352.9
   46 3      1 -0.4706  2.5449   51389.5   35704.8   -2870.3 -0.4799  2.5115   51565.2  114523.1  -69609.3
      392.6      72.0   51247.3   36077.8   51291.3   35840.1   51741.2   35544.4   51388.9   36104.0
   47 3      2 -0.4736  2.5388   53897.4   32552.1   -3718.2 -0.4799  2.5115   51972.1  112393.7  -70457.1
      642.6     177.2   53605.3   33151.3   53741.5   32421.1   54399.0   32165.5   53953.8   33216.3
   48 3      3 -0.4722  2.5458   54226.7   27532.3   -6590.2 -0.4799  2.5115   53350.4  105180.8  -73329.1
     1190.0     351.3   53664.2   28638.3   53999.1   26832.9   54998.6   26638.9   54355.0   28766.5
vertex track :         87   3  45    4656278 -3.6386  2.0488   46932.6  120826.8     197.5     0 10001.0
   46 3      1 -3.7600  2.0552   59275.8   36268.4   -2986.5 -3.5795  2.0002   57952.9  114303.5  -69723.2
      780.8      18.3   58581.9   36626.9   59162.6   36309.5   60176.0   36122.0   58599.4   36658.9
   47 3      2 -3.5122  1.9927   59269.2   35867.7   -3826.7 -3.5795  2.0002   60960.3  112622.9  -70563.4
      968.6      25.2   58414.3   36323.8   59361.7   35786.3   60330.6   35623.6   58439.2   36367.5
   48 3      3 -3.5817  2.2241   70000.6   28968.4   -6168.4 -3.5795  2.0002   69342.3  107939.1  -72905.1
     1501.7      41.0   68703.2   29725.8   70502.6   28608.5   71504.4   28423.2   68746.4   29795.4
vertex track :         93   3  45    4682709 -4.0046  3.3866   39995.6  129534.7     212.2     0  1572.1
   46 3      1 -3.9859  3.3929   51452.4   40364.5   -2868.0 -3.9778  3.3176   51823.8  119109.1  -69585.1
     1160.6      46.0   50538.9   41081.8   51469.4   40289.7   52572.0   39860.6   50598.4   41151.8
   47 3      2 -4.0020  3.4098   56919.6   36511.7   -3717.9 -3.9778  3.3176   55204.6  116289.5  -70435.0
     1531.9     104.9   55685.5   37425.3   57177.2   36154.3   58359.7   35811.4   55821.6   37585.0
   48 3      3 -4.0050  3.3911   65559.8   29688.8   -6579.5 -3.9778  3.3176   66587.7  106795.8  -73296.6
     2660.9     205.7   63396.2   31251.2   66616.6   28524.5   67929.4   28339.7   63662.1   31565.2
vertex track :        107   3  46    2429754 -2.2248  0.6240   54378.3  116804.1     180.1     0   968.4
   43 3     -2 -2.2214  0.6426   40040.7   42063.2    6586.6 -2.2067  0.6081   40997.0  120849.3  -63163.9
      590.6      98.8   39445.9   42132.4   40114.1   41939.1   40843.3   42204.6   39500.8   42322.2
   44 3     -1 -2.2354  0.6084   47834.9   40287.5    3715.7 -2.2067  0.6081   47332.2  119103.5  -66034.8
      339.6      47.9   47494.6   40330.4   47680.5   40279.8   48382.9   40455.2   47519.8   40422.9
   45 3      0 -2.2273  0.6371   49551.6   39963.9    2867.1 -2.2067  0.6081   49204.7  118587.5  -66883.3
      262.4      19.9   49293.9   40017.0   49330.6   40006.5   50017.0   40121.5   49304.8   40055.2
vertex track :        114   3  46    2642815  0.3696  1.5441   48791.1  113052.2     184.9   211   185.4
   43 3     -2  0.3991  1.5566   51307.7   44838.2    6734.1  0.3595  1.5278   51940.3  123211.7  -63022.4
      836.3     413.4   51114.9   45750.9   50783.3   44457.7   51710.8   44137.0   51915.8   45545.5
   44 3     -1  0.4037  1.6326   48743.8   41943.2    3815.2  0.3595  1.5278   50891.0  118752.1  -65941.3
      420.6     199.8   48650.7   42399.4   48533.6   41925.7   49047.2   41698.6   49038.7   42303.5
   45 3      0  0.3215  1.5666   49210.8   38507.2    2990.5  0.3595  1.5278   50594.5  117492.1  -66766.0
      216.3      78.0   49177.8   38734.7   49158.4   38640.0   49454.1   38491.2   49330.7   38703.4
vertex track :        126   3  46    2675825 -0.0156 -3.1436   50110.7  126764.9     191.1   211   631.7
   43 3     -2 -0.0380 -3.1373   50473.5   26469.4    6584.2  0.0058 -3.1627   50854.3  106634.4  -63137.5
     1177.2     228.1   50687.4   25289.6   50707.9   26984.9   50469.7   27856.1   50231.2   25295.1
   44 3     -1  0.0078 -3.1454   52042.8   35884.0    3717.5  0.0058 -3.1627   50837.7  115701.1  -66004.3
      637.0     110.0   52154.4   35247.3   52152.8   35860.7   52141.2   36727.6   51934.3   35246.7
   45 3      0 -0.0298 -3.1439   51889.9   38650.8    2866.8  0.0058 -3.1627   50832.8  118391.5  -66855.0
      439.1      42.8   51928.6   38211.3   51930.6   38429.2   52061.3   39297.1   51843.0   38212.1
