groupid:  14531, ntrk:  9
vertex track :          0   3  71    3731412  0.0086 -0.1034  184438.4  106498.9     159.9    13  2307.1
   72 4      1  0.0077 -0.1035   65016.6   28740.9   -2867.1  0.0058 -0.1044  185351.0  107378.4 -117823.0
       14.1       2.2   65019.9   28727.0   65019.4   28733.4   65223.3   28964.7   65015.4   28726.7
   73 4      2  0.0072 -0.1035   61349.2   27821.8   -3718.2  0.0058 -0.1044  185346.1  107467.2 -118674.2
       17.9       5.3   61355.8   27804.3   61354.8   27818.3   61552.7   28049.2   61345.2   27803.5
   74 4      3  0.0076 -0.1034   66326.1   27607.3   -6587.5  0.0058 -0.1044  185329.5  107766.9 -121543.4
       30.3      10.5   66338.7   27577.8   66335.9   27616.6   66523.4   27846.7   66317.8   27576.3
vertex track :          3   3  71    3715661  0.5718 -1.9384  185939.2  101038.2     156.0     0  1071.0
   72 4      1  0.6011 -1.7959   64306.4   27347.7   -3667.0  0.5777 -1.9298  184684.4  109014.3 -118622.8
      282.9      24.6   64419.5   27087.2   64366.1   27246.6   64403.9   27816.4   64372.9   27071.6
   73 4      2  0.6873 -1.8312   67310.5   26402.8   -4514.0  0.5777 -1.9298  184195.1  110648.8 -119469.8
      347.2      50.4   67479.7   26095.4   67380.0   26361.1   67351.9   26918.4   67385.3   26060.0
   74 4      3  0.5147 -1.8231   60464.5   32792.3   -7219.9  0.5777 -1.9298  182631.9  115870.8 -122175.8
      535.9      89.4   60696.2   32300.8   60513.0   32949.5   60443.3   33492.0   60524.0   32252.2
vertex track :         13   3  71    3731501  0.0352  0.1262  184509.8  107102.4     162.5     0  4225.4
   72 4      1  0.0363  0.1260   64980.4   28490.5   -2867.7  0.0316  0.1240  185342.1  107286.9 -117825.1
       15.8       1.5   64983.3   28506.1   64982.2   28502.2   65187.6   28685.1   64986.3   28505.2
   73 4      2  0.0368  0.1259   61294.1   27421.4   -3718.0  0.0316  0.1240  185315.2  107181.5 -118675.4
       19.3       3.1   61296.5   27440.9   61293.4   27430.2   61501.7   27612.1   61302.5   27439.1
   74 4      3  0.0361  0.1260   66194.0   26533.6   -6584.6  0.0316  0.1240  185224.5  106826.1 -121541.9
       31.8       6.1   66196.9   26565.9   66186.9   26531.2   66401.1   26711.5   66208.6   26562.5
vertex track :         32   3  71    3765475 -0.3588  4.4916  183630.4  122415.3     175.7   211   574.8
   72 4      1 -0.5283  4.0906   64656.4   30239.8   -3670.4 -0.3372  4.4583  185917.3  105765.3 -118627.1
     1206.8     125.9   64377.0   31420.6   64575.2   29885.8   65145.3   29273.1   64626.7   31452.8
   73 4      2 -0.0417  4.3821   68528.4   23860.6   -4504.6 -0.3372  4.4583  186198.6  102046.0 -119461.3
     1811.2     279.0   68232.2   25669.0   68257.9   22967.1   69034.6   22266.5   68790.2   25674.3
   74 4      3 -0.5465  4.3356   64420.3   11614.5   -7160.5 -0.3372  4.4583  187094.2   90205.4 -122117.2
     3014.4     494.4   63552.8   14543.4   64192.0    9472.4   65497.3    8900.0   64533.9   14667.0
vertex track :         82   3  71    4169706  3.6020  0.0881  192313.6  106629.2     151.9   211   648.8
   72 4      1  3.6030  0.0550   59732.0   28196.4   -2867.3  3.5944  0.0744  182433.7  106949.1 -117797.7
      615.7      58.8   60346.7   28264.7   59872.1   28257.4   59330.8   28338.3   60348.5   28147.0
   73 4      2  3.5906  0.0486   53058.3   27260.2   -3718.2  3.5944  0.0744  179375.4  106885.8 -118648.5
      895.8     143.8   53952.1   27416.1   52914.7   27402.1   52378.1   27314.4   53956.0   27128.6
   74 4      3  3.5864  0.0620   48322.9   26487.8   -6585.3  3.5944  0.0744  169070.0  106672.4 -121515.6
     1613.1     285.7   49930.8   26801.4   47458.3   26758.6   46928.6   26384.4   49940.7   26230.1
vertex track :         93   3  71    4183085 -1.5976  1.7365  178376.5  113209.4     176.3   211   305.9
   72 4      1 -1.6110  1.9368   62961.6   28929.0   -3663.2 -1.5980  1.7392  185452.1  107087.8 -118645.6
      437.0     101.5   62604.1   29200.0   62824.7   28934.9   63527.4   28869.9   62760.2   29329.8
   73 4      2 -1.4725  1.5088   67802.7   24977.1   -4501.8 -1.5980  1.7392  186792.2  105629.2 -119484.2
      714.9     226.8   67141.1   25330.3   67830.5   24624.0   68672.8   24835.4   67465.6   25647.1
   74 4      3 -1.6385  1.5001   67341.3   20939.6   -7188.1 -1.5980  1.7392  191084.9  100957.2 -122170.5
     1213.5     404.1   66173.3   21460.9   67619.3   20137.1   68717.5   20629.7   66719.1   22057.1
vertex track :        228   3  72    4163067  4.1705  3.3159  183513.3  104901.7     244.5     0  4827.4
   69 4     -2  4.1795  3.3254   92738.5   48916.6    6586.1  4.0865  3.3276  209414.2  127052.1 -112125.2
     2369.6      75.3   94545.9   50450.9   91715.0   48198.6   91145.3   47595.6   94639.7   50333.0
   70 4     -1  4.1720  3.3279   82055.5   40506.2    3719.3  4.0865  3.3276  197698.9  117512.3 -114992.0
     1322.6      37.8   83065.9   41360.5   81874.1   40409.8   81259.3   39865.1   83113.1   41301.3
   71 4      0  4.1490  3.3267   77513.3   38251.9    2867.8  4.0865  3.3276  194219.4  114678.9 -115843.5
     1014.9      21.1   78292.0   38903.2   77579.6   38332.0   76948.8   37813.8   78318.4   38870.3
vertex track :        290   3  72    4605316 -4.0386 -0.6407  190063.0  107133.7     235.6     0  1632.6
   69 4     -2 -4.0251 -0.8507   42304.0   23863.1    6903.4 -4.1114 -0.6773  162627.4  103725.9 -111779.6
     1607.2     135.9   40759.7   23397.8   43059.3   23883.8   44054.3   24537.6   40703.5   23663.8
   70 4     -1 -4.3902 -0.3752   53531.7   25989.2    4418.6 -4.1114 -0.6773  172843.6  105408.9 -114264.4
     1013.4      76.2   52528.5   25827.0   53626.0   25920.8   54740.6   26361.0   52515.5   25978.8
   71 4      0 -3.9954 -0.4488   58252.0   27923.7    3600.3 -4.1114 -0.6773  176207.9  105963.2 -115082.7
      801.2      35.8   57459.8   27798.7   58213.2   27883.3   59250.2   28258.2   57451.8   27869.8
vertex track :        301   3  72    4606428 -1.3467 -2.9333  185504.8  106908.4     238.7   211   484.8
   69 4     -2 -1.3622 -2.9195   56829.0    8050.6    6583.7 -1.3084 -2.9377  177162.6   89334.2 -112117.9
     1407.9     310.1   56514.7    6643.6   57419.2    8582.3   57352.0    9664.7   55952.8    6905.8
   70 4     -1 -1.3364 -2.9237   59719.9   14858.7    3718.8 -1.3084 -2.9377  180910.9   97750.4 -114982.7
      737.7     148.5   59548.3   14126.1   59881.0   14853.9   60100.1   15798.4   59278.2   14249.5
   71 4      0 -1.3290 -2.9429   59729.9   17668.2    2868.0 -1.3084 -2.9377  182024.0  100249.7 -115833.5
      468.5      56.6   59588.6   17217.9   59695.2   17454.0   60079.8   18325.6   59485.5   17264.5
