groupid:  14777, ntrk:  5
vertex track :          0   3 123    3313808  0.0270 -0.0722   51000.7  114060.9     188.8    13  3876.9
  124 3      1  0.0270 -0.0722   54170.3   37649.3   -2868.6  0.0265 -0.0719   51529.9  115234.2 -215300.6
       12.5       1.4   54176.0   37638.1   54172.9   37646.3   54374.6   37870.4   54173.4   37637.1
  125 3      2  0.0269 -0.0723   52441.1   37190.2   -3717.4  0.0265 -0.0719   51507.3  115295.2 -216149.3
       15.7       3.2   52449.5   37176.6   52444.2   37190.9   52642.6   37413.8   52443.6   37174.4
  126 3      3  0.0267 -0.0723   52748.0   36495.7   -6582.9  0.0265 -0.0719   51431.2  115501.2 -219014.8
       26.6       6.3   52763.1   36472.8   52750.3   36507.7   52942.9   36728.4   52751.4   36468.5
vertex track :         62   3 123    4198112 -2.9410  0.5214   47588.8  114864.0     189.8     0  2629.6
  124 3      1 -2.7997  0.5556   53124.5   32794.4   -3343.5 -2.9657  0.5037   58660.1  114015.3 -215780.3
      485.8      19.7   52644.2   32869.7   53009.2   32797.3   53812.0   32929.7   52651.8   32908.3
  125 3      2 -2.9584  0.3889   57932.6   35833.5   -4170.0 -2.9657  0.5037   61111.5  113599.0 -216606.8
      590.8      35.2   57342.2   35875.6   57892.4   35803.2   58729.9   36001.8   57351.4   35945.4
  126 3      3 -3.0297  0.4940   66962.5   29183.5   -6744.2 -2.9657  0.5037   68745.7  112302.2 -219181.0
      916.6      61.6   66047.9   29270.3   67221.0   29079.0   68084.0   29307.3   66067.7   29391.8
vertex track :         69   3 123    4225360 -3.8721  3.1622   40077.6  123318.2     208.4     0  1693.2
  124 3      1 -3.8731  3.1532   56278.2   36098.2   -2869.7 -3.9922  3.1981   52868.1  114372.1 -215338.5
     1059.5      40.6   55430.9   36735.6   56260.8   36059.9   57331.6   35673.9   55482.2   36798.6
  125 3      2 -3.8532  3.1575   57759.6   32963.4   -3716.9 -3.9922  3.1981   56250.4  111662.6 -216185.7
     1384.1      91.2   56631.2   33770.1   57963.2   32678.6   59094.2   32369.8   56746.9   33911.2
  126 3      3 -3.8574  3.1789   68073.2   23847.1   -6584.0 -3.9922  3.1981   67696.1  102493.8 -219052.7
     2395.9     178.8   66110.6   25232.8   68998.4   22853.0   70242.0   22674.6   66338.0   25508.8
vertex track :         71   3 123    4225883 -3.5339  3.2160   44084.1  120390.5     199.4  2212   509.9
  124 3      1 -3.4415  3.0283   51274.9   30629.3   -3340.7 -3.5878  3.2141   57326.3  109930.9 -215792.7
     1802.5     294.2   49727.3   31599.2   51711.0   29853.6   53029.0   29872.5   50116.0   32040.9
  125 3      2 -3.3123  3.0999   56538.3   31374.5   -4170.0 -3.5878  3.2141   60301.9  107265.3 -216622.1
     3572.5     679.4   53465.7   33319.6   57986.8   29088.4   59817.5   29642.5   54394.1   34311.6
  126 3      3 -3.6021  3.1995   67354.8   16953.3   -6763.9 -3.5878  3.2141   69608.2   98928.3 -219216.0
     6333.6    1225.0   61806.0   20243.6   70520.3   12503.2   73110.1   13876.3   63433.0   22075.3
vertex track :        157   3 124    3974761 -1.3396 -1.3329   55610.3  117902.2     181.3   211    65.8
  121 3     -2 -1.3506 -1.3236   47761.3   31969.6    6585.9 -1.3361 -1.3412   44724.2  108339.8 -209191.3
     5857.7    2733.6   45491.0   25917.2   53574.6   33839.3   50240.2   38230.7   41664.3   29821.9
  122 3     -1 -1.3613 -1.3095   47712.3   36494.0    3718.0 -1.3361 -1.3412   48556.1  112186.3 -212059.3
     2826.8    1317.5   46588.4   33584.8   50377.0   37229.2   49044.8   39611.9   44761.6   35483.8
  123 3      0 -1.3438 -1.3303   48863.8   33902.7    2869.5 -1.3361 -1.3412   49689.8  113324.3 -212907.8
     1087.9     500.6   48442.8   32781.5   49706.9   34032.9   49493.4   35232.5   47738.4   33493.1
