groupid:  15555, ntrk:  4
vertex track :          0   3  35    4531910 -0.2419 -0.1377   44432.9  174197.7     190.0    13  2661.1
   36 5      1 -0.2416 -0.1373   45340.3   13417.2   -2868.6 -0.2390 -0.1417   45437.0  174891.4  -50872.3
       28.7       2.9   45316.8   13400.5   45316.0   13400.1   45573.6   13643.8   45313.9   13405.6
   37 5      2 -0.2414 -0.1371   45678.2   14130.7   -3717.0 -0.2390 -0.1417   45639.8  175011.6  -51720.7
       34.5       5.5   45650.9   14108.9   45660.2   14114.2   45915.2   14362.4   45645.5   14118.5
   38 5      3 -0.2419 -0.1366   48002.4   14686.9   -6587.3 -0.2390 -0.1417   46325.9  175418.3  -54591.0
       55.1      10.6   47959.6   14650.5   48004.8   14676.1   48254.9   14933.1   47949.1   14669.0
vertex track :         58   3  35    5008126 -4.2315  0.3083   43214.7  174273.9     190.9     0  1385.0
   36 5      1 -4.2082  0.3183   54916.9   14443.9   -3051.4 -4.2000  0.2603   57104.7  173677.3  -51053.8
      831.2      40.7   54085.0   14466.0   54859.0   14407.4   55954.6   14632.2   54091.2   14547.2
   37 5      2 -4.6950  0.3073   59601.7   13949.2   -3883.8 -4.2000  0.2603   60601.0  173460.6  -51886.2
     1077.3      90.8   58520.8   13928.9   59684.9   13852.7   60888.0   14179.8   58532.6   14110.2
   38 5      3 -3.9736  0.3465   69137.9   11081.6   -6329.1 -4.2000  0.2603   70871.3  172824.1  -54331.5
     1724.8     163.2   67405.4   11068.9   70007.6   10842.0   71076.4   11304.7   67433.8   11394.0
vertex track :         71   3  35    5241648 -0.0366  3.6457   45507.1  185186.0     190.5   211   409.6
   36 5      1 -0.0342  3.6457   45786.2   12903.4   -2869.0 -0.0540  3.5844   45856.2  174512.5  -50860.3
      699.3      97.8   45681.8   13601.7   45687.7   12968.8   46100.5   12418.7   45877.5   13603.5
   37 5      2 -0.0331  3.6437   45957.9   10488.5   -3718.5 -0.0540  3.5844   45902.1  171467.7  -51709.8
     1173.1     241.2   45706.0   11659.4   45720.4   10078.4   46419.7    9531.3   46188.4   11663.8
   38 3      3 -0.0052  3.6484   47732.4   82872.0   -6586.6 -0.0540  3.5844   46056.9  161187.2  -54577.9
     2191.7     477.8   47251.6   85063.0   47256.7   81445.8   48423.3   80894.7   48207.1   85064.3
vertex track :        122   3  36    5057642  3.6968 -2.2527   33685.4  179890.3     203.6     0 10001.0
   33 3     -2  3.6884 -2.2971   59927.2   86397.3    6582.1  3.7673 -2.2696   57516.5  166888.1  -44459.3
     1607.0      42.6   61313.8   85583.9   59360.2   86800.5   58754.3   87418.3   61268.8   85511.6
   34 5     -1  3.7002 -2.2704   47117.8   11919.2    3716.8  3.7673 -2.2696   46722.0  173391.1  -47324.6
      910.9      22.7   47906.1   11462.2   47130.4   11938.1   46543.3   12584.0   47882.4   11423.5
   35 5      0  3.6967 -2.2568   44461.2   13812.6    2867.9  3.7673 -2.2696   43524.2  175317.6  -48173.4
      710.6      15.7   45075.9   13455.8   44639.2   13722.3   44060.2   14377.1   45059.5   13428.9
