groupid:  15734, ntrk:  5
vertex track :          0   3  63    7229416  0.1030  0.6789  189892.0  110349.3     200.7    13  1077.2
   64 4      1  0.1012  0.6789   65745.3   31096.3   -2872.2  0.0969  0.6737  188877.4  109772.6 -103418.1
       66.6       7.7   65747.4   31163.3   65749.0   31174.1   65953.2   31240.0   65762.7   31161.1
   65 4      2  0.1089  0.6784   66501.2   27908.9   -3721.0  0.0969  0.6737  188795.1  109200.8 -104266.9
       80.1      16.3   66497.8   27990.5   66495.3   27974.9   66714.7   28037.9   66530.0   27985.3
   66 4      3  0.1011  0.6783   67070.7   28646.0   -6586.4  0.0969  0.6737  188517.4  107270.3 -107132.3
      127.0      31.7   67058.1   28776.2   67041.9   28667.5   67293.4   28726.4   67120.7   28766.9
vertex track :          4   3  63    6785635 -0.2777 -0.7705  189695.2  109607.4     199.8  2212   851.4
   64 4      1 -0.3043 -0.8280   73013.7   32788.3   -2541.3 -0.2782 -0.7729  189744.0  113221.4 -103088.3
       75.5      12.1   72999.0   32713.3   72987.2   32681.1   73238.0   33072.5   72976.2   32721.7
   65 4      2 -0.2059 -0.7426   71418.5   31884.0   -3374.5 -0.2782 -0.7729  189975.8  113865.5 -103921.6
       95.1      29.7   71421.7   31784.4   71429.3   31811.8   71625.1   32192.8   71364.5   31800.2
   66 4      3 -0.2989 -0.8153   73311.1   34285.3   -6626.6 -0.2782 -0.7729  190880.4  116379.1 -107173.7
      168.4      65.2   73314.4   34104.8   73367.5   34249.7   73517.5   34675.0   73191.9   34149.7
vertex track :          7   3  63    6786124 -0.6546  0.7139  189501.2  110369.3     202.8  2212   435.8
   64 4      1 -0.6564  0.7121   67278.0   31026.7   -2870.9 -0.6644  0.7054  190824.7  109692.3 -103419.9
      114.9      47.5   67165.3   31079.0   67183.1   31059.6   67600.2   31185.2   67235.1   31143.4
   65 4      2 -0.6477  0.7175   68654.8   27793.7   -3719.6 -0.6644  0.7054  191388.5  109093.7 -104268.6
      197.0     117.0   68436.0   27861.5   68563.9   27719.8   69083.1   27936.6   68609.7   28018.3
   66 4      3 -0.6565  0.7081   71698.5   28432.9   -6587.5 -0.6644  0.7054  193293.9  107070.8 -107136.5
      365.7     231.4   71280.1   28543.7   71639.6   28156.0   72326.3   28532.7   71619.6   28858.4
vertex track :         31   3  63    7216749  3.2037 -3.4843  197188.7  101538.4     194.4     0 10001.0
   64 4      1  3.3050 -3.7073   70509.8   32309.6   -2532.6  3.2235 -3.4014  187803.9  112422.2 -103053.6
      848.6      17.5   71087.5   31687.8   70652.2   32176.1   70145.3   33137.6   71061.4   31664.5
   65 4      2  3.4868 -3.5508   66025.6   33926.3   -3361.4  3.2235 -3.4014  185132.1  115241.3 -103882.4
     1081.8      25.1   66801.5   33172.0   66017.7   33970.2   65463.1   34887.0   66765.6   33136.8
   66 4      3  3.3770 -3.2407   57858.2   43758.7   -6570.8  3.2235 -3.4014  174786.4  126157.7 -107091.9
     2007.4      49.7   59341.0   42404.7   57153.5   44503.9   56588.9   45319.5   59272.2   42333.0
vertex track :         53   3  63    7657202  1.5048 -1.8717  192977.6  105285.1     197.1   211   580.2
   64 4      1  1.5112 -1.8636   65289.9   32475.7   -2866.0  1.5229 -1.8374  187657.7  112463.1 -103402.1
      317.5      38.9   65520.1   32253.6   65437.5   32355.4   65271.2   32906.0   65459.7   32204.6
   65 4      2  1.4868 -1.8854   64857.0   31490.0   -3717.9  1.5229 -1.8374  186360.4  114028.3 -104254.0
      441.0      93.9   65203.8   31201.9   64969.9   31498.5   64721.6   31986.2   65056.3   31085.5
   66 4      3  1.5082 -1.8673   60892.2   40386.9   -6586.2  1.5229 -1.8374  181992.3  119298.4 -107122.2
      772.1     185.6   61521.7   39902.8   60868.1   40712.0   60474.2   41079.1   61233.0   39669.6
