groupid:  15334, ntrk:  5
vertex track :          0   3  43    5050241 -0.2111 -0.5990  182755.1  104902.2     198.9    13   613.9
   44 4      1 -0.2121 -0.5985   64045.7   28869.8   -2867.4 -0.2038 -0.5993  183947.4  109018.0  -65721.7
       62.4      11.3   64035.5   28807.2   64032.6   28799.2   64265.7   29141.8   64014.2   28814.8
   45 4      2 -0.2065 -0.6008   63543.3   29347.5   -3717.4 -0.2038 -0.5993  184120.7  109527.4  -66571.8
       78.3      26.4   63542.8   29264.9   63550.3   29286.8   63753.6   29639.5   63492.9   29282.1
   46 4      3 -0.2083 -0.6005   63546.3   30864.9   -6584.8 -0.2038 -0.5993  184705.1  111245.8  -69439.1
      127.8      52.0   63553.5   30727.1   63593.5   30842.5   63748.8   31212.1   63455.3   30761.2
vertex track :         63   3  43    4830116 -1.4513  1.7470  178801.6  112379.9     205.5   211     nan
   44 4      1 -1.4945  1.8051   60751.7   29901.3   -3115.6 -1.4768  1.7291  184181.0  108845.2  -65987.2
        nan       nan      -nan       nan       nan       nan       nan       nan       nan       nan
   45 4      2 -1.2868  1.8413   62273.9   26051.8   -3936.8 -1.4768  1.7291  185393.7  107425.3  -66808.4
        nan       nan      -nan       nan       nan       nan       nan       nan       nan       nan
   46 4      3 -1.2910  1.7196   68495.0   21252.9   -6890.6 -1.4768  1.7291  189755.9  102318.0  -69762.2
        nan       nan      -nan       nan       nan       nan       nan       nan       nan       nan
vertex track :         81   3  43    5050528  2.0577  2.7608  185520.7  108948.9     199.0  2212   410.7
   44 4      1  2.0619  2.7624   59737.3   22479.7   -2866.8  2.0186  2.7600  179841.3  102784.3  -65715.4
      974.4     226.2   60138.8   23395.9   59406.2   22414.3   59547.8   21776.3   60501.4   23125.3
   45 4      2  2.0383  2.7766   57419.9   20115.1   -3719.1  2.0186  2.7600  178120.9  100432.0  -66567.7
     2116.6     559.9   58221.0   22152.6   56144.0   19323.3   56830.8   18290.3   59123.8   21489.9
   46 4      3  2.0424  2.7780   50602.9   11526.3   -6584.0  2.0186  2.7600  172337.9   92524.8  -69432.6
     4125.8    1107.3   52154.7   15506.3   47695.9    9441.4   49263.2    7759.1   53938.9   14194.5
vertex track :        114   3  44    4613843  1.5634  0.2117  178665.6  104746.4     207.8   211     nan
   41 4     -2  1.5633  0.2136   67416.2   27547.7    6581.8  1.5466  0.2137  188155.0  107787.9  -59414.4
        nan       nan      -nan       nan       nan       nan       nan       nan       nan       nan
   42 4     -1  1.5649  0.2035   65101.4   27150.8    3716.7  1.5466  0.2137  183724.0  107175.8  -62279.5
        nan       nan      -nan       nan       nan       nan       nan       nan       nan       nan
   43 4      0  1.5654  0.1995   62126.0   26410.4    2868.8  1.5466  0.2137  182412.7  106994.6  -63127.4
        nan       nan      -nan       nan       nan       nan       nan       nan       nan       nan
vertex track :        164   3  44    5284144 -1.3656 -2.3116  187804.0  113016.3     197.4   211    78.6
   41 4     -2 -1.3630 -2.2544   60684.7   17578.1    6835.2 -1.3739 -2.3160  178279.2   99317.1  -59124.5
     9227.2    3211.0   58658.7    8020.6   67920.2   23339.7   62919.4   27343.4   53163.0   11343.2
   42 4     -1 -1.4201 -2.3426   61742.7   23169.5    3952.9 -1.3739 -2.3160  182239.3  105992.7  -62006.9
     4567.9    1587.5   60732.3   18440.3   65169.9   25760.9   62961.7   28106.3   58017.3   20086.2
   43 4      0 -1.3094 -2.1724   65348.9   27052.5    3109.0 -1.3739 -2.3160  183398.7  107947.0  -62850.7
     1827.9     626.6   64941.9   25163.5   66554.2   27838.4   65964.6   29149.3   63868.7   25810.4
