groupid:   1507, ntrk:  6
vertex track :          0   3  71      12652  0.0172 -0.1062   98596.3   41977.9     159.4    13  2912.3
   72 1      1  0.0158 -0.1063   98745.5   42905.8   -2866.0  0.0139 -0.1090   98955.9   42533.2 -118143.2
       14.3       1.8   98749.4   42892.0   98748.5   42897.9   98951.6   43129.6   98745.7   42891.4
   73 1      2  0.0159 -0.1064   95107.6   43721.1   -3716.7  0.0139 -0.1090   98944.0   42625.9 -118993.8
       17.9       4.2   95114.4   43704.0   95112.5   43717.1   95310.7   43948.1   95106.0   43702.8
   74 1      3  0.0162 -0.1063  100086.0   43331.9   -6584.1  0.0139 -0.1090   98904.1   42938.6 -121861.2
       30.0       8.4  100098.8   43303.5  100093.2   43340.5  100283.3   43570.2  100082.3   43301.0
vertex track :          1   3  71      11778  2.6604  0.7658  104221.0   43815.0     151.2     0 10001.0
   72 1      1  2.6532  0.7425   96855.7   39853.5   -3250.2  2.6490  0.7456   95624.9   41486.4 -118496.3
      412.9      13.8   97249.7   39978.0   97011.5   39911.4   96674.4   39939.7   97257.1   39951.5
   73 1      2  2.7198  0.8160   98375.5   38545.2   -4076.8  2.6490  0.7456   93435.4   40870.1 -119322.8
      498.7      18.1   98848.0   38705.8   98463.8   38590.5   98115.7   38595.3   98858.4   38671.2
   74 1      3  2.6911  0.7872   85490.8   37244.2   -6771.9  2.6490  0.7456   86296.2   38860.6 -122017.9
      787.9      30.2   86238.5   37494.4   85291.2   37217.3   84955.7   37204.8   86255.4   37436.4
vertex track :        112   3  72     231625 -0.5606  1.7269   99007.1   42223.3     203.5     0  1781.8
   69 1     -2 -0.5649  1.7304   96072.3   54386.6    6586.4 -0.5809  1.7227   95502.5   52878.9 -112000.7
      381.9      42.6   95913.2   54736.5   96031.6   54373.7   96440.8   54248.5   95994.3   54762.9
   70 1     -1 -0.5649  1.7221   97463.8   49160.1    3718.2 -0.5809  1.7227   97168.6   47937.8 -114868.9
      228.1      21.1   97372.7   49370.3   97396.2   49298.4   97764.4   49161.6   97412.8   49383.4
   71 1      0 -0.5820  1.7215   96924.6   47269.6    2871.2 -0.5809  1.7227   97660.7   46478.7 -115715.9
      185.4      10.5   96855.3   47441.9   96851.8   47452.1   97203.3   47309.1   96875.1   47448.6
vertex track :        139   3  72     472931 -2.3041 -4.0238  103485.6   50974.1     214.0     0  2070.7
   69 1     -2 -2.3008 -4.1293   87465.4   24220.6    6950.0 -2.2549 -4.0223   88402.0   23554.9 -111653.7
     2010.0     131.9   86602.3   22400.6   88075.8   25045.1   88536.2   26246.5   86371.8   22529.0
   70 1     -1 -2.5121 -4.1228   93968.4   36485.2    4018.9 -2.2549 -4.0223   95011.1   35344.5 -114584.7
     1146.7      66.0   93428.1   35471.6   94093.9   36564.3   94716.2   37704.6   93315.4   35540.3
   71 1      0 -2.3847 -4.0866   96633.3   41124.5    3223.8 -2.2549 -4.0223   96803.9   38542.6 -115379.8
      901.1      31.0   96205.9   40330.6   96613.5   41029.0   97268.3   42124.4   96152.3   40361.9
vertex track :        212   3  72    1096686  1.2809  3.4387   97640.9   39159.0     199.5   211   249.1
   69 1     -2  1.2798  3.4520  107477.2   63177.8    6586.5  1.2457  3.4525  105834.3   60866.9 -111994.0
     3290.4     807.0  107864.3   66543.5  105845.5   61098.0  107301.3   60025.5  109377.6   65982.5
   70 1     -1  1.2666  3.4500  103638.7   53209.3    3717.8  1.2457  3.4525  102260.8   50962.5 -114862.8
     1623.9     387.9  103834.3   54867.4  102980.9   52543.2  103654.5   51764.7  104562.5   54600.0
   71 1      0  1.2417  3.4558  101561.2   49895.7    2870.8  1.2457  3.4525  101205.8   48038.3 -115709.8
      774.2     147.2  101684.5   50674.0  101421.6   49942.6  101649.2   49330.7  101961.5   50574.5
vertex track :        214   3  72    1097164  4.4355  3.8843   97097.4   41256.6     203.6   211     nan
   69 2     -2  4.8268  4.0306    4327.2   66176.3    6900.3  4.3788  3.9126  126637.9   67101.3 -111688.6
        nan       nan      -nan       nan       nan       nan       nan       nan       nan       nan
   70 1     -1  4.2288  3.6933  112646.7   56205.1    4134.1  4.3788  3.9126  114525.0   56278.0 -114454.9
        nan       nan      -nan       nan       nan       nan       nan       nan       nan       nan
   71 1      0  4.2189  3.8883  109425.7   54189.6    3306.0  4.3788  3.9126  110899.2   53038.2 -115282.9
        nan       nan      -nan       nan       nan       nan       nan       nan       nan       nan
