groupid:  15779, ntrk:  7
vertex track :          0   3  59    3486209 -0.3566 -0.4255  209341.3   96514.1     177.8    13  1198.3
   60 4      1 -0.3579 -0.4237   89037.1   18066.9   -2870.4 -0.3583 -0.4237  209294.4   98958.3  -95640.2
       54.1       6.4   89007.1   18021.5   89001.8   18015.1   89276.8   18322.0   88997.3   18029.8
   61 4      2 -0.3584 -0.4230   89067.0   18210.3   -3716.0 -0.3583 -0.4237  209597.4   99316.6  -96485.8
       65.0      13.4   89035.2   18152.1   89043.9   18162.4   89308.5   18478.1   89014.8   18169.4
   62 4      3 -0.3555 -0.4248   90660.4   19839.7   -6586.1 -0.3583 -0.4237  210625.8  100532.5  -99356.0
      103.3      26.0   90614.1   19743.8   90672.1   19813.0   90916.4   20145.3   90574.1   19777.2
vertex track :         46   3  59    3810892 -2.0486 -1.2965  205538.1   94845.1     184.3     0  3052.5
   60 4      1 -2.1998 -1.3519   92309.2   19243.3   -2771.7 -2.0667 -1.3035  210495.7   99845.8  -95559.9
      299.0      12.6   92061.1   19076.1   92108.6   19105.2   92765.2   19619.2   92047.9   19097.4
   61 4      2 -2.0232 -1.4139   94645.1   20606.0   -3594.9 -2.0667 -1.3035  212197.1  100918.9  -96383.1
      366.2      21.5   94357.3   20378.6   94532.7   20501.2   95140.9   21042.0   94332.6   20413.9
   62 4      3 -1.9932 -1.2387   99410.3   25920.8   -6833.3 -2.0667 -1.3035  218889.8  105140.2  -99621.4
      642.4      43.8   98887.8   25544.5   99560.5   25962.6  100140.8   26505.9   98841.5   25618.9
vertex track :         57   3  59    3840239  2.4457  0.1290  215138.3   97701.9     170.1     0 10000.9
   60 4      1  2.4436  0.1221   87056.3   17724.8   -2869.4  2.4417  0.1402  206612.3   98449.0  -95612.9
      309.8      11.2   87365.1   17751.4   87259.5   17746.2   86959.9   17908.2   87366.3   17729.0
   61 4      2  2.4412  0.1150   84772.7   17431.4   -3717.8  2.4417  0.1402  204540.7   98330.1  -96461.4
      378.7      15.1   85150.3   17464.3   84906.3   17452.8   84607.5   17608.6   85151.7   17434.1
   62 4      3  2.4443  0.1279   77347.7   17255.6   -6585.4  2.4417  0.1402  197538.6   97928.2  -99329.0
      624.2      26.7   77969.7   17314.9   77236.2   17276.5   76938.1   17406.4   77972.4   17261.5
vertex track :        108   3  60    3474990 -1.8581 -0.0836  209491.2   97483.5     170.5     0  4774.4
   57 4     -2 -1.8477 -0.0818   76199.0   16844.9    6586.6 -1.8888 -0.0918  197341.1   98224.1  -88955.8
      389.7      24.2   75810.8   16803.5   76201.4   16820.8   76795.4   17096.3   75808.6   16851.9
   58 4     -1 -1.8571 -0.0972   83692.6   19231.9    3718.0 -1.8888 -0.0918  202759.4   98487.5  -91824.4
      234.5      12.8   83459.0   19206.9   83537.5   19211.0   84134.3   19466.9   83457.7   19232.4
   59 4      0 -1.8588 -0.0971   85158.3   18769.3    2868.1 -1.8888 -0.0918  204364.5   98565.5  -92674.2
      192.3       8.5   84966.7   18750.7   84960.4   18750.4   85558.0   18997.7   84965.9   18767.8
vertex track :        125   3  60    3718654 -2.2706 -2.0799  214190.3  101721.5     162.5   211   343.8
   57 4     -2 -2.2851 -2.1817   78182.9    9889.4    6738.9 -2.3556 -2.1100  198662.7   89161.8  -88782.7
     1691.3     442.8   77265.3    8401.1   79232.1   10278.9   79308.1   11585.4   76653.8    9041.7
   58 4     -1 -2.2803 -2.0939   85407.0   16112.4    3623.4 -2.3556 -2.1100  206001.8   95735.5  -91898.2
      822.1     202.1   84938.2   15407.5   85670.3   16079.8   86083.6   17025.2   84664.8   15705.2
   59 4      0 -2.0936 -2.0304   86367.2   16924.2    2794.3 -2.3556 -2.1100  207954.8   97484.7  -92727.2
      468.7      76.9   86084.2   16542.6   86317.5   16768.9   86858.0   17513.7   85977.1   16653.0
vertex track :        159   3  60    4089607 -2.9356  0.6284  211641.5   96299.7     166.6     0 10001.0
   57 4     -2 -2.9366  0.6299   71020.1   20495.8    6585.2 -3.0061  0.6159  192346.9  101604.8  -88943.6
      844.9      29.9   70187.8   20643.8   71223.2   20421.6   72059.5   20558.5   70200.3   20702.3
   58 4     -1 -2.9386  0.6073   81912.3   20620.1    3717.5 -3.0061  0.6159  200967.5   99838.5  -91811.4
      490.8      16.2   81428.4   20703.6   81772.5   20632.5   82603.3   20747.2   81435.0   20735.3
   59 4      0 -2.9449  0.6089   84285.3   19571.3    2867.1 -3.0061  0.6159  203523.5   99314.7  -92661.7
      390.9      11.6   83900.1   19639.2   84047.3   19608.7   84877.5   19714.1   83904.8   19661.8
vertex track :        162   3  60    4090104 -0.7424 -1.2505  209464.0   97955.2     170.7   211   306.4
   57 4     -2 -0.6885 -1.1538   83560.3   11899.2    6727.6 -0.7383 -1.2429  204585.8   91131.0  -88815.7
      446.0     198.6   83502.3   11414.4   83814.8   11938.2   83827.7   12592.8   83161.2   11617.9
   58 4     -1 -0.7848 -1.2284   86312.4   15395.5    3622.1 -0.7383 -1.2429  206878.7   94990.8  -91921.3
      228.5      90.7   86265.8   15154.1   86347.1   15281.3   86568.2   15845.6   86113.0   15251.7
   59 4      0 -0.7904 -1.2195   85962.5   15543.8    2793.6 -0.7383 -1.2429  207490.4   96020.4  -92749.7
      149.4      34.6   85910.3   15399.6   85906.9   15394.2   86223.9   15896.8   85852.2   15437.3
