groupid:  15585, ntrk:  3
vertex track :          0   3 115    5709498 -0.0554 -0.3312  169714.8  173972.7     214.6    13  1256.5
  116 6      1 -0.0536 -0.3313   48205.0   14659.3   -2866.4 -0.0530 -0.3355  167986.3  177456.5 -200708.7
       34.3       5.0   48204.4   14624.6   48204.1   14622.8   48415.5   14903.6   48194.6   14626.1
  117 6      2 -0.0559 -0.3312   50374.5   20899.1   -3720.3 -0.0530 -0.3355  168031.6  177742.9 -201562.6
       41.9      11.0   50378.4   20856.0   50380.6   20869.1   50580.6   21152.0   50356.7   20859.6
  118 6      3 -0.0531 -0.3323   49671.2   18556.7   -6584.9 -0.0530 -0.3355  168183.3  178703.9 -204427.1
       67.5      21.4   49681.7   18486.7   49691.9   18550.2   49870.6   18836.4   49639.4   18493.5
vertex track :         24   3 115    6110105  0.0497  2.3876  169719.4  174090.6     212.7  2212   645.8
  116 6      1  0.0746  2.5390   51080.6    6521.0   -2777.8  0.0138  2.3958  167784.7  169377.0 -200618.0
      330.1      58.8   51031.5    6852.7   51027.8    6725.9   51339.8    6401.8   51149.1    6849.2
  117 4      2  0.2995  2.5717   46466.9   84578.4   -3593.5  0.0138  2.3958  167773.4  167422.8 -201433.7
      515.7     144.4   46383.1   85107.3   46326.7   84622.9   46760.9   84262.0   46669.9   85073.9
  118 4      3  0.1195  2.3770   49633.4   80988.9   -6515.7  0.0138  2.3958  167733.1  160421.7 -204355.9
      960.4     292.0   49390.0   81962.7   49318.7   80543.5   50087.0   80227.4   49973.3   81933.4
vertex track :         37   3 115    6143790 -1.8368  2.8362  165570.1  181587.7     218.1   211   105.1
  116 6      1 -1.8533  2.8228   48995.2   13472.2   -2869.2 -1.8873  2.8386  169379.6  175289.2 -200714.0
     2040.9     559.6   47407.4   14871.1   49258.4   12051.8   50791.2   12286.1   48342.9   15485.3
  117 6      2 -1.8323  2.8446   52647.8   17095.8   -3718.2 -1.8873  2.8386  170981.9  172879.3 -201563.0
     4918.0    1383.3   48821.6   20481.3   53763.2   12809.6   56682.1   13923.2   51147.5   21979.5
  118 4      3 -1.8691  2.8030   57344.1   86946.5   -6586.5 -1.8873  2.8386  176395.4  164737.2 -204431.4
     9690.4    2732.4   49694.6   93492.9   60054.4   77956.9   65201.7   80613.0   54241.3   96524.8
