groupid:  15422, ntrk:  7
vertex track :          0   3  47    5905053  0.1805 -0.2344  161784.2  187008.4     190.2    13  2209.6
   48 6      1  0.1793 -0.2354   41427.7   33655.4   -2870.5  0.1808 -0.2385  159855.8  189519.2  -73166.7
       30.4       3.3   41448.7   33633.3   41449.6   33632.1   41616.9   33887.3   41443.5   33629.3
   49 6      2  0.1801 -0.2348   40044.4   27849.6   -3714.8  0.1808 -0.2385  159703.1  189720.6  -74010.9
       36.4       6.5   40071.8   27824.6   40065.2   27833.2   40227.3   28084.3   40061.5   27816.7
   50 6      3  0.1783 -0.2354   38654.1   28891.2   -6585.3  0.1808 -0.2385  159184.1  190405.4  -76881.5
       58.3      12.6   38699.4   28852.4   38666.4   28895.9   38819.1   29139.9   38679.3   28837.2
vertex track :         12   3  47    5720217 -0.8087  0.9286  159166.0  190079.9     191.4   211   410.2
   48 6      1 -0.8548  0.9734   42695.8   31417.7   -2643.2 -0.8114  0.9150  160075.2  189250.7  -72927.7
      122.2      23.7   42597.3   31493.8   42579.1   31514.6   43003.4   31552.4   42633.0   31525.1
   49 6      2 -0.8000  0.9121   40223.5   24503.2   -3457.3 -0.8114  0.9150  160735.8  188505.9  -73741.8
      166.0      58.9   40069.8   24589.2   40120.7   24531.2   40586.4   24628.2   40158.3   24666.8
   50 6      3 -0.7414  0.8814   45971.6   21129.0   -6544.3 -0.8114  0.9150  163240.5  185681.5  -76828.7
      300.4     124.9   45682.7   21278.5   45913.7   21003.8   46469.8   21190.4   45873.8   21439.3
vertex track :         31   3  47    5906089 -1.0534  0.2312  158473.5  188262.9     193.1     0   833.9
   48 6      1 -1.0517  0.2373   41386.2   33676.8   -2871.5 -1.0559  0.2268  160327.2  189347.0  -73167.7
      106.4      12.4   41279.6   33688.1   41266.4   33691.1   41701.6   33875.7   41285.1   33712.3
   49 6      2 -1.0531  0.2336   41017.7   27481.1   -3724.1 -1.0559  0.2268  161227.6  189153.6  -74020.4
      130.2      27.7   40884.6   27482.3   40917.8   27475.0   41359.8   27690.1   40896.6   27536.3
   50 6      3 -1.0511  0.2387   43382.5   27071.3   -6584.3 -1.0559  0.2268  164247.8  188504.8  -76880.6
      209.3      54.1   43166.4   27064.9   43353.9   27022.3   43807.6   27288.0   43190.4   27170.5
vertex track :         57   3  47    6326258 -2.2550  0.8942  159726.6  187838.6     192.2   211   220.7
   48 6      1 -2.1734  0.9035   47230.7   29178.3   -2643.4 -2.2564  0.8859  164745.3  187106.0  -72939.6
      398.7     105.0   46822.3   29234.4   47102.1   29118.1   47846.9   29333.1   46902.8   29428.2
   49 6      2 -2.1238  0.7565   46059.3   22514.2   -3463.3 -2.2564  0.8859  166595.3  186379.7  -73759.5
      783.9     266.9   45231.3   22525.8   46262.2   22158.5   47095.2   22713.3   45410.4   23028.6
   50 6      3 -2.3080  0.7618   56127.6   18995.4   -6581.1 -2.2564  0.8859  173630.5  183617.6  -76877.3
     1615.2     569.7   54415.2   18960.7   56998.1   18108.1   58047.6   19240.9   54772.4   20042.7
vertex track :         84   3  48    6186692  0.1489 -4.4712  160943.6  194412.0     197.8     0  1686.3
   45 6     -2  0.1291 -4.4657   41184.0    6394.5    6586.9  0.1711 -4.4295  161125.4  166804.1  -66375.0
     1819.3     142.7   41379.2    4580.1   41301.1    7279.3   41198.9    8414.4   41094.0    4571.8
   46 6     -1  0.1088 -4.4713   39827.7   18000.3    3716.2  0.1711 -4.4295  160634.1  179519.7  -69245.7
     1012.5      69.3   39921.6   16989.9   39895.2   18075.2   39943.9   19216.4   39783.1   16986.5
   47 6      0  0.1312 -4.4736   40943.7   21367.6    2868.0  0.1711 -4.4295  160488.9  183277.0  -70093.9
      762.4      29.5   40995.6   20606.4   40978.4   21191.0   41102.0   22334.3   40936.6   20604.7
vertex track :        123   3  48    6743696 -4.5293 -0.2553  171916.2  188195.7     176.1     0  1129.2
   45 6     -2 -4.5470 -0.0965   22837.3   24945.1    6056.7 -4.5109 -0.2896  144505.5  187207.2  -66897.6
     1843.8     194.7   20998.0   24711.3   23729.9   24769.3   24882.0   25388.7   20989.7   25100.6
   46 6     -1 -4.7287 -0.2108   37353.9   26195.5    3463.4 -4.5109 -0.2896  156203.6  187958.2  -69490.9
     1027.7      95.9   36331.5   26053.9   37391.8   26101.2   38581.6   26546.8   36322.9   26245.5
   47 6      0 -4.6546 -0.0121   37480.2   28161.9    2639.7 -4.5109 -0.2896  159919.3  188196.7  -70314.6
      737.9      37.4   36742.4   28122.5   37240.7   28123.8   38423.3   28411.2   36742.2   28197.4
vertex track :        133   3  48    6745852 -0.3410  2.7732  160872.3  188985.6     192.0  2212   569.4
   45 6     -2 -0.3299  2.7721   38285.5   45227.2    6587.3 -0.3527  2.7554  157730.8  207341.1  -66366.2
     1456.5     423.2   37693.2   46623.5   37968.1   44313.1   39087.5   44043.8   38533.6   46723.5
   46 6     -1 -0.3177  2.7857   38224.2   37739.0    3716.6 -0.3527  2.7554  158743.2  199430.9  -69237.0
      741.6     203.6   37937.9   38452.8   38039.2   37564.1   38720.3   37238.0   38342.5   38498.9
   47 6      0 -0.3278  2.7706   39622.3   35097.0    2866.3 -0.3527  2.7554  159043.1  197088.3  -70087.2
      414.1      77.7   39496.5   35499.1   39525.0   35258.5   39957.8   34907.6   39650.8   35517.3
