groupid:  16271, ntrk:  2
vertex track :          0   3  53    4546432 -0.2442  0.1489  150820.3   92284.9     239.5    13  1396.4
   54 4      1 -0.2432  0.1505   29240.2   13268.3   -2866.8 -0.2472  0.1471  151308.5   92811.2  -84622.0
       29.9       4.4   29212.5   13280.3   29212.3   13280.4   29477.7   13466.4   29217.1   13287.7
   55 4      2 -0.2440  0.1493   30730.9   12577.0   -3716.4 -0.2472  0.1471  151518.5   92686.3  -85471.6
       36.5       9.7   30694.7   12587.8   30705.8   12581.0   30976.9   12776.4   30704.8   12604.4
   56 4      3 -0.2444  0.1504   31973.2   12927.2   -6589.1 -0.2472  0.1471  152228.6   92263.7  -88344.3
       59.0      18.9   31913.0   12942.0   31962.2   12911.7   32243.1   13122.5   31932.9   12974.2
vertex track :         63   3  53    5006106 -1.8366  0.8877  146996.4   94055.8     246.4     0  1877.1
   54 4      1 -1.8820  0.9842   33701.0   12393.2   -2935.8 -1.8496  0.8815  152592.7   92216.6  -84704.7
      245.7      14.0   33476.8   12494.8   33517.1   12473.7   34133.3   12502.7   33489.7   12519.5
   55 4      2 -1.8370  0.8535   35350.3   11608.8   -3765.5 -1.8496  0.8815  154127.3   91485.2  -85534.4
      298.7      26.6   35068.3   11710.6   35224.2   11638.1   35840.6   11717.9   35090.7   11758.8
   56 4      3 -1.7178  0.8419   38852.1    8643.9   -6306.3 -1.8496  0.8815  158826.9   89245.6  -88075.2
      463.8      47.9   38414.6    8805.0   38886.8    8573.6   39498.0    8693.7   38456.8    8891.1
