groupid:  16735, ntrk:  6
vertex track :          0   3  23     502691  0.2897 -0.0352   94942.4   62363.4     184.0    13   238.1
   24 1      1  0.2895 -0.0354   88824.2   64888.2   -2866.2  0.2917 -0.0368   92771.9   63808.6  -28620.2
       38.6      23.6   88865.4   64906.9   88849.5   64908.9   88993.3   65079.3   88859.6   64860.0
   25 1      2  0.2897 -0.0359   89286.5   63256.9   -3717.5  0.2917 -0.0368   92523.6   63839.9  -29471.5
       70.8      58.9   89364.0   63306.6   89284.4   63316.5   89419.3   63417.1   89349.5   63189.8
   26 1      3  0.2897 -0.0353   91558.8   64732.5   -6587.2  0.2917 -0.0368   91686.5   63945.6  -32341.2
      134.0     116.8   91706.0   64832.3   91500.7   64857.3   91622.0   64842.7   91677.8   64600.3
vertex track :          8   3  23      80636  1.7607  1.2509   96322.0   63615.0     187.0   211    62.0
   24 1      1  1.6849  1.2771   96499.4   57570.5   -3425.3  1.7618  1.2746   88674.7   60366.8  -29182.5
     2341.2     976.0   97775.6   59762.6   94397.8   57202.3   95434.8   55589.8   98954.7   58206.9
   25 1      2  1.6836  1.2972   94419.0   58119.5   -4261.5  1.7618  1.2746   87201.4   59300.9  -30018.8
     5353.0    2244.3   97289.5   63164.4   89162.5   56902.6   91760.2   53285.9  100029.1   59608.8
   26 1      3  1.7089  1.2805   86175.8   53281.6   -6472.9  1.7618  1.2746   83305.5   56482.4  -32230.1
     8978.1    3766.3   91102.3   61679.3   77091.2   51181.1   81460.9   45095.2   95619.2   55651.1
vertex track :         99   3  23    1222618  0.6016  3.1770   95218.9   69470.8     186.8   211   634.4
   24 1      1  0.6185  3.1612   88034.5   60993.5   -2866.9  0.5997  3.2014   92107.7   61126.4  -28607.5
      516.4      52.5   88082.1   61510.4   88013.7   61160.6   88197.5   60689.8   88185.3   61490.3
   25 1      2  0.6008  3.1795   88228.6   56712.9   -3718.7  0.5997  3.2014   91596.9   58399.3  -29459.3
      739.8     127.6   88240.5   57463.5   88092.0   56677.4   88427.3   56175.5   88491.4   57416.1
   26 1      3  0.5990  3.1750   89818.8   51091.5   -6585.8  0.5997  3.2014   89877.5   49220.6  -32326.4
     1318.8     252.5   89815.2   52434.3   89451.9   50509.1   90033.0   49961.9   90311.4   52340.7
vertex track :        138   3  24     794261  0.8288 -0.5696   87482.2   66292.4     168.2   211     nan
   21 1     -2  0.8238 -0.5718   96019.6   61201.1    6587.2  0.8310 -0.5753   96645.7   61535.6  -22590.7
        nan       nan      -nan       nan       nan       nan       nan       nan       nan       nan
   22 1     -1  0.8294 -0.5706   94729.2   62318.7    3719.4  0.8310 -0.5753   94262.7   63185.4  -25458.5
        nan       nan      -nan       nan       nan       nan       nan       nan       nan       nan
   23 1      0  0.8299 -0.5687   95442.0   61953.4    2864.7  0.8310 -0.5753   93552.5   63677.1  -26313.2
        nan       nan      -nan       nan       nan       nan       nan       nan       nan       nan
vertex track :        173   3  24     954733 -0.4282 -4.5870   90493.6   78371.4     164.7  2212   638.8
   21 1     -2 -0.4549 -4.4660   84992.5   49025.0    6873.8 -0.4230 -4.6556   91474.5   46277.9  -22308.3
     3980.2     744.2   85329.5   44989.8   86040.6   51971.4   84865.0   53265.6   83848.8   45140.6
   22 1     -1 -0.3645 -4.5790   85015.0   63001.6    4253.1 -0.4230 -4.6556   92583.1   58478.6  -24928.9
     2216.8     399.9   85237.7   60760.1   85512.9   64218.1   85001.9   65448.6   84440.5   60823.5
   23 1      0 -0.5474 -4.8061   84075.3   67757.8    3432.9 -0.4230 -4.6556   92930.1   62297.2  -25749.1
     1235.0     168.1   84102.6   66511.7   84267.2   67956.6   84257.5   69209.1   83768.5   66549.8
vertex track :        235   3  24    1495714 -0.3549 -4.0800   90496.5   78406.6     164.7  2212   944.9
   21 1     -2 -0.3805 -4.0684   90888.3   49183.9    6589.5 -0.3501 -4.1417   92066.0   50938.8  -22592.5
     1969.2     315.4   91018.9   47193.9   91305.8   50260.9   90967.3   51379.9   90390.9   47252.7
   22 1     -1 -0.3581 -4.0682   92717.3   59513.3    3717.8 -0.3501 -4.1417   93071.4   62832.7  -25464.3
     1049.1     152.5   92777.2   58454.8   92886.0   59690.6   92867.0   60777.6   92473.3   58481.6
   23 1      0 -0.3358 -4.0864   94405.6   62044.0    2868.1 -0.3501 -4.1417   93368.9   66351.9  -26314.0
      697.2      59.4   94407.7   61344.3   94451.4   61875.8   94613.2   62949.6   94289.3   61354.1
