groupid:  16711, ntrk:  5
vertex track :          0   3  31    1561686  0.1684  0.3723  179262.6   43843.0     210.0    13  1776.8
   32 2      1  0.1680  0.3727   57179.9   42274.9   -2869.3  0.1629  0.3714  177932.3   44183.4  -43722.7
       41.0       4.4   57192.7   42314.1   57194.3   42317.7   57377.3   42446.1   57200.8   42310.4
   33 2      2  0.1688  0.3722   56234.1   41670.2   -3717.3  0.1629  0.3714  177794.2   43868.4  -44570.7
       49.0       8.7   56246.4   41718.4   56241.4   41707.3   56431.9   41832.3   56262.2   41711.3
   34 2      3  0.1668  0.3733   54981.7   41080.6   -6585.5  0.1629  0.3714  177326.9   42803.1  -47438.9
       77.8      16.7   54998.2   41158.5   54969.7   41094.7   55175.3   41213.1   55028.7   41144.9
vertex track :          1   3  31    1104340  0.9510 -2.0481  179814.7   41897.0     209.1   211   130.4
   32 2      1  0.9011 -1.9863   58426.4   47520.3   -2483.9  0.9574 -2.0299  176419.9   48857.0  -43334.3
      531.4     190.0   58819.0   47114.9   58569.1   47665.7   58244.7   48133.8   58472.9   46957.9
   33 2      2  0.8597 -1.8831   59005.7   48707.6   -3317.4  0.9574 -2.0299  175621.8   50549.1  -44167.9
     1266.9     497.8   59984.7   47761.8   59113.0   49671.3   58237.6   49861.4   59079.0   47348.3
   34 2      3  0.9898 -2.1841   55872.4   54976.7   -6415.1  0.9574 -2.0299  172656.2   56837.0  -47265.6
     2714.4    1077.8   57974.4   52949.2   55941.5   57435.3   53981.3   57212.0   56011.1   52059.5
vertex track :         50   3  31    2010904 -3.9433  2.7096  170839.5   48569.8     228.5     0  3453.3
   32 2      1 -3.9461  2.7039   59052.9   41150.6   -2868.9 -4.0212  2.7286  182429.2   41567.0  -43769.1
      973.2      25.3   58235.8   41679.8   59012.7   41147.5   60076.0   40834.1   58264.4   41721.5
   33 2      2 -3.9400  2.7067   61582.4   38569.1   -3719.6 -4.0212  2.7286  185850.0   39245.8  -44619.8
     1231.2      47.3   60540.8   39227.2   61743.0   38401.3   62830.1   38123.7   60594.4   39305.3
   34 2      3 -3.9509  2.6889   73060.9   30770.1   -6583.3 -4.0212  2.7286  197365.4   31431.9  -47483.5
     2094.1      90.3   71278.9   31873.6   73911.6   30081.9   75048.9   29879.2   71380.5   32022.9
vertex track :         51   3  31    2198290 -0.7675 -3.7409  176680.4   33570.4     206.5   211   243.2
   32 2      1 -0.6316 -3.7180   60283.1   44150.2   -2496.7 -0.7486 -3.7350  177939.4   45182.9  -43352.8
      865.0     163.1   60299.1   43270.1   60456.2   44194.9   60476.5   45236.6   59977.4   43324.7
   33 2      2 -0.6408 -3.7292   62385.5   46627.7   -3332.4 -0.7486 -3.7350  178564.9   48304.0  -44188.5
     1834.0     426.1   62494.8   44748.0   62981.5   47580.0   62485.5   48713.7   61654.9   44892.3
   34 2      3 -0.5831 -3.6106   64353.6   57687.8   -6433.1 -0.7486 -3.7350  180886.1   59885.3  -47289.2
     3869.7     921.3   64646.1   53720.7   65757.6   60602.9   64270.4   61861.3   62827.1   54014.5
vertex track :         70   3  32    1572776 -3.2378  0.3730  180618.2   42587.6     214.3     0  3222.3
   29 2     -2 -3.2542  0.3255   41126.2   44605.0    6586.9 -3.2510  0.3543  160523.6   46666.7  -36777.7
      977.8      53.6   40147.9   44648.9   41410.3   44522.6   42311.2   44771.4   40158.6   44755.6
   30 2     -1 -3.2446  0.3536   50079.7   43866.1    3717.8 -3.2510  0.3543  169851.2   45650.2  -39646.8
      560.3      26.8   49519.8   43900.1   49952.4   43853.0   50846.3   44042.4   49525.6   43953.5
   31 2      0 -3.2368  0.3709   53893.7   43035.7    2869.1 -3.2510  0.3543  172610.4   45349.5  -40495.5
      440.6      14.5   53454.3   43071.5   53650.1   43049.0   54539.9   43210.2   53457.6   43100.2
