groupid:   1663, ntrk:  8
vertex track :          0   3  79    5505614 -0.3542 -0.2882   64806.8  194579.6     140.3    13  1425.2
   80 5      1 -0.3568 -0.2839   69101.8   35518.1   -2869.4 -0.3593 -0.2932   67652.1  195721.6 -132906.8
       45.0       5.2   69069.8   35486.1   69065.2   35482.4   69343.3   35759.9   69063.3   35494.2
   81 5      2 -0.3584 -0.2824   70258.9   35381.1   -3716.2 -0.3593 -0.2932   67956.3  195969.9 -133753.6
       54.0      10.6   70223.0   35339.4   70232.6   35346.9   70504.4   35632.6   70209.9   35356.0
   82 5      3 -0.3539 -0.2884   68841.2   35531.4   -6584.2 -0.3593 -0.2932   68986.7  196810.6 -136621.5
       86.3      20.7   68787.3   35460.8   68846.8   35509.3   69104.7   35811.7   68761.2   35492.9
vertex track :         36   3  79    5299520 -2.1707  1.4270   59218.9  199560.8     152.0  2212   770.0
   80 5      1 -2.5708  1.5584   65126.3   35328.3   -3335.3 -2.1939  1.4254   68583.1  194853.4 -133380.9
      413.8      60.4   64741.1   35491.2   64909.0   35389.4   65718.9   35377.0   64803.7   35594.4
   81 5      2 -2.0019  1.5361   64219.7   31400.6   -4162.9 -2.1939  1.4254   70398.8  193673.7 -134208.6
      595.4     138.4   63663.1   31653.2   64187.4   31250.9   64984.3   31359.5   63831.6   31872.9
   82 5      3 -2.0255  1.4134   72274.5   30511.4   -6918.7 -2.1939  1.4254   76444.6  189745.7 -136964.3
     1012.9     257.5   71296.5   30879.9   72532.4   30017.5   73460.4   30354.4   71591.2   31302.2
vertex track :         97   3  79    5717063 -3.2769  0.5538   62357.4  195431.9     144.6     0  1040.1
   80 5      1 -3.2694  0.5828   76419.2   33477.6   -2870.1 -3.3296  0.5567   74142.2  194015.1 -132916.3
      515.5      34.0   75905.7   33534.6   76234.2   33476.0   77139.4   33631.2   75917.7   33601.6
   81 5      2 -3.2672  0.6074   80048.2   32497.0   -3714.6 -3.3296  0.5567   76954.3  193544.9 -133760.8
      681.2      79.8   79363.9   32543.0   80017.2   32421.6   80939.3   32661.6   79393.1   32700.0
   82 5      3 -3.2759  0.5461   86580.5   30587.0   -6582.8 -3.3296  0.5567   86504.2  191948.2 -136629.0
     1182.1     158.2   85388.5   30625.3   87032.5   30351.2   87979.2   30759.2   85440.5   30937.5
vertex track :        105   3  79    5736660  3.3368  2.0761   76676.7  202105.5     132.1     0 10001.0
   80 5      1  3.6467  2.1173   66961.0   35930.3   -3342.5  3.2804  2.0028   67085.4  195310.9 -133299.6
      759.5      18.9   67608.4   36328.1   67060.5   36010.0   66527.3   35744.7   67627.4   36295.3
   81 5      2  3.2477  1.9361   61229.6   31647.9   -4158.0  3.2804  2.0028   64410.0  193677.6 -134115.2
      923.0      25.3   62009.4   32142.2   61105.9   31603.6   60663.0   31365.5   62035.3   32098.8
   82 5      3  3.4369  2.3359   53396.2   28561.9   -6900.3  3.2804  2.0028   55414.0  188185.4 -136857.5
     1482.2      42.7   54598.1   29430.4   52868.1   28254.6   52407.8   27905.7   54646.1   29359.7
vertex track :        124   3  80    5059903 -1.8011  0.1634   71791.2  194344.5     149.5     0  3432.0
   77 5     -2 -1.8017  0.1830   60714.4   35376.7    6585.8 -1.8194  0.1678   59793.0  195759.2 -126801.9
      376.6      27.5   60336.9   35387.4   60708.0   35349.7   61300.1   35576.1   60342.5   35442.1
   78 5     -1 -1.7997  0.1711   64296.7   35294.6    3722.2 -1.8194  0.1678   65003.1  195278.6 -129665.5
      227.4      14.3   64068.9   35301.9   64143.8   35294.8   64732.7   35497.4   64071.6   35330.3
   79 5      0 -1.8018  0.1667   64655.7   34138.9    2869.6 -1.8194  0.1678   66554.3  195135.5 -130518.1
      186.4       8.8   64469.2   34147.3   64462.2   34148.0   65050.4   34340.7   64470.9   34164.8
vertex track :        206   3  80    5715097 -2.9070  2.2849   71861.0  191686.6     145.5     0 10001.0
   77 5     -2 -2.9254  2.1623   52232.0   45490.5    7339.6 -2.9567  2.2964   50322.7  208548.4 -126043.6
     1358.1      41.2   51115.4   46264.6   52685.3   45104.2   53555.6   44928.5   51164.3   46330.8
   78 5     -1 -3.3265  2.4650   63378.6   37953.7    4175.0 -2.9567  2.2964   59679.7  201281.2 -129208.3
      782.3      22.4   62736.8   38401.5   63295.3   37987.6   64227.1   37718.4   62763.5   38437.4
   79 5      0 -2.8590  2.2317   65733.4   37694.7    3346.7 -2.9567  2.2964   62128.9  199379.0 -130036.6
      635.4      16.5   65222.4   38072.7   65623.7   37759.5   66451.5   37529.0   65242.7   38098.7
vertex track :        213   3  80    5718595  4.3643  0.9165   53370.3  192147.6     169.5     0 10001.0
   77 5     -2  4.3620  0.8785   87761.9   38558.5    6585.0  4.3817  0.9317   81102.5  198418.7 -126829.2
     1706.6      44.2   89426.1   38938.7   86996.2   38449.4   86312.0   38389.1   89443.6   38852.1
   78 5     -1  4.3727  0.8552   71669.6   36212.2    3717.7  4.3817  0.9317   68538.9  195747.2 -129696.5
      969.4      23.6   72616.5   36421.4   71632.0   36228.9   70937.2   36213.8   72625.5   36375.1
   79 5      0  4.3644  0.9098   66824.2   34451.2    2864.0  4.3817  0.9317   64798.3  194951.8 -130550.2
      755.7      16.4   67560.6   34621.5   66997.5   34504.1   66302.0   34491.9   67567.3   34589.4
vertex track :        215   3  80    5738889  2.6046 -2.6494   64766.1  198056.5     162.1  2212   695.9
   77 5     -2  2.5012 -2.6093   81300.5   19032.2    7360.5  2.6340 -2.6343   83368.5  179426.5 -126048.4
     2390.9     510.9   83323.7   17659.8   80540.0   20563.8   79489.7   20612.1   82586.2   16952.8
   78 5     -1  2.8823 -2.7188   76812.2   25869.0    4152.7  2.6340 -2.6343   74919.1  187876.8 -129256.2
     1225.1     246.1   77872.3   25207.4   76695.2   26317.7   75965.0   26737.8   77534.5   24849.3
   79 5      0  2.4681 -2.6116   74448.9   29839.7    3331.2  2.6340 -2.6343   72755.4  190040.7 -130077.6
      744.6     102.4   75034.8   29368.8   74530.2   29902.8   74075.5   30517.9   74886.0   29228.1
