groupid:    172, ntrk:  5
vertex track :          0   3  45     252320 -0.0722  0.1848   65638.9   53323.6     176.0    13  1230.4
   46 1      1 -0.0718  0.1846   64588.7   52504.9   -2868.2 -0.0705  0.1852   65823.0   52495.3  -69599.1
       21.7       4.3   64576.8   52523.6   64577.4   52521.9   64810.5   52696.4   64584.8   52526.7
   47 1      2 -0.0725  0.1843   67279.8   51308.3   -3719.5 -0.0705  0.1852   65883.0   52337.6  -70450.4
       27.5      10.2   67260.3   51330.2   67265.2   51317.6   67509.3   51496.6   67279.3   51337.6
   48 1      3 -0.0726  0.1843   66889.9   51931.9   -6584.4 -0.0705  0.1852   66084.8   51807.1  -73315.3
       45.8      20.2   66854.4   51967.1   66872.7   51920.7   67135.4   52106.9   66891.9   51981.9
vertex track :         40   3  45     907701  0.1110 -1.1804   66121.5   50295.0     173.2  2212   486.3
   46 1      1  0.0805 -1.1980   67071.0   53783.4   -3012.1  0.1192 -1.1720   65726.6   53778.0  -69737.6
      140.8      48.0   67128.4   53646.1   67126.4   53675.6   67223.7   54129.5   67032.5   53639.7
   47 1      2  0.1019 -1.1322   64159.9   56136.3   -3855.7  0.1192 -1.1720   65626.1   54766.8  -70581.3
      228.6     116.1   64296.0   55919.0   64276.4   56136.6   64233.8   56562.4   64064.7   55898.2
   48 1      3  0.1250 -1.1948   64539.3   58314.3   -6240.6  0.1192 -1.1720   65341.8   57561.8  -72966.1
      383.5     208.6   64786.6   57954.5   64733.1   58466.5   64502.1   58882.9   64371.7   57911.1
vertex track :        100   3  45    1424510 -3.6427  3.8891   58169.9   60835.4     191.7     0 10000.5
   46 1      1 -3.6357  3.8947   67869.7   48854.2   -2869.0 -3.6137  3.9332   69140.5   48503.1  -69603.5
     1167.2      22.0   67057.2   49692.4   67886.6   48803.9   68888.6   48229.9   67089.3   49722.4
   47 1      2 -3.6512  3.8773   73590.1   44559.4   -3719.1 -3.6137  3.9332   72212.5   45159.5  -70453.6
     1471.4      31.3   72558.5   45609.1   73809.2   44280.9   74828.0   43723.5   72604.1   45652.1
   48 1      3 -3.6496  3.8938   81685.9   36402.0   -6582.8 -3.6137  3.9332   82561.1   33896.0  -73317.3
     2509.8      56.5   79928.4   38194.6   82594.7   35349.9   83649.8   34823.3   80010.8   38271.9
vertex track :        128   3  46     663306  0.2785  3.9612   63627.6   45652.2     177.7     0  1888.7
   43 1     -2  0.3033  3.9574   65982.0   72384.4    6587.3  0.2496  3.9755   66507.3   71144.6  -63155.7
     1441.5     109.0   65983.5   73829.9   65826.9   71786.5   66190.9   71152.7   66200.9   73813.3
   44 1     -1  0.2717  3.9686   66432.3   59990.4    3717.9  0.2496  3.9755   65791.0   59737.5  -66025.1
      812.6      53.3   66434.6   60804.7   66380.7   60016.8   66640.3   59390.1   66541.0   60797.4
   45 1      0  0.2710  3.9554   65727.0   57827.2    2867.7  0.2496  3.9755   65578.8   56357.4  -66875.3
      622.2      23.7   65745.9   58449.5   65717.7   58038.7   65918.4   57418.8   65793.2   58446.2
vertex track :        140   3  46     679065  4.1437 -2.4451   64225.6   52740.3     183.8     0  2660.4
   43 1     -2  4.1682 -2.4280   91684.5   36731.0    7026.3  4.2500 -2.4602   94535.8   35898.5  -62735.3
     2150.9     113.3   93600.1   35746.3   90758.3   37401.7   89983.1   37923.3   93486.1   35550.4
   44 1     -1  4.2079 -2.4221   77770.4   44676.9    3862.0  4.2500 -2.4602   81087.6   43683.3  -65899.6
     1173.5      54.1   78814.4   44138.3   77664.0   44800.5   76940.6   45423.0   78760.5   44044.6
   45 1      0  4.0334 -2.5064   74818.8   45599.0    3025.0  4.2500 -2.4602   77530.2   45742.6  -66736.6
      910.8      26.1   75606.3   45140.4   74906.0   45575.6   74245.5   46265.0   75578.7   45096.1
