groupid:   1827, ntrk:  5
vertex track :          0   3  41     772854 -0.0005 -0.0995   57680.6   83611.4     214.2    13  3423.1
   42 1      1 -0.0012 -0.0992   60535.4   84715.2   -2867.5 -0.0027 -0.1006   59328.6   84657.3  -62379.9
       13.9       1.6   60536.8   84701.2   60536.9   84708.3   60743.9   84939.0   60533.6   84701.2
   43 1      2 -0.0018 -0.0994   58679.8   83766.1   -3715.3 -0.0027 -0.1006   59330.9   84742.6  -63227.7
       17.4       3.7   58683.1   83748.7   58683.4   83762.6   58886.4   83993.5   58675.8   83748.8
   44 1      3 -0.0008 -0.1001   59873.3   83592.2   -6588.1 -0.0027 -0.1006   59338.6   85031.6  -66100.5
       29.1       7.2   59880.2   83563.0   59880.5   83600.2   60076.3   83831.3   59865.8   83563.1
vertex track :         44   3  41    1412346 -3.0828  0.2332   52515.9   83924.5     221.8     0 10001.0
   42 1      1 -3.1665  0.3273   58989.9   81854.1   -2573.1 -3.1074  0.2231   62829.4   84014.5  -62102.0
      421.0      12.3   58569.8   81885.2   58742.5   81867.3   59616.8   82033.3   58572.3   81909.6
   43 1      2 -3.0390  0.3269   63925.9   82472.2   -3406.8 -3.1074  0.2231   65420.1   83828.5  -62935.7
      525.0      17.0   63402.1   82511.5   63807.8   82467.8   64656.6   82643.3   63405.7   82545.2
   44 1      3 -2.9474  0.1482   70872.7   82641.4   -6453.8 -3.1074  0.2231   74888.5   83148.9  -65982.7
      922.6      32.0   69949.7   82655.8   71173.6   82594.3   72002.9   82837.3   69952.9   82719.8
vertex track :         45   3  41    1413122 -4.1538  0.7398   47986.0   85869.4     231.8     0 10001.0
   42 1      1 -4.1397  0.7685   61547.7   84781.6   -2872.0 -4.1997  0.7084   62627.9   84339.7  -62418.5
      777.1      18.0   60780.3   84905.8   61439.2   84783.5   62520.9   84868.2   60786.9   84941.2
   43 1      2 -4.1385  0.7910   63112.7   83092.5   -3717.9 -4.1997  0.7084   66180.5   83740.5  -63264.4
      969.6      24.9   62155.6   83250.0   63191.3   83052.1   64275.6   83145.7   62165.0   83299.0
   44 1      3 -4.1392  0.7673   76996.6   80367.4   -6584.6 -4.1997  0.7084   78219.5   81709.8  -66131.1
     1635.8      44.4   75380.1   80621.8   77727.6   80186.7   78818.9   80323.7   75396.3   80709.2
vertex track :         47   3  41    1413541 -3.9740  0.2038   49506.5   84473.3     226.8     0  1310.3
   42 1      1 -4.0870  0.3230   58536.9   82509.1   -2573.3 -4.0135  0.1779   62365.4   84674.5  -62112.4
      652.0      32.5   57884.4   82528.1   58326.1   82493.2   59395.4   82700.5   57889.5   82592.9
   43 1      2 -3.9238  0.0636   64217.4   83148.5   -3407.0 -4.0135  0.1779   65711.4   84526.2  -62946.1
      864.2      77.0   63352.1   83085.5   64256.2   83070.8   65288.8   83421.5   63354.6   83239.4
   44 1      3 -3.8670  0.0550   73711.7   83457.7   -6467.3 -4.0135  0.1779   77993.7   83981.9  -66006.4
     1581.4     161.9   72128.1   83318.2   74478.5   83284.8   75501.4   83807.1   72132.8   83642.1
vertex track :         82   3  42     751488  1.4098 -0.6414   57007.5   86012.4     224.2     0  3309.6
   39 1     -2  1.4040 -0.6479   64641.0   81317.9    6584.3  1.4165 -0.6100   64783.7   81999.3  -55545.4
      296.8      24.0   64920.5   81215.3   64676.3   81328.0   64572.8   81629.9   64900.5   81171.8
   40 1     -1  1.4116 -0.6429   60819.6   83761.3    3718.4  1.4165 -0.6100   60724.0   83747.6  -58411.3
      180.4      12.3   60988.9   83697.7   60957.0   83712.3   60861.7   84034.2   60978.7   83675.3
   41 1      0  1.4179 -0.6320   57790.1   83519.3    2868.2  1.4165 -0.6100   59519.7   84266.2  -59261.5
      149.1       7.6   57929.4   83465.6   57954.8   83454.3   57862.2   83782.4   57923.2   83451.7
