groupid:   1961, ntrk:  5
vertex track :          0   3  89    6711744  0.0002 -0.4215  104820.7  169566.9      98.8    13   636.4
   90 5      1 -0.0010 -0.4209  104127.7    9617.1   -2867.4  0.0012 -0.4127  103759.5  170732.3 -151863.0
       42.0       8.9  104136.5    9575.0  104136.5    9570.7  104328.9    9868.7  104118.7    9575.1
   91 5      2 -0.0028 -0.4211  106456.4    9899.7   -3715.6  0.0012 -0.4127  103758.5  171082.4 -152711.2
       53.8      21.4  106477.5    9845.8  106477.6    9864.9  106645.4   10163.2  106434.6    9846.0
   92 5      3 -0.0031 -0.4212  104594.5   10800.7   -6587.3  0.0012 -0.4127  103755.0  172267.6 -155582.9
       89.7      42.8  104636.7   10710.6  104637.3   10801.6  104762.4   11100.3  104551.1   10711.2
vertex track :         38   3  89    6037774 -0.9386  0.2215  104767.9  169603.0      98.8   211   537.6
   90 5      1 -0.9801  0.2895  109025.8    8095.7   -3059.4 -0.9503  0.2092  106710.9  168882.3 -152055.2
       98.1      17.1  108926.9    8107.1  108909.2    8112.3  109333.8    8294.7  108936.6    8139.9
   91 5      2 -0.9788  0.1508  108553.0    6749.1   -3874.2 -0.9503  0.2092  107485.1  168711.9 -152869.9
      124.2      39.7  108424.3    6728.8  108464.1    6722.7  108890.8    6979.6  108436.4    6807.3
   92 5      3 -0.9736  0.2328  112637.1    6462.3   -6852.2 -0.9503  0.2092  110315.1  168088.9 -155847.9
      207.6      79.2  112416.7    6433.5  112616.1    6385.9  113066.4    6701.3  112453.6    6587.6
vertex track :         65   3  89    6555122  1.8511  4.2054  108766.3  179740.2     101.4   211   387.6
   90 5      1  1.8646  4.2053  102427.5    5700.0   -2869.2  1.8141  4.1801  102194.3  167085.5 -151890.4
     1085.4     139.6  102739.8    6748.8  102251.5    5647.4  102327.1    4865.3  102995.1    6635.7
   91 3      2  1.8887  4.1855  102573.1   84431.4   -3718.4  1.8141  4.1801  100653.7  163535.8 -152739.6
     1971.7     349.6  103065.4   86372.4  101840.1   83656.9  102292.6   82704.6  103702.7   86084.8
   92 3      3  1.8813  4.1947   95525.0   71548.4   -6585.5  1.8141  4.1801   95452.3  151550.9 -155606.7
     3781.5     699.6   96434.1   75285.1   93734.4   69265.3   94827.8   68026.0   97710.8   74712.5
vertex track :        121   3  90    5255282 -0.1893 -0.4683  103657.6  170624.8     116.1  2212   288.7
   87 5     -2 -0.1922 -0.4676  104003.2    5844.8    6589.0 -0.1890 -0.4562  102629.7  167730.2 -145501.8
      399.7     348.0  104173.1    5342.8  104436.7    5984.0  104043.1    6556.3  103529.4    5607.4
   88 5     -1 -0.1913 -0.4664  103605.4    8079.9    3718.7 -0.1890 -0.4562  103172.1  169039.7 -148372.1
      197.3     169.1  103687.0    7833.1  103796.6    8100.3  103733.6    8536.2  103374.0    7961.5
   89 5      0 -0.1911 -0.4667  104723.7    8270.2    2867.2 -0.1890 -0.4562  103333.0  169428.2 -149223.6
       86.3      65.0  104751.2    8165.7  104776.5    8227.5  104906.1    8584.3  104630.9    8215.0
vertex track :        123   3  90    5256461  1.3357 -0.9085   99512.5  172138.6     119.2  2212   274.5
   87 5     -2  1.4305 -0.9189  107916.8    5251.2    6600.3  1.3368 -0.8700  108340.3  166496.1 -145509.5
     1679.4     868.0  109798.9    5073.8  107273.4    6696.2  106246.1    5637.6  108860.6    3613.2
   88 5     -1  1.3240 -0.8792  104033.7    8252.6    3889.4  1.3368 -0.8700  104716.4  168854.6 -148220.4
      865.7     443.3  105000.1    8142.9  103835.8    8916.1  103278.6    8571.4  104509.7    7404.4
   89 5      0  1.3489 -0.9685  102648.5    8169.3    3064.7  1.3368 -0.8700  103613.8  169572.2 -149045.2
      376.3     177.2  103057.6    8093.8  102729.5    8329.4  102450.8    8453.9  102850.9    7805.9
