groupid:   1907, ntrk:  3
vertex track :          0   3 101    4268415  0.1106  0.4503  117991.7  136451.8     131.3    13   931.9
  102 3      1  0.1112  0.4506  119215.4   55888.1   -2867.7  0.1133  0.4601  119125.1  135066.3 -174753.3
       45.8       6.9  119219.7   55934.2  119221.1   55939.8  119421.2   56052.4  119233.0   55930.9
  103 3      2  0.1149  0.4495  120406.7   55563.4   -3718.6  0.1133  0.4601  119028.7  134674.8 -175604.2
       56.1      15.4  120405.6   55621.6  120402.0   55607.2  120617.9   55715.6  120435.6   55613.9
  104 3      3  0.1162  0.4494  119683.5   55238.6   -6586.2  0.1133  0.4601  118703.8  133355.6 -178471.8
       90.9      30.5  119676.7   55334.3  119655.6   55252.6  119900.4   55353.5  119735.8   55319.0
vertex track :         67   3 101    4219587  3.6912 -4.0373  127829.7  124886.0     120.0     0  2146.8
  102 3      1  4.0305 -4.2192  116081.5   56666.4   -3062.8  3.7833 -4.0940  117302.8  137957.7 -174991.3
     1283.0      40.1  116996.7   55766.4  116070.7   56735.7  115380.3   57772.1  116938.7   55711.0
  103 3      2  4.2008 -3.9274  112060.7   60934.7   -3885.4  3.7833 -4.0940  114190.8  141325.3 -175813.9
     1640.4      85.5  113317.4   59876.8  111803.0   61292.6  111018.3   62198.6  113200.6   59751.9
  104 3      3  3.3676 -3.7077  102800.8   71356.4   -6159.9  3.7833 -4.0940  105585.6  150637.2 -178088.4
     2567.2     149.1  104637.2   69556.3  101892.4   72578.4  101177.7   73362.8  104416.4   69355.7
vertex track :        190   3 102    4441624  4.2766  0.5634  114882.1  134951.2     132.6     0  2439.3
   99 4     -2  4.2722  0.5475   22857.2   58911.7    6586.3  4.3486  0.6122  142624.9  138855.8 -168367.4
     1661.5      98.2   24492.7   59220.3   22093.8   58912.9   21435.9   58813.6   24517.7   59025.5
  100 4     -1  4.2843  0.5860   13970.3   58328.6    3717.6  4.3486  0.6122  130149.9  137099.6 -171236.1
      941.4      48.6   14896.4   58504.3   13930.7   58372.2   13258.5   58363.4   14909.6   58407.9
  101 4      0  4.2683  0.6120    6845.9   55957.3    2867.9  4.3486  0.6122  126454.8  136579.4 -172085.8
      726.1      23.0    7561.3   56083.1    7020.2   56005.5    6344.6   56042.1    7567.8   56037.6
