groupid:   2448, ntrk:  3
vertex track :          0   3  57    2714275  0.0748 -0.1718   69599.1  129968.5     184.6    13 10000.6
   58 3      1  0.0750 -0.1715   69883.4   52807.7   -2866.7  0.0739 -0.1733   68171.4  131608.0  -91831.4
       20.4       1.6   69893.0   52789.7   69892.4   52791.0   70083.9   53035.6   69890.1   52788.4
   59 3      2  0.0763 -0.1713   70234.4   53259.8   -3716.2  0.0739 -0.1733   68108.7  131755.3  -92681.0
       24.5       2.3   70246.5   53238.3   70242.6   53247.1   70432.5   53491.1   70242.3   53236.5
   60 3      3  0.0746 -0.1725   68711.1   53327.2   -6588.4  0.0739 -0.1733   67896.4  132253.2  -95553.1
       39.4       4.1   68730.5   53292.6   68714.8   53328.7   68901.7   53571.5   68722.9   53289.4
vertex track :         46   3  57    3315076  2.8354 -1.0698   74346.2  128443.5     179.3   211    98.6
   58 3      1  2.7317 -0.9222   65657.9   52098.6   -3097.7  2.8386 -1.0515   63874.9  133032.6  -92047.3
     1907.8     580.0   67650.9   52037.9   64609.5   53064.6   63877.5   52368.4   67279.9   50938.9
   59 3      2  2.8156 -1.0347   62680.7   52907.2   -3928.0  2.8386 -1.0515   61518.1  133905.7  -92877.6
     4469.4    1389.3   67355.0   52669.6   59556.1   55535.7   58219.2   53353.8   66396.5   50061.4
   60 3      3  2.8359 -1.0243   55369.9   55905.4   -6867.5  2.8386 -1.0515   53174.1  136996.7  -95817.0
     8746.7    2725.2   64522.2   55497.1   48664.8   61224.8   46430.5   56522.7   62670.6   50370.8
vertex track :         93   3  57    3572732 -4.1524 -3.1587   64549.6  126444.6     189.8     0   841.5
   58 3      1 -4.1415 -3.1634   78074.9   58661.7   -2866.6 -4.2211 -3.2463   76259.5  137444.9  -91857.9
     1191.3      78.7   77175.9   57876.0   78199.7   58658.0   79179.8   59654.2   77080.4   58001.0
   59 3      2 -4.1263 -3.1864   82002.5   61768.9   -3718.4 -4.2211 -3.2463   79855.1  140210.2  -92709.7
     1732.1     190.8   80748.1   60559.2   82623.5   62007.4   83462.6   63185.4   80514.9   60861.3
   60 3      3 -4.1540 -3.1458   92956.1   70400.2   -6585.9 -4.2211 -3.2463   91958.8  149518.9  -95577.1
     3122.5     377.3   90694.6   68214.2   94800.8   71323.9   95423.5   72792.9   90239.1   68815.8
