groupid:   2677, ntrk:  2
vertex track :          0   3  25    6168811 -0.3228  0.4871  125904.3  199234.2     130.6    13   507.3
   26 6      1 -0.3215  0.4883   10095.7   38604.1   -2864.3 -0.3225  0.4717  129295.0  198727.9  -32251.0
       57.4      12.5   10053.7   38645.2   10049.4   38651.9   10347.4   38773.6   10074.6   38659.0
   27 6      2 -0.3231  0.4868    8858.1   37825.1   -3720.9 -0.3225  0.4717  129571.2  198323.9  -33107.6
       74.3      30.2    8791.9   37870.3    8806.2   37848.7    9134.1   37990.4    8842.2   37903.7
   28 6      3 -0.3164  0.4906   11387.8   35318.8   -6584.8 -0.3225  0.4717  130494.7  196973.0  -35971.5
      124.1      60.0   11270.1   35390.5   11338.2   35284.9   11715.3   35457.5   11371.0   35455.6
vertex track :         34   3  25    5732658  0.3926 -2.6858  126493.8  196625.4     130.6  2212   375.5
   26 5      1  0.6624 -3.0345  122702.3   42554.1   -2690.5  0.4166 -2.7486  127754.7  205298.3  -32102.3
      606.2     173.0  123000.5   41998.8  122881.1   42546.0  122614.7   43316.4  122662.6   41925.0
   27 5      2  0.1707 -2.4092  122941.3   45262.2   -3540.4  0.4166 -2.7486  127400.7  207634.2  -32952.1
     1353.2     444.2  123480.1   43943.8  123324.7   46137.5  122612.8   46788.3  122593.9   43881.0
   28 5      3  0.1071 -2.6489  121432.9   54110.3   -6702.0  0.4166 -2.7486  126083.5  216324.5  -36113.8
     2855.7     952.8  122500.3   51295.4  122292.1   56445.9  120575.7   57132.5  120596.2   51218.5
