groupid:   3320, ntrk:  4
vertex track :          0   3  67    1103403 -0.0210 -0.4279   70441.0   40995.7     191.8    13  1323.4
   68 1      1 -0.0218 -0.4280   71706.4   42945.8   -2867.8 -0.0179 -0.4228   70877.6   43282.4 -110584.8
       42.8       5.3   71709.5   42902.9   71709.3   42898.4   71913.2   43198.4   71698.9   42903.4
   69 1      2 -0.0237 -0.4279   71741.1   44356.7   -3718.1 -0.0179 -0.4228   70892.8   43641.9 -111435.1
       51.6      11.2   71749.4   44304.6   71750.1   44317.7   71942.8   44618.4   71727.1   44305.8
   70 1      3 -0.0220 -0.4279   71631.5   45165.9   -6586.5 -0.0179 -0.4228   70944.2   44854.8 -114303.5
       82.4      21.8   71649.0   45082.5   71652.9   45157.3   71824.0   45458.9   71605.5   45084.8
vertex track :         14   3  67     234126  0.4720  1.2332   71655.0   45738.4     194.6   211   151.7
   68 1      1  0.4847  1.2374   69175.9   41331.8   -2962.4  0.4763  1.2337   70529.6   42811.3 -110696.5
      214.6     100.4   69160.7   41568.2   69105.9   41428.5   69401.7   41306.6   69347.7   41494.9
   69 1      2  0.4977  1.2484   68926.9   38896.2   -3794.0  0.4763  1.2337   70133.5   41785.2 -111528.1
      435.9     244.8   68860.9   39391.8   68642.6   38844.2   69203.4   38611.9   69315.7   39210.4
   70 1      3  0.5004  1.2533   67540.8   36087.7   -6743.1  0.4763  1.2337   68728.8   38146.9 -114477.2
      846.5     487.5   67401.9   37054.6   66879.2   35745.5   67890.1   35332.1   68307.4   36693.1
vertex track :        148   3  68     882736  3.0523  3.5723   68362.1   38461.9     194.2     0  4117.0
   65 1     -2  3.1187  3.5359   87553.1   63589.3    6589.3  3.0392  3.5930   86979.2   61737.6 -104098.2
     1892.7      72.1   88751.0   65056.5   86902.0   62960.1   86568.3   62335.7   88859.1   64961.1
   66 1     -1  3.0574  3.5716   77893.0   53885.9    3718.2  3.0392  3.5930   78253.3   51421.9 -106969.3
     1066.3      36.2   78558.9   54719.5   77814.1   53849.4   77440.2   53265.9   78614.0   54672.4
   67 1      0  3.0448  3.5811   76252.5   48441.6    2868.6  3.0392  3.5930   75671.2   48369.4 -107818.9
      824.7      19.8   76771.7   49082.7   76342.7   48578.1   75946.5   48014.0   76801.8   49057.0
vertex track :        158   3  68     902317 -1.6364  3.7247   71769.2   42774.6     190.5   211   180.2
   65 1     -2 -1.6448  3.6753   64108.9   65601.1    6933.8 -1.6784  3.7376   59623.0   68279.8 -103757.2
     6597.0    1533.2   60014.6   70996.2   65058.9   59725.2   68411.5   60419.6   62813.5   72248.9
   66 1     -1 -1.5134  3.7019   67962.6   54830.4    3836.6 -1.6784  3.7376   64821.5   56703.5 -106854.4
     3130.8     720.0   66111.5   57455.9   68163.1   52437.3   70022.3   52418.5   67444.4   58000.8
   67 1      0 -1.5881  3.7840   68235.8   54334.0    2981.7 -1.6784  3.7376   66256.5   53508.1 -107709.4
     1338.4     277.8   67461.7   55460.6   68164.1   53787.0   69218.3   53421.2   67974.0   55675.6
