groupid:    337, ntrk:  8
vertex track :          0   3 101    5184088 -0.0683 -0.3037  183113.9  151219.4     203.9    13  1546.7
  102 4      1 -0.0663 -0.3038   64663.0   73729.0   -2867.4 -0.0734 -0.3096  185053.1  152437.0 -174763.8
       31.9       4.2   64660.3   73696.9   64660.0   73695.5   64875.7   73970.8   64652.2   73698.7
  103 4      2 -0.0719 -0.3030   66470.1   72320.7   -3718.4 -0.0734 -0.3096  185115.5  152700.5 -175614.8
       38.7       8.9   66469.9   72281.0   66472.6   72292.6   66680.3   72570.1   66452.5   72285.1
  104 4      3 -0.0706 -0.3031   65362.0   74225.3   -6586.0 -0.0734 -0.3096  185325.9  153588.2 -178482.4
       62.2      17.4   65364.8   74160.8   65378.2   74218.2   65569.1   74499.5   65330.9   74168.7
vertex track :          5   3 101    4713977  0.3081 -0.2907  184146.4  151242.6     203.8   211   347.8
  102 4      1  0.3025 -0.2570   61554.5   73408.0   -3089.3  0.3043 -0.2958  184861.9  152484.3 -174981.4
       48.6      19.0   61603.8   73391.0   61593.3   73400.0   61715.4   73634.7   61579.2   73362.0
  103 4      2  0.3207 -0.2876   60764.0   73611.2   -3917.3  0.3043 -0.2958  184609.9  152729.2 -175809.4
       71.1      45.1   60847.1   73597.3   60808.5   73631.9   60891.3   73834.8   60786.9   73530.1
  104 4      3  0.3005 -0.3061   60373.2   72662.9   -6122.8  0.3043 -0.2958  183938.7  153381.6 -178014.9
      111.9      77.8   60507.1   72637.5   60413.4   72732.9   60449.6   72897.9   60396.1   72528.5
vertex track :         22   3 101    5184081 -0.0951  1.4954  183117.0  151566.0     203.9   211     nan
  102 4      1 -0.1052  1.4959   64781.3   68482.2   -2869.9 -0.0950  1.5057  185123.7  147208.6 -174765.4
        nan       nan      -nan       nan       nan       nan       nan       nan       nan       nan
  103 4      2 -0.0774  1.4942   66462.9   65506.8   -3718.9 -0.0950  1.5057  185204.3  145930.3 -175614.4
        nan       nan      -nan       nan       nan       nan       nan       nan       nan       nan
  104 4      3 -0.0833  1.4922   65455.6   63522.5   -6586.6 -0.0950  1.5057  185476.7  141612.4 -178482.2
        nan       nan      -nan       nan       nan       nan       nan       nan       nan       nan
vertex track :         38   3 101    5248383 -0.2254  2.4368  182717.3  158460.6     208.3  2212   463.2
  102 4      1 -0.3867  2.4986   61727.9   72784.9   -3094.7 -0.2216  2.4424  185181.6  150739.7 -174981.1
      465.8     124.8   61533.3   73226.2   61594.6   72830.2   62132.1   72556.2   61780.0   73264.3
  103 4      2 -0.1282  2.1343   61480.1   70717.1   -3938.2 -0.2216  2.4424  185368.5  148679.4 -175824.7
      882.2     297.9   61129.9   71579.8   61208.7   70266.9   62040.3   70066.5   61724.6   71615.5
  104 4      3 -0.1156  2.2572   62516.3   62003.1   -6138.6 -0.2216  2.4424  185856.0  143305.0 -178025.1
     1473.7     511.8   61929.8   63448.6   62056.3   60979.2   63312.7   60769.8   62952.0   63501.0
vertex track :        112   3 102    5420821  0.7134  1.8193  182961.4  145930.4     198.0     0  4052.9
   99 4     -2  0.7130  1.8217   67719.5   78048.2    6585.5  0.7020  1.8217  187330.7  158129.0 -168425.9
      417.5      27.0   67846.5   78446.8   67691.9   78051.8   67803.2   77861.4   67896.8   78427.1
  100 4     -1  0.7040  1.8218   68040.3   74496.6    3718.5  0.7020  1.8217  185318.0  152906.3 -171292.8
      249.8      14.0   68117.3   74734.7   68085.1   74651.2   68174.1   74470.4   68143.5   74724.6
  101 4      0  0.6935  1.8291   63838.0   71479.9    2868.0  0.7020  1.8217  184720.9  151356.9 -172143.3
      203.9       8.9   63902.0   71673.7   63903.1   71676.5   63984.8   71497.9   63918.7   71667.4
vertex track :        142   3 102    5776341 -0.5814  3.9212  186208.1  144249.4     196.2   211   227.4
   99 6     -2 -0.2682  3.8684   63149.2    8757.0    6504.1 -0.5880  3.8991  182401.4  169408.2 -168503.3
     4298.5     998.6   61855.7   12976.1   62394.0    5212.0   64652.5    4751.7   63848.1   13114.3
  100 4     -1 -0.5791  4.1293   63525.3   79293.8    3893.1 -0.5880  3.8991  183936.6  159227.7 -171114.3
     2254.8     514.6   62702.5   81455.3   63207.3   77856.6   64557.4   77346.5   63721.7   81598.2
  101 4      0 -0.4373  4.0286   66164.4   75825.8    3077.3 -0.5880  3.8991  184416.3  156046.7 -171930.1
     1057.1     203.9   65847.6   76854.7   65983.9   75599.0   66690.8   75011.0   66253.0   76898.7
vertex track :        158   3 102    5801685  0.8885  3.9846  184131.3  147259.4     198.0   211   175.9
   99 6     -2  0.9143  3.9956   70607.7   11353.7    6588.5  0.8625  3.9536  189529.4  173109.0 -168414.0
     6453.7    1496.9   70588.1   17978.7   67900.9    6235.6   70838.3    4942.7   73506.5   17310.9
  100 4     -1  0.8682  3.9886   69823.5   84204.9    3717.4  0.8625  3.9536  187053.1  161757.7 -171285.1
     3131.8     719.3   69786.8   87418.0   68636.8   82135.3   70071.0   81205.7   71192.4   87112.0
  101 4      0  0.8381  3.9908   65438.3   79412.2    2866.8  0.8625  3.9536  186319.4  158394.9 -172135.7
     1310.8     272.2   65441.3   80751.0   65078.5   79023.4   65646.1   78287.4   65974.1   80639.1
vertex track :        163   3 102    5822601 -3.7003 -0.2969  191432.9  151968.5     191.8     0  1958.2
   99 4     -2 -3.5529 -0.5064   47451.7   70619.6    6491.1 -3.7728 -0.3393  167571.3  150514.5 -168463.6
     1248.1      94.3   46229.4   70350.2   47954.5   70596.0   48880.4   71098.5   46202.8   70536.8
  100 4     -1 -3.5220 -0.3296   57085.3   71313.5    3909.2 -3.7728 -0.3393  177312.3  151390.6 -171045.5
      752.1      49.7   56341.1   71193.9   57099.1   71264.8   58035.9   71642.7   56331.9   71292.9
  101 4      0 -4.1819 -0.9398   62606.1   71375.9    3074.6 -3.7728 -0.3393  180461.0  151673.7 -171880.1
      588.1      23.2   62037.3   71224.3   62306.8   71284.9   63380.6   71736.5   62027.2   71269.5
