groupid:   3464, ntrk:  3
vertex track :          0   3  23    2998716 -0.2120  0.0635   78056.3  157271.9     198.8    13  3855.4
   24 3      1 -0.2118  0.0645   74676.7   80434.6   -2867.8 -0.2104  0.0589   77122.4  158645.4  -28290.1
       23.6       2.2   74653.5   80439.3   74654.1   80439.2   74909.7   80639.8   74654.8   80443.5
   25 3      2 -0.2119  0.0639   75065.6   79574.1   -3717.8 -0.2104  0.0589   77301.3  158595.3  -29140.2
       28.3       3.9   75037.3   79578.5   75047.0   79575.6   75303.6   79779.8   75039.6   79586.0
   26 3      3 -0.2115  0.0641   78310.5   80494.5   -6583.6 -0.2104  0.0589   77904.2  158426.5  -32006.0
       45.4       7.5   78264.9   80500.5   78307.4   80487.7   78565.9   80698.6   78269.2   80514.9
vertex track :          9   3  23    2756205  0.0029  0.6550   78763.2  159300.2     198.6  2212   398.7
   24 3      1  0.0007  0.6646   84914.8   75800.6   -3464.2  0.0020  0.6466   77174.1  158500.6  -28879.7
       97.3      56.1   84858.9   75897.9   84858.8   75842.9   85180.8   75913.9   84971.0   75897.8
   25 3      2 -0.0109  0.6088   83727.0   77813.6   -4283.6  0.0020  0.6466   77172.4  157970.8  -29699.0
      172.8     127.3   83596.6   77984.1   83600.5   77766.4   84067.4   77853.8   83851.2   77988.6
   26 3      3  0.0210  0.6527   80470.3   74309.5   -6684.3  0.0020  0.6466   77167.6  156418.5  -32099.8
      287.9     220.1   80259.5   74604.4   80245.4   74165.9   80891.0   74225.3   80699.5   74590.2
vertex track :        237   3  24    4078699  3.9034 -0.5516   61974.8  160977.5     177.0     0   978.5
   21 3     -2  3.8889 -0.6199   92260.0   77191.4    6585.8  3.9902 -0.5383   90951.9  156592.4  -22220.3
     1582.9     202.2   93855.1   77141.9   91545.3   77510.1   90878.9   77450.3   93791.4   76742.5
   22 3     -1  3.8957 -0.5334   83065.9   78265.8    3719.0  3.9902 -0.5383   79512.8  158135.6  -25087.2
      869.6      97.9   83940.8   78244.8   83035.7   78368.8   82404.9   78496.2   83914.2   78050.8
   23 3      0  3.8992 -0.5421   80987.0   78242.7    2867.6  3.9902 -0.5383   76115.7  158593.8  -25938.6
      627.5      39.1   81613.9   78195.0   81189.6   78254.0   80573.9   78499.8   81603.1   78117.5
