groupid:   3770, ntrk:  3
vertex track :          0   3  59     494326  0.2963  0.4895  124524.9   75010.7     184.0    13  1401.7
   60 1      1  0.2960  0.4900  122572.1   73426.6   -2866.3  0.3018  0.5127  122426.1   74102.5  -95796.9
       55.5       6.0  122595.7   73477.2  122600.4   73485.0  122758.8   73586.4  122605.9   73471.0
   61 1      2  0.2966  0.4901  121947.7   72773.3   -3718.5  0.3018  0.5127  122168.9   73665.6  -96649.1
       66.4      11.9  121971.9   72836.2  121965.4   72825.5  122133.8   72920.8  121992.3   72823.9
   62 1      3  0.3010  0.4882  121895.7   70461.1   -6584.5  0.3018  0.5127  121303.9   72196.1  -99515.1
      105.0      23.1  121931.2   70562.6  121884.1   70486.3  122070.5   70570.1  121970.4   70538.4
vertex track :         53   3  59    1057176 -1.1025 -2.1432  124185.0   74371.3     183.0  2212   575.5
   60 2      1 -1.1058 -2.1648    7970.0   79922.7   -2813.7 -1.1257 -2.2317  126372.8   81686.8  -95742.8
      352.9      72.7    7874.2   79575.4    7963.0   79749.3    8274.7   80477.9    7744.7   79641.5
   61 2      2 -1.1358 -2.2998    9570.8   81888.8   -3632.8 -1.1257 -2.2317  127294.8   83514.7  -96561.8
      590.9     179.2    9469.8   81279.7    9754.6   81856.2    9880.7   82705.6    9148.5   81438.3
   62 4      3 -0.9635 -2.0459   12094.6   10429.3   -6782.9 -1.1257 -2.2317  130840.9   90545.0  -99712.0
     1162.2     376.3   11939.9    9217.6   12727.9   10890.8   12458.3   11849.0   11259.0    9538.3
vertex track :         66   3  59    1193378 -2.8434  3.1424  118977.6   80252.9     188.6   211   378.5
   60 2      1 -2.8456  3.1392    5375.2   70447.1   -2869.4 -2.8548  3.2607  126469.7   71078.7  -95816.8
      961.1     132.4    4631.7   71070.2    5325.0   70305.4    6325.9   70037.1    4827.8   71248.0
   61 2      2 -2.8559  3.1270    7552.4   67720.6   -3718.7 -2.8548  3.2607  128894.2   68309.4  -96666.0
     1718.7     327.2    6151.7   68769.0    7870.1   66887.5    9160.1   66885.3    6634.9   69210.3
   62 2      3 -2.8532  3.1464   16629.4   58533.7   -6584.2 -2.8548  3.2607  137074.6   58965.9  -99531.5
     3256.9     647.9   13961.6   60511.1   17738.1   56346.6   19504.3   56769.4   14921.5   61381.6
