groupid:    387, ntrk:  6
vertex track :          0   3  75    6516370 -0.2427  0.1304  195996.9  167127.6     133.0    13   776.0
   76 6      1 -0.2430  0.1297   75595.2    6196.7   -2868.2 -0.2496  0.1279  196324.1  167272.5 -125730.0
       28.8       6.8   75566.6    6204.3   75566.4    6204.4   75833.6    6399.2   75572.9    6216.2
   77 6      2 -0.2421  0.1311   77433.6    5239.1   -3715.7 -0.2496  0.1279  196535.6  167164.1 -126577.5
       37.4      16.4   77392.9    5242.5   77407.9    5234.4   77684.1    5445.8   77408.5    5271.3
   78 6      3 -0.2427  0.1309   75844.5    5448.8   -6587.2 -0.2496  0.1279  197252.3  166796.8 -129449.0
       63.1      32.7   75773.5    5450.0   75833.5    5417.6   76125.3    5657.7   75804.5    5507.5
vertex track :          2   3  75    4332332  1.7231 -2.2543  200500.0  161668.2     169.8  2212   443.1
   76 6      1  1.7344 -1.8700   76006.9    7295.6   -2567.4  1.7379 -2.2173  195400.7  168318.1 -125446.0
      528.5     128.9   76460.8    6995.8   76106.3    7378.1   75764.7    7803.6   76271.8    6820.4
   77 6      2  1.9870 -2.3171   73307.8    9643.4   -3382.9  1.7379 -2.2173  193983.3  170126.5 -126261.6
     1093.1     332.0   74271.4    9029.8   73265.6   10202.7   72556.3   10464.7   73767.3    8597.5
   78 6      3  1.7373 -2.3016   70906.0   14730.2   -6492.4  1.7379 -2.2173  188579.5  177021.2 -129371.0
     2296.9     717.2   72862.2   13329.0   70459.4   16512.1   69161.5   16339.1   71717.4   12464.8
vertex track :         98   3  76    5864728  2.2302  0.4570  191965.4  166906.4     134.7     0  6269.7
   73 6     -2  2.2366  0.4378   83753.3    7524.8    6580.6  2.2505  0.4718  207172.0  169888.4 -118860.3
      529.9      26.6   84268.2    7652.6   83697.8    7541.0   83450.5    7607.4   84278.4    7600.5
   74 6     -1  2.2355  0.4417   81746.0   11614.5    3724.9  2.2505  0.4718  200745.3  168541.1 -121715.9
      316.1      14.3   82053.3   11689.8   81902.6   11660.0   81650.9   11749.7   82058.8   11661.8
   75 6      0  2.2335  0.4476   78794.3    6481.2    2862.6  2.2505  0.4718  198804.8  168134.2 -122578.2
      255.8       9.8   79043.1    6541.0   79010.6    6534.5   78757.6    6631.8   79047.0    6521.8
vertex track :        103   3  76    5874605 -0.9555 -0.0749  197308.2  167888.8     130.2     0  7832.5
   73 6     -2 -1.0021 -0.0764   74917.5    5268.4    6133.2 -0.9550 -0.0842  192295.4  167361.3 -119313.8
      154.8      12.4   74764.1    5244.3   74862.3    5251.8   75279.9    5502.4   74762.3    5269.0
   74 6     -1 -0.8343 -0.0624   72270.7   12190.3    3396.2 -0.9550 -0.0842  194909.3  167591.8 -122050.8
       97.0       6.6   72174.5   12176.5   72192.8   12177.8   72576.1   12414.1   72173.5   12189.7
   75 6      0 -0.9542 -0.0766   74173.0    6291.6    2565.5 -0.9550 -0.0842  195702.6  167661.7 -122881.5
       81.8       4.8   74091.8    6280.3   74054.6    6277.4   74463.3    6512.8   74091.1    6289.8
vertex track :        117   3  76    6122340  2.6588 -4.1651  189365.8  176737.9     147.8   211   217.4
   73 4     -2  2.6278 -4.1889   83148.5   70347.3    6588.7  2.7452 -4.2231  207679.2  149461.8 -118830.9
     7825.4    1497.5   88575.6   64514.1   80810.4   76892.4   77934.0   76386.2   86038.4   62922.5
   74 4     -1  2.6447 -4.1762   80499.2   81686.4    3720.0  2.7452 -4.2231  199804.3  161576.4 -121699.6
     3837.2     725.0   83164.7   78832.5   79614.1   84439.2   78046.3   84746.2   81939.7   78056.7
   75 6      0  2.6367 -4.1815   77300.7    4337.7    2870.8  2.7452 -4.2231  197472.9  165163.0 -122548.9
     1667.8     277.2   78424.8    3074.8   77199.3    5018.2   76389.3    5806.5   77955.9    2779.1
vertex track :        132   3  76    6303701  1.9045 -1.2488  194812.6  167853.1     131.5   211   292.5
   73 4     -2  2.0684 -1.3282   90786.0   79343.8    6314.5  1.9399 -1.2499  207515.3  160085.9 -119127.6
      969.0     332.2   91780.9   79099.8   90584.5   79868.0   90003.2   79796.5   91421.9   78540.7
   74 4     -1  2.1639 -1.1772   80211.8   84094.0    3468.5  1.9399 -1.2499  201994.3  163643.1 -121973.6
      489.0     156.4   80716.1   83997.7   80311.4   84217.9   79919.7   84399.2   80566.7   83723.0
   75 4      0  1.9389 -1.2333   80225.3   84870.7    2621.9  1.9399 -1.2499  200352.1  164701.1 -122820.2
      278.9      57.7   80491.6   84769.7   80428.1   84810.1   80171.0   85180.5   80429.7   84672.4
