groupid:   3962, ntrk:  2
vertex track :          0   3  67    3315985 -0.0437 -0.0778  162756.2  117771.9     240.6    13 10000.6
   68 4      1 -0.0439 -0.0776   44133.5   39730.1   -2867.3 -0.0426 -0.0800  163468.0  119736.8 -110881.9
       13.3       0.9   44127.7   39718.0   44131.6   39725.0   44349.3   39952.0   44126.2   39718.9
   69 4      2 -0.0444 -0.0774   44388.9   40424.8   -3718.4 -0.0426 -0.0800  163504.2  119804.9 -111733.0
       16.5       1.5   44382.0   40409.8   44389.1   40422.1   44605.8   40649.8   44379.4   40411.3
   70 4      3 -0.0439 -0.0775   43841.3   39957.3   -6586.3 -0.0426 -0.0800  163626.3  120034.2 -114600.9
       27.4       2.9   43830.2   39932.0   43848.1   39963.4   44062.2   40192.5   43825.2   39934.8
vertex track :         93   3  68    3755124  2.7903  0.2879  162440.2  118225.2     199.0     0  2544.3
   65 4     -2  2.7928  0.2684   59004.8   40066.4    6585.5  2.7796  0.2965  179457.1  121392.3 -104248.9
      758.6      53.3   59754.8   40192.0   58831.1   40103.3   58467.6   40151.0   59765.0   40085.9
   66 4     -1  2.7970  0.2863   50614.0   41980.9    3716.9  2.7796  0.2965  171483.5  120541.8 -107117.5
      439.2      26.5   51048.3   42052.0   50761.7   42022.6   50392.6   42120.1   51053.7   41999.2
   67 4      0  2.7961  0.2859   48996.0   39236.3    2868.1  2.7796  0.2965  169124.2  120290.1 -107966.3
      348.0      13.6   49340.8   39285.2   49235.5   39274.5   48863.9   39397.6   49343.6   39258.1
