groupid:    398, ntrk:  5
vertex track :          0   3  47    5315003  0.2864  0.0163  172122.1  205302.2     180.5    13  1131.9
   48 6      1  0.2865  0.0149   51533.2   51222.8   -2869.6  0.2835  0.0126  169778.6  206964.6  -73042.5
       29.7       5.0   51562.6   51229.3   51563.4   51229.4   51714.0   51426.2   51563.2   51219.3
   49 6      2  0.2864  0.0159   50000.1   45251.0   -3721.8  0.2835  0.0126  169537.0  206953.9  -73894.6
       36.9      11.6   50036.3   45264.7   50022.8   45263.9   50174.2   45447.4   50037.6   45241.5
   50 6      3  0.2858  0.0145   48415.4   45453.0   -6584.7  0.2835  0.0126  168725.3  206918.0  -76757.5
       60.2      22.9   48474.4   45478.9   48414.2   45475.9   48566.8   45637.2   48476.7   45433.3
vertex track :         44   3  47    5986780 -0.4662 -3.6128  171937.3  204421.4     182.4  2212   582.1
   48 6      1 -0.5106 -3.2990   54552.6   58613.6   -2815.1 -0.4556 -3.6894  171829.8  217182.5  -72995.1
      750.9     125.5   54561.8   57852.3   54684.2   58643.6   54752.8   59581.5   54313.7   57890.7
   49 6      2 -0.3401 -3.7069   51626.5   55921.7   -3642.9 -0.4556 -3.6894  172207.0  220236.4  -73822.9
     1378.5     310.8   51810.0   54520.5   51990.5   56487.6   51652.6   57529.1   51191.1   54577.3
   50 6      3 -0.8014 -4.0718   57178.6   65139.2   -6317.9 -0.4556 -3.6894  173425.7  230105.7  -76497.9
     2562.7     600.8   57273.1   62508.7   58094.6   66682.6   57293.2   67975.6   56094.2   62740.8
vertex track :         62   3  47    6011060  2.6993  2.2098  176133.8  209302.6     175.2     0 10001.0
   48 6      1  2.7098  2.1957   48898.4   49199.4   -2867.7  2.6427  2.2045  166581.4  204318.0  -73006.9
      550.9      14.9   49317.1   49557.8   49030.1   49325.2   48692.4   49053.2   49335.9   49534.7
   49 6      2  2.7047  2.2063   45429.3   41445.2   -3717.2  2.6427  2.2045  164336.3  202445.2  -73856.5
      685.2      20.4   45947.4   41894.1   45453.4   41491.2   45123.9   41208.4   45973.2   41862.5
   50 6      3  2.7165  2.1716   36709.1   35321.8   -6587.3  2.6427  2.2045  156751.5  196117.9  -76726.6
     1153.2      36.4   37587.1   36070.3   36356.1   35086.2   36043.9   34785.4   37632.6   36013.3
vertex track :        106   3  48    6220002  2.0683  0.8604  166411.1  204138.0     200.2  2212   609.3
   45 6     -2  2.0765  0.8490   58957.7   48502.8    6585.8  2.0595  0.8744  178598.8  210351.3  -66388.3
      853.8     279.8   59642.2   49084.9   58497.6   48617.0   58485.4   48131.5   59854.0   48566.9
   46 6     -1  2.0785  0.8479   52553.2   46056.0    3718.9  2.0595  0.8744  172694.6  207844.4  -69255.1
      447.2     134.7   52916.4   46349.6   52524.7   46189.8   52402.0   45973.2   53018.2   46100.2
   47 6      0  2.0732  0.8534   51865.0   45114.9    2868.9  2.0595  0.8744  170944.0  207101.1  -70105.2
      275.5      51.5   52100.2   45267.5   52025.9   45236.9   51841.9   45173.2   52139.4   45172.1
vertex track :        114   3  48    6238781  1.8740 -2.5801  167793.0  210983.1     204.7   211     nan
   45 6     -2  1.8490 -2.2772   61055.0   32496.7    6216.9  1.8888 -2.5750  178138.6  196137.8  -66761.9
        nan       nan      -nan       nan       nan       nan       nan       nan       nan       nan
   46 6     -1  2.0584 -3.1077   57228.2   40501.9    3605.8  1.8888 -2.5750  173206.7  202861.6  -69373.0
        nan       nan      -nan       nan       nan       nan       nan       nan       nan       nan
   47 6      0  1.5574 -2.7676   51740.8   44207.4    2767.8  1.8888 -2.5750  171624.0  205019.3  -70211.0
        nan       nan      -nan       nan       nan       nan       nan       nan       nan       nan
