groupid:   4287, ntrk:  4
vertex track :          0   3  21    4755287  0.0119 -0.9102  199567.2  149876.2     205.0    13  1030.2
   22 4      1  0.0193 -0.9104   80542.5   73218.8   -2870.1  0.0100 -0.9220  199910.2  153877.3  -24893.4
       89.1       9.4   80553.8   73129.9   80554.1   73116.9   80741.2   73516.8   80535.0   73129.5
   23 4      2  0.0119 -0.9108   81421.4   73061.5   -3718.5  0.0100 -0.9220  199901.7  154659.6  -25741.9
      107.3      20.0   81442.9   72954.4   81442.6   72977.8   81610.0   73377.6   81402.8   72953.9
   24 4      3  0.0125 -0.9084   76449.6   78015.9   -6588.3  0.0100 -0.9220  199873.0  157305.5  -28611.6
      170.8      39.1   76491.0   77845.7   76488.9   77996.4   76618.2   78395.2   76412.9   77844.6
vertex track :         85   3  22    5342820  1.5180 -0.1689  195898.8  150424.7     201.7     0  2745.1
   19 4     -2  1.5178 -0.1628   85210.6   70371.9    6585.4  1.5144 -0.1673  205596.3  150342.7  -18069.7
      292.7      26.4   85504.4   70366.9   85241.2   70395.2   85128.3   70586.8   85498.8   70314.5
   20 4     -1  1.5146 -0.1767   83625.4   73709.8    3715.1  1.5144 -0.1673  201249.6  150823.0  -20940.0
      178.0      13.4   83803.8   73702.5   83768.2   73706.7   83658.6   73927.0   83800.7   73675.9
   21 4      0  1.5165 -0.1752   78827.5   70619.5    2866.3  1.5144 -0.1673  199964.2  150965.0  -21788.8
      147.2       7.9   78974.6   70610.5   79000.6   70607.5   78891.9   70838.4   78972.8   70594.8
vertex track :        108   3  22    5844435  1.4945  3.3141  197042.0  144294.3     197.1   211   231.4
   19 6     -2  1.5525  3.3541   87698.4    5616.4    6847.1  1.4645  3.2770  206819.0  167039.8  -17828.5
     3661.4     916.3   88404.8    9323.9   85654.9    3382.9   87203.4    2122.2   90067.9    8554.2
   20 4     -1  0.8203  3.2817   79613.8   78118.8    3453.3  1.4645  3.2770  201848.8  155918.0  -21222.3
     1582.4     385.7   79623.3   79747.5   79028.1   77366.4   79815.1   76703.4   80371.8   79560.4
   21 4      0  1.7102  3.3662   81790.2   73644.3    2632.5  1.4645  3.2770  200646.8  153228.2  -22043.1
      722.9     141.4   81991.6   74352.8   81695.9   73770.7   81800.6   73149.1   82243.7   74224.7
vertex track :        141   3  22    7825817 -3.5193 -4.1725  207976.0  160731.1     139.2   211   243.8
   19 4     -2 -3.5220 -4.1672   62722.9   53119.6    6587.0 -3.6254 -4.3287  184632.8  133911.2  -17930.3
     8682.6    1499.3   58263.3   45520.4   68733.0   57908.0   67389.0   60924.5   55973.1   47456.0
   20 4     -1 -3.5612 -4.1422   78344.0   70300.8    3717.8 -3.6254 -4.3287  195034.7  146331.2  -20799.5
     4268.9     726.4   76111.7   66590.2   80930.0   72194.4   80782.6   74217.3   75010.1   67537.3
   21 4      0 -3.5327 -4.1486   77711.1   70451.9    2864.5 -3.6254 -4.3287  198128.3  150024.8  -21652.8
     1887.4     277.6   76698.8   68835.0   78404.1   70837.7   78929.8   72274.7   76276.1   69194.9
