groupid:   4338, ntrk:  5
vertex track :          0   3 119    5776827  0.3398 -0.2693  142559.5  206297.6     461.8    13   884.6
  120 6      1  0.3412 -0.2670   19394.1   48129.0   -2866.9  0.3442 -0.2671  137977.5  207808.1 -208285.5
       46.1       7.9   19435.2   48106.8   19434.3   48107.5   19563.3   48360.9   19425.5   48094.4
  121 6      2  0.3376 -0.2714   22112.4   49042.0   -3717.1  0.3442 -0.2671  137684.8  208035.2 -209135.7
       56.6      17.4   22167.4   49020.1   22150.1   49034.0   22267.8   49273.6   22145.6   48993.0
  122 6      3  0.3386 -0.2713   17827.8   51059.3   -6588.9  0.3442 -0.2671  136696.3  208802.4 -212007.6
       90.3      33.2   17919.0   51028.7   17849.2   51084.7   17946.9   51299.5   17877.4   50976.9
vertex track :         45   3 119    6223196 -0.2281  2.3303  142043.5  208727.4     464.8   211   451.4
  120 6      1 -0.2756  2.2264   23631.8   44430.0   -2935.0 -0.2493  2.3164  139430.4  201464.2 -208353.8
      344.5      55.6   23534.3   44765.1   23561.1   44548.9   23939.1   44307.2   23644.7   44778.7
  121 6      2 -0.3539  2.3818   23386.1   39995.8   -3774.3 -0.2493  2.3164  139639.6  199520.0 -209193.2
      501.2     129.6   23184.3   40472.5   23257.3   39981.2   23797.6   39731.5   23440.6   40510.6
  122 6      3 -0.3748  2.5103   27574.5   32524.4   -6471.5 -0.2493  2.3164  140312.0  193272.3 -211890.4
      850.4     240.5   27211.0   33329.9   27383.5   32175.0   28147.6   31931.4   27686.8   33400.9
vertex track :        117   3 120    5993887 -0.1716  2.3285  140812.3  201466.0     265.8   211   570.3
  117 6     -2 -0.1518  2.3419   21230.3   61307.9    6586.3 -0.1818  2.2943  138153.3  217005.9 -201582.5
      686.6     167.9   21018.4   61982.1   21075.4   61103.7   21652.1   60846.0   21353.4   62003.9
  118 6     -1 -0.1630  2.3271   20547.2   51154.7    3720.0 -0.1818  2.2943  138674.2  210429.6 -204448.8
      376.5      80.2   20440.9   51524.6   20459.3   51262.2   20863.4   50997.0   20600.9   51535.8
  119 6      0 -0.1581  2.3301   22005.7   50749.3    2870.3 -0.1818  2.2943  138828.7  208480.2 -205298.5
      267.7      31.0   21956.7   51014.3   21959.8   50969.5   22264.6   50696.7   22018.5   51018.5
vertex track :        147   3 120    6204709 -3.5517 -3.6194  146630.2  212321.0     260.5     0  4441.8
  117 5     -2 -3.5443 -2.9849  122622.7   31311.3    6742.8 -3.6172 -3.7476  121656.7  189124.2 -201370.0
     2209.3      76.6  120982.2   29829.5  123617.6   32048.9  124469.6   33000.0  120883.5   29946.8
  118 6     -1 -4.0067 -3.1403   14817.5   40199.9    3749.4 -3.6172 -3.7476  132484.5  200342.3 -204363.4
     1213.2      37.6   13885.8   39421.9   14954.1   40259.2   15955.1   41184.7   13839.4   39481.1
  119 6      0 -3.4769 -2.9674   14973.3   43151.7    2928.7 -3.6172 -3.7476  135453.2  203418.0 -205184.1
      942.8      20.9   14269.7   42523.7   14973.8   43124.7   15883.4   43986.6   14242.6   42555.5
vertex track :        152   3 120    6205632 -3.3277 -3.7012  145545.1  212557.3     262.5   211   261.8
  117 6     -2 -3.3751 -3.6540    4335.2   32320.2    6584.5 -3.3893 -3.8319  122586.3  189426.5 -201529.6
     6278.2    1169.0     934.1   26915.2    8745.1   35371.5    7943.0   37931.6    -783.4   28501.6
  118 6     -1 -3.3451 -3.7031   13393.4   39762.6    3717.8 -3.3893 -3.8319  132302.4  200411.5 -204396.3
     3053.0     557.3   11760.4   37123.5   15151.0   40876.8   15233.0   42608.0   10933.3   37870.6
  119 6      0 -3.3462 -3.6854   17462.7   44276.0    2868.9 -3.3893 -3.8319  135179.4  203664.2 -205245.1
     1382.9     209.0   16687.8   43111.7   17844.3   44385.4   18444.2   45646.6   16378.4   43392.7
