groupid:   4483, ntrk:  7
vertex track :          0   3  83      25533  0.2158  0.1621   77763.1   44828.6     176.3    13  2458.2
   84 1      1  0.2162  0.1620   76217.9   45249.5   -2867.1  0.2143  0.1619   76088.7   43941.1 -140547.0
       27.9       3.0   76238.5   45268.6   76239.2   45269.1   76407.5   45440.5   76242.0   45263.8
   85 1      2  0.2165  0.1614   76435.8   44208.3   -3719.4  0.2143  0.1619   75906.0   43803.1 -141399.2
       33.6       5.8   76459.3   44233.0   76450.8   44226.7   76622.5   44393.7   76466.2   44223.7
   86 1      3  0.2152  0.1637   75752.6   44941.5   -6588.4  0.2143  0.1619   75291.2   43338.8 -144268.3
       53.9      11.2   75788.7   44983.0   75748.1   44952.1   75926.7   45110.1   75802.2   44965.1
vertex track :         22   3  83     686355 -0.8328  1.7543   77128.4   45788.3     177.4   211   361.4
   84 1      1 -0.7821  1.7237   80477.5   39680.7   -3140.0 -0.8558  1.7439   78932.3   39601.5 -140821.5
      262.9      54.1   80319.5   39897.7   80372.6   39780.8   80844.6   39675.3   80418.2   39942.5
   85 1      2 -0.8268  1.7464   80875.8   38993.2   -3970.5 -0.8558  1.7439   79643.0   38153.2 -141652.0
      395.5     127.7   80591.2   39296.0   80756.0   38947.8   81369.7   38902.1   80822.1   39405.3
   86 1      3 -0.8790  1.8403   82868.0   33297.6   -6886.6 -0.8558  1.7439   82138.5   33067.7 -144568.1
      704.5     248.3   82340.3   33826.3   82762.9   32941.4   83604.8   32980.8   82788.5   34040.3
vertex track :         57   3  83    1338529 -0.2187 -0.8067   77502.4   44245.5     175.2     0  1471.0
   84 1      1 -0.2202 -0.8078   77333.9   47732.9   -2868.8 -0.2156 -0.8056   77139.3   46304.0 -140548.3
       80.7       7.3   77319.7   47653.1   77315.9   47639.2   77557.9   48021.8   77305.7   47656.9
   85 1      2 -0.2213 -0.8063   77921.7   47496.1   -3718.4 -0.2156 -0.8056   77322.4   46988.5 -141397.9
       96.1      14.0   77909.8   47399.7   77914.2   47415.8   78143.4   47801.7   77882.8   47407.1
   86 1      3 -0.2160 -0.8083   78479.9   51132.0   -6588.7 -0.2156 -0.8056   77941.3   49300.8 -144268.2
      151.8      27.1   78466.9   50978.4   78499.9   51101.9   78702.7   51494.8   78414.5   50992.4
vertex track :         93   3  83    1763779  0.2082 -3.1765   77531.1   37433.1     177.4   211   127.6
   84 1      1  0.1740 -3.1413   77818.9   45546.2   -3160.4  0.2296 -3.1683   75792.5   47647.7 -140847.6
     1476.1     415.2   78315.0   44095.4   78188.3   46383.3   77532.9   47203.9   77486.0   44049.4
   85 1      2  0.3137 -3.0784   77382.3   49002.7   -4002.5  0.2296 -3.1683   75599.2   50315.6 -141689.7
     3361.6     990.1   78708.0   45758.8   78092.3   51800.9   76266.8   52453.6   76738.1   45558.1
   86 1      3  0.1255 -3.0829   76428.4   57484.8   -7015.4  0.2296 -3.1683   74907.5   59861.2 -144702.6
     6590.0    1950.4   78645.3   50979.6   78135.5   63501.2   74421.6   64196.8   74747.7   50820.9
vertex track :        167   3  84    1144604 -3.1212 -2.4457   79223.4   47551.6     174.1   211    88.8
   81 1     -2 -3.1271 -2.4414   60057.1   31760.8    6587.3 -3.1096 -2.4512   59123.8   30515.2 -134266.7
    17588.1    4287.9   48832.5   17557.5   75902.4   38691.8   71488.5   46171.6   43555.0   24317.0
   82 1     -1 -3.0903 -2.4986   66665.5   36317.1    3718.0 -3.1096 -2.4512   68046.5   37548.4 -137136.0
     8493.8    2068.2   61360.8   29368.5   73921.9   39524.4   72177.1   43473.2   58760.1   32585.1
   83 1      0 -3.1179 -2.4491   70307.0   38942.8    2867.1 -3.1096 -2.4512   70692.5   39634.1 -137986.9
     3273.4     786.3   68218.5   36302.5   72712.1   39832.2   72602.4   41790.7   67247.2   37539.1
vertex track :        171   3  84    1145329  3.8565 -1.5096   72540.4   47128.5     184.1     0  2119.6
   81 1     -2  3.9223 -1.4990   97185.3   37086.8    6284.9  3.8827 -1.4733   96026.4   36785.2 -134581.2
     1470.9      98.5   98594.5   36653.7   96670.1   37389.2   95990.0   37728.4   98524.1   36469.7
   82 1     -1  3.7452 -1.4313   86618.8   43945.6    3959.5  3.8827 -1.4733   86997.7   40211.1 -136906.5
      924.0      54.8   87501.6   43667.0   86561.7   44026.2   85949.8   44432.8   87462.4   43564.5
   83 1      0  3.8823 -1.5312   82653.2   43819.8    3143.5  3.8827 -1.4733   83829.3   41413.4 -137722.5
      726.1      26.0   83338.2   43577.6   82802.5   43788.9   82182.0   44270.5   83319.1   43529.2
vertex track :        184   3  84    1321717 -2.7237  2.7934   84978.4   36533.1     167.0   211   209.0
   81 1     -2 -2.7253  2.8104   68476.0   54143.5    6585.6 -2.7908  2.7925   67021.6   53239.2 -134223.5
     4672.8    1112.3   64424.5   56723.8   70358.2   50604.9   72734.8   51776.1   66021.5   58272.4
   82 1     -1 -2.7563  2.7649   73799.5   46139.7    3717.9 -2.7908  2.7925   75024.6   45231.1 -137091.2
     2292.9     537.0   71800.3   47384.4   74459.1   44717.3   76005.8   45107.8   72561.0   48142.7
   83 1      0 -2.7204  2.8052   77259.4   44411.0    2868.0 -2.7908  2.7925   77396.5   42857.7 -137941.1
     1018.0     204.5   76404.0   44999.4   77250.0   44127.0   78322.2   44035.4   76697.5   45284.1
