groupid:   4659, ntrk:  2
vertex track :          0   3 109    4625022 -0.1475 -0.0268   50552.3  190708.8     322.9    13   813.7
  110 5      1 -0.1477 -0.0262   51110.5   31761.8   -2867.9 -0.1465 -0.0288   46183.9  190416.1 -189734.1
       18.8       6.5   51093.2   31752.1   51099.1   31753.2   51337.7   31981.4   51090.9   31764.9
  111 5      2 -0.1476 -0.0270   47441.5   32365.6   -3718.0 -0.1465 -0.0288   46308.4  190440.6 -190584.1
       26.4      15.7   47418.3   32345.4   47439.3   32349.3   47674.5   32595.8   47412.6   32376.3
  112 5      3 -0.1478 -0.0257   52223.8   33714.1   -6585.0 -0.1465 -0.0288   46728.5  190523.3 -193451.2
       46.0      30.7   52183.8   33676.0   52243.3   33686.4   52473.6   33962.2   52173.2   33736.5
vertex track :        108   3 110    4838613  2.5800 -2.7768   45999.2  195165.0     327.4   211   133.7
  107 5     -2  2.5920 -2.7712   64871.8   18272.6    6581.5  2.6606 -2.7534   58837.2  177059.9 -183289.1
     7830.1    1972.6   71661.2   13901.6   61508.1   24756.7   58295.0   22850.9   68779.8   11206.6
  108 5     -1  2.6119 -2.7497   53800.4   21512.6    3717.4  2.6606 -2.7534   51217.1  184946.0 -186153.2
     3719.8     932.3   57038.1   19457.7   52463.0   24274.3   50775.2   23774.9   55686.2   18173.6
  109 5      0  2.5692 -2.7838   56176.5   27424.9    2868.2  2.6606 -2.7534   48957.7  187284.4 -187002.4
     1456.3     344.8   57417.5   26588.7   55981.7   28144.4   55147.9   28468.4   56910.7   26120.9
