groupid:   5211, ntrk:  7
vertex track :          0   3  95    2694367  0.0871 -0.2971  105705.1  134556.9     140.6    13  1058.3
   96 3      1  0.0853 -0.2981  104960.5   57236.5   -2871.4  0.0897 -0.2943  104273.3  135700.6 -162985.7
       31.6       5.4  104974.3   57207.6  104974.9   57205.7  105156.8   57475.0  104964.1   57204.6
   97 3      2  0.0846 -0.2986  105967.5   56954.3   -3723.3  0.0897 -0.2943  104196.9  135951.3 -163837.6
       39.2      12.4  105990.1   56920.0  105986.5   56932.7  106154.9   57198.3  105966.2   56913.2
   98 3      3  0.0874 -0.2979  103494.7   59121.0   -6586.9  0.0897 -0.2943  103940.1  136794.1 -166701.2
       64.0      24.5  103536.3   59066.4  103518.6   59126.8  103663.2   59385.2  103489.2   59052.6
vertex track :         25   3  95    2693174  0.8761  0.3939  108079.8  136765.0     142.7  2212   203.1
   96 3      1  0.9327  0.3603  106581.9   55176.6   -3367.4  0.8840  0.4182  103824.0  135653.8 -163487.0
      364.5     252.5  106830.9   55543.5  106346.7   55356.4  106543.8   55020.1  107012.9   55072.4
   97 3      2  0.9028  0.3694  104342.1   55614.9   -4189.8  0.8840  0.4182  103096.9  135309.9 -164309.5
      819.4     584.7  104879.0   56466.3  103551.9   55923.3  104016.1   54973.7  105321.9   55384.0
   98 3      3  0.9414  0.4544  105097.7   57017.6   -7428.1  0.8840  0.4182  100234.2  133955.7 -167547.8
     1639.0    1174.1  106063.3   58787.5  103309.0   57458.0  104343.0   55458.2  107084.2   56672.8
vertex track :         41   3  95    2873377  1.2789 -2.9385  109350.3  127196.1     138.1   211   405.3
   96 3      1  1.2605 -2.9493  104622.9   58733.1   -2868.3  1.2976 -2.9105  104351.3  136243.3 -162969.8
      543.8      80.7  104910.8   58264.7  104748.0   58645.5  104546.2   59408.5  104762.4   58201.3
   97 3      2  1.2530 -2.9515  104676.7   60615.2   -3718.3  1.2976 -2.9105  103248.2  138717.3 -163819.8
      891.2     200.3  105209.3   59873.1  104775.9   60894.0  104355.3   61564.3  104840.5   59716.6
   98 3      3  1.2780 -2.9404   98418.9   71078.5   -6587.2  1.2976 -2.9105   99525.4  147067.2 -166688.7
     1661.5     399.1   99447.2   69713.8   98391.0   72143.9   97601.8   72650.2   98715.1   69395.6
vertex track :         69   3  95    3128842  0.8940 -3.7038  107428.0  127547.9     139.2   211   231.1
   96 3      1  0.7127 -3.6200  105966.5   57673.4   -3354.6  0.9112 -3.6714  103124.3  140650.1 -163456.5
     1199.8     243.7  106437.4   56543.3  106123.5   58137.5  105706.3   59009.9  105959.1   56449.1
   97 3      2  0.6607 -3.8268  103712.6   61622.5   -4164.0  0.9112 -3.6714  102386.8  143621.7 -164265.9
     2388.1     564.5  104675.2   59365.3  104001.3   63268.2  102960.7   64085.9  103562.6   59173.2
   98 3      3  0.9358 -4.1079  104354.2   74574.8   -7315.3  0.9112 -3.6714   99515.2  155191.6 -167417.2
     4659.7    1122.2  106483.3   70280.8  104609.8   78504.7  102435.9   79074.7  104295.0   69782.3
vertex track :        114   3  95    3347769 -2.5976  2.8560   96946.2  144364.8     157.1  2212   354.8
   96 3      1 -2.5815  2.8657  105239.8   56429.6   -2867.4 -2.6608  2.9419  103698.6  135913.2 -163019.9
     1526.0     346.5  103961.0   57331.6  105461.6   55665.7  106726.0   55740.6  104475.8   57795.3
   97 3      2 -2.5723  2.8769  108499.6   53441.4   -3716.8 -2.6608  2.9419  105958.8  133414.2 -163869.4
     3532.2     862.2  105502.5   55499.9  109671.0   50837.7  111704.1   51595.7  106788.0   56649.3
   98 3      3 -2.5996  2.8604  114915.9   45213.6   -6585.6 -2.6608  2.9419  113591.9  124974.4 -166738.2
     6973.8    1714.7  108956.7   49221.3  117791.2   39500.1  121082.5   41418.7  111494.6   51527.7
vertex track :        155   3  96    2885847 -3.9186  0.6265  115871.7  133996.7     140.1     0  6430.7
   93 3     -2 -3.9255  0.6394   88921.8   58154.1    6586.5 -3.9237  0.5630   90172.9  137090.0 -156927.8
     1389.3      45.8   87543.2   58332.2   89461.3   58019.8   90506.5   58186.6   87557.9   58422.6
   94 3     -1 -3.9182  0.6136   99550.0   57984.5    3716.0 -3.9237  0.5630  101436.1  135473.7 -159798.3
      795.0      24.0   98760.8   58083.7   99508.8   57966.6  100545.2   58095.8   98768.3   58131.2
   95 3      0 -3.9233  0.5873  102927.0   56826.6    2867.6 -3.9237  0.5630  104764.7  134996.1 -160646.7
      624.4      15.5  102307.3   56903.6  102718.3   56842.1  103752.9   56960.1  102311.9   56934.3
vertex track :        188   3  96    3153514 -1.4739  1.4914  108255.0  132545.7     139.8   211     nan
   93 3     -2 -1.4118  1.6017   99397.2   65026.1    6599.1 -1.4864  1.4582   98176.4  141319.4 -156903.1
        nan       nan      -nan       nan       nan       nan       nan       nan       nan       nan
   94 3     -1 -1.4961  1.4248  101910.4   60409.6    4168.4 -1.4864  1.4582  101789.5  137774.9 -159333.8
        nan       nan      -nan       nan       nan       nan       nan       nan       nan       nan
   95 3      0 -1.2460  1.4392  102546.3   59771.2    3339.5 -1.4864  1.4582  103021.4  136566.4 -160162.6
        nan       nan      -nan       nan       nan       nan       nan       nan       nan       nan
