groupid:   5696, ntrk:  3
vertex track :          0   3 123    3509009  0.7258  0.3467   58342.8  102029.2     171.6    13   941.4
  124 3      1  0.7235  0.3480   59173.0   24233.5   -2868.0  0.7254  0.3531   56870.3  101954.2 -215268.9
       77.9       9.1   59239.3   24275.5   59250.8   24281.0   59317.5   24401.9   59247.2   24259.0
  125 3      2  0.7232  0.3464   56849.0   23419.6   -3717.4  0.7254  0.3531   56254.2  101654.2 -216118.3
       94.2      19.8   56925.4   23478.2   56907.4   23469.5   56983.4   23571.3   56942.5   23442.4
  126 3      3  0.7256  0.3405   55319.4   21642.7   -6586.6  0.7254  0.3531   54172.8  100640.9 -218987.5
      150.4      38.9   55439.1   21741.8   55319.1   21685.5   55410.6   21753.9   55472.1   21671.3
vertex track :         64   3 123    4338401 -4.3061 -4.0741   42566.4   87774.7     187.4     0   764.6
  124 3      1 -4.2243 -4.2226   52023.8   18834.2   -3342.0 -4.3192 -4.1292   58589.5  103223.8 -215765.3
     1784.7     125.8   50850.5   17483.5   52487.9   19120.2   53402.9   20390.7   50672.7   17661.4
  125 3      2 -4.0562 -4.0122   57837.5   25880.3   -4168.0 -4.3192 -4.1292   62157.2  106634.6 -216591.3
     2625.2     287.0   56172.9   23830.1   59053.9   26679.8   59708.0   28136.5   55769.2   24238.3
  126 3      3 -4.0166 -4.0826   70911.7   32379.0   -6749.1 -4.3192 -4.1292   73305.5  117292.6 -219172.4
     4402.6     516.7   68192.4   28878.2   73524.2   34297.6   73837.0   36085.6   67455.7   29603.0
vertex track :        151   3 124    3296571  1.6229 -0.6189   57719.8  104142.3     173.5     0 10001.0
  121 3     -2  1.6155 -0.6339   69681.0   22804.7    6585.3  1.6342 -0.6106   65952.4   99231.5 -209172.1
      352.7      19.4   70016.4   22694.0   69699.0   22818.5   69557.2   23124.8   70002.2   22657.8
  122 3     -1  1.6182 -0.6428   62118.1   25482.5    3719.3  1.6342 -0.6106   61268.7  100981.5 -212038.2
      213.5      10.6   62320.4   25413.5   62263.5   25436.2   62127.5   25760.8   62312.6   25393.8
  123 3      0  1.6236 -0.6187   60939.0   22498.2    2868.8  1.6342 -0.6106   59878.9  101500.8 -212888.7
      175.8       7.8   61106.0   22442.9   61118.5   22438.2   60983.6   22762.9   61100.5   22428.4
