groupid:   5701, ntrk:  3
vertex track :          0   3  53    4347704 -0.0235 -0.0241  130698.3   95540.4     270.7    13  1561.4
   54 4      1 -0.0236 -0.0240    8498.1   17185.2   -2869.8 -0.0248 -0.0241  130507.2   96740.1  -84688.7
       11.4       3.2    8492.4   17174.8    8503.4   17186.0    8713.8   17405.5    8487.9   17179.3
   55 4      2 -0.0235 -0.0241    9773.3   16526.4   -3718.2 -0.0248 -0.0241  130528.2   96760.6  -85537.2
       15.8       7.9    9767.9   16509.5    9785.1   16527.1    9988.7   16753.2    9756.6   16520.5
   56 4      3 -0.0235 -0.0240   10462.9   17344.4   -6585.0 -0.0248 -0.0241  130599.2   96829.5  -88404.0
       28.1      15.4   10454.3   17313.5   10488.6   17348.6   10681.4   17585.3   10432.2   17335.1
vertex track :         58   3  53    5032102 -0.4362  0.4671  130687.0   95554.1     270.7  2212   784.1
   54 4      1 -0.4231  0.4713   13371.1   15091.4   -2908.7 -0.4392  0.4701  131814.4   95183.6  -84727.6
       65.0      14.4   13317.0   15130.2   13315.0   15132.4   13634.9   15263.1   13338.4   15149.4
   55 4      2 -0.4404  0.4654   13893.0   14474.8   -3733.8 -0.4392  0.4701  132176.8   94795.6  -85552.8
       83.5      33.5   13811.3   14512.4   13833.5   14488.9   14184.3   14647.7   13860.0   14558.5
   56 4      3 -0.4553  0.4380   13593.0   12713.4   -6264.4 -0.4392  0.4701  133288.2   93605.8  -88083.4
      131.4      61.8   13455.5   12760.0   13549.3   12669.7   13940.1   12877.3   13541.2   12849.0
vertex track :         59   3  53    5032109  0.0147 -0.6792  130699.4   95522.1     270.7     0  1391.9
   54 4      1  0.0096 -0.6793    8403.9   19084.1   -2867.9  0.0168 -0.6749  130377.9   98764.7  -84686.9
       66.6       6.8    8411.7   19017.6    8411.8   19008.2    8606.1   19360.0    8398.0   19017.4
   55 4      2  0.0138 -0.6791    9634.5   18963.5   -3718.1  0.0168 -0.6749  130363.6   99338.5  -85537.1
       79.4      13.3    9649.4   18884.4    9649.1   18900.5    9829.5   19251.9    9622.7   18883.9
   56 4      3  0.0127 -0.6776   10236.9   21438.4   -6587.7  0.0168 -0.6749  130315.4  101275.2  -88406.7
      124.7      25.6   10264.8   21314.1   10262.8   21421.2   10419.0   21771.9   10213.7   21313.2
