groupid:   5887, ntrk:  2
vertex track :          0   3 121    1612208  0.1442  0.1235  138855.9   61304.2     379.9    13   852.6
  122 2      1  0.1436  0.1246   14289.6   61899.1   -2866.4  0.1428  0.1291  136263.1   60426.4 -212220.4
       22.4       6.5   14302.3   61918.7   14298.5   61915.5   14487.0   62089.7   14310.8   61908.9
  123 2      2  0.1438  0.1248   15186.9   59646.2   -3715.9  0.1428  0.1291  136141.7   60316.7 -213069.9
       30.0      15.4   15199.5   59677.5   15184.3   59664.4   15384.5   59825.0   15219.7   59654.2
  124 2      3  0.1425  0.1256   16618.0   60388.4   -6587.3  0.1428  0.1291  135731.7   59945.9 -215941.3
       50.8      29.9   16636.3   60444.4   16590.1   60403.7   16809.9   60542.5   16675.9   60399.5
vertex track :          9   3 121    1612212  0.2739 -0.2657  138936.7   61069.6     379.9   211   430.7
  122 2      1  0.2615 -0.2495   20099.7   60796.7   -2419.6  0.2782 -0.2612  136032.2   61341.4 -211773.1
       38.2      11.9   20135.6   60778.9   20135.2   60779.3   20274.1   61024.2   20119.1   60761.7
  123 2      2  0.2770 -0.2691   21590.1   65468.1   -3227.8  0.2782 -0.2612  135807.3   61552.5 -212581.3
       53.2      29.9   21649.2   65452.5   21631.0   65470.2   21741.4   65693.5   21607.5   65409.6
  124 2      3  0.2787 -0.2649   16502.1   63386.3   -6660.9  0.2782 -0.2612  134852.3   62449.1 -216014.4
      103.3      67.8   16623.7   63364.3   16532.5   63451.0   16590.9   63618.1   16530.3   63266.0
