groupid:   6095, ntrk:  5
vertex track :          0   3  59      70471  0.2222  0.0154   81407.6   67502.9     199.3    13  1096.6
   60 1      1  0.2222  0.0154   79663.0   67239.9   -2868.1  0.2247  0.0163   79306.1   67476.3  -95857.9
       24.1       4.9   79686.7   67246.5   79685.3   67246.4   79849.5   67443.4   79687.4   67236.7
   61 1      2  0.2219  0.0153   79100.6   67054.9   -3716.0  0.2247  0.0163   79115.6   67462.5  -96705.8
       30.6      11.6   79130.3   67068.6   79115.8   67067.6   79281.1   67251.2   79131.9   67045.4
   62 1      3  0.2217  0.0135   79265.9   66520.4   -6586.2  0.2247  0.0163   78470.5   67415.8  -99576.1
       50.8      22.9   79315.2   66546.3   79260.4   66543.0   79426.9   66704.4   79318.0   66500.6
vertex track :         62   3  59    1066905 -1.1871  1.8195   77650.8   72232.9     205.4   211    86.5
   60 1      1 -1.1995  1.7620   82169.6   67200.7   -2899.1 -1.1951  1.8807   79917.6   66580.8  -95891.8
     1072.1     434.7   81207.0   67842.3   82161.7   66439.9   83341.1   66770.9   81925.7   68331.6
   61 1      2 -1.1287  1.8496   83615.2   65688.4   -3717.3 -1.1951  1.8807   80895.5   65042.0  -96710.0
     2561.7    1063.0   81373.4   67321.3   83805.3   63336.4   86065.9   64267.3   83188.1   68428.8
   62 1      3 -1.1903  1.8131   86623.1   60446.6   -6797.9 -1.1951  1.8807   84577.0   59248.3  -99790.6
     5240.2    2179.9   81925.0   63630.7   87426.7   55250.5   91530.1   57474.2   85569.6   66023.4
vertex track :        100   3  60     693234  0.3339  3.2172   79348.6   58088.7     184.5  2212   881.7
   57 1     -2  0.3415  3.2016   81862.9   79412.7    6586.1  0.3195  3.2167   81093.4   78648.1  -89307.8
     1273.0     249.6   81749.7   80705.0   81551.4   78845.7   82186.5   78333.6   82246.2   80652.0
   58 1     -1  0.3319  3.2192   81213.4   70165.1    3717.6  0.3195  3.2167   80177.1   69420.9  -92176.3
      684.5     120.5   81163.8   70858.4   81093.1   70172.6   81473.4   69685.1   81403.4   70833.7
   59 1      0  0.3328  3.2164   81429.6   67696.1    2866.6  0.3195  3.2167   79905.2   66683.6  -93027.3
      464.0      46.8   81430.8   68162.4   81405.2   67914.9   81638.7   67443.0   81523.9   68152.8
vertex track :        128   3  60     733099 -1.2980 -1.4402   83834.3   71301.7     189.0   211     nan
   57 1     -2 -1.2948 -1.4169   75304.5   62573.7    6940.8 -1.3108 -1.5081   74701.1   61523.6  -88949.7
        nan       nan      -nan       nan       nan       nan       nan       nan       nan       nan
   58 1     -1 -1.2910 -1.4393   78306.3   65950.1    3760.4 -1.3108 -1.5081   78869.7   66319.8  -92130.1
        nan       nan      -nan       nan       nan       nan       nan       nan       nan       nan
   59 1      0 -1.2894 -1.5008   79043.2   66985.8    2924.5 -1.3108 -1.5081   79965.5   67580.5  -92966.0
        nan       nan      -nan       nan       nan       nan       nan       nan       nan       nan
vertex track :        142   3  60     986572  4.3534  1.1937   68869.6   64211.6     200.1     0  3319.9
   57 1     -2  4.3641  1.1763   99235.9   71472.3    6589.6  4.3711  1.2350   96407.0   72220.0  -89328.4
     1765.5      80.2  100919.8   72009.2   98426.8   71337.3   97766.5   71146.7  100961.5   71854.4
   58 1     -1  4.3503  1.1944   85757.3   68691.3    3716.4  4.3711  1.2350   83847.7   68671.7  -92201.7
      993.7      39.8   86705.0   68992.8   85702.1   68717.4   85023.9   68601.0   86726.0   68916.0
   59 1      0  4.3528  1.1927   82678.1   67905.9    2870.8  4.3711  1.2350   80151.4   67627.4  -93047.3
      768.1      20.4   83413.5   68128.6   82846.0   67973.1   82157.0   67894.5   83424.3   68089.3
