groupid:   6223, ntrk:  7
vertex track :          0   3 117    4547031  0.0253 -0.0303   88130.5  103864.5      74.2    13 10000.6
  118 3      1  0.0256 -0.0301   87719.4   25782.6   -2866.5  0.0279 -0.0275   84896.3  103578.8 -203951.9
       10.3       0.5   87726.5   25775.1   87718.5   25784.5   87922.3   26000.1   87725.6   25774.4
  119 3      2  0.0255 -0.0301   87924.4   26271.7   -3719.8  0.0279 -0.0275   84872.5  103602.3 -204805.2
       13.2       1.2   87933.8   26262.4   87922.1   26276.3   88124.9   26491.0   87932.0   26260.8
  120 3      3  0.0256 -0.0301   86441.0   25947.7   -6584.2  0.0279 -0.0275   84792.4  103681.2 -207669.6
       23.0       2.4   86457.7   25931.7   86433.3   25960.4   86634.3   26173.6   86454.0   25928.6
vertex track :        131   3 118    2804145  1.8450  2.3054   80442.2   95836.1     181.7  2212   702.9
  115 3     -2  1.8862  2.2818   93190.9   33137.8    6587.3  1.8436  2.3031   91334.1  111109.2 -197811.9
     1281.5     317.6   93762.6   34327.8   92525.7   32831.5   92831.0   32160.0   94252.1   33923.2
  116 3     -1  1.8671  2.2871   87188.2   25841.7    3716.6  1.8436  2.3031   86041.8  104497.7 -200682.6
      671.8     153.1   87494.4   26458.9   87036.9   25898.4   87093.8   25436.8   87731.6   26265.3
  117 3      0  1.8674  2.2914   88435.0   24809.5    2868.7  1.8436  2.3031   84478.7  102544.8 -201530.5
      419.7      58.9   88654.5   25172.1   88516.4   25002.6   88427.4   24659.3   88745.8   25097.6
vertex track :        148   3 118    3019274 -0.1909  3.0597   85921.0   97159.3     178.7   211   676.4
  115 3     -2 -0.0545  3.3700   85710.3   40264.3    6560.0 -0.2137  3.0611   83664.6  117224.1 -197830.3
     1088.8     204.9   85487.8   41349.6   85511.6   39880.0   86142.7   39392.3   85897.6   41356.2
  116 3     -1 -0.2281  3.1419   87346.9   30073.3    4008.1 -0.2137  3.0611   84209.8  109412.6 -200382.2
      643.4     108.6   87192.1   30707.1   87237.3   30083.5   87711.6   29652.6   87408.7   30722.9
  117 3      0 -0.4290  3.0954   84112.0   25270.4    3187.0 -0.2137  3.0611   84385.3  106899.3 -201203.2
      462.4      45.0   84003.9   25722.3   84040.8   25456.2   84429.7   25031.6   84093.1   25734.7
vertex track :        153   3 118    3036633 -6.6704  2.9308   93718.9   99950.6     172.2   211   160.4
  115 3     -2 -6.6134  2.9981   49793.9   42586.8    6590.2 -6.8264  2.9360   49039.0  119334.3 -197787.7
    30206.6    4065.8   20603.6   51355.8   74237.9   27041.3   79187.5   34030.8   23961.1   58761.9
  116 3     -1 -6.6440  2.9789   65960.1   32804.3    3720.1 -6.8264  2.9360   68631.6  110907.5 -200657.8
    14625.9    1961.9   51811.6   36997.8   77108.1   25656.0   80311.9   28823.7   53416.9   40578.1
  117 3      0 -6.6362  2.9994   74399.0   31159.1    2868.7 -6.8264  2.9360   74443.7  108407.7 -201509.2
     5789.7     746.2   68815.8   32863.7   77973.9   28724.5   80185.5   29667.6   69430.4   34223.7
vertex track :        194   3 118    3297601 -2.7217  2.2610   90812.5   98846.4     174.3     0  1080.3
  115 3     -2 -2.8007  2.1743   73830.3   36641.0    6597.6 -2.7782  2.2584   72093.2  113891.2 -197783.9
     1259.3     157.8   72738.9   37288.6   74140.1   36200.8   75129.0   36205.6   72932.4   37537.8
  116 3     -1 -2.7706  2.3925   82700.0   28653.9    4027.7 -2.7782  2.2584   79232.8  108087.2 -200353.8
      757.2      83.8   82072.1   29085.4   82636.5   28598.0   83535.1   28434.8   82181.6   29212.2
  117 3      0 -2.9004  2.0754   81693.8   24615.7    3193.7 -2.7782  2.2584   81549.8  106203.6 -201187.8
      573.2      35.9   81206.8   24920.1   81530.0   24688.8   82387.9   24523.4   81248.6   24978.4
vertex track :        196   3 118    3298133 -1.5564  0.2305   90147.4  102389.4     174.3   211   134.1
  115 3     -2 -1.5553  0.2612   80476.6   26353.1    6590.3 -1.5705  0.2266   79170.3  104354.9 -197799.8
     1239.0     644.5   79148.0   25922.7   81265.2   25567.1   82013.8   26993.7   79361.5   27193.9
  116 3     -1 -1.5570  0.2390   83225.7   24122.5    3721.8 -1.5705  0.2266   83675.3  103705.0 -200668.4
      608.4     310.9   82577.1   23907.5   83452.9   23773.0   84082.7   24547.7   82671.5   24522.1
  117 3      0 -1.5551  0.2435   87345.7   24745.0    2869.5 -1.5705  0.2266   85013.8  103511.9 -201520.6
      268.2     118.0   87062.5   24669.9   87265.9   24638.0   87837.4   25030.4   87099.1   24903.1
vertex track :        216   3 118    3493995  0.0937 -0.9362   85567.5  106040.6     180.8  2212   179.7
  115 3     -2  0.1413 -0.9020   87144.2   22822.6    6529.1  0.0982 -0.9256   85241.5  100635.8 -197882.2
     1666.6    1208.3   88595.9   21363.1   88109.7   24466.7   85902.7   24491.2   86208.4   20989.1
  116 3     -1  0.1019 -0.9769   87931.5   24024.5    4007.0  0.0982 -0.9256   84993.9  102970.2 -200404.2
      888.6     642.6   88662.8   23207.4   88499.8   24769.8   87410.3   25050.6   87384.6   23074.0
  117 3      0  0.1279 -0.9175   84408.8   22704.8    3181.0  0.0982 -0.9256   84912.8  103734.8 -201230.3
      366.8     259.0   84715.9   22377.2   84641.5   22911.1   84311.8   23241.4   84202.9   22305.7
