groupid:    620, ntrk:  6
vertex track :          0   3 115    3711136  0.2105 -0.1375  152879.3   95336.3     272.3    13  1674.9
  116 4      1  0.2111 -0.1366   31273.6   17891.4   -2867.7  0.2119 -0.1349  151239.4   97761.5 -200837.5
       26.9       3.7   31298.2   17879.9   31297.3   17880.5   31459.2   18112.8   31294.2   17873.6
  117 4      2  0.2104 -0.1375   33058.2   18159.7   -3716.3  0.2119 -0.1349  151059.5   97876.0 -201686.1
       32.8       8.1   33090.1   18148.6   33079.3   18155.6   33236.5   18380.8   33081.2   18135.0
  118 4      3  0.2123 -0.1342   32088.5   19869.5   -6586.2  0.2119 -0.1349  150451.3   98263.2 -204556.1
       52.9      15.7   32141.6   19854.6   32096.8   19882.9   32245.7   20094.4   32124.8   19828.0
vertex track :          7   3 115    3711706 -2.0061 -0.5874  148193.1   94205.9     281.1     0 10001.0
  116 4      1 -1.9471 -0.5011   35304.6   17731.8   -2665.8 -2.0132 -0.6176  153144.8   97960.3 -200649.7
      239.4       9.7   35075.2   17662.7   35130.0   17676.8   35742.1   18010.4   35070.4   17681.6
  117 4      2 -2.0609 -0.5184   32696.4   15816.1   -3497.5 -2.0132 -0.6176  154819.2   98474.0 -201481.4
      290.1      13.0   32418.3   15732.8   32548.1   15765.5   33182.5   16109.0   32411.9   15758.0
  118 4      3 -1.9958 -0.6685   41660.7   20777.9   -6492.1 -2.0132 -0.6176  160847.8  100323.6 -204476.0
      485.4      23.6   41207.9   20601.3   41709.3   20769.3   42321.4   21163.8   41192.9   20646.2
vertex track :         72   3 115    4381598 -0.1879  3.1495  152203.5  104551.2     274.7     0   775.9
  116 4      1 -0.2000  3.1460   31645.1   18364.7   -2872.2 -0.2303  3.1666  151833.7   96620.9 -200849.0
      499.0      43.6   31569.9   18859.9   31591.3   18524.6   31930.1   18082.6   31656.9   18865.4
  117 4      2 -0.1893  3.1496   33768.3   15904.0   -3715.7 -0.2303  3.1666  152027.9   93950.0 -201692.5
      679.2     103.0   33624.8   16575.7   33666.5   15881.3   34121.6   15445.4   33830.4   16588.1
  118 4      3 -0.2234  3.1545   34114.9    7854.7   -6585.0 -0.2303  3.1666  152688.7   84864.1 -204561.8
     1181.1     201.6   33830.4    9018.6   33950.3    7324.8   34609.2    6904.0   34232.5    9047.1
vertex track :         88   3 116    7471757  1.7890 -0.4820  147459.7   97368.7     229.6     0  7718.6
  113 4     -2  1.7877 -0.5011   40001.9   16257.6    6584.2  1.8092 -0.4795  159649.1   95352.8 -194002.1
      383.4      21.0   40376.7   16174.4   40013.8   16276.1   39838.8   16550.4   40365.4   16133.9
  114 4     -1  1.7809 -0.5114   33765.7   20454.6    3720.0  1.8092 -0.4795  154467.1   96726.2 -196866.3
      230.1      11.3   33990.0   20401.9   33921.6   20421.5   33753.2   20716.7   33983.7   20380.2
  115 4      0  1.7851 -0.5037   33714.1   17955.6    2869.5  1.8092 -0.4795  152928.5   97134.0 -197716.8
      188.5       8.0   33897.8   17912.2   33909.7   17908.8   33742.3   18208.6   33893.4   17896.7
vertex track :        124   3 116    8361625  3.9526 -4.6534  140540.2  108625.1     247.6  2212   631.3
  113 2     -2  4.5985 -5.0406   46263.0   76622.5    6389.8  4.0000 -4.6777  165730.4   80967.7 -194215.7
     7078.2    1041.6   51803.0   72095.4   43227.7   81495.1   40937.6   81354.5   50264.0   70691.4
  114 4     -1  4.0140 -4.6617   34457.7   10963.2    3456.6  4.0000 -4.6777  153997.4   94688.6 -197148.9
     3318.6     473.3   36981.7    8757.3   33493.9   12807.9   32147.6   13374.5   36264.3    8139.6
  115 4      0  4.2436 -4.4298   30961.1   17601.4    2647.5  4.0000 -4.6777  150760.9   98473.6 -197958.1
     1605.5     173.8   32197.2   16562.2   30867.1   17950.7   29939.2   18846.1   31946.3   16321.8
vertex track :        136   3 116    8732569 -3.9779  0.7276  151897.4   96435.8     221.5     0 10001.0
  113 4     -2 -3.9569  0.7632    7852.0   23292.6    6586.7 -3.9588  0.7146  127415.7  102023.6 -194001.9
     1416.6      39.6    6453.6   23522.0    8404.5   23145.7    9456.5   23274.0    6468.6   23599.8
  114 4     -1 -3.9618  0.7985   18517.8   23923.7    3719.3 -3.9588  0.7146  138767.2   99974.6 -196869.3
      804.1      21.1   17725.4   24061.9   18469.8   23911.8   19516.2   23996.3   17733.7   24103.3
  115 4      0 -3.9701  0.7689   23033.2   20305.8    2865.9 -3.9588  0.7146  142145.8   99364.7 -197722.7
      627.8      14.7   22414.1   20410.7   22813.0   20333.5   23858.3   20411.6   22419.7   20439.6
