groupid:   6394, ntrk:  5
vertex track :          0   3  19    1376360  0.2267  0.2295  192509.2   55012.1     222.8    13   554.6
   20 2      1  0.2270  0.2293   74611.8   55079.3   -2870.9  0.2230  0.2255  193145.2   55206.6  -21064.1
       34.4      10.0   74628.9   55110.8   74628.1   55110.0   74804.9   55258.1   74643.1   55096.8
   21 2      2  0.2271  0.2298   71487.6   53112.7   -3717.5  0.2230  0.2255  192956.4   55015.8  -21910.7
       46.4      24.1   71503.0   53162.7   71485.4   53144.8   71682.3   53272.9   71537.4   53128.7
   22 2      3  0.2265  0.2302   72326.8   52772.7   -6585.6  0.2230  0.2255  192316.7   54369.1  -24778.7
       79.2      47.6   72348.5   52862.5   72284.9   52797.9   72515.4   52893.0   72416.3   52795.7
vertex track :         29   3  19    1588308  0.1731 -1.0850  192462.4   53856.9     222.8  2212   405.1
   20 2      1  0.0516 -1.2335   67292.6   55407.8   -3258.6  0.1746 -1.0920  193184.3   58551.3  -21456.6
      157.0      71.0   67370.1   55254.0   67367.8   55308.6   67425.1   55770.5   67228.2   55248.0
   21 2      2  0.1571 -1.0375   71709.4   56167.5   -4079.5  0.1746 -1.0920  193040.9   59447.7  -22277.5
      279.8     164.8   71914.2   55915.5   71863.4   56250.9   71714.7   56628.4   71588.3   55866.2
   22 2      3  0.1080 -1.0405   70615.3   60244.5   -6782.7  0.1746 -1.0920  192569.0   62399.5  -24980.7
      496.1     304.6   70969.4   59782.4   70889.7   60550.9   70471.2   60915.5   70363.6   59719.5
vertex track :        111   3  19    2235956  1.7027  3.8567  196345.3   64693.8     228.1     0 10001.0
   20 2      1  1.7090  3.8610   73678.5   53024.9   -2864.5  1.6608  3.8125  192517.1   53847.0  -21012.6
      773.6      17.9   73975.3   53739.5   73707.9   53135.5   73593.5   52524.1   74008.0   53725.0
   21 2      2  1.7041  3.8565   69333.0   48072.5   -3716.8  1.6608  3.8125  191101.6   50597.6  -21864.9
      967.2      24.9   69701.1   48967.2   69277.1   48007.7   69176.5   47391.6   69746.6   48947.1
   22 2      3  1.6877  3.8571   66219.5   37917.2   -6586.9  1.6608  3.8125  186334.7   39655.2  -24735.1
     1633.1      44.4   66833.5   39431.1   65878.6   37248.8   65817.2   36617.1   66914.9   39395.5
vertex track :        143   3  20    2229557 -3.1837 -0.0124  202493.6   56108.8     311.4     0  7251.1
   17 2     -2 -3.1698 -0.0382   57368.4   53437.2    6588.5 -3.2763 -0.0307  179367.1   55816.7  -14882.8
      916.0      33.6   56452.8   53392.6   57619.0   53406.6   58490.7   53691.8   56452.0   53459.8
   18 2     -1 -3.1809 -0.0100   65130.4   53666.2    3720.0 -3.2763 -0.0307  188765.5   55904.7  -17751.4
      522.3      17.5   64608.1   53647.1   64984.8   53648.2   65859.5   53895.4   64608.0   53682.1
   19 2      0 -3.1802 -0.0281   68263.5   54591.8    2870.3 -3.2763 -0.0307  191549.3   55930.8  -18601.1
      411.5      11.7   67852.2   54576.4   68007.2   54577.8   68881.7   54817.2   67852.0   54599.9
vertex track :        209   3  20    2690509  2.6640 -0.0157  188562.3   55997.7     321.0     0  7354.7
   17 2     -2  2.6945  0.0156   87510.5   56814.8    6619.5  2.6311 -0.0032  202552.2   55806.3  -14963.3
      674.5      28.4   88184.9   56847.1   87401.7   56842.6   87048.9   56992.6   88185.2   56790.3
   18 2     -1  2.4621  0.1235   81866.9   56247.2    3984.1  2.6311 -0.0032  195618.2   55814.7  -17598.7
      413.1      16.0   82278.7   56283.9   81970.6   56268.4   81667.6   56420.6   82280.3   56251.9
   19 2      0  2.6768 -0.1614   79679.4   56993.0    3171.7  2.6311 -0.0032  193480.6   55817.2  -18411.2
      336.5      11.4   80015.9   56984.1   79906.3   56990.7   79555.5   57211.7   80014.6   56961.4
