groupid:   6442, ntrk:  7
vertex track :          0   3  73    3527423  0.1964 -0.4059  105876.0  118441.8     116.2    13  1208.2
   74 3      1  0.1973 -0.4058  109980.1   40181.0   -2870.2  0.2008 -0.4059  108450.4  118943.1 -122176.5
       44.3       5.6  110004.5   40143.6  110007.2   40138.0  110165.9   40427.9  109994.4   40138.7
   75 3      2  0.1983 -0.4053  109057.9   41585.3   -3718.7  0.2008 -0.4059  108280.0  119287.5 -123025.0
       53.6      12.1  109092.3   41542.5  109086.8   41553.6  109233.7   41837.8  109070.6   41531.9
   76 3      3  0.1986 -0.4047  107538.3   42173.9   -6585.9  0.2008 -0.4059  107704.3  120451.3 -125892.2
       86.1      23.7  107597.5   42107.1  107563.4   42176.6  107689.3   42450.3  107554.9   42086.2
vertex track :         16   3  73    3084925 -1.1634  0.2447  105036.5  118842.0     118.1   211   653.8
   74 3      1 -1.1156  0.2620  103030.2   40330.4   -2723.8 -1.1747  0.2283  111538.1  117472.2 -122030.3
      114.1      14.8  102915.8   40342.1  102903.6   40344.9  103353.6   40529.1  102922.6   40371.0
   75 3      2 -1.2263  0.1271  105581.6   39964.8   -3566.9 -1.1747  0.2283  112528.5  117279.7 -122873.4
      143.4      35.5  105435.3   39944.3  105463.1   39941.4  105936.7   40195.5  105442.7   40014.9
   76 3      3 -1.0881  0.1950  108992.0   39106.3   -5966.6 -1.1747  0.2283  115347.5  116731.8 -125273.2
      222.5      66.0  108761.3   39080.6  108970.8   39043.0  109431.5   39342.2  108784.6   39210.5
vertex track :        109   3  74    3569342  0.8740 -3.6938  108625.4  127469.1     133.7   211    66.6
   71 3     -2  0.8839 -3.6815  112903.4   22226.9    6583.2  0.8946 -3.7158  112687.9  103457.5 -115454.9
    26950.2    6858.1  125863.8   -2377.5  113466.0   49260.3  100154.0   47037.6  112526.5   -5579.6
   72 3     -1  0.8590 -3.6979  111296.2   36773.0    3717.8  0.8946 -3.7158  110124.7  114104.8 -118320.2
    13085.6    3328.5  117499.1   24779.8  111758.0   49495.8  105304.2   48972.4  111014.8   23273.6
   73 3      0  0.8563 -3.7003  106575.0   38803.9    2869.1  0.8946 -3.7158  109365.5  117258.3 -119168.9
     5043.1    1276.3  108955.4   34178.4  106861.3   43227.8  104405.4   43635.6  106468.4   33602.9
vertex track :        117   3  74    3747534  0.8257 -0.0851  109922.8  118781.8     127.3     0  2381.5
   71 3     -2  0.8334 -0.0856  116890.7   41005.8    7064.2  0.8405 -0.0787  114061.8  118206.0 -114985.0
      152.0      19.6  117043.9   41009.8  116916.5   41022.9  116948.3   41211.7  117039.9   40970.8
   72 3     -1  0.8376 -0.1411  115227.8   40842.5    3573.9  0.8405 -0.0787  111128.2  118480.8 -118475.3
       86.9       8.9  115315.0   40836.9  115319.5   40836.2  115351.5   41058.0  115312.0   40819.3
   73 3      0  0.8072 -0.0707  117799.6   38399.3    2742.3  0.8405 -0.0787  110429.2  118546.3 -119306.9
       73.3       5.2  117873.0   38398.1  117896.6   38396.0  117937.0   38610.4  117872.1   38387.7
vertex track :        121   3  74    3920998  0.4189  4.1738  109800.2  109457.1     124.0   211   480.6
   71 3     -2  0.4065  4.1717  110745.5   59561.0    6587.6  0.3438  4.0508  110356.7  135632.8 -115476.9
     2520.0     465.0  110527.0   62114.3  110123.6   57974.0  111174.3   57222.0  111452.7   62024.1
   72 3     -1  0.4350  4.1730  110881.5   46880.1    3718.1  0.3438  4.0508  109370.1  124009.0 -118346.4
     1308.8     225.9  110792.5   48205.2  110612.5   46478.1  111180.9   45769.1  111241.8   48158.4
   73 3      0  0.4374  4.1674  106525.4   42352.6    2867.2  0.3438  4.0508  109077.5  120562.5 -119197.2
      783.3      87.4  106520.2   43140.8  106448.5   42457.9  106741.0   41778.6  106694.1   43122.5
vertex track :        124   3  74    3942417 -1.6027  3.5356  114524.7  110337.7     118.6     0  2038.4
   71 3     -2 -1.5811  3.4925  105760.4   56528.0    7019.3 -1.5954  3.4351  101881.8  134084.4 -115050.7
     1477.5     107.3  105053.2   57829.7  105939.9   55871.1  106675.9   55439.7  105248.8   57918.2
   72 3     -1 -1.4637  3.6245  110828.9   45789.8    3574.9 -1.5954  3.4351  107376.9  122252.8 -118495.0
      760.0      47.1  110500.6   46476.8  110762.4   45828.6  111365.7   45316.4  110588.0   46512.1
   73 3      0 -1.6639  3.5417  115418.3   40322.1    2741.7 -1.5954  3.4351  108706.4  119390.3 -119328.3
      585.2      21.3  115150.1   40842.6  115298.3   40527.2  115894.7   40015.1  115188.8   40860.8
vertex track :        129   3  74    3944697  2.1432  2.8608  105132.2  110438.9     125.7     0  5694.3
   71 3     -2  2.1297  2.8702  118307.6   51360.9    6587.6  2.1242  2.8508  117163.8  128801.1 -115475.4
     1155.8      43.2  118961.6   52314.8  118031.4   51061.2  117865.7   50619.9  119031.0   52263.3
   72 3     -1  2.1547  2.8466  112365.5   43161.0    3717.9  2.1242  2.8508  111068.0  120620.1 -118345.1
      666.1      22.6  112749.5   43705.8  112398.0   43241.4  112193.7   42829.1  112785.6   43678.5
   73 3      0  2.1745  2.8515  106559.9   39737.4    2867.6  2.1242  2.8508  109261.8  118196.1 -119195.4
      525.8      14.4  106867.3   40164.2  106686.2   39926.8  106464.7   39523.4  106890.2   40146.7
