groupid:   6662, ntrk:  6
vertex track :          0   3 111    5918486 -0.0082 -0.2287  189600.5  182837.6     182.1    13 10000.6
  112 6      1 -0.0106 -0.2284   73921.4   24728.2   -2869.1 -0.0109 -0.2308  189360.4  185484.4 -193296.3
       24.1       1.9   73922.2   24704.0   73922.2   24704.3   74130.6   24962.2   73918.4   24704.2
  113 6      2 -0.0097 -0.2288   69717.0   24032.7   -3718.3 -0.0109 -0.2308  189369.7  185680.4 -194145.4
       28.9       2.6   69718.4   24003.8   69718.9   24013.4   69925.6   24271.5   69713.2   24004.0
  114 6      3 -0.0090 -0.2288   70173.7   27642.2   -6584.6 -0.0109 -0.2308  189401.0  186341.9 -197011.7
       46.2       4.7   70176.6   27595.9   70178.3   27640.1   70380.8   27898.3   70167.2   27596.3
vertex track :         51   3 111    6307233 -2.5007 -0.0168  183674.7  183150.4     189.8     0  4019.4
  112 6      1 -2.5320 -0.0629   68592.1   22419.7   -2566.9 -2.5587 -0.0594  190421.1  185161.9 -193038.1
      297.3      11.2   68295.2   22401.1   68357.9   22402.7   69096.6   22648.3   68294.6   22423.6
  113 6      2 -2.6977  0.2418   71266.8   25464.2   -3404.6 -2.5587 -0.0594  192564.7  185211.7 -193875.9
      367.9      18.2   70898.7   25479.0   71065.1   25464.0   71842.2   25659.7   70901.9   25515.2
  114 6      3 -2.3831  0.0665   78860.4   23043.9   -6486.9 -2.5587 -0.0594  200451.3  185395.0 -196958.2
      642.8      36.3   78216.8   23025.6   79001.6   23003.7   79711.6   23272.3   78218.9   23098.1
vertex track :         56   3 111    6327845  0.0329  2.3773  189681.8  188998.5     186.5  2212   823.5
  112 6      1  0.0589  2.3739   73897.4   24154.1   -2867.9 -0.0167  2.3738  189348.4  183693.2 -193295.4
      313.8      40.8   73864.4   24468.9   73861.2   24339.9   74140.5   24051.7   73946.0   24466.8
  113 6      2  0.0494  2.3752   69636.6   21330.0   -3718.7 -0.0167  2.3738  189362.6  181673.7 -194146.2
      441.7      98.9   69546.9   21773.6   69538.9   21389.3   69936.4   21098.7   69744.7   21769.5
  114 6      3  0.0410  2.3805   69972.6   16973.5   -6586.9 -0.0167  2.3738  189410.5  174865.2 -197014.4
      777.7     195.7   69790.4   17754.5   69772.2   16699.2   70364.9   16405.0   70181.7   17747.7
vertex track :         71   3 112    5677617  1.0287  2.2200  192341.1  180721.5     382.8   211     nan
  109 6     -2  1.0295  2.2165   78643.3   34089.9    6587.1  0.9747  2.2362  194180.6  196131.2 -186628.4
        nan       nan      -nan       nan       nan       nan       nan       nan       nan       nan
  110 6     -1  1.0358  2.2182   74356.4   29312.6    3717.3  0.9747  2.2362  191383.6  189714.1 -189498.1
        nan       nan      -nan       nan       nan       nan       nan       nan       nan       nan
  111 6      0  1.0141  2.2302   70874.4   27220.5    2868.8  0.9747  2.2362  190556.5  187816.5 -190346.7
        nan       nan      -nan       nan       nan       nan       nan       nan       nan       nan
vertex track :         77   3 112    5883540  0.4401  4.1590  192316.5  174188.1     372.4   211    84.8
  109 6     -2  0.5433  4.2673   75475.6   43141.4    6233.5  0.3446  4.1586  190272.9  200080.5 -186976.7
    19530.3    4530.5   73448.0   63087.5   68629.0   25235.7   77713.8   23409.5   82436.3   61943.2
  110 6     -1  0.3989  3.9980   74952.3   31507.6    3407.5  0.3446  4.1586  189299.0  188328.6 -189802.6
     8815.1    2042.6   73794.9   40482.0   72128.4   23778.4   76320.1   22747.2   77859.9   40076.4
  111 6      0  0.0893  4.0217   76163.6   29039.4    2588.0  0.3446  4.1586  189016.5  184920.6 -190622.2
     3131.5     716.0   75517.3   32186.0   75396.9   26769.2   77019.9   26106.9   76949.0   32154.2
vertex track :         96   3 112    6135532 -3.7354  2.0904  202648.3  178523.0     373.3     0 10001.0
  109 6     -2 -3.7333  2.0966   59263.6   31147.8    6584.5 -3.8814  2.0514  174431.5  193038.0 -186576.8
     1534.0      40.9   57906.1   31863.3   59797.1   30801.3   60827.4   30644.5   57946.2   31934.7
  110 6     -1 -3.7188  2.0971   68490.7   26641.7    3716.1 -3.8814  2.0514  185565.0  187153.8 -189445.2
      853.1      21.3   67737.1   27042.2   68442.4   26644.5   69450.5   26453.3   67758.0   27079.3
  111 6      0 -3.7571  2.0690   68920.9   24627.6    2867.8 -3.8814  2.0514  188857.6  185413.5 -190293.5
      658.6      14.6   68337.0   24932.5   68701.8   24731.6   69711.1   24534.7   68351.1   24958.0
