groupid:   6867, ntrk:  3
vertex track :          0   3 103    3250306  0.4359 -0.3822  113990.9   94790.3     119.8    13   929.6
  104 3      1  0.4375 -0.3791  111926.4   18352.7   -2867.5  0.4521 -0.3688  111084.5   97101.6 -178705.4
       55.7       7.5  111973.5   18321.9  111981.1   18315.3  112089.8   18593.1  111963.6   18310.5
  105 3      2  0.4386 -0.3780  111772.3   18107.2   -3716.3  0.4521 -0.3688  110700.8   97414.7 -179554.2
       67.7      16.7  111834.6   18075.6  111824.0   18084.7  111920.5   18348.4  111812.7   18050.3
  106 3      3  0.4375 -0.3801  112416.7   19172.2   -6587.1  0.4521 -0.3688  109403.1   98473.4 -182424.9
      108.9      33.1  112520.5   19125.7  112448.0   19188.7  112523.2   19428.2  112477.2   19075.8
vertex track :         10   3 103    3250665  0.9586  1.9825  114198.3   95696.4     118.6  2212   245.7
  104 3      1  0.9585  2.0233  111430.1   10775.0   -2327.4  0.9155  1.9683  110380.0   92079.6 -178164.1
      648.5     251.4  111480.5   11468.7  111126.5   10721.4  111590.7   10293.3  111935.0   11253.4
  105 3      2  0.9528  2.0066  109659.9    9620.6   -3150.9  0.9155  1.9683  109626.1   90458.7 -178987.7
     1677.5     684.1  109761.5   11429.4  108522.5    8820.1  109769.2    8023.9  110997.4   10842.6
  106 1      3  0.8249  1.9985  106619.8   82121.7   -6167.3  0.9155  1.9683  106864.4   84521.6 -182004.1
     3695.3    1514.6  106629.6   86115.3  103983.1   79703.4  106820.8   78340.0  109429.6   84959.6
vertex track :         71   3 104    2585392 -1.6954 -0.5030  111963.3   97348.2     131.9     0  4833.1
  101 3     -2 -1.7040 -0.4948  100738.1   15187.5    6585.1 -1.6973 -0.5043  100691.4   93593.7 -171591.2
      364.8      23.2  100394.3   15063.5  100737.0   15163.0  101290.2   15521.0  100381.3   15108.1
  102 3     -1 -1.6939 -0.5083  106364.0   15868.0    3715.0 -1.6973 -0.5043  105562.9   95041.2 -174461.3
      220.8      12.3  106156.1   15792.7  106223.3   15812.9  106780.3   16152.7  106149.0   15816.3
  103 3      0 -1.7005 -0.4956  108767.3   16431.5    2867.3 -1.6973 -0.5043  107001.7   95468.7 -175309.0
      181.7       8.3  108595.1   16372.6  108587.0   16370.3  109147.7   16699.8  108590.5   16388.6
