groupid:   6945, ntrk:  8
vertex track :          0   3  33    1182101  0.0472  0.2233  188037.1   61966.3     221.9    13  1267.4
   34 2      1  0.0443  0.2236   66834.5   62005.7   -2869.6  0.0419  0.2244  189186.8   63911.0  -47009.2
       24.6       4.4   66835.0   62030.7   66834.7   62029.4   67044.0   62190.9   66843.6   62029.0
   35 2      2  0.0440  0.2238   67729.6   61753.2   -3716.7  0.0419  0.2244  189151.3   63721.0  -47856.3
       30.7      10.2   67725.5   61785.3   67722.9   61772.0   67943.8   61931.3   67745.5   61781.4
   36 2      3  0.0425  0.2241   67535.5   61414.4   -6586.1  0.0419  0.2244  189031.2   63077.1  -50725.7
       50.4      20.0   67525.2   61467.7   67515.3   61415.6   67755.8   61571.4   67564.5   61460.2
vertex track :         20   3  33    1617252 -1.2109 -1.4279  184495.8   57326.2     223.5  2212   415.6
   34 2      1 -1.1505 -1.5300   67473.4   61879.6   -3155.1 -1.2068 -1.4863  189905.0   64851.1  -47320.6
      329.0     112.4   67365.6   61549.1   67519.5   61753.7   67790.2   62418.6   67185.8   61684.2
   35 2      2 -1.1889 -1.6533   67890.2   61397.9   -3981.4 -1.2068 -1.4863  190902.2   66079.2  -48146.9
      623.0     264.7   67741.3   60737.6   68219.1   61402.0   68247.8   62266.6   67311.5   61046.6
   36 2      3 -1.3142 -1.4074   70938.4   68452.0   -7140.1 -1.2068 -1.4863  194714.0   70774.0  -51305.6
     1213.3     532.1   70499.3   67202.0   71879.4   68680.0   71586.2   69910.5   69721.5   67928.4
vertex track :         60   3  33    2059003 -0.7722 -2.6378  186336.9   56992.5     219.4   211   365.3
   34 2      1 -0.7361 -2.6470   67662.8   66092.8   -2870.1 -0.7413 -2.6687  189968.3   67768.1  -47027.9
      436.1      76.0   67619.1   65652.3   67698.2   65936.7   67915.7   66740.6   67472.8   65693.0
   35 2      2 -0.7308 -2.6505   69190.1   68239.1   -3717.1 -0.7413 -2.6687  190596.2   70028.6  -47874.9
      713.1     186.3   69180.2   67502.2   69405.8   68320.5   69409.3   69183.5   68821.0   67601.2
   36 2      3 -0.7155 -2.6471   71388.3   77017.5   -6582.0 -0.7413 -2.6687  192720.1   77674.0  -50739.8
     1316.7     367.6   71399.6   75650.4   71936.5   77636.8   71586.3   78591.9   70689.9   75842.2
vertex track :         99   3  34    1165738 -2.0922  2.4756  191919.4   57257.8     216.9     0  9863.9
   31 2     -2 -2.0916  2.4841   61167.8   72504.8    6585.3 -2.1286  2.4694  180315.7   74531.2  -40697.1
      956.9      32.0   60527.0   73216.2   61320.5   72273.8   62016.6   72005.9   60576.0   73257.4
   32 2     -1 -2.0985  2.4675   64670.8   66634.0    3720.0 -2.1286  2.4694  186414.8   67455.4  -43562.5
      550.7      17.2   64300.9   67042.4   64573.8   66721.5   65248.5   66438.1   64327.0   67064.6
   33 2      0 -2.0958  2.4679   65681.1   64239.3    2869.8 -2.1286  2.4694  188224.4   65356.0  -44412.6
      435.7      12.1   65389.8   64563.6   65513.7   64417.7   66180.2   64127.6   65408.3   64579.3
vertex track :        104   3  34    1339942 -0.4163 -1.0083  187394.2   62678.5     227.6   211     nan
   31 2     -2 -0.3267 -1.0806   61582.3   55341.9    6451.0 -0.4179 -1.0320  186713.5   57852.8  -40852.0
        nan       nan      -nan       nan       nan       nan       nan       nan       nan       nan
   32 2     -1 -0.3971 -0.9830   64241.0   58966.7    3989.6 -0.4179 -1.0320  187742.0   60392.9  -43313.4
        nan       nan      -nan       nan       nan       nan       nan       nan       nan       nan
   33 2      0 -0.4408 -0.9583   66143.6   59087.8    3151.3 -0.4179 -1.0320  188092.3   61258.0  -44151.7
        nan       nan      -nan       nan       nan       nan       nan       nan       nan       nan
vertex track :        119   3  34    1615692 -1.7172  1.9459  191723.6   57579.3     218.0     0  1661.0
   31 2     -2 -1.7227  1.9611   63389.9   69416.1    6585.7 -1.7450  1.9385  182561.2   71468.0  -40698.4
      674.7      68.8   62892.9   69877.6   63421.7   69275.6   64095.1   69166.6   62996.3   69968.4
   32 2     -1 -1.7243  1.9399   65991.3   64828.1    3716.5 -1.7450  1.9385  187568.1   65905.9  -43567.6
      389.9      33.6   65707.2   65097.2   65863.1   64921.8   66483.7   64771.0   65757.4   65141.9
   33 2      0 -1.7210  1.9443   66679.5   62865.1    2867.4 -1.7450  1.9385  189049.6   64260.0  -44416.7
      307.1      15.3   66464.4   63084.9   66510.2   63033.2   67102.8   62857.2   66487.4   63105.2
vertex track :        141   3  34    1803096  3.7000  2.5102  180412.0   57905.6     231.8   211   295.0
   31 2     -2  4.1669  2.2283   81744.6   73638.4    6511.3  3.6827  2.5153  205461.4   75185.6  -40810.8
     4265.4     856.9   85101.9   76405.5   78454.2   72850.5   78601.5   71083.5   85910.0   74894.2
   32 2     -1  3.3354  2.3295   72524.3   67137.3    4010.0  3.6827  2.5153  196249.6   68894.0  -43312.2
     2322.6     454.8   74168.1   68840.1   71060.2   66669.5   71094.0   65646.9   74688.9   68094.4
   33 2      0  3.5305  2.1638   70784.5   64428.6    3163.0  3.6827  2.5153  193130.4   66763.7  -44159.1
     1159.2     180.2   71678.7   65188.0   70443.3   64430.9   70103.8   63881.4   71867.0   64880.8
vertex track :        191   3  34    2297446  1.0291 -2.7499  184180.0   71626.9     239.1     0  2405.9
   31 2     -2  1.0213 -2.7437   73611.8   53084.2    6585.0  1.0282 -2.7808  192604.0   55707.8  -40736.8
      818.9      58.5   73952.3   52337.1   73595.4   53295.9   73482.3   54038.5   73842.6   52296.3
   32 2     -1  1.0382 -2.7505   69457.0   60104.4    3719.7  1.0282 -2.7808  189657.7   63675.9  -43602.2
      470.7      28.9   69650.2   59674.2   69535.8   59977.4   69474.8   60741.9   69596.2   59653.9
   33 2      0  1.0303 -2.7497   67797.7   62087.6    2866.1  1.0282 -2.7808  188780.1   66049.4  -44455.7
      370.1      14.3   67940.9   61746.1   67897.6   61861.8   67865.4   62636.4   67914.1   61736.0
