groupid:   7062, ntrk:  3
vertex track :          0   3  69    4796039  0.1670 -0.3378  110957.8  181090.3     101.7    13  1110.3
   70 5      1  0.1673 -0.3379  110711.0   20448.1   -2867.8  0.1739 -0.3278  108371.9  182365.7 -114313.3
       37.4       5.4  110732.4   20417.0  110734.4   20413.0  110899.7   20688.8  110722.7   20412.2
   71 5      2  0.1693 -0.3366  108528.8   20702.3   -3719.5  0.1739 -0.3278  108223.8  182644.8 -115164.9
       45.7      12.2  108560.3   20667.0  108554.8   20678.0  108707.5   20947.3  108538.4   20656.0
   72 5      3  0.1671 -0.3370  109372.9   25808.2   -6585.0  0.1739 -0.3278  107725.4  183584.1 -118030.5
       74.1      24.3  109427.5   25752.5  109396.8   25814.6  109528.4   26073.5  109384.1   25731.0
vertex track :         23   3  69    5032594 -0.1757  1.6616  110356.6  184749.5     105.4  2212   331.9
   70 5      1 -0.1460  1.6724  111800.8   19414.1   -2638.2 -0.2058  1.6221  108784.2  180509.4 -114088.1
      280.3     115.2  111661.6   19683.4  111679.7   19476.1  112149.8   19356.6  111891.2   19703.4
   71 5      2 -0.3142  1.7958  112558.1   19667.9   -3478.0 -0.2058  1.6221  108957.0  179147.1 -114927.9
      616.3     298.9  112157.4   20223.5  112303.9   19386.4  113168.4   19324.1  112746.3   20326.5
   72 5      3 -0.2568  1.6387  112802.3   16701.3   -6834.8 -0.2058  1.6221  109647.7  173702.0 -118284.7
     1353.7     670.8  111930.0   17934.8  112295.2   15604.2  113884.3   15679.4  113255.4   18142.5
vertex track :         26   3  69    5033403 -1.1148  0.2403  108648.0  182116.0     103.2  2212   302.1
   70 5      1 -1.1156  0.2390  111787.1   19944.9   -2869.5 -1.1136  0.2231  109877.1  181706.4 -114314.5
      193.0     104.9  111576.4   19882.8  111719.6   19852.2  112206.7   20217.3  111620.3   20087.9
   71 5      2 -1.1170  0.2317  110700.8   19691.5   -3718.8 -1.1136  0.2231  110822.9  181516.9 -115163.9
      419.5     263.1  110236.5   19519.1  110823.5   19397.3  111373.9   20074.2  110343.4   20034.4
   72 5      3 -1.1141  0.2419  115804.1   22897.7   -6589.8 -1.1136  0.2231  114019.9  180876.3 -118034.8
      824.6     526.8  114886.5   22557.8  116264.2   22258.7  116930.6   23447.8  115110.0   23587.4
