groupid:   7130, ntrk:  3
vertex track :          0   3  37    1104744 -0.0464  0.0474  176349.0   41595.5     211.2    13 10000.6
   38 2      1 -0.0461  0.0477   57483.0   40455.8   -2865.7 -0.0486  0.0485  177695.9   42067.5  -55006.4
       11.9       0.7   57474.2   40463.8   57481.0   40456.8   57701.7   40657.8   57475.3   40464.8
   39 2      2 -0.0459  0.0479   56696.0   40155.2   -3717.4 -0.0486  0.0485  177737.3   42026.2  -55858.1
       14.8       1.4   56684.8   40164.9   56695.7   40153.6   56917.2   40355.5   56686.7   40166.9
   40 2      3 -0.0462  0.0476   57477.4   40895.4   -6582.5 -0.0486  0.0485  177876.6   41887.3  -58723.3
       25.1       2.7   57458.1   40911.6   57483.3   40885.6   57706.7   41089.3   57461.9   40915.3
vertex track :          8   3  37    1325194 -0.0050 -0.8268  176365.1   41236.1     212.9  2212   603.6
   38 2      1 -0.0258 -0.8214   54344.2   41726.3   -2656.5 -0.0052 -0.8211  177578.2   44214.7  -54798.4
       81.6      21.8   54363.5   41644.1   54363.2   41634.7   54534.9   42017.7   54319.8   41645.4
   39 2      2 -0.0732 -0.8728   56496.1   42815.4   -3492.6 -0.0052 -0.8211  177582.6   44901.3  -55634.5
      114.6      54.6   56540.9   42696.7   56544.7   42741.8   56661.2   43143.3   56432.1   42705.8
   40 2      3 -0.0023 -0.8375   55998.3   44577.1   -6232.7 -0.0052 -0.8211  177596.9   47151.2  -58374.6
      198.2     108.2   56105.9   44378.7   56106.5   44599.1   56100.7   44984.8   55889.6   44379.3
vertex track :         53   3  37    2427359  3.9947  0.2568  187563.9   41889.6     199.1     0  1471.8
   38 2      1  3.9955  0.2267   57968.1   40174.0   -2867.9  3.9614  0.2482  176612.8   41729.1  -54973.8
      711.6      33.5   58676.7   40247.8   58094.9   40214.8   57473.6   40310.5   58680.5   40180.9
   39 2      2  3.9929  0.2217   53744.6   39741.5   -3717.8  3.9614  0.2482  173245.7   41518.1  -55823.8
      925.0      75.6   54664.0   39868.3   53655.3   39812.3   53039.1   39824.9   54672.4   39717.3
   40 2      3  3.9909  0.2400   43389.1   39928.2   -6586.5  3.9614  0.2482  161881.8   40806.1  -58692.4
     1592.3     148.4   44969.6   40172.0   42628.8   40031.2   42022.5   39894.7   44987.4   39875.6
