groupid:   7355, ntrk:  7
vertex track :          0   3 113    4453430  0.2704 -0.1614  120405.0  204946.2     141.9    13   950.4
  114 5      1  0.2712 -0.1605  119183.4   50233.0   -2867.9  0.2751 -0.1571  117074.5  207272.2 -196781.4
       32.1       5.9  119214.1   50221.7  119215.7   50220.7  119363.1   50454.2  119208.1   50211.6
  115 5      2  0.2708 -0.1608  119612.3   47495.2   -3717.1  0.2751 -0.1571  116840.9  207405.6 -197630.7
       40.2      13.8  119653.9   47486.5  119641.6   47493.8  119781.0   47713.7  119639.8   47462.8
  116 5      3  0.2717 -0.1585  116781.8   45641.4   -6585.9  0.2751 -0.1571  116051.7  207856.3 -200499.5
       66.1      27.3  116852.6   45631.7  116795.6   45665.0  116921.2   45861.0  116825.1   45584.6
vertex track :         22   3 113    4453303 -1.8792 -0.3546  116142.2  204592.5     146.6  2212   385.6
  114 5      1 -1.8753 -0.4015  121512.7   45420.8   -3031.3 -1.8881 -0.3928  119613.3  207609.7 -196949.4
      345.9     122.6  121200.1   45228.5  121482.7   45289.0  122033.3   45822.7  121148.8   45468.3
  115 5      2 -1.7471 -0.3934  122206.8   48528.9   -3848.8 -1.8881 -0.3928  121156.8  207930.8 -197766.9
      691.5     295.8  121597.2   48088.4  122579.5   48309.6  123024.7   49178.9  121467.2   48665.5
  116 6      3 -1.8575 -0.2777    9206.3   47074.1   -6592.2 -1.8881 -0.3928  126336.5  209008.4 -200510.2
     1295.8     567.9    8008.7   46320.8   10181.8   46645.7   10612.0   48037.1    7840.8   47444.2
vertex track :         25   3 113    4453645  0.2782  0.1700  120433.6  205617.0     140.8  2212   239.4
  114 5      1  0.2776  0.1711  119176.6   49900.9   -2866.0  0.2778  0.1739  117085.8  206946.7 -196777.6
      106.4      96.3  119216.7   50038.7  119093.8   49963.0  119346.9   49973.2  119317.7   49874.7
  115 5      2  0.2781  0.1700  119612.7   46892.0   -3718.7  0.2778  0.1739  116848.9  206798.5 -197630.2
      256.3     240.9  119705.7   47231.3  119326.7   46999.6  119729.9   46763.0  119957.0   46820.2
  116 5      3  0.2762  0.1723  116768.8   44092.5   -6584.0  0.2778  0.1739  116052.8  206300.1 -200495.6
      508.3     479.8  116946.1   44768.6  116141.6   44266.6  116801.8   43626.5  117454.1   43954.5
vertex track :         78   3 113    5154052  1.5028  3.4834  124599.6  216330.7     144.0   211   318.5
  114 5      1  1.2740  3.8530  120224.8   46224.1   -3030.1  1.4470  3.5533  117337.7  207096.6 -196936.3
      866.0     144.2  120359.8   47091.6  120083.5   46256.3  120301.0   45570.5  120633.5   47001.1
  115 5      2  1.9728  3.8956  118275.4   45972.9   -3843.3  1.4470  3.5533  116161.1  204207.2 -197749.4
     1583.5     347.5  118680.8   47542.6  117664.2   45535.2  118082.0   44617.1  119300.8   47228.6
  116 5      3  1.6208  3.3681  114991.5   33537.1   -6555.0  1.4470  3.5533  112237.1  194571.6 -200461.2
     2920.6     664.3  115659.3   36457.0  113466.7   31900.8  114535.3   30830.7  116856.6   35880.8
vertex track :        184   3 114    5376580 -1.7109 -2.1770  124485.9  213846.0     326.1     0 10001.0
  111 5     -2 -1.7166 -2.1676  112712.7   39741.0    6586.1 -1.6881 -2.2251  111901.5  199021.3 -190548.2
      716.1      27.3  112289.5   39162.7  112818.2   39830.3  113344.2   40527.2  112246.8   39196.6
  112 5     -1 -1.7331 -2.1560  121585.6   46004.0    3718.1 -1.6881 -2.2251  116742.9  205403.1 -193416.2
      412.3      14.5  121338.5   45673.6  121491.2   45863.5  122040.9   46542.3  121316.0   45691.7
  113 5      0 -1.7196 -2.1641  119430.1   46448.2    2868.0 -1.6881 -2.2251  118178.0  207294.7 -194266.3
      327.8      10.2  119234.1   46185.2  119280.9   46244.0  119834.2   46919.1  119218.1   46197.9
vertex track :        196   3 114    5379064  0.4930 -0.8364  118693.2  209364.6     322.5   211     nan
  111 5     -2  0.4555 -0.8191  122684.5   47158.8    6384.3  0.5065 -0.8288  119767.8  203324.5 -190742.9
        nan       nan      -nan       nan       nan       nan       nan       nan       nan       nan
  112 5     -1  0.4946 -0.7882  119038.7   47562.2    3827.7  0.5065 -0.8288  118472.8  205443.3 -193299.5
        nan       nan      -nan       nan       nan       nan       nan       nan       nan       nan
  113 5      0  0.4580 -0.8221  119936.5   50967.6    3005.3  0.5065 -0.8288  118056.3  206124.9 -194121.9
        nan       nan      -nan       nan       nan       nan       nan       nan       nan       nan
vertex track :        199   3 114    5408300 -1.3076 -3.4452  122034.2  214819.0     330.0   211   205.8
  111 5     -2 -1.3205 -3.4362  112833.6   32641.4    6584.6 -1.2658 -3.5006  112071.6  192002.8 -190551.8
     4048.4    1015.0  112328.8   28498.4  114955.9   35334.6  113547.0   36990.9  110434.0   29226.5
  112 5     -1 -1.3469 -3.4446  120615.1   42103.7    3718.0 -1.2658 -3.5006  115700.1  202037.6 -193418.4
     1945.7     479.3  120352.9   40117.1  121487.2   43017.9  121085.9   44296.9  119460.1   40466.2
  113 5      0 -1.3205 -3.4351  118168.3   43631.8    2868.0 -1.2658 -3.5006  116776.0  205013.1 -194268.4
      851.2     177.3  118028.3   42773.7  118361.9   43641.4  118517.0   44696.5  117697.4   42900.9
