groupid:   7663, ntrk:  4
vertex track :          0   3  63    5198019  0.0064 -0.4986  121196.2  164063.5     178.4    13  8500.0
   64 5      1  0.0071 -0.4986  117742.3   11230.8   -2868.1  0.0191 -0.4988  120015.4  166971.1 -103313.0
       49.0       3.9  117746.9   11181.9  117747.0   11175.1  117947.6   11489.2  117739.0   11181.8
   65 5      2  0.0048 -0.4986  118939.0    9035.3   -3716.9  0.0191 -0.4988  119999.2  167394.5 -104161.9
       58.0       5.2  118944.8    8977.4  118944.7    8988.6  119143.3    9302.7  118934.4    8977.3
   66 5      3  0.0062 -0.4992  118736.1   13869.4   -6589.1  0.0191 -0.4988  119944.5  168827.3 -107034.1
       91.3       9.2  118746.4   13778.2  118745.4   13856.0  118935.7   14170.1  118728.0   13778.0
vertex track :         29   3  63    6700751  0.3264 -0.0208  121242.1  164137.8     310.4   211   549.6
   64 3      1  0.3076 -0.0202  123195.2   85210.8   -2217.4  0.3316 -0.0301  119280.0  165600.3 -102794.1
       30.6       7.9  123226.2   85216.6  123229.9   85216.4  123374.5   85414.9  123225.2   85200.9
   65 3      2  0.3380 -0.0310  120857.5   83317.5   -3041.3  0.3316 -0.0301  119006.8  165625.1 -103618.0
       41.3      20.7  120900.4   83334.3  120889.2   83335.4  121024.8   83510.7  120896.7   83293.2
   66 3      3  0.3148 -0.0147  120378.7   84653.7   -6323.9  0.3316 -0.0301  117918.4  165724.0 -106900.6
       78.6      47.4  120459.5   84697.4  120368.6   84701.6  120508.3   84820.0  120455.0   84602.7
vertex track :         33   3  63    7430871 -0.3175  0.4836  121154.7  164205.6     310.4   211   232.5
   64 3      1 -0.3179  0.4835  118408.0   85808.9   -2865.2 -0.3289  0.4743  121073.0  164086.0 -103441.4
       68.2      32.3  118343.6   85848.1  118351.8   85835.7  118682.1   85980.1  118397.6   85883.6
   65 3      2 -0.3142  0.4859  119977.8   83162.6   -3716.9 -0.3289  0.4743  121353.2  163682.0 -104293.0
      113.0      78.6  119850.4   83214.8  119907.1   83127.1  120314.9   83321.0  119982.5   83300.2
   66 3      3 -0.3201  0.4814  120475.2   84904.3   -6588.8 -0.3289  0.4743  122297.8  162319.9 -107165.0
      206.2     153.9  120232.9   84990.7  120394.0   84748.5  120927.2   85028.3  120489.2   85161.1
vertex track :         89   3  64    4520528  1.1828 -1.4665  117841.3  166014.2      76.1     0  4409.8
   61 4     -2  1.1751 -1.4790    7868.8   77259.4    6587.6  1.2465 -1.4863  128120.7  156928.1  -95984.5
      402.6      25.7    8139.3   76960.1    7885.2   77280.0    7809.3   77767.2    8099.1   76928.2
   62 4     -1  1.1840 -1.4680    4301.3   81696.8    3723.3  1.2465 -1.4863  124550.2  161185.3  -98848.8
      244.0      13.7    4465.1   81515.4    4407.4   81587.0    4348.7   82086.7    4443.8   81498.3
   63 3      0  1.1805 -1.4706  124097.2   82612.3    2869.5  1.2465 -1.4863  123485.9  162454.3  -99702.6
      200.2       9.0  124229.5   82461.8  124226.8   82465.3  124176.0   82971.3  124215.5   82450.6
