groupid:   8079, ntrk:  5
vertex track :          0   3  43    1650287  0.1895 -0.2846  190101.5   68800.1     215.7    13  3301.4
   44 2      1  0.1918 -0.2832   70591.6   70318.4   -2867.4  0.1907 -0.2895  190561.8   71907.5  -65707.4
       34.7       3.1   70613.7   70291.4   70615.0   70289.4   70779.7   70555.1   70608.5   70287.9
   45 2      2  0.1928 -0.2829   69475.9   70525.0   -3718.3  0.1907 -0.2895  190399.5   72153.9  -66558.4
       41.3       5.3   69503.6   70493.8   69497.5   70502.7   69658.5   70765.9   69494.9   70487.9
   46 2      3  0.1915 -0.2822   68109.6   71241.7   -6588.3  0.1907 -0.2895  189852.2   72984.8  -69428.4
       65.5       9.9   68154.5   71193.0   68121.2   71242.1   68274.9   71500.0   68138.2   71182.0
vertex track :         22   3  43    1782956 -2.3260  1.2733  182945.2   73219.2     227.3  2212   700.3
   44 2      1 -2.3990  1.4281   67455.0   70637.5   -3065.2 -2.3539  1.2704  191705.6   71230.5  -65935.3
      418.4      67.0   67061.3   70794.0   67276.5   70665.9   68056.4   70692.5   67129.8   70909.1
   45 2      2 -2.3156  1.2565   69535.8   67083.5   -3889.2 -2.3539  1.2704  193645.1   70183.8  -66759.2
      634.9     157.8   68902.5   67247.6   69532.3   66905.8   70376.7   67130.7   69053.0   67525.0
   46 2      3 -2.5008  1.3289   78198.6   64054.6   -6945.7 -2.3539  1.2704  200839.8   66300.7  -69815.8
     1166.8     314.9   77020.4   64324.0   78556.0   63508.0   79584.2   63996.4   77315.9   64880.2
vertex track :         50   3  43    2476066  3.5776  0.1544  198349.8   69411.3     206.7     0  1774.9
   44 2      1  3.5740  0.1871   68449.0   69578.6   -2868.1  3.5621  0.1984  188468.9   71127.8  -65682.9
      585.9      25.5   69032.7   69634.7   68613.2   69612.8   68078.8   69732.7   69035.4   69583.8
   45 2      2  3.5777  0.1965   64514.4   69380.3   -3717.9  3.5621  0.1984  185441.7   70959.2  -66532.8
      746.3      54.8   65256.6   69475.9   64517.6   69435.3   63985.8   69494.8   65262.6   69366.5
   46 2      3  3.5664  0.1859   52705.1   68650.6   -6585.6  3.5621  0.1984  175226.9   70390.4  -69400.5
     1268.8     106.8   53966.6   68823.4   52181.5   68730.3   51657.2   68688.0   53977.7   68610.0
vertex track :        123   3  44    1625322  1.5093 -0.3778  187964.2   70597.9     228.3   211     nan
   41 2     -2  1.5240 -0.3953   76365.7   67738.3    6587.8  1.4977 -0.3729  197264.5   69768.1  -59356.6
        nan       nan      -nan       nan       nan       nan       nan       nan       nan       nan
   42 2     -1  1.5091 -0.3799   74186.9   69361.5    3717.8  1.4977 -0.3729  192966.1   70838.4  -62226.6
        nan       nan      -nan       nan       nan       nan       nan       nan       nan       nan
   43 2      0  1.5085 -0.3851   70823.6   68972.5    2868.1  1.4977 -0.3729  191693.5   71155.2  -63076.3
        nan       nan      -nan       nan       nan       nan       nan       nan       nan       nan
vertex track :        150   3  44    2283142  0.1722 -2.3500  190573.8   76701.6     228.8   211   493.8
   41 2     -2  0.3293 -2.4044   73641.5   59049.5    6738.1  0.1643 -2.3979  191431.7   62791.0  -59199.3
      767.8     204.5   73948.3   58316.6   73809.1   59333.0   73545.0   59990.0   73543.0   58261.1
   42 2     -1  0.2687 -2.4443   70546.7   65227.6    3905.4  0.1643 -2.3979  190966.5   69583.5  -62032.0
      425.8     101.2   70693.7   64815.4   70657.1   65148.5   70609.9   65847.3   70492.6   64793.3
   43 2      0  0.0550 -2.1755   72518.4   69242.6    3064.1  0.1643 -2.3979  190828.3   71601.0  -62873.3
      294.4      40.3   72566.2   68949.3   72562.8   69081.1   72680.8   69743.7   72485.6   68947.3
