groupid:   8069, ntrk:  3
vertex track :          0   3 103    3593597  0.0690  0.3376  130807.1  151587.2     135.1    13   708.7
  104 4      1  0.0653  0.3376    8560.7   73643.9   -2865.3  0.0678  0.3417  128189.5  152100.9 -178650.0
       35.1       7.7    8559.7   73679.9    8560.1   73681.8    8771.6   73818.3    8574.9   73676.9
  105 4      2  0.0659  0.3372    8620.5   72960.4   -3719.1  0.0678  0.3417  128131.6  151809.2 -179503.8
       45.1      18.6    8610.8   73008.3    8607.4   72990.5    8840.1   73122.9    8647.4   73001.1
  106 4      3  0.0681  0.3360   10098.3   71449.2   -6586.4  0.0678  0.3417  127937.1  150829.4 -182371.0
       75.3      37.0   10077.0   71530.4   10061.3   71453.3   10329.7   71578.4   10149.5   71515.7
vertex track :         19   3 103    4090166 -0.8622 -2.2854  130379.3  150388.0     133.0  2212   674.9
  104 4      1 -0.8859 -2.3371   12664.9   77579.4   -2255.7 -0.8287 -2.3393  129961.5  157490.6 -178039.5
      280.7      42.1   12604.8   77302.0   12617.7   77336.2   12934.2   78064.5   12526.1   77331.8
  105 4      2 -0.7888 -2.2232   12174.0   80245.7   -3078.6 -0.8287 -2.3393  130643.4  159415.5 -178862.3
      440.1     114.2   12134.5   79792.7   12263.2   80155.5   12422.8   80906.5   11919.2   79869.1
  106 4      3 -0.9597 -2.2984   13923.8   85791.6   -6300.4 -0.8287 -2.3393  133313.3  166952.6 -182084.2
      914.5     264.8   13815.8   84845.6   14319.0   86050.8   14240.8   86945.2   13327.1   85049.7
vertex track :         65   3 104    2927179  0.4638  3.1783  128027.9  148221.8     145.0     0 10001.0
  101 6     -2  0.4674  3.1934    9842.9    5939.0    6584.5  0.4578  3.2131  130598.7  168518.4 -171485.5
      952.0      32.0    9949.1    6885.6    9771.5    5672.2    9947.1    5205.5   10012.5    6876.3
  102 4     -1  0.4285  3.1834    8795.9   78709.0    3717.5  0.4578  3.2131  129286.0  159306.3 -174352.6
      551.8      17.3    8852.3   79258.2    8795.1   78833.0    8949.9   78373.0    8886.6   79253.6
  103 4      0  0.4860  3.1771   10229.6   75402.2    2867.9  0.4578  3.2131  128897.0  156576.4 -175202.2
      438.4      12.4   10283.6   75837.4   10253.1   75637.8   10386.0   75180.1   10308.1   75833.7
