groupid:   8364, ntrk:  7
vertex track :          0   3  33    2043719  0.2647 -0.6348  160472.9   55517.4     260.3    13   860.7
   34 2      1  0.2731 -0.6318   38669.4   57888.0   -2865.8  0.2748 -0.6319  160974.2   59693.5  -47111.2
       67.7       9.2   38704.7   57829.5   38708.3   57821.1   38844.3   58155.8   38687.8   57822.2
   35 2      2  0.2733 -0.6316   39386.6   58297.4   -3716.6  0.2748 -0.6319  160740.4   60231.1  -47962.0
       82.3      20.2   39437.8   58229.9   39429.9   58248.2   39545.7   58574.2   39400.7   58213.8
   36 2      3  0.2772 -0.6280   38494.4   60522.9   -6588.1  0.2748 -0.6319  159951.2   62045.6  -50833.5
      131.2      39.3   38583.4   60418.8   38535.6   60526.9   38615.7   60836.4   38511.4   60387.0
vertex track :         12   3  33    1170231 -1.0147  0.6504  157196.3   58936.2     267.0   211    93.6
   34 2      1 -0.9814  0.6914   39682.6   57489.8   -3125.3 -1.0174  0.6350  161962.0   58937.4  -47370.5
      369.5     221.6   39252.9   57521.5   39651.0   57241.1   40321.3   57668.9   39508.1   57883.8
   35 2      2 -0.9557  0.6733   39873.7   55257.1   -3949.3 -1.0174  0.6350  162800.4   58414.1  -48194.5
      831.8     522.6   38892.8   55308.9   40052.1   54492.3   41063.7   55416.0   39494.7   56163.4
   36 2      3 -1.0352  0.7087   42470.7   55886.6   -7123.9 -1.0174  0.6350  166030.3   56398.3  -51369.1
     1665.6    1052.6   40501.7   55959.0   43033.0   54226.0   44648.6   56025.0   41690.9   57696.1
vertex track :         19   3  33    1578980  4.1284 -3.3940  166990.4   50486.8     240.8     0 10001.0
   34 2      1  4.1747 -3.3312   32976.8   61464.5   -2868.1  4.1940 -3.3341  155403.0   63157.4  -47095.6
     1190.6      22.4   33921.4   60739.4   32936.8   61525.1   32246.3   62396.3   33893.4   60704.3
   35 2      2  4.1823 -3.3327   30379.0   64156.7   -3718.1  4.1940 -3.3341  151838.4   65991.1  -47945.5
     1496.9      31.8   31569.5   63248.7   30106.5   64414.5   29402.7   65271.3   31529.8   63198.9
   36 2      3  4.1883 -3.3104   16847.7   74963.0   -6587.2  4.1940 -3.3341  139805.4   75556.9  -50814.6
     2543.5      57.1   18878.5   73430.6   15767.2   75889.8   15031.0   76702.0   18807.7   73340.9
vertex track :         34   3  33    1620650 -0.2234  1.2869  159176.9   60918.2     266.0  2212   270.9
   34 2      1 -0.2331  1.2980   39398.6   57668.7   -3133.4 -0.2395  1.2867  161273.1   58753.3  -47370.5
      322.3     176.3   39168.1   57954.8   39233.1   57592.9   39838.9   57594.0   39515.2   58017.1
   35 2      2 -0.2284  1.2790   38967.1   54858.9   -3954.1 -0.2395  1.2867  161469.7   57697.3  -48191.1
      700.4     413.9   38436.6   55475.7   38634.9   54365.2   39707.5   54453.4   39251.4   55621.2
   36 2      3 -0.2042  1.2768   39349.1   53573.7   -7122.5 -0.2395  1.2867  162228.6   53620.5  -51359.6
     1394.1     832.0   38307.4   54818.9   38704.8   52333.9   40600.5   52539.7   39950.5   55081.6
vertex track :         38   3  33    1620847 -1.1485 -0.2391  156642.1   56658.9     265.0  2212   137.7
   34 2      1 -1.1433 -0.2553   39256.4   57792.2   -2870.6 -1.1393 -0.2590  161566.8   59609.0  -47119.8
      879.3     565.3   38521.4   57048.9   39997.6   57378.5   40200.2   58745.3   38275.1   58152.4
   35 2      2 -1.1429 -0.2559   41133.4   57909.5   -3721.3 -1.1393 -0.2590  162536.1   59829.4  -47970.5
     2137.7    1383.9   39349.7   56092.0   43281.8   56972.4   43126.0   59936.8   38745.0   58792.8
   36 2      3 -1.1391 -0.2611   44771.6   58971.5   -6585.6 -1.1393 -0.2590  165799.4   60571.2  -50834.8
     4189.9    2714.5   41294.0   55389.6   49222.9   57206.9   48458.1   62763.2   40081.1   60681.3
vertex track :         40   3  33    1775175 -4.4539 -4.3574  149175.2   46059.1     266.5     0  4694.3
   34 2      1 -3.9652 -4.2369   41408.3   58920.1   -3145.4 -4.4108 -4.4546  165767.0   63325.2  -47419.7
     1731.7      33.7   40249.7   57632.7   41783.5   59271.6   42773.0   60413.2   40200.4   57678.8
   35 2      2 -4.6595 -4.0696   44394.3   60926.9   -3986.7 -4.4108 -4.4546  169477.8   67072.9  -48261.0
     2156.0      58.5   42809.0   59464.6   45078.2   61446.5   46185.0   62595.1   42732.0   59552.7
   36 2      3 -5.0469 -3.9066   56777.1   76216.7   -7203.9 -4.4108 -4.4546  183668.6   81404.7  -51478.3
     3760.3     113.3   53872.9   73825.4   58760.1   77608.4   59886.2   78814.1   53734.2   74004.6
vertex track :        149   3  34    1804432 -3.6342  3.1407  159428.9   57916.0     261.6   211   244.4
   31 2     -2 -3.6428  3.1375   18886.4   77353.4    6585.9 -3.6986  3.1491  137947.7   79249.5  -40789.4
     6237.1    1209.7   13371.1   80507.1   22057.8   73025.4   24608.0   74412.8   14949.9   82340.2
   32 2     -1 -3.6389  3.1273   25971.3   69867.4    3716.8 -3.6986  3.1491  148559.2   70214.3  -43658.5
     3025.6     576.4   23301.0   71402.2   27126.1   68114.9   28848.0   68545.7   24052.4   72276.5
   33 2      0 -3.6334  3.1467   28308.4   66969.5    2867.7 -3.6986  3.1491  151699.7   67540.3  -44507.7
     1347.8     216.0   27148.2   67688.5   28422.8   66584.6   29675.0   66463.6   27431.0   68015.1
