groupid:   8694, ntrk:  6
vertex track :          0   3  39    6536520  0.4624 -0.3593  174983.4  169746.4     194.0    13  1011.2
   40 6      1  0.4631 -0.3581   53245.5   11636.5   -2869.0  0.4664 -0.3574  172566.3  172987.4  -58071.5
       57.1       7.4   53295.2   11607.5   53302.2   11602.1   53406.3   11875.2   53286.2   11595.8
   41 6      2  0.4637 -0.3579   51314.6   11571.0   -3722.7  0.4664 -0.3574  172168.1  173292.5  -58925.2
       69.0      15.9   51378.9   11541.4   51367.0   11550.6   51460.6   11810.2   51359.4   11516.2
   42 6      3  0.4607 -0.3579   51639.8   12583.2   -6581.3  0.4664 -0.3574  170834.9  174314.0  -61783.7
      109.9      31.1   51745.6   12540.4   51668.9   12600.0   51744.5   12835.7   51707.5   12491.3
vertex track :         16   3  39    5890435  0.0902  0.2583  174887.9  169904.5     195.6  2212   522.7
   40 6      1  0.0842  0.2699   53867.9    8400.3   -2942.0  0.0829  0.2527  173636.8  171256.0  -58145.3
       36.6      22.0   53857.8    8441.8   53853.6    8428.5   54088.1    8569.0   53899.8    8428.7
   41 6      2  0.0958  0.2944   55888.1    8700.7   -3785.5  0.0829  0.2527  173566.9  171042.9  -58988.8
       65.4      53.9   55857.1    8779.5   55836.7    8717.0   56129.2    8832.1   55959.6    8746.2
   42 6      3  0.0993  0.2900   51497.1    6674.0   -6794.2  0.0829  0.2527  173317.5  170282.5  -61997.5
      125.1     108.4   51435.0    6827.4   51374.8    6651.7   51769.3    6730.8   51640.2    6757.2
vertex track :         46   3  39    6311054 -1.7341 -0.1519  174419.6  169798.7     195.6   211   587.2
   40 6      1 -1.7344 -0.1579   59147.4   11090.3   -2867.3 -1.7459 -0.1942  178777.5  172528.8  -58072.7
      198.5      26.2   58952.0   11046.2   58983.2   11049.0   59551.0   11344.2   58947.3   11098.4
   41 6      2 -1.7341 -0.1609   59063.7   10827.9   -3719.5 -1.7459 -0.1942  180265.2  172694.3  -58924.9
      262.1      62.5   58808.4   10741.5   58966.3   10756.1   59527.2   11124.2   58796.9   10866.0
   42 6      3 -1.7324 -0.1583   66029.4   11270.1   -6584.5 -1.7459 -0.1942  185267.1  173250.8  -61789.9
      445.3     123.3   65597.2   11106.7   66120.4   11154.5   66670.0   11643.2   65574.7   11352.4
vertex track :         47   3  39    6311055 -1.1365  1.4908  174579.0  170211.6     195.6   211   358.3
   40 6      1 -1.2089  1.3917   56953.0    5183.1   -2922.4 -1.1572  1.4517  177190.6  167823.7  -58124.5
      237.2      48.3   56761.1    5330.4   56818.2    5264.6   57353.8    5247.1   56834.0    5393.8
   41 6      2 -1.1746  1.5369   60136.1    4368.4   -3769.3 -1.1572  1.4517  178170.7  166594.1  -58971.5
      358.4     117.5   59825.1    4581.8   60013.7    4335.0   60656.0    4366.5   60011.9    4724.5
   42 4      3 -1.3024  1.4969   59731.1   80477.3   -6748.8 -1.1572  1.4517  181618.5  162268.9  -61950.9
      653.6     235.6   59124.3   80815.7   59708.9   80143.9   60546.6   80350.4   59479.8   81125.1
vertex track :        153   3  40    8759282  0.5130 -4.0009  173364.8  174477.6     188.0     0   945.0
   37 4     -2  0.5194 -4.0004   54795.3   70831.5    6587.1  0.5603 -4.0057  175983.3  149754.8  -51562.3
     1669.4     215.9   55224.4   69203.8   54903.6   71674.8   54576.8   72665.2   54796.1   69148.2
   38 4     -1  0.5117 -3.9924   55307.3   80196.2    3716.9  0.5603 -4.0057  174375.1  161251.9  -54432.4
      911.7     104.3   55526.6   79305.1   55402.3   80275.4   55298.4   81293.3   55319.7   79278.6
   39 4      0  0.5157 -4.0031   54465.5   83011.7    2863.7  0.5603 -4.0057  173897.0  164669.6  -55285.6
      651.4      41.3   54589.7   82371.0   54531.5   82822.4   54551.7   83858.5   54507.7   82360.4
vertex track :        197   3  40    8972219  0.7657 -1.4745  173062.4  174140.9     187.9   211    80.9
   37 6     -2  0.8468 -1.4582   58700.0    5569.4    6146.6  0.7777 -1.4608  176733.5  166342.1  -52004.8
     2879.0    1476.2   61422.3    3820.9   58708.7    8494.2   56188.5    7526.3   58869.1    2338.3
   38 6     -1  0.5985 -1.4364   53524.8    8452.0    3763.5  0.7777 -1.4608  174880.3  169823.3  -54387.9
     1530.8     782.6   54836.0    7340.0   53784.2    9864.4   52424.3    9772.6   53391.2    6738.0
   39 6      0  0.7943 -1.4225   54747.7   15575.7    2934.8  0.7777 -1.4608  174235.8  171033.9  -55216.6
      608.9     302.0   55308.2   15191.3   54881.3   15955.8   54398.0   16168.7   54780.9   14896.9
