groupid:   8671, ntrk:  2
vertex track :          0   3  83    3097221  0.1576 -0.0737  100918.2  126210.5     123.9    13  1518.6
   84 3      1  0.1574 -0.0741   99903.4   48201.4   -2867.0  0.1555 -0.0728   98786.1  126438.8 -140408.9
       19.2       3.4   99922.2   48196.3   99920.6   48197.1  100094.8   48416.4   99919.3   48190.2
   85 3      2  0.1576 -0.0738   99946.1   47840.1   -3717.5  0.1555 -0.0728   98653.8  126500.7 -141259.4
       24.1       8.1   99971.4   47837.2   99960.7   47842.1  100130.9   48052.9   99964.5   47822.5
   86 3      3  0.1580 -0.0732   98733.4   48860.2   -6586.7  0.1555 -0.0728   98207.7  126709.7 -144128.6
       40.2      16.1   98776.7   48857.9   98736.9   48876.3   98900.3   49072.4   98763.1   48828.7
vertex track :        188   3  84    3349059 -4.2224  0.5365  109630.5  126106.1     118.9   211   115.1
   81 3     -2 -4.2198  0.5499   82555.6   49853.9    6586.1 -4.2317  0.4780   81454.1  128442.1 -134346.0
    13573.6    3083.7   68697.3   48550.0   94730.8   45157.5   96619.7   51368.3   69494.3   54665.7
   82 3     -1 -4.2303  0.4620   90790.9   48306.6    3717.5 -4.2317  0.4780   93593.0  127070.9 -137214.6
     6611.9    1498.2   84055.4   47535.1   96312.7   46196.4   97732.2   49288.6   84380.8   50513.9
   83 3      0 -4.2239  0.5314   96160.7   48236.1    2868.0 -4.2317  0.4780   97187.9  126664.9 -138064.1
     2611.3     575.0   93498.1   47991.5   97792.8   47451.2   99029.1   48691.2   93641.6   49132.6
