groupid:   8743, ntrk: 10
vertex track :          0   3 111    3354936  0.0742 -0.0907  160469.6  137622.6     267.2    13   810.3
  112 4      1  0.0728 -0.0920   44419.5   60337.8   -2867.4  0.0708 -0.0910  160455.8  139165.9 -193610.2
       16.4       6.3   44434.7   60328.8   44429.5   60335.3   44614.5   60556.7   44424.8   60321.0
  113 4      2  0.0744 -0.0907   41192.3   59962.2   -3719.6  0.0708 -0.0910  160395.4  139243.4 -194462.4
       24.1      15.4   41219.5   59953.3   41204.5   59971.6   41375.1   60181.0   41195.7   59933.7
  114 4      3  0.0738 -0.0914   40410.0   62976.1   -6586.0  0.0708 -0.0910  160192.5  139504.4 -197328.8
       42.9      30.3   40460.5   62961.7   40422.0   63009.3   40569.5   63200.4   40413.4   62923.7
vertex track :         12   3 111    3604016 -0.2127  1.2139  159734.7  140532.8     265.8   211   314.1
  112 4      1 -0.1488  1.2048   38045.0   57333.5   -2487.6 -0.2322  1.2156  160545.9  138447.1 -193229.8
      124.2      30.5   37999.5   57453.1   37998.7   57459.5   38300.4   57425.2   38060.1   57460.6
  113 4      2 -0.3454  1.1867   39832.9   59828.5   -3314.1 -0.2322  1.2156  160737.9  137442.4 -194056.3
      183.4      77.9   39706.9   59982.8   39736.9   59879.8   40168.7   59885.3   39856.5   60026.4
  114 4      3 -0.1853  1.2041   39774.6   54039.3   -6339.8 -0.2322  1.2156  161440.4  133764.2 -197082.1
      343.7     165.2   39559.1   54353.9   39624.7   53927.3   40200.0   53935.9   39885.7   54404.1
vertex track :         25   3 111    4035435  0.1877 -0.6162  160707.2  136537.0     265.3  2212   326.6
  112 4      1  0.1773 -0.6189   44383.3   60537.7   -2868.2  0.1907 -0.6173  160331.2  139727.4 -193609.0
      100.8      66.4   44474.9   60459.1   44456.6   60522.9   44501.9   60825.7   44347.3   60422.5
  113 4      2  0.1895 -0.6170   41048.2   60614.1   -3719.0  0.1907 -0.6173  160168.9  140252.6 -194459.8
      207.2     162.8   41264.7   60463.8   41182.8   60730.4   41041.9   60973.7   40953.4   60368.3
  114 4      3  0.1846 -0.6167   39940.7   65235.2   -6585.4  0.1907 -0.6173  159622.3  142022.0 -197326.2
      397.1     319.7   40360.8   64946.4   40171.9   65577.8   39730.8   65733.4   39748.4   64763.1
vertex track :         30   3 111    4059259 -3.2449  2.2641  154907.9  141163.4     275.0     0  1314.6
  112 4      1 -3.1410  2.5200   41965.1   54912.1   -2502.5 -3.3283  2.2600  164304.4  136086.3 -193275.9
      641.0      31.9   41445.1   55288.4   41785.5   55015.3   42691.9   54748.4   41485.0   55338.1
  113 4      2 -2.9582  2.3751   46079.1   56359.4   -3332.6 -3.3283  2.2600  167067.1  134210.4 -194105.9
      849.1      75.5   45369.8   56832.1   46072.7   56267.7   46995.5   56099.1   45464.3   56949.9
  114 4      3 -3.3276  2.2609   54715.4   47801.1   -6366.1 -3.3283  2.2600  177163.6  127354.8 -197139.4
     1551.1     158.7   53343.3   48541.5   55210.5   47272.9   56294.3   47272.9   53521.6   48804.0
vertex track :         33   3 111    4081835  0.5034  4.4063  161964.0  148389.4     267.9   211   322.1
  112 4      1  0.5746  4.4027   44843.1   59811.8   -2868.1  0.4453  4.4049  160652.7  135903.2 -193595.0
     1167.7     175.6   44820.1   60992.4   44638.5   59601.1   45076.7   58845.5   45168.3   60946.9
  113 4      2  0.4942  4.4027   41260.8   55772.4   -3717.3  0.4453  4.4049  160274.5  132162.6 -194444.2
     2225.1     430.0   41081.7   58031.6   40689.1   54533.7   41650.4   53727.6   41936.3   57935.6
  114 4      3  0.5307  4.3949   39077.0   45239.7   -6586.1  0.4453  4.4049  158997.0  119525.8 -197313.0
     4236.7     844.7   38746.3   49547.1   37841.9   42057.8   39618.2   41146.7   40423.5   49344.6
vertex track :         46   3 111    4233693 -1.4797  1.1499  158901.2  138864.2     271.2   211   459.8
  112 4      1 -1.4410  1.2906   40901.2   55827.8   -2502.7 -1.5106  1.1413  163280.9  136941.1 -193255.7
      208.2      31.8   40724.9   55943.0   40732.5   55936.2   41286.1   55923.9   40767.3   55990.4
  113 4      2 -1.2886  1.2281   43695.1   58266.9   -3326.5 -1.5106  1.1413  164525.3  136001.0 -194079.5
      292.5      80.1   43428.1   58410.7   43581.0   58265.0   44170.8   58334.3   43538.6   58526.7
  114 4      3 -1.4319  1.1745   47393.7   52647.8   -6350.7 -1.5106  1.1413  169093.6  132549.6 -197103.6
      539.3     169.2   46869.4   52859.0   47402.6   52421.6   48126.5   52647.8   47084.0   53120.6
vertex track :         68   3 112    3381170  0.2621 -0.2928  163873.9  138531.9     413.9   211   137.8
  109 4     -2  0.2637 -0.2905   44941.9   57168.3    6586.2  0.2656 -0.2893  162045.2  137407.5 -186813.5
      279.8     252.8   45317.1   57131.1   44996.4   57484.4   44776.9   57415.3   44942.8   56791.2
  110 4     -1  0.2643 -0.2914   43721.4   58850.8    3718.9  0.2656 -0.2893  161283.7  138237.0 -189680.8
      133.2     117.9   43898.2   58831.4   43774.7   58967.4   43754.9   59080.0   43723.5   58673.0
  111 4      0  0.2632 -0.2918   40557.5   59541.4    2868.8  0.2656 -0.2893  161057.9  138483.0 -190530.9
       57.4      42.8   40627.7   59527.4   40606.1   59551.4   40697.5   59765.0   40564.2   59470.1
vertex track :         83   3 112    3761987 -0.2901  1.1626  164081.5  138088.8     411.1   211   513.8
  109 4     -2 -0.2536  1.1445   41531.1   68342.5    6294.4 -0.3161  1.1609  158763.0  145582.2 -187102.3
      232.1      81.9   41400.9   68551.3   41448.1   68338.6   41871.0   68344.8   41560.8   68586.8
  110 4     -1 -0.2983  1.2887   44227.5   64777.8    3323.7 -0.3161  1.1609  159702.0  142133.6 -190073.0
      127.0      35.3   44164.5   64893.6   44159.1   64916.8   44500.2   64873.3   44233.2   64909.5
  111 4      0 -0.3465  1.1666   45552.8   65536.1    2500.7 -0.3161  1.1609  159962.1  141178.3 -190896.0
       98.2      12.6   45512.7   65626.6   45495.9   65683.4   45802.5   65656.8   45536.9   65633.8
vertex track :         90   3 112    3777919  0.6696 -2.3946  162688.1  143511.0     418.6   211   304.9
  109 4     -2  0.6803 -2.4030   46389.4   48885.8    6586.0  0.7147 -2.3927  163529.0  129413.4 -186817.7
     1113.2     353.6   47032.9   47911.0   46569.3   49548.7   45956.6   50068.3   46352.4   47718.4
  110 4     -1  0.6871 -2.3895   43909.6   56832.9    3718.7  0.7147 -2.3927  161479.7  136274.2 -189685.1
      555.7     164.9   44221.7   56344.3   44058.8   56910.7   43808.3   57529.0   43904.7   56253.2
  111 4      0  0.6822 -2.3916   40396.2   59247.3    2869.7  0.7147 -2.3927  160872.9  138305.7 -190534.1
      314.3      60.3   40540.4   58961.7   40511.3   59063.8   40462.7   59740.6   40424.4   58928.6
vertex track :        135   3 112    4300950 -2.5951 -4.0478  168692.6  144988.6     412.3     0  6952.6
  109 4     -2 -2.8462 -4.2860   31222.7   40666.8    6377.1 -2.5566 -4.1688  149866.8  120917.4 -187001.8
     1831.4      50.6   30251.8   39113.2   31680.3   41264.4   32400.8   42426.2   30167.4   39169.2
  110 4     -1 -2.5177 -3.8113   40333.1   52071.9    3325.0 -2.5566 -4.1688  157669.6  133640.8 -190053.8
      928.1      23.3   39840.9   51284.7   40335.4   52033.2   41032.8   53065.4   39802.1   51310.4
  111 4      0 -2.2354 -3.9332   43619.4   57448.6    2495.9 -2.5566 -4.1688  159789.4  137097.3 -190883.0
      692.4      13.9   43289.4   56839.7   43504.2   57217.7   44157.2   58263.5   43265.1   56853.5
