groupid:   8878, ntrk:  4
vertex track :          0   3  25     336805 -0.0899  0.5056   81849.2   84219.1     212.2    13  4172.4
   26 1      1 -0.0910  0.5052   84915.1   84503.3   -2867.5 -0.0868  0.5114   85174.8   83514.7  -32879.9
       50.6       4.2   84902.0   84552.4   84900.9   84558.9   85138.2   84664.8   84910.3   84553.9
   27 1      2 -0.0911  0.5045   84357.8   83720.7   -3716.8 -0.0868  0.5114   85248.5   83080.3  -33729.2
       59.8       6.1   84341.1   83778.5   84343.3   83766.6   84584.4   83873.4   84353.2   83780.7
   28 1      3 -0.0861  0.5059   85414.0   80558.1   -6585.7 -0.0868  0.5114   85497.5   81613.2  -36598.1
       94.0      11.1   85387.3   80648.9   85400.8   80569.8   85650.7   80677.8   85409.2   80652.7
vertex track :         26   3  25    1410334 -0.1989 -0.8725   81612.3   81215.3     211.5  2212   761.6
   26 1      1 -0.1905 -0.8785   79256.4   82406.7   -2191.4 -0.1914 -0.8890   85140.4   84172.4  -32205.7
       77.4      12.7   79252.4   82328.4   79245.2   82295.2   79470.2   82694.2   79227.6   82333.7
   27 1      2 -0.1735 -0.8554   79955.7   83445.5   -3018.5 -0.1914 -0.8890   85298.8   84907.7  -33032.8
       99.9      33.5   79968.7   83340.9   79972.0   83357.2   80152.6   83759.3   79903.1   83354.2
   28 3      3 -0.2270 -0.9344   80442.7    8294.8   -6551.6 -0.1914 -0.8890   85975.2   88048.5  -36566.0
      192.7      81.5   80476.3    8088.3   80519.7    8266.6   80618.8    8710.4   80318.0    8126.7
vertex track :         50   3  26     738281 -2.4948  0.5556   86970.0   84451.6     164.9     0   839.4
   23 3     -2 -2.5014  0.5448   72830.2    7518.7    6586.0 -2.4999  0.5530   71108.3   87492.0  -25584.2
      728.5     129.8   72090.7    7546.9   72989.1    7351.2   73777.2    7701.1   72146.0    7800.6
   24 3     -1 -2.4923  0.5596   76419.9    7341.5    3719.0 -2.4999  0.5530   78275.6   85906.6  -28451.2
      412.2      63.0   76003.9    7370.3   76285.0    7307.2   77043.5    7523.2   76031.5    7493.3
   25 1      0 -2.4930  0.5604   78626.8   84288.2    2870.7 -2.4999  0.5530   80396.5   85437.4  -29299.5
      309.7      25.5   78319.0   84331.2   78399.8   84313.0   79142.1   84455.7   78330.1   84381.0
vertex track :         78   3  26    3193890 -3.0882 -0.3549   88970.4   85677.0     110.7   211   490.9
   23 3     -2 -2.9272 -0.4311   67873.4    7026.8    6545.5 -3.0997 -0.3754   69218.5   82779.5  -25567.4
     1313.9     295.0   66616.5    6543.5   68601.5    6835.8   69337.4    7719.6   66530.5    7127.2
   24 1     -1 -2.9707 -0.3503   81066.4   84033.0    3026.7 -3.0997 -0.3754   80125.6   84100.4  -29086.2
      575.5     114.4   80508.3   83852.0   81027.5   83913.2   81831.5   84423.7   80481.5   84079.3
   25 3      0 -2.9602 -0.3042   83440.1    7710.9    2179.1 -3.0997 -0.3754   82753.2   84418.6  -29933.8
      360.4      39.0   83085.5    7635.2   83181.0    7645.0   84001.7    7996.2   83077.5    7712.9
