groupid:   8990, ntrk:  3
vertex track :          0   3  37    4258194 -0.5192  0.1510  182834.4  153034.7     228.0    13  2641.4
   38 4      1 -0.5178  0.1557   66102.4   73204.9   -2868.7 -0.5252  0.1487  185680.8  153578.0  -54886.1
       53.1       4.7   66050.1   73215.7   66043.2   73217.7   66364.1   73404.2   66052.9   73224.7
   39 4      2 -0.5178  0.1564   66117.2   72602.5   -3721.9 -0.5252  0.1487  186128.8  153451.2  -55739.3
       63.0       7.7   66054.7   72613.3   66066.5   72609.8   66389.1   72801.8   66059.1   72628.0
   40 4      3 -0.5181  0.1563   67880.1   73313.8   -6585.4 -0.5252  0.1487  187632.6  153025.4  -58602.8
       98.7      14.3   67781.4   73328.7   67861.7   73304.5   68188.2   73509.2   67789.7   73356.0
vertex track :         20   3  37    3887887  0.3180 -0.3658  184677.2  151940.5     224.2  2212   365.8
   38 4      1  0.2572 -0.3347   61689.1   72745.0   -2466.5  0.3131 -0.3733  185055.4  153938.4  -54476.1
       62.1      39.2   61758.1   72719.7   61736.4   72747.9   61830.5   72980.0   61695.9   72671.9
   39 4      2  0.2629 -0.3558   63413.7   73266.2   -3304.6  0.3131 -0.3733  184792.9  154251.2  -55314.2
      125.6     102.6   63570.8   73226.2   63476.8   73353.5   63466.7   73515.9   63405.7   73104.2
   40 4      3  0.2891 -0.3509   62137.3   73985.6   -6126.9  0.3131 -0.3733  183909.1  155304.7  -58136.5
      249.5     211.4   62459.1   73927.5   62202.5   74238.9   62025.8   74253.4   62132.7   73658.7
vertex track :        116   3  38    4729805 -1.0978 -2.7788  187887.5  158395.5     223.0   211   305.6
   35 4     -2 -1.0927 -2.7888   58749.4   61761.0    6587.5 -1.0935 -2.8463  179447.0  141809.7  -47848.9
     1692.6     469.0   58568.5   60014.0   59574.0   62580.3   59139.1   63715.3   57695.2   60356.1
   36 4     -1 -1.0681 -2.7902   61436.6   69595.8    3718.1 -1.0935 -2.8463  182584.6  149976.6  -50718.3
      854.0     224.7   61341.1   68717.9   61727.4   69727.1   61740.9   70681.0   60921.4   68878.6
   37 4      0 -1.0923 -2.7825   62755.5   72848.9    2867.8 -1.0935 -2.8463  183514.4  152396.8  -51568.6
      464.9      85.0   62664.8   72385.1   62775.1   72666.2   63055.1   73519.9   62506.5   72447.2
