groupid:    912, ntrk:  4
vertex track :          0   3 109    2621648 -0.1538 -0.0770   95369.5  105865.4     245.0    13  1324.1
  110 3      1 -0.1540 -0.0769   95692.4   27967.0   -2867.7 -0.1515 -0.0754   92800.6  106179.4 -189599.9
       19.6       4.0   95676.6   27954.6   95679.4   27956.0   95918.0   28189.3   95673.0   27961.9
  111 3      2 -0.1529 -0.0786   92907.9   28543.5   -3717.0 -0.1515 -0.0754   92929.3  106243.4 -190449.2
       25.0       9.6   92890.0   28523.6   92902.4   28529.9   93135.6   28773.4   92881.3   28540.6
  112 3      3 -0.1543 -0.0758   96577.7   30192.9   -6583.8 -0.1515 -0.0754   93363.6  106459.4 -193316.0
       41.6      18.8   96548.7   30157.7   96591.0   30178.5   96816.7   30438.0   96532.1   30191.4
vertex track :        112   3 110    2809807 -2.5386  3.1961   96346.7  104462.4     240.3     0  7021.1
  107 3     -2 -2.5488  3.1736   81162.0   49015.4    6584.5 -2.6310  3.1124   77753.4  123841.8 -183286.6
     1438.6      44.8   80226.3   50108.9   81492.6   48532.2   82305.2   48135.0   80296.1   50165.0
  108 3     -1 -2.5744  3.1585   84439.5   36403.6    3718.6 -2.6310  3.1124   85293.5  114921.9 -186152.5
      814.2      23.3   83907.0   37020.0   84395.3   36421.0   85179.5   36000.4   83943.2   37049.5
  109 3      0 -2.5554  3.1882   89677.3   35492.7    2868.0 -2.6310  3.1124   87531.5  112274.3 -187003.2
      634.6      15.2   89268.6   35978.4   89525.7   35657.6   90293.5   35220.2   89292.3   35997.3
vertex track :        118   3 110    2840340 -0.1975 -2.5564   94973.1  111573.3     253.4   211    92.1
  107 3     -2 -0.2679 -2.4944   91052.2   17114.5    6788.5 -0.1554 -2.5698   91886.6   94315.7 -183100.5
     6193.1    2237.9   92616.0   10717.8   93882.3   22509.4   89698.1   23718.7   88165.8   11195.7
  108 3     -1 -0.0736 -2.3878   95026.8   28032.7    3947.9 -0.1554 -2.5698   92328.2  101615.3 -185941.1
     3068.8    1106.1   96037.8   24931.2   96211.5   30564.5   94225.7   31341.7   93826.7   24999.4
  109 3      0 -0.1672 -2.5374   93542.2   26392.7    3122.4 -0.1554 -2.5698   92456.5  103736.8 -186766.6
     1240.7     435.9   93895.5   25126.0   94023.6   27069.2   93398.7   27866.8   93025.7   25183.3
vertex track :        170   3 110    3291112  1.0388 -2.4607   91258.9  114442.1     258.4   211   224.6
  107 3     -2  1.0489 -2.4539  100431.9   20722.7    6585.5  1.0893 -2.4543   96018.1   98382.2 -183300.3
     1800.5     585.2  101677.7   19297.1  100482.6   22093.0   99397.2   22355.8  100601.5   18837.1
  108 3     -1  1.0611 -2.4356   93592.9   24207.7    3717.8  1.0893 -2.4543   92894.2  105420.4 -186168.1
      887.6     279.0   94203.2   23505.4   93717.0   24621.4   93193.6   25117.5   93691.5   23282.5
  109 3      0  1.0505 -2.4532   95741.8   27904.0    2868.3  1.0893 -2.4543   91968.9  107505.2 -187017.5
      433.7     104.7   96008.8   27546.5   95887.9   27828.7   95686.0   28469.0   95816.4   27464.1
