groupid:   9220, ntrk:  4
vertex track :          0   3  79    2589281  0.1754 -0.5316   89608.9   96275.7     121.6    13   716.2
   80 3      1  0.1696 -0.5340   91467.9   19928.9   -2868.1  0.1828 -0.5188   90994.3   97972.5 -133180.1
       54.4       9.1   91493.0   19879.8   91495.7   19871.3   91653.0   20187.4   91475.7   19874.3
   81 3      2  0.1668 -0.5350   91882.1   19363.2   -3718.2  0.1828 -0.5188   90838.9   98413.5 -134030.3
       67.4      21.1   91922.3   19305.1   91917.2   19321.5   92052.1   19630.8   91882.1   19292.6
   82 3      3  0.1786 -0.5303   90148.0   20395.9   -6584.2  0.1828 -0.5188   90315.0   99900.3 -136896.2
      109.9      41.8   90222.7   20305.2   90190.0   20402.1   90283.4   20696.2   90143.4   20278.5
vertex track :          9   3  79    2589268 -0.7295  0.3301   89579.9   96307.1     121.6  2212   270.8
   80 3      1 -0.6779  0.2789   91201.7   17177.0   -3246.6 -0.7351  0.3204   93987.4   95372.7 -133558.6
      172.5     118.5   90997.1   17133.0   91173.7   17060.3   91615.6   17431.3   91087.3   17352.2
   81 3      2 -0.7085  0.2503   89750.6   13885.5   -4079.8 -0.7351  0.3204   94599.9   95105.8 -134391.8
      371.6     280.4   89306.8   13745.0   89858.8   13549.9   90403.7   14236.3   89493.6   14273.7
   82 3      3 -0.7069  0.3379   93030.8   16101.9   -6382.5 -0.7351  0.3204   96292.7   94367.9 -136694.5
      640.2     488.2   92242.6   15937.4   93249.4   15456.2   94028.2   16476.7   92663.7   16818.5
vertex track :        129   3  80    3259262 -3.4755 -0.3071  102071.3   97664.5     104.1   211   194.3
   77 3     -2 -3.4785 -0.2781   77653.3   17001.3    6592.7 -3.4953 -0.3167   79671.2   95932.4 -126939.2
     3996.7    1058.6   73753.6   15627.5   80991.2   16206.2   81759.4   18584.7   73584.9   17737.9
   78 3     -1 -3.4778 -0.2915   86998.5   18660.2    3717.7 -3.4953 -0.3167   89720.1   96842.8 -129814.2
     1973.7     514.7   85074.7   17982.5   88277.9   18251.0   89128.8   19547.6   84988.7   19008.2
   79 3      0 -3.4762 -0.2961   89612.7   17799.0    2868.6 -3.4953 -0.3167   92688.1   97111.7 -130663.3
      879.0     198.1   88753.6   17527.0   89775.3   17614.0   90678.2   18280.6   88720.0   17921.7
vertex track :        130   3  80    3259934 -2.8904  0.6312   97006.8   95659.3     105.8     0  1043.8
   77 3     -2 -2.9064  0.6358   77123.7   20110.8    7380.1 -2.9131  0.6012   76105.0  100385.8 -126160.9
     1030.5     147.1   76085.6   20187.3   77488.6   19880.3   78369.0   20244.9   76148.4   20474.7
   78 3     -1 -2.9173  0.7070   87779.4   17747.7    4093.8 -2.9131  0.6012   85678.3   98410.1 -129447.2
      571.0      70.4   87207.9   17813.8   87705.2   17693.3   88558.0   17892.3   87241.0   17950.6
   79 3      0 -2.8386  0.5286   90459.0   18680.7    3253.9 -2.9131  0.6012   88125.0   97905.1 -130287.1
      440.7      30.8   90020.1   18731.1   90290.5   18680.8   91105.1   18840.9   90031.4   18791.7
