groupid:   9234, ntrk:  5
vertex track :          0   3  77    6549397  0.3439  0.3278  204849.0  183964.4     136.9    13   911.6
   78 6      1  0.3436  0.3283   81131.5   22810.8   -2868.7  0.3449  0.3259  202338.0  184267.0 -129122.0
       47.0       7.1   81160.6   22848.4   81164.7   22852.4   81312.7   22983.6   81170.3   22838.2
   79 6      2  0.3420  0.3303   80229.9   21996.7   -3719.5  0.3449  0.3259  202044.5  183989.7 -129972.7
       57.6      15.9   80260.3   22048.2   80249.2   22037.5   80409.9   22155.5   80282.4   22025.3
   80 6      3  0.3443  0.3281   82139.8   21052.7   -6588.0  0.3449  0.3259  201055.1  183054.8 -132841.2
       93.3      31.4   82185.7   21139.8   82122.9   21080.0   82304.3   21175.9   82229.1   21094.3
vertex track :         28   3  77    6135288 -0.4787 -0.1068  202778.0  182868.8     137.9  2212   641.6
   78 6      1 -0.4747 -0.0729   86711.9   20829.8   -3081.7 -0.4785 -0.1124  202841.0  184503.2 -129334.2
       53.7      18.0   86661.5   20803.8   86668.1   20804.9   86971.8   21065.7   86656.1   20839.5
   79 6      2 -0.4521 -0.0638   87345.7   22505.2   -3916.2 -0.4785 -0.1124  203240.4  184597.0 -130168.8
       75.6      42.9   87276.9   22452.2   87331.6   22459.9   87624.1   22768.2   87264.9   22537.1
   80 6      3 -0.5113 -0.0828   88605.0   23303.4   -6888.9 -0.4785 -0.1124  204662.7  184931.2 -133141.4
      132.4      84.9   88487.8   23198.4   88641.9   23223.4   88931.6   23618.4   88460.7   23366.1
vertex track :        114   3  78    5700451  0.0766  0.9927  200785.5  184274.0     144.3   211   118.4
   75 6     -2  0.0824  0.9942   83371.9   28803.3    6585.1  0.0689  0.9881  202833.3  190302.2 -122770.5
      745.1     514.1   82921.1   29588.3   82815.4   28312.0   84032.8   28229.3   83945.7   29503.4
   76 6     -1  0.0782  0.9937   82165.0   26690.8    3722.6  0.0689  0.9881  202636.1  187473.7 -125633.0
      367.6     249.3   81945.4   27076.8   81904.1   26552.5   82594.8   26515.7   82442.4   27037.7
   77 6      0  0.0838  0.9916   83860.1   24972.7    2866.1  0.0689  0.9881  202577.2  186627.3 -126489.5
      161.3      94.9   83779.1   25141.4   83769.5   25028.2   84151.1   25015.0   83968.2   25125.4
vertex track :        125   3  78    5701399  2.1307  1.7709  199650.1  183710.4     143.5  2212   174.7
   75 6     -2  2.0241  1.6530   92153.7   34585.5    6555.8  2.1209  1.7541  214848.1  194623.3 -122802.3
    12332.7    4179.7   99061.9   45623.7   80382.9   30369.0   85457.5   23758.9  104349.5   39149.1
   76 6     -1  2.0052  1.6344   86491.0   29809.5    3943.8  2.1209  1.7541  209308.4  190041.6 -125414.3
     6440.0    2181.0   90105.0   35568.8   80542.2   27774.6   83089.0   24261.8   92860.8   32187.6
   77 6      0  2.3757  1.8523   83534.3   28547.8    3110.8  2.1209  1.7541  207541.6  188580.3 -126247.3
     2600.8     874.1   85047.9   30836.4   81444.7   28027.0   82233.1   26471.2   86122.8   29457.7
vertex track :        171   3  78    6331936 -3.4183  1.8899  209939.1  180175.9     128.9     0  3141.5
   75 6     -2 -3.4204  1.9108   69847.8   30544.6    6587.1 -3.4857  1.8958  189129.7  192100.9 -122732.3
     1369.5      69.9   68618.1   31151.5   70291.0   30216.9   71284.1   30149.6   68686.3   31273.6
   76 6     -1 -3.4104  1.8905   77418.1   26187.7    3717.6 -3.4857  1.8958  199131.8  186660.8 -125601.7
      782.7      35.1   76716.5   26536.5   77369.4   26174.5   78326.3   26050.8   76750.6   26597.9
   77 6      0 -3.4009  1.9125   82094.1   23669.2    2869.4 -3.4857  1.8958  202088.2  185052.9 -126449.9
      611.5      18.3   81552.2   23952.9   81904.0   23755.1   82842.7   23597.3   81570.1   23984.8
