groupid:   9444, ntrk:  7
vertex track :          0   3  87    3254954  0.2697 -0.3461  198898.8   83124.3     199.0    13   615.3
   88 2      1  0.2721 -0.3434   76532.2   85130.5   -2870.0  0.2692 -0.3526  197752.9   85765.7 -148414.7
       44.7       9.7   76567.6   85101.4   76569.2   85099.4   76707.1   85369.1   76552.4   85089.4
   89 4      2  0.2713 -0.3439   77297.7    6759.6   -3719.9  0.2692 -0.3526  197524.1   86065.4 -149264.6
       57.2      23.1   77351.3    6728.9   77337.4    6746.6   77454.4    6999.8   77315.0    6700.3
   90 4      3  0.2704 -0.3442   76067.2    7662.1   -6586.7  0.2692 -0.3526  196752.5   87076.1 -152131.5
       94.9      45.5   76161.6    7615.7   76101.2    7692.6   76183.1    7918.3   76090.1    7559.4
vertex track :         34   3  87    3235433 -0.6917 -2.0557  197274.6   80233.0     200.6   211   302.8
   88 4      1 -0.6970 -1.9840   78361.4    7676.8   -2789.5 -0.6854 -2.1145  199007.9   88017.3 -148334.3
      298.8      66.1   78324.7    7373.0   78376.4    7520.2   78607.3    8188.7   78200.0    7416.8
   89 4      2 -0.7266 -2.2589   78470.4    8503.4   -3609.6 -0.6854 -2.1145  199570.0   89751.5 -149154.5
      496.3     163.4   78474.0    7980.9   78625.4    8451.4   78676.1    9233.6   78162.9    8081.0
   90 4      3 -0.8765 -2.0576   82442.6   14638.6   -6506.1 -0.6854 -2.1145  201555.1   95875.9 -152050.9
      934.6     329.1   82379.1   13649.7   82927.6   14937.3   82715.2   15835.3   81773.5   13907.7
vertex track :         81   3  88    2138450 -2.6939  0.2175  202435.0   83885.8     195.9   211   551.3
   85 2     -2 -2.7018  0.2246   65066.6   84905.2    6585.8 -2.6912  0.2021  185469.4   85974.1 -141769.8
      929.1     213.7   64123.0   84769.2   65407.5   84662.5   66217.6   85251.4   64158.4   85195.1
   86 4     -1 -2.6951  0.2188   72647.0    6537.7    3715.5 -2.6912  0.2021  193193.9   85393.9 -144640.1
      503.1     102.9   72137.2    6475.8   72574.1    6440.4   73364.0    6809.7   72153.9    6680.9
   87 2      0 -2.6971  0.2120   74910.3   83818.6    2866.0 -2.6912  0.2021  195480.2   85222.2 -145489.6
      345.6      39.9   74562.6   83806.0   74685.3   83796.3   75465.3   84041.5   74568.9   83885.5
vertex track :         99   3  88    2614354 -1.0448  0.8607  200971.0   81858.2     195.0     0  1618.8
   85 4     -2 -0.9346  0.7552   73972.8    8926.9    6428.0 -1.0466  0.8738  194665.9   88032.8 -141923.8
      245.4      33.3   73761.0    9055.2   73946.5    8905.3   74393.7    9009.3   73802.9    9107.1
   86 2     -1 -1.1276  0.7995   75916.4   83829.6    3605.7 -1.0466  0.8738  197619.6   85566.7 -144746.1
      149.9      16.4   75784.6   83902.9   75792.4   83897.4   76257.1   83967.1   75803.6   83929.7
   87 2      0 -1.1572  0.8859   77273.9   84688.5    2786.3 -1.0466  0.8738  198477.3   84850.6 -145565.5
      124.6       8.2   77170.0   84757.7   77124.8   84792.3   77586.7   84830.2   77180.0   84770.8
vertex track :        124   3  88    3162381  2.5246  3.3174  194545.7   79825.6     204.8   211   231.0
   85 4     -2  2.5356  3.3203   91457.4   21664.4    6586.6  2.5517  3.4621  211011.6  102538.1 -141753.8
     4811.8    1067.2   93529.6   26136.3   88221.3   19185.2   89597.7   17405.8   95225.9   24840.9
   86 4     -1  2.5270  3.3186   83613.6   13774.8    3714.8  2.5517  3.4621  203683.7   92595.8 -144625.6
     2352.7     512.1   84631.5   15956.9   82311.5   12910.1   82808.2   11806.0   85446.3   15336.4
   87 4      0  2.5213  3.3174   81898.4    9752.0    2867.3  2.5517  3.4621  201520.9   89661.5 -145473.2
     1062.7     193.9   82387.0   10715.3   81630.5    9719.9   81622.2    9001.9   82695.8   10480.7
vertex track :        132   3  88    3180690 -0.1696 -0.5172  198743.0   85351.1     199.9  2212   207.4
   85 2     -2 -0.1920 -0.5018   76857.3   82470.0    6437.4 -0.1617 -0.5143  197921.2   82917.9 -141910.2
      761.1     663.7   77205.1   81522.0   77708.8   82838.3   76719.2   83627.6   75965.4   81996.4
   86 2     -1 -0.1728 -0.5306   77029.4   82234.2    3612.7 -0.1617 -0.5143  198378.0   84370.6 -144735.0
      365.5     317.1   77217.7   81788.5   77407.8   82372.0   77050.8   82889.3   76614.7   81984.9
   87 2      0 -0.1840 -0.5146   77630.4   84216.3    2790.8 -0.1617 -0.5143  198510.9   84793.3 -145556.8
      144.4     119.7   77694.5   84039.9   77753.1   84203.9   77776.2   84602.0   77469.1   84120.5
vertex track :        157   3  88    5466425 -4.0388 -3.4938  208652.7   92648.8     134.2   211     nan
   85 2     -2 -4.0473 -3.4952   62573.0   69803.0    6588.1 -3.9825 -3.4552  183134.5   71137.0 -141722.5
        nan       nan      -nan       nan       nan       nan       nan       nan       nan       nan
   86 2     -1 -4.0281 -3.5062   73587.9   80793.8    3718.5 -3.9825 -3.4552  194562.7   81052.0 -144592.1
        nan       nan      -nan       nan       nan       nan       nan       nan       nan       nan
   87 2      0 -4.0379 -3.4954   77330.4   82230.3    2872.9 -3.9825 -3.4552  197930.0   83973.5 -145437.6
        nan       nan      -nan       nan       nan       nan       nan       nan       nan       nan
