groupid:   9692, ntrk:  2
vertex track :          0   3  81    5480758  0.2942 -0.2838   72752.7  183853.3     141.1    13  1406.5
   82 5      1  0.2985 -0.2794   69010.8   22790.5   -2868.9  0.2997 -0.2791   69160.9  184202.2 -137090.8
       40.5       4.9   69043.7   22766.4   69047.3   22763.1   69188.2   23024.3   69037.0   22759.3
   83 5      2  0.2948 -0.2832   71227.7   23588.7   -3718.6  0.2997 -0.2791   68906.3  184439.4 -137940.5
       48.8      10.3   71270.0   23562.3   71261.5   23570.5   71395.7   23824.8   71255.8   23547.5
   84 5      3  0.2941 -0.2806   70368.0   24797.6   -6585.7  0.2997 -0.2791   68047.0  185239.7 -140807.6
       78.2      20.1   70438.4   24758.2   70387.1   24807.2   70507.8   25046.7   70410.6   24729.1
vertex track :         29   3  81    5266304 -0.1326  2.3089   71972.7  187738.4     146.3     0   770.7
   82 5      1 -0.0710  2.3496   73449.0   23160.6   -2732.5 -0.1724  2.3112   69713.5  180582.2 -136962.4
      279.1      26.3   73414.3   23438.8   73416.2   23374.3   73693.6   23094.8   73466.8   23440.3
   83 5      2 -0.0222  2.2362   72458.8   19491.5   -3547.8 -0.1724  2.3112   69854.0  178698.0 -137777.7
      365.6      62.9   72392.3   19856.5   72394.9   19594.9   72735.3   19338.8   72518.1   19857.7
   84 5      3 -0.0492  2.4444   74275.1   11473.1   -6698.7 -0.1724  2.3112   70397.1  171415.5 -140928.5
      662.8     133.7   74128.1   12133.0   74144.5   11321.1   74632.1   11025.6   74395.5   12138.4
