groupid:    987, ntrk:  3
vertex track :          0   3  43    1325104 -0.1228 -0.2504  182371.7   39445.5     195.5    13  2364.8
   44 2      1 -0.1206 -0.2512   64069.5   40821.8   -2868.0 -0.1186 -0.2490  184126.7   42179.6  -65683.9
       28.8       3.1   64059.8   40794.5   64059.4   40793.7   64289.1   41058.9   64054.2   40797.1
   45 2      2 -0.1204 -0.2516   63266.2   40981.4   -3718.4 -0.1186 -0.2490  184227.6   42391.4  -66534.3
       34.7       6.1   63256.7   40947.5   63261.4   40957.3   63485.6   41225.1   63245.8   40952.8
   46 2      3 -0.1201 -0.2505   62817.2   41617.6   -6587.7 -0.1186 -0.2490  184567.9   43105.9  -69403.6
       55.5      11.7   62803.8   41562.4   62826.6   41609.9   63040.6   41882.4   62782.7   41572.6
vertex track :         19   3  43    1766613  1.0972 -0.6346  185758.3   38369.2     191.3  2212   456.5
   44 2      1  1.0874 -0.6442   60370.4   41190.9   -3078.6  1.1067 -0.6191  183546.7   42404.2  -65890.9
      163.0      59.4   60540.9   41158.9   60488.8   41189.8   60411.0   41432.3   60480.3   41056.7
   45 2      2  1.1091 -0.6031   59528.7   39414.2   -3911.3  1.1067 -0.6191  182625.1   42919.7  -66723.6
      276.4     141.7   59839.2   39406.7   59586.5   39544.1   59429.3   39631.1   59703.8   39157.7
   46 2      3  1.1153 -0.6574   58224.4   41524.1   -7004.8  1.1067 -0.6191  179201.5   44835.1  -69817.1
      523.3     285.1   58820.0   41504.0   58152.6   41897.4   57839.9   41753.6   58530.4   41012.8
vertex track :         65   3  43    2428405  4.0635 -1.3300  184740.0   38722.3     188.5   211   555.2
   44 2      1  4.0708 -1.2984   53511.0   43355.6   -2868.1  4.0857 -1.2826  173653.7   44641.3  -65677.5
      873.3      89.1   54370.1   43175.1   53561.0   43433.2   52866.0   43744.8   54316.0   43005.3
   45 2      2  4.0758 -1.2900   49214.7   44350.4   -3717.2  4.0857 -1.2826  170184.6   45730.4  -66526.6
     1369.2     218.6   50586.0   44145.7   48831.2   44701.1   48057.4   44763.9   50454.1   43728.9
   46 2      3  4.0848 -1.2930   35712.0   48254.6   -6586.5  4.0857 -1.2826  158461.2   49410.7  -69395.9
     2520.1     432.9   38245.3   47906.8   34297.8   49156.3   33392.8   48811.1   37984.0   47081.4
