groupid:   9851, ntrk:  2
vertex track :          0   3  59    5102001 -0.0664 -0.0699  202924.0  202183.4     167.8    13  1837.1
   60 6      1 -0.0668 -0.0694   82051.2   40981.9   -2867.1 -0.0706 -0.0731  201295.9  203596.9  -95466.2
       13.8       2.7   82043.6   40970.1   82048.6   40975.4   82268.7   41203.6   82039.7   40973.9
   61 6      2 -0.0668 -0.0694   81880.7   41055.3   -3717.0 -0.0706 -0.0731  201355.9  203659.0  -96316.1
       17.9       6.6   81873.0   41037.8   81883.8   41049.0   82098.3   41282.7   81863.5   41046.9
   62 6      3 -0.0667 -0.0696   81601.0   41454.6   -6587.4 -0.0706 -0.0731  201558.7  203868.9  -99186.5
       30.7      13.1   81589.2   41423.4   81617.7   41453.1   81822.7   41695.8   81570.3   41441.5
vertex track :         45   3  59    5789227  0.5722  0.0393  203137.7  202218.1     164.7   211   376.3
   60 6      1  0.5906 -0.0126   82503.5   41349.5   -2902.0  0.5691  0.0383  199550.8  203292.9  -95496.9
       59.0      17.6   82562.8   41365.8   82568.9   41365.7   82654.7   41543.2   82562.1   41330.7
   61 6      2  0.6132  0.0775   82213.6   41717.9   -3719.0  0.5691  0.0383  199085.8  203261.6  -96313.9
       81.2      42.4   82288.8   41770.2   82256.4   41766.1   82348.9   41875.7   82299.5   41686.0
   62 6      3  0.5295  0.0445   77947.5   42922.3   -6587.7  0.5691  0.0383  197453.1  203151.6  -99182.6
      140.5      84.2   78080.5   43018.1   77911.6   43003.8   78025.1   43036.7   78094.6   42850.2
