groupid:   9845, ntrk:  4
vertex track :          0   3  55    3553092  0.3038  0.4963   43883.6  131224.5     215.1    13   890.2
   56 3      1  0.3033  0.4957   44420.2   51767.6   -2868.3  0.2969  0.4908   42912.3  129876.3  -88251.2
       57.1       8.1   44443.1   51820.5   44447.2   51827.2   44607.7   51925.1   44457.0   51812.0
   57 3      2  0.3028  0.4960   43740.9   50025.1   -3716.2  0.2969  0.4908   42660.5  129460.1  -89099.2
       69.5      17.9   43761.8   50093.7   43753.0   50079.3   43930.3   50166.9   43792.4   50075.0
   58 3      3  0.3020  0.4971   43623.9   49455.0   -6585.4  0.2969  0.4908   41808.7  128051.8  -91968.4
      111.2      35.0   43651.7   49568.3   43599.6   49482.6   43806.4   49552.3   43711.6   49531.9
vertex track :          9   3  55    2693586 -0.5895  0.2538   41468.6  130566.4     219.0  2212   802.6
   56 3      1 -0.5965  0.2172   42477.6   51081.7   -2829.7 -0.5949  0.2465   43228.7  129972.7  -88221.1
       63.4      13.2   42413.6   51090.9   42407.4   51093.2   42751.1   51282.6   42422.6   51115.7
   57 3      2 -0.5949  0.2261   42225.7   51623.2   -3664.8 -0.5949  0.2465   43725.4  129766.9  -89056.2
       81.1      31.3   42138.8   51622.7   42165.4   51612.6   42522.0   51833.8   42161.0   51681.2
   58 3      3 -0.5541  0.2397   43740.4   50159.6   -6654.4 -0.5949  0.2465   45503.8  129030.1  -92045.8
      136.9      63.3   43589.6   50155.9   43724.6   50097.5   44100.6   50373.5   43639.8   50272.0
vertex track :         39   3  55    3128964 -3.4222  0.5202   39022.8  131139.7     222.0     0 10001.0
   56 3      1 -3.4138  0.5235   50044.9   51629.2   -2869.3 -3.4442  0.4993   49604.0  129739.4  -88264.6
      551.2      15.0   49497.7   51697.9   49870.6   51640.7   50798.6   51771.0   49502.3   51727.6
   57 3      2 -3.4154  0.5177   52442.9   49871.9   -3724.5 -3.4442  0.4993   52549.5  129312.4  -89119.7
      684.7      20.6   51762.9   49954.2   52399.5   49857.7   53329.5   50000.1   51769.0   49994.9
   58 3      3 -3.4161  0.5085   63551.4   49240.3   -6586.2 -3.4442  0.4993   62405.8  127883.5  -91981.4
     1144.9      36.4   62413.6   49372.9   63961.1   49142.5   64895.8   49318.3   62424.4   49444.9
vertex track :         99   3  56    3153238  1.0562 -0.3120   43462.7  130516.1     218.8  2212   630.0
   53 3     -2  1.0582 -0.3128   50427.9   48976.7    6584.3  1.0552 -0.3122   49383.0  128316.6  -81644.5
      261.1     122.1   50712.9   49019.8   50434.3   49102.1   50353.9   49143.2   50643.6   48785.5
   54 3     -1  1.0552 -0.3179   46100.9   50730.0    3720.2  1.0552 -0.3122   46360.8  129210.9  -84508.7
      146.0      58.7   46257.7   50744.1   46199.7   50761.6   46155.3   50925.6   46223.8   50631.7
   55 3      0  1.0568 -0.3151   45350.7   50562.9    2868.3  1.0552 -0.3122   45461.9  129476.9  -85360.6
      104.1      22.6   45456.8   50554.8   45479.3   50548.1   45455.5   50780.6   45443.9   50511.4
