groupid:   9833, ntrk:  4
vertex track :          0   3  89    5038566 -0.1636 -0.1731  191776.1  109239.9     175.0    13 10000.6
   90 4      1 -0.1640 -0.1728   71218.8   30538.6   -2869.7 -0.1618 -0.1716  191709.3  109603.5 -152026.0
       25.0       1.9   71203.0   30519.1   71202.9   30519.1   71444.4   30767.9   71200.2   30521.8
   91 4      2 -0.1651 -0.1718   72554.3   30177.1   -3717.0 -0.1618 -0.1716  191846.5  109748.9 -152873.3
       29.8       2.7   72535.6   30153.7   72542.2   30160.7   72782.8   30410.3   72531.7   30157.5
   92 4      3 -0.1647 -0.1730   71275.5   30285.1   -6581.8 -0.1618 -0.1716  192310.1  110240.5 -155738.1
       47.7       4.9   71246.1   30247.2   71277.3   30279.9   71514.7   30532.8   71239.1   30253.9
vertex track :         54   3  89    5508031  3.4854 -0.5395  195882.9  108646.6     166.3     0  5247.1
   90 4      1  3.4486 -0.3713   67008.0   31313.6   -2920.8  3.5285 -0.5247  184460.7  110126.6 -152073.8
      568.6      16.3   67575.1   31268.9   67168.6   31312.7   66654.4   31567.8   67571.6   31236.5
   91 4      2  3.5621 -0.4769   62254.6   30857.1   -3756.1  3.5285 -0.5247  181513.6  110564.9 -152909.0
      705.2      25.3   62956.9   30788.6   62307.1   30875.6   61765.9   31135.1   62950.2   30738.5
   92 4      3  3.7733 -0.2168   53511.6   32510.1   -6953.2  3.5285 -0.5247  170232.5  112242.4 -156106.1
     1240.8      49.2   54753.2   32488.0   53068.0   32584.8   52483.8   32741.9   54747.6   32389.8
vertex track :        105   3  90    4828782 -3.3225 -0.1797  198199.1  110104.7     175.6     0  3555.7
   87 4     -2 -3.3181 -0.1662   57676.2   28906.1    6585.4 -3.3545 -0.1811  177368.8  108770.6 -145474.4
     1017.3      51.7   56662.8   28803.6   57998.0   28870.4   58896.3   29218.4   56657.6   28906.8
   88 4     -1 -3.3270 -0.1618   65439.5   30358.0    3717.2 -3.3545 -0.1811  186989.8  109290.1 -148342.5
      584.8      26.1   64856.6   30303.4   65326.3   30326.3   66229.1   30622.3   64854.1   30355.7
   89 4      0 -3.3244 -0.1699   69050.3   30437.0    2867.5 -3.3545 -0.1811  189840.3  109444.0 -149192.3
      460.7      14.5   68591.0   30399.0   68813.0   30410.3   69716.3   30684.9   68589.5   30428.0
vertex track :        154   3  90    5296528  0.0695 -3.3239  190813.4  115360.1     187.9   211   476.4
   87 4     -2 -0.1504 -3.2681   70649.5   15018.8    6495.3  0.0720 -3.3186  191886.4   94241.5 -145585.7
     1503.0     327.1   70907.2   13502.4   71013.8   15818.9   70601.7   16742.0   70253.7   13532.5
   88 4     -1  0.0565 -3.7450   69900.6   24608.8    3744.6  0.0720 -3.3186  191688.2  103370.0 -148336.4
      806.3     161.6   70074.4   23805.0   70061.9   24630.9   69936.9   25618.8   69751.2   23800.1
   89 4      0  0.2555 -3.4134   69355.5   26439.0    2921.5  0.0720 -3.3186  191628.9  106101.2 -149159.4
      512.3      63.1   69456.7   25932.8   69433.9   26237.7   69464.6   27151.7   69330.8   25923.4
