groupid:   9995, ntrk:  5
vertex track :          0   3 105    2690266 -0.0081 -0.2802   71655.9  134067.5     185.9    13   882.8
  106 3      1 -0.0107 -0.2802   73781.2   56238.4   -2868.6 -0.0094 -0.2832   70182.5  134658.2 -181901.7
       29.4       6.2   73786.2   56208.8   73786.2   56208.8   73986.1   56477.8   73773.9   56209.3
  107 3      2 -0.0108 -0.2801   74748.2   58693.0   -3717.7 -0.0094 -0.2832   70190.5  134898.7 -182750.9
       37.4      14.7   74761.5   58655.0   74762.1   58671.0   74945.0   58940.7   74732.1   58656.1
  108 3      3 -0.0087 -0.2802   70696.2   55806.7   -6585.6 -0.0094 -0.2832   70217.5  135710.8 -185618.8
       62.1      29.1   70723.3   55743.7   70725.4   55809.1   70879.1   56079.4   70665.2   55745.5
vertex track :         66   3 105    3335769 -2.7003  0.4233   66473.1  135565.9     190.5     0   709.7
  106 3      1 -2.7135  0.4066   74111.3   54659.4   -3124.9 -2.7335  0.4161   74002.6  133891.2 -182172.0
      412.4      41.9   73697.2   54679.1   73943.1   54642.2   74732.7   54850.2   73709.7   54762.0
  107 3      2 -2.7756  0.5449   74322.7   55032.8   -3953.2 -2.7335  0.4161   76266.7  133546.6 -183000.3
      553.5      96.6   73760.9   55044.6   74264.4   54945.8   75091.7   55231.5   73798.2   55234.2
  108 3      3 -2.6291  0.4238   85950.9   57320.7   -6865.2 -2.7335  0.4161   84226.7  132335.1 -185912.4
      951.5     187.4   84981.7   57287.1   86308.4   57073.3   87127.5   57564.7   85041.3   57657.2
vertex track :        101   3 106    2685801 -1.9389  0.2264   76531.1  134363.4     170.1   211   623.0
  103 3     -2 -1.9455  0.2129   62657.5   56599.0    6585.9 -1.9650  0.2030   60735.9  135226.9 -175556.3
      496.3     124.6   62150.6   56529.2   62728.8   56465.9   63372.5   56879.1   62177.7   56776.9
  104 3     -1 -1.9378  0.2236   67041.0   56912.2    3716.7 -1.9650  0.2030   66373.7  134644.4 -178425.5
      281.9      60.3   66754.0   56884.6   66907.2   56866.9   67536.1   57150.0   66767.9   57004.4
  105 3      0 -1.9380  0.2169   68744.4   56077.5    2867.8 -1.9650  0.2030   68041.6  134472.1 -179274.3
      210.7      24.0   68532.3   56077.1   68544.1   56075.7   69164.5   56288.1   68537.6   56124.7
vertex track :        123   3 106    2893455 -3.6552  0.8441   73394.8  135182.9     174.8     0  4442.6
  103 3     -2 -4.0299  0.7280   49847.1   62869.6    6450.4 -3.6921  0.7942   47006.5  139689.9 -175698.7
     1228.4      50.6   48629.3   63038.1   50200.7   62754.2   51270.9   62911.8   48647.3   63137.8
  104 3     -1 -3.4961  0.8266   61529.6   59915.6    3936.5 -3.6921  0.7942   56288.5  137693.2 -178212.6
      756.8      28.2   60786.7   60062.2   61525.4   59887.6   62479.1   59979.7   60799.7   60117.1
  105 3      0 -3.4152  0.9733   63418.2   59710.1    3115.8 -3.6921  0.7942   59318.3  137041.4 -179033.3
      605.6      17.0   62831.1   59859.7   63278.8   59732.1   64211.9   59771.4   62840.4   59892.4
vertex track :        175   3 106    3338845  3.8419 -0.8334   63546.4  136706.2     186.7     0 10001.0
  103 3     -2  3.8483 -0.8188   86473.5   52307.6    6586.1  3.8589 -0.7922   84959.4  131042.5 -175582.0
     1353.1      38.7   87805.0   52063.9   85966.3   52455.1   85355.8   52760.5   87788.9   51988.1
  104 3     -1  3.8399 -0.8306   76899.0   55057.2    3717.5  3.8589 -0.7922   73889.7  133315.0 -178450.6
      771.8      20.7   77657.7   54914.3   76955.5   55066.2   76354.2   55409.3   77648.9   54873.8
  105 3      0  3.8461 -0.8177   73817.4   55112.3    2868.0  3.8589 -0.7922   70611.6  133988.0 -179300.1
      605.3      14.5   74412.5   55000.7   74036.0   55080.7   73436.2   55433.2   74406.5   54972.2
