groupid:  10182, ntrk: 23
vertex track :          0   3  89   11474896  0.1197 -0.3664  211685.1  176906.6     357.0    13  1395.8
   90 6      1  0.1202 -0.3674   90496.5   15995.2   -2867.9  0.1246 -0.3668  206589.6  177560.2 -150250.0
       40.1       5.2   90513.9   15958.7   90514.2   15957.8   90689.2   16241.4   90504.0   15955.5
   91 6      2  0.1208 -0.3668   90490.1   22683.9   -3718.1  0.1246 -0.3668  206483.6  177872.0 -151100.1
       48.3      10.8   90515.4   22641.4   90510.6   22656.2   90674.8   22936.1   90494.9   22634.7
   92 6      3  0.1204 -0.3667   90512.4   23075.5   -6587.3  0.1246 -0.3668  206126.0  178924.5 -153969.4
       76.5      20.7   90555.9   23009.2   90533.4   23077.6   90679.0   23351.4   90516.7   22996.3
vertex track :          3   3  89   11474942  1.0252 -0.5064  213443.0  176664.9     355.0   211     nan
   90 6      1  0.9750 -0.5693   90365.7   20104.2   -2897.8  1.0424 -0.5050  205381.3  177782.0 -150278.2
        nan       nan      -nan       nan       nan       nan       nan       nan       nan       nan
   91 6      2  1.0221 -0.5571   90253.7   23865.7   -3724.6  1.0424 -0.5050  204519.5  178199.6 -151105.0
        nan       nan      -nan       nan       nan       nan       nan       nan       nan       nan
   92 6      3  1.0561 -0.4786   86542.6   25719.2   -6807.3  1.0424 -0.5050  201306.3  179756.4 -154187.6
        nan       nan      -nan       nan       nan       nan       nan       nan       nan       nan
vertex track :         27   3  89   11622885 -1.5714  1.2572  208776.5  179769.8     360.8     0 10001.0
   90 6      1 -1.5730  1.2611   92493.0   14152.8   -2868.1 -1.5997  1.2510  209187.4  175193.4 -150251.5
      242.9      10.4   92297.1   14296.6   92345.7   14257.6   92897.4   14220.3   92310.0   14312.8
   91 6      2 -1.5748  1.2490   93878.7   19504.6   -3715.5 -1.5997  1.2510  210542.9  174133.4 -151098.9
      292.2      13.6   93641.2   19675.6   93768.5   19574.7   94324.5   19545.0   93658.2   19696.9
   92 6      3 -1.5762  1.2555   99016.4   14992.4   -6586.5 -1.5997  1.2510  215135.6  170541.8 -153969.9
      469.5      23.6   98634.5   15266.4   99038.0   14945.1   99606.8   14929.5   98663.9   15303.3
vertex track :         39   3  89   12473751 -0.8001 -0.0690  211005.0  177127.1     356.8     0 10001.0
   90 6      1 -0.8047  0.0079   93123.5   19261.6   -2895.2 -0.8087 -0.0714  208931.2  176828.3 -150276.8
       80.5       5.7   93042.9   19256.8   93035.0   19256.9   93413.3   19476.5   93043.1   19268.1
   91 6      2 -0.7654 -0.1817   94503.9   22737.1   -3721.2 -0.8087 -0.0714  209599.2  176887.2 -151102.8
       94.2       7.3   94414.0   22708.2   94436.5   22713.6   94803.1   22975.7   94410.6   22722.4
   92 6      3 -0.7684 -0.1202   96192.0   23284.4   -6762.8 -0.8087 -0.0714  212058.8  177104.3 -154144.5
      149.3      12.8   96046.5   23248.6   96180.1   23269.5   96546.7   23530.0   96042.5   23274.0
vertex track :         41   3  89   12474092 -0.7858 -1.7498  210460.4  174660.9     354.9   211   164.4
   90 6      1 -0.7835 -1.7513   91912.0   17744.3   -2869.2 -0.7792 -1.7533  208286.4  179783.9 -150251.0
      375.2     138.4   91885.1   17345.3   92027.0   17662.4   92148.0   18351.5   91632.4   17458.3
   91 6      2 -0.7822 -1.7555   92628.2   25578.7   -3719.1 -0.7792 -1.7533  208948.6  181273.9 -151100.8
      775.7     335.9   92619.3   24733.5   93086.5   25781.8   92846.3   26632.1   92005.7   25006.9
   92 6      3 -0.7811 -1.7515   95424.9   30212.9   -6585.8 -0.7792 -1.7533  211182.4  186300.3 -153967.6
     1478.7     653.4   95419.4   28596.3   96459.9   30929.5   95639.6   32037.8   94225.9   29128.6
vertex track :         58   3  89   13213406 -3.9272 -2.9799  199203.5  169283.2     354.1     0  6248.2
   90 6      1 -3.8512 -3.2387   90229.3   19706.3   -2900.5 -3.9395 -3.0435  207299.3  178586.1 -150290.3
     1072.6      23.2   89423.3   18998.2   90256.4   19698.8   91241.5   20621.1   89393.5   19033.6
   91 6      2 -3.6713 -2.6785   94348.2   25751.2   -3721.0 -3.9395 -3.0435  210531.5  181083.1 -151110.7
     1328.5      35.6   93296.0   24939.5   94671.4   25943.0   95606.8   26770.2   93254.0   24996.9
   92 6      3 -4.2843 -3.2360  104839.0   34803.1   -6741.7 -3.9395 -3.0435  222431.7  190276.6 -154131.4
     2277.6      66.3  103061.6   33377.5  105796.7   35443.4  106822.2   36435.5  102981.7   33483.3
vertex track :         93   3  89   13418779  1.8245  1.9712  214570.2  181266.6     361.5     0 10001.0
   90 6      1  1.8178  1.9761   88457.7   13551.6   -2867.7  1.8239  1.9696  203978.6  174379.8 -150250.9
      376.5      12.8   88703.2   13837.3   88575.2   13698.2   88424.1   13477.9   88722.0   13820.0
   91 6      2  1.8179  1.9835   87035.6   18312.2   -3717.8  1.8239  1.9696  202428.0  172705.4 -151101.0
      459.3      17.0   87333.4   18662.3   87094.5   18401.7   86949.7   18174.1   87358.5   18639.3
   92 6      3  1.8161  1.9741   81806.0   11487.6   -6590.5  1.8239  1.9696  197188.5  167047.4 -153973.7
      750.6      29.6   82292.5   12060.1   81657.4   11369.8   81531.4   11127.1   82336.1   12020.0
vertex track :        115   3  89   13651506  0.8310  3.6484  213632.3  188468.1     370.9     0   899.1
   90 6      1  0.7544  3.5896   90969.7   19740.9   -2900.2  0.7915  3.6299  206256.1  176080.9 -150280.2
      686.1      50.5   91061.4   20422.7   90937.6   19833.7   91088.7   19272.7   91160.1   20402.0
   91 6      2  0.7438  3.5978   90960.2   20037.8   -3726.1  0.7915  3.6299  205602.4  173082.9 -151106.1
      923.4     116.3   91033.3   20965.6   90815.6   19912.6   91097.9   19323.5   91261.0   20918.5
   92 6      3  0.8089  3.6416   88071.8   10051.3   -6792.3  0.7915  3.6299  203175.7  161953.0 -154172.3
     1640.9     232.3   88200.8   11703.5   87659.0    9264.5   88153.6    8612.7   88654.5   11602.8
vertex track :        118   3  90   10690936 -1.5472  1.6859  214192.8  171635.6     151.2     0  2480.6
   87 6     -2 -1.5459  1.6898   81613.4   27740.3    6586.3 -1.5714  1.6926  200377.1  183273.6 -143487.2
      540.2      43.1   81216.9   28109.7   81621.6   27667.4   82218.3   27582.5   81280.6   28168.0
   88 6     -1 -1.5572  1.6984   87316.9   20677.8    3715.7 -1.5714  1.6926  204888.1  178414.8 -146357.9
      319.4      21.7   87085.1   20898.5   87189.7   20784.4   87757.1   20668.8   87117.0   20927.8
   89 6      0 -1.5450  1.7185   90112.2   20694.8    2870.3 -1.5714  1.6926  206216.6  176983.8 -147203.3
      257.6      11.6   89931.3   20878.6   89951.3   20856.4   90501.5   20722.7   89948.6   20894.2
vertex track :        129   3  90   10741342 -1.4242  0.4333  211717.9  176021.1     159.1   211     nan
   87 6     -2 -1.2997  0.4675   83572.2   24828.2    6914.5 -1.4438  0.4396  198218.0  179748.1 -143166.2
        nan       nan      -nan       nan       nan       nan       nan       nan       nan       nan
   88 6     -1 -1.3751  0.5076   88237.6   20547.0    3769.2 -1.4438  0.4396  202759.2  178365.4 -146311.6
        nan       nan      -nan       nan       nan       nan       nan       nan       nan       nan
   89 6      0 -1.4082  0.3900   87379.0   17657.4    2881.2 -1.4438  0.4396  204041.3  177975.0 -147199.6
        nan       nan      -nan       nan       nan       nan       nan       nan       nan       nan
vertex track :        131   3  90   10741818  1.7219  1.8507  209486.5  175348.1     158.2   211     nan
   87 6     -2  1.7348  1.8484   99524.9   32542.4    6573.6  1.7334  1.8392  216836.0  187914.9 -143507.7
        nan       nan      -nan       nan       nan       nan       nan       nan       nan       nan
   88 6     -1  1.8439  1.8613   94905.9   24945.6    3717.5  1.7334  1.8392  211885.3  182662.0 -146363.8
        nan       nan      -nan       nan       nan       nan       nan       nan       nan       nan
   89 6      0  1.6631  1.8529   94865.3   24849.1    2867.0  1.7334  1.8392  210411.0  181097.8 -147214.3
        nan       nan      -nan       nan       nan       nan       nan       nan       nan       nan
vertex track :        136   3  90   10743156  1.3459  0.3496  210150.3  176516.4     158.0   211     nan
   87 6     -2  1.2822  0.6165  100316.5   24460.5    7016.6  1.3593  0.3427  215706.3  179631.1 -143063.7
        nan       nan      -nan       nan       nan       nan       nan       nan       nan       nan
   88 6     -1  1.4165  0.3111   97009.8   20751.5    3750.8  1.3593  0.3427  211267.2  178512.0 -146329.6
        nan       nan      -nan       nan       nan       nan       nan       nan       nan       nan
   89 6      0  1.4089  0.2590   93808.9   17893.1    2866.9  1.3593  0.3427  210065.7  178209.1 -147213.4
        nan       nan      -nan       nan       nan       nan       nan       nan       nan       nan
vertex track :        137   3  90   10743182  1.5796  1.1202  210105.0  176390.8     158.0     0  3620.2
   87 6     -2  1.5846  1.1128   99125.2   28527.5    6559.1  1.5925  1.1110  216531.8  184267.4 -143521.3
      413.2      28.4   99447.1   28788.2   99103.5   28546.9   99014.9   28477.9   99479.7   28741.8
   88 6     -1  1.4684  1.0679   94955.4   23246.6    3718.0  1.5925  1.1110  212007.4  181110.7 -146362.4
      249.0      14.8   95148.0   23405.0   95053.7   23336.4   94974.1   23299.3   95165.4   23381.1
   89 6      0  1.5738  1.1243   95071.3   23783.4    2869.4  1.5925  1.1110  210656.0  180168.0 -147211.0
      203.5       9.2   95231.6   23909.2   95230.9   23908.6   95122.6   23868.7   95242.3   23894.3
vertex track :        157   3  90   11628342 -1.4613  1.6106  213964.3  171761.7     151.2   211     nan
   87 6     -2 -1.2793  1.5523   85731.7   28266.2    6924.1 -1.4843  1.6169  200205.0  183459.6 -143149.5
        nan       nan      -nan       nan       nan       nan       nan       nan       nan       nan
   88 6     -1 -1.2754  2.2264   90414.6   20604.4    3766.7 -1.4843  1.6169  204891.5  178354.5 -146306.9
        nan       nan      -nan       nan       nan       nan       nan       nan       nan       nan
   89 6      0 -1.2628  1.6896   89544.7   16711.5    2874.0 -1.4843  1.6169  206216.5  176911.2 -147199.6
        nan       nan      -nan       nan       nan       nan       nan       nan       nan       nan
vertex track :        160   3  90   11668411 -1.9366  0.9159  215924.2  173203.5     153.2   211     nan
   87 6     -2 -1.9445  0.9236   80635.8   23994.5    6587.2 -1.9642  0.9249  199599.2  179892.0 -143486.9
        nan       nan      -nan       nan       nan       nan       nan       nan       nan       nan
   88 6     -1 -1.9082  0.8896   87552.7   19344.0    3716.8 -1.9642  0.9249  205237.2  177237.3 -146357.3
        nan       nan      -nan       nan       nan       nan       nan       nan       nan       nan
   89 6      0 -1.9204  0.8931   90754.0   20032.8    2871.3 -1.9642  0.9249  206897.9  176455.3 -147202.7
        nan       nan      -nan       nan       nan       nan       nan       nan       nan       nan
vertex track :        163   3  90   11670048 -0.9730  0.9433  210727.2  176061.7     157.9   211     nan
   87 6     -2 -0.8752  0.9092   85695.7   28162.7    6933.9 -0.9882  0.9474  200273.1  183243.0 -143146.2
        nan       nan      -nan       nan       nan       nan       nan       nan       nan       nan
   88 6     -1 -0.9502  1.0865   89331.1   22807.1    3772.1 -0.9882  0.9474  203397.4  180247.6 -146308.0
        nan       nan      -nan       nan       nan       nan       nan       nan       nan       nan
   89 6      0 -1.0379  0.9089   87689.0   19120.1    2874.4 -0.9882  0.9474  204284.5  179397.1 -147205.7
        nan       nan      -nan       nan       nan       nan       nan       nan       nan       nan
vertex track :        164   3  90   11670448 -0.7852  0.7591  210709.8  176303.5     160.1   211     nan
   87 6     -2 -0.7869  0.7583   83401.1   25977.8    6562.8 -0.7975  0.7623  201844.6  181946.3 -143519.4
        nan       nan      -nan       nan       nan       nan       nan       nan       nan       nan
   88 6     -1 -0.8219  0.7869   86751.5   21768.3    3719.9 -0.7975  0.7623  204111.7  179779.1 -146362.3
        nan       nan      -nan       nan       nan       nan       nan       nan       nan       nan
   89 6      0 -0.7779  0.7476   88873.2   22672.1    2865.9 -0.7975  0.7623  204792.8  179128.1 -147216.3
        nan       nan      -nan       nan       nan       nan       nan       nan       nan       nan
vertex track :        169   3  90   11671152 -1.3597 -0.0472  213681.6  175966.2     155.0   211     nan
   87 6     -2 -1.3626  0.0783   85927.7   21447.0    6934.5 -1.3772 -0.0414  200621.9  176433.8 -143141.2
        nan       nan      -nan       nan       nan       nan       nan       nan       nan       nan
   88 6     -1 -1.2482 -0.0032   90636.0   18669.6    3780.8 -1.3772 -0.0414  204965.3  176564.4 -146294.9
        nan       nan      -nan       nan       nan       nan       nan       nan       nan       nan
   89 6      0 -1.3331 -0.1246   89487.9   16124.0    2865.8 -1.3772 -0.0414  206225.4  176602.2 -147209.9
        nan       nan      -nan       nan       nan       nan       nan       nan       nan       nan
vertex track :        170   3  90   11671189 -0.8384  0.3537  211585.0  175791.0     159.1   211     nan
   87 6     -2 -0.8386  0.3551   83854.4   22716.8    6591.4 -0.8502  0.3572  202368.8  178846.3 -143489.5
        nan       nan      -nan       nan       nan       nan       nan       nan       nan       nan
   88 6     -1 -0.8596  0.3516   87428.1   19716.5    3703.8 -0.8502  0.3572  204823.9  177814.9 -146377.1
        nan       nan      -nan       nan       nan       nan       nan       nan       nan       nan
   89 6      0 -0.8469  0.3657   89627.6   21000.9    2863.3 -0.8502  0.3572  205538.5  177514.7 -147217.6
        nan       nan      -nan       nan       nan       nan       nan       nan       nan       nan
vertex track :        171   3  90   11671818  0.4185  0.8992  209485.9  172915.0     156.2   211     nan
   87 6     -2  0.5195  1.0658   93240.7   24524.4    6954.2  0.4199  0.8963  208577.1  179775.4 -143126.2
        nan       nan      -nan       nan       nan       nan       nan       nan       nan       nan
   88 6     -1  0.5147  1.0109   93152.7   19302.1    3757.3  0.4199  0.8963  207234.6  176910.1 -146323.1
        nan       nan      -nan       nan       nan       nan       nan       nan       nan       nan
   89 6      0  0.4453  0.8163   90393.2   15928.3    2877.5  0.4199  0.8963  206865.2  176121.5 -147202.9
        nan       nan      -nan       nan       nan       nan       nan       nan       nan       nan
vertex track :        174   3  90   11672834 -1.2631  0.0331  210120.4  176714.1     158.1     0  2191.9
   87 6     -2 -1.2806  0.0204   79442.5   21389.5    6578.9 -1.2796  0.0385  198136.7  177725.9 -143501.4
      227.6      25.9   79214.5   21367.2   79400.8   21364.3   79879.2   21621.7   79215.4   21419.0
   88 6     -1 -1.3054  0.0360   84335.5   19481.7    3707.9 -1.2796  0.0385  201810.4  177615.4 -146372.4
      140.5      13.1   84194.7   19472.5   84201.4   19472.3   84685.0   19701.0   84195.4   19498.7
   89 6      0 -1.2998  0.0254   86965.9   21009.7    2868.1 -1.2796  0.0385  202885.1  177583.1 -147212.3
      117.4       7.4   86848.4   21004.6   86810.2   21005.4   87292.1   21224.8   86848.7   21019.4
vertex track :        184   3  90   11776330  1.7226 -1.6983  206132.8  180280.6     164.8   211     nan
   87 6     -2  1.5741 -1.6341   98574.8   14873.5    7009.1  1.7477 -1.7064  214268.3  169384.3 -143078.3
        nan       nan      -nan       nan       nan       nan       nan       nan       nan       nan
   88 6     -1  1.4291 -2.0243   94514.3   16969.4    3761.0  1.7477 -1.7064  208591.5  174927.0 -146326.5
        nan       nan      -nan       nan       nan       nan       nan       nan       nan       nan
   89 6      0  1.9341 -1.8585   90788.6   15822.6    2860.7  1.7477 -1.7064  207018.2  176463.2 -147226.7
        nan       nan      -nan       nan       nan       nan       nan       nan       nan       nan
vertex track :        227   3  90   12514881 -2.0633 -1.7574  216196.3  180135.5     154.8     0  6349.6
   87 6     -2 -2.0914 -1.7482   79852.8   12338.5    6592.0 -2.0868 -1.7514  199058.0  169598.1 -143480.6
      709.8      30.9   79328.0   11859.6   79978.0   12402.9   80585.5   13025.7   79288.4   11907.0
   88 6     -1 -2.1232 -1.7539   87319.8   16100.9    3719.4 -2.0868 -1.7514  205052.4  174629.2 -146353.2
      415.5      16.4   87009.9   15823.7   87204.6   15984.5   87837.5   16586.3   86989.0   15848.9
   89 6      0 -2.1940 -1.7088   90784.1   19265.0    2858.1 -2.0868 -1.7514  206849.6  176137.6 -147214.4
      332.0      11.0   90529.0   19052.3   90592.1   19101.4   91247.1   19686.0   90515.4   19069.7
