groupid:  10957, ntrk:  7
vertex track :          0   3  85    7963840 -0.1613 -0.3477  206122.3  134008.1     194.8    13  1032.7
   86 4      1 -0.1636 -0.3457   87420.5   58339.6   -2870.7 -0.1675 -0.3480  203685.4  135380.0 -142676.7
       38.8       6.0   87409.3   58302.0   87408.1   58299.5   87641.5   58586.9   87398.5   58307.2
   87 4      2 -0.1586 -0.3487   85793.7   57156.6   -3718.2 -0.1675 -0.3480  203827.3  135675.0 -143524.2
       47.5      13.5   85786.3   57107.7   85792.4   57121.0   86010.9   57415.1   85761.7   57118.9
   88 4      3 -0.1583 -0.3489   88681.9   59106.6   -6585.3 -0.1675 -0.3480  204307.7  136672.8 -146391.3
       76.8      26.5   88674.4   59025.7   88704.6   59092.3   88899.4   59397.1   88626.1   59047.6
vertex track :         12   3  85    7964149 -1.1631 -0.9217  205832.2  133837.5     194.9   211     nan
   86 4      1 -1.2158 -0.8640   89302.2   56734.7   -2622.5 -1.1858 -0.9288  206220.2  136759.1 -142430.2
        nan       nan      -nan       nan       nan       nan       nan       nan       nan       nan
   87 4      2 -1.1657 -0.9971   89843.1   60937.5   -3452.5 -1.1858 -0.9288  207204.4  137530.0 -143260.2
        nan       nan      -nan       nan       nan       nan       nan       nan       nan       nan
   88 4      3 -1.1402 -0.7066   95636.5   63780.7   -6632.2 -1.1858 -0.9288  210974.8  140483.2 -146439.9
        nan       nan      -nan       nan       nan       nan       nan       nan       nan       nan
vertex track :        112   3  86    6939594  0.6493 -0.0044  207036.7  135837.4     360.0     0   724.4
   83 4     -2  0.6501 -0.0007   92930.7   56214.9    6586.8  0.6548  0.0006  207501.6  135107.3 -136006.4
      116.7      40.8   93047.5   56255.5   92950.6   56255.6   93024.6   56384.3   93047.5   56174.0
   84 4     -1  0.6628  0.0072   90135.5   56809.3    3719.4  0.6548  0.0006  205624.0  135105.5 -138873.8
       69.9      19.3   90205.2   56829.3   90204.6   56829.3   90276.5   56999.2   90205.7   56790.7
   85 4      0  0.6534  0.0005   87598.8   56221.3    2868.5  0.6548  0.0006  205066.9  135105.0 -139724.7
       56.5       7.8   87655.3   56229.2   87679.6   56229.2   87753.0   56423.5   87655.3   56213.6
vertex track :        113   3  86    6939627 -1.3601 -0.2094  208165.1  135922.8     358.0     0 10001.0
   83 4     -2 -1.4231 -0.2653   76715.2   55556.4    5950.7 -1.3766 -0.2228  196865.2  133952.1 -136639.3
      223.6      14.3   76498.0   55501.4   76638.8   55527.7   77141.0   55821.2   76492.8   55529.5
   84 4     -1 -1.2538 -0.2199   83038.2   56043.9    3430.8 -1.3766 -0.2228  200334.2  134513.7 -139159.3
      140.9       7.8   82900.8   56011.9   82915.1   56014.4   83384.4   56285.7   82898.1   56027.2
   85 4      0 -1.3101 -0.2637   83862.7   58905.8    2604.3 -1.3766 -0.2228  201472.0  134697.9 -139985.8
      117.4       5.5   83748.7   58877.3   83703.7   58868.2   84185.4   59144.1   83746.6   58888.1
vertex track :        118   3  86    6940580  1.6430 -1.4029  203078.1  138388.9     366.1   211     nan
   83 4     -2  1.6508 -1.3785   94984.9   50403.7    6587.1  1.6628 -1.4115  209754.5  128889.1 -136017.6
        nan       nan      -nan       nan       nan       nan       nan       nan       nan       nan
   84 4     -1  1.6924 -1.3993   89603.0   54500.9    3717.1  1.6628 -1.4115  204982.3  132940.0 -138887.6
        nan       nan      -nan       nan       nan       nan       nan       nan       nan       nan
   85 4      0  1.6710 -1.3990   86228.1   55109.7    2867.3  1.6628 -1.4115  203569.4  134139.5 -139737.3
        nan       nan      -nan       nan       nan       nan       nan       nan       nan       nan
vertex track :        127   3  86    7090714 -2.7944  0.3341  212680.6  134625.8     357.1     0  3420.5
   83 4     -2 -3.0283  0.3421   71488.7   57674.4    5948.1 -2.8372  0.3149  193274.7  135683.9 -136635.8
      667.6      37.4   70821.1   57712.2   71511.9   57634.1   72363.2   57847.0   70829.5   57786.5
   84 4     -1 -2.6973  0.4023   82414.4   56787.6    3428.3 -2.8372  0.3149  200423.9  134890.4 -139155.6
      392.2      19.0   82023.7   56826.7   82233.1   56795.5   83012.4   56959.0   82029.3   56864.3
   85 4      0 -2.5536  0.6228   84306.1   59051.1    2603.1 -2.8372  0.3149  202765.1  134630.5 -139980.8
      307.8      10.3   84004.6   59114.0   84066.5   59098.9   84815.1   59198.8   84009.5   59134.0
vertex track :        142   3  86    7353891 -3.5337  3.1380  211741.4  130782.1     349.3   211   313.9
   83 4     -2 -3.5381  3.1790   72508.5   69831.1    6586.7 -3.6174  3.1245  185659.8  149564.4 -135989.6
     4527.6     856.8   68568.1   72219.8   74560.7   66835.4   76655.5   67655.7   69713.4   73494.5
   84 4     -1 -3.5200  3.1533   80560.5   62473.0    3718.8 -3.6174  3.1245  196034.3  140603.5 -138857.5
     2199.8     403.5   78652.7   63640.3   81190.6   61366.8   82674.7   61518.9   79191.2   64241.4
   85 4      0 -3.5631  3.1203   81406.4   59248.3    2863.5 -3.6174  3.1245  199128.4  137930.9 -139712.9
     1063.1     148.6   80508.6   59836.9   81360.0   59091.3   82510.6   58872.8   80704.5   60060.5
