groupid:   1036, ntrk: 13
vertex track :          0   3 105    4789438  0.2610 -0.2593  103161.5   88713.9     147.7    13  3379.0
  106 3      1  0.2606 -0.2595  102821.6   12845.5   -2870.4  0.2648 -0.2519   97663.8   90217.4 -180089.9
       36.6       3.2  102849.8   12822.0  102852.6   12819.2  103003.6   13078.8  102845.2   12817.4
  107 3      2  0.2613 -0.2586  104093.2   12577.9   -3718.8  0.2648 -0.2519   97439.1   90431.1 -180938.2
       43.6       5.3  104127.9   12551.0  104120.8   12558.0  104268.7   12814.5  104120.5   12543.4
  108 3      3  0.2603 -0.2594  104013.4   15301.2   -6587.2  0.2648 -0.2519   96679.6   91153.8 -183806.6
       69.2      10.0  104069.5   15259.3  104026.0   15302.6  104167.6   15552.7  104055.4   15245.2
vertex track :         33   3 105    4109649 -1.0860  0.2492  102033.9   89133.8     148.6     0   852.3
  106 3      1 -1.0645  0.1199  104665.4    8347.4   -3025.9 -1.0839  0.2450  100774.0   89089.8 -180246.2
      112.7      13.0  104551.9    8347.1  104552.4    8347.0  104987.8    8557.9  104554.8    8373.0
  107 3      2 -1.1099  0.1995  104723.7    9899.2   -3854.8 -1.0839  0.2450  101672.3   88886.7 -181075.0
      137.1      28.5  104583.7    9895.4  104620.5    9888.8  105072.5   10113.2  104593.8    9951.6
  108 3      3 -1.0761  0.2511  107650.2    7560.4   -6661.8 -1.0839  0.2450  104714.8   88198.9 -183882.0
      217.7      54.8  107425.7    7556.5  107623.7    7510.3  108083.5    7774.5  107450.6    7663.2
vertex track :         36   3 105    4109943  1.5674  0.4511  105205.9   89656.2     146.9   211   387.3
  106 3      1  1.5670  0.4492  100925.0   11648.0   -2867.3  1.5650  0.4618   95772.4   89011.2 -180092.5
      186.4      36.2  101094.2   11734.1  101064.9   11725.7  100967.4   11772.2  101114.1   11664.5
  107 3      2  1.5654  0.4571  101125.6   10778.1   -3718.0  1.5650  0.4618   94441.2   88618.4 -180943.2
      268.5      89.1  101358.4   10938.9  101171.6   10884.4  101104.4   10827.8  101408.4   10767.8
  108 3      3  1.5710  0.4519   97350.7   11512.1   -6583.5  1.5650  0.4618   89956.6   87295.0 -183808.7
      475.4     177.2   97758.6   11813.8   97174.8   11645.8   97154.4   11420.8   97856.6   11473.2
vertex track :         39   3 105    4110033  0.2688  1.0159  103175.1   92320.0     146.7   211     nan
  106 3      1  0.3015  1.0137  101936.4    9365.8   -3021.0  0.2578  1.0178   97614.4   89811.9 -180253.0
        nan       nan      -nan       nan       nan       nan       nan       nan       nan       nan
  107 3      2  0.3444  1.0438  100800.8   10135.4   -3845.0  0.2578  1.0178   97402.0   88973.2 -181077.1
        nan       nan      -nan       nan       nan       nan       nan       nan       nan       nan
  108 1      3  0.2628  0.9842   99354.3   83241.4   -6661.6  0.2578  1.0178   96675.9   86106.6 -183893.6
        nan       nan      -nan       nan       nan       nan       nan       nan       nan       nan
vertex track :         85   3 105    5431931 -0.4788  0.1541  101220.2   89796.7     150.5     0   788.7
  106 3      1 -0.4780  0.1541  103115.0   12681.6   -2866.3 -0.4779  0.1542   97955.2   90055.9 -180089.8
       49.7       8.2  103065.2   12689.1  103059.5   12690.9  103374.4   12884.3  103070.2   12704.6
  107 3      2 -0.4778  0.1544  104996.4   12077.8   -3718.1 -0.4779  0.1542   98362.3   89924.6 -180941.6
       61.5      18.8  104932.1   12078.8  104948.8   12073.4  105270.2   12286.9  104943.7   12114.6
  108 3      3 -0.4768  0.1555  107001.9   13611.1   -6585.6 -0.4779  0.1542   99732.7   89482.5 -183809.1
      100.0      37.1  106895.3   13606.8  106985.3   13577.5  107317.9   13825.5  106918.3   13677.4
vertex track :         88   3 105    5432589  1.2712  0.4495  105107.3   89956.4     147.6     0 10001.0
  106 3      1  1.2345  0.4159  100992.9    8642.5   -3022.0  1.2679  0.4585   96368.8   89247.4 -180248.9
      140.1       7.7  101123.2    8694.5  101117.0    8692.4  101073.9    8800.9  101128.1    8679.9
  107 3      2  1.2620  0.4768   99005.1    9884.6   -3840.4  1.2679  0.4585   95331.3   88872.2 -181067.3
      165.1      10.0   99156.0    9952.3   99112.1    9935.7   99065.4   10027.4   99163.1    9933.7
  108 1      3  1.2905  0.4232   94708.2   84566.7   -6655.9  1.2679  0.4585   91761.5   87581.3 -183882.8
      258.6      17.2   94948.6   84663.6   94728.1   84591.4   94679.2   84680.2   94959.3   84631.0
vertex track :         91   3 105    5432996 -2.4583  1.5771   97383.4   92519.8     152.4     0  3300.3
  106 3      1 -2.4601  1.5824  105267.7   11094.3   -2869.0 -2.4856  1.5525  100137.4   88507.3 -180095.6
      409.6      14.8  104915.2   11303.4  105087.6   11192.6  105827.8   11096.8  104931.3   11328.4
  107 3      2 -2.4640  1.5784  108810.6    9318.6   -3720.5 -2.4856  1.5525  102254.1   87185.2 -180947.1
      508.7      25.9  108368.2    9571.2  108707.6    9353.8  109460.4    9277.5  108396.1    9614.8
  108 1      3 -2.4565  1.5712  115859.7   84396.9   -6585.4 -2.4856  1.5525  109375.0   82737.6 -183812.0
      851.3      49.1  115116.1   84814.3  116034.6   84226.8  116810.9   84191.1  115169.0   84897.0
vertex track :        100   3 105    5434630 -2.8787  1.0399   93762.2   92551.6     152.3     0 10001.0
  106 3      1 -2.7399  1.0954  101557.4    9536.5   -3020.6 -2.9079  1.0072   98220.5   90009.5 -180239.2
      459.9      13.8  101125.2    9694.4  101403.9    9583.0  102196.9    9589.7  101135.5    9720.1
  107 3      2 -2.7289  1.0532  103094.1   10292.7   -3848.6 -2.9079  1.0072  100628.4   89175.5 -181067.3
      562.9      18.6  102562.3   10478.0  103039.5   10293.8  103833.2   10318.4  102575.7   10512.7
  108 1      3 -2.8428  1.0421  110640.1   83352.4   -6663.7 -2.9079  1.0072  108814.3   86340.0 -183882.4
      925.2      32.4  109760.3   83640.4  110900.6   83222.3  111727.1   83275.4  109782.6   83701.2
vertex track :        141   3 106    2097907 -2.1493  3.1289  109152.8   82301.7     256.8   211   349.4
  103 3     -2 -2.1917  3.1199   94226.2   23256.5    6583.5 -2.1536  3.1908   90400.2  101560.9 -173768.8
     2524.6     559.0   92317.5   25001.0   94759.7   21524.6   96342.7   21725.2   93232.4   25643.7
  104 3     -1 -2.1346  3.0579  101379.3   16998.9    3716.1 -2.1536  3.1908   96575.4   92411.9 -176636.1
     1264.2     266.7  100437.0   17882.9  101435.9   16451.9  102529.4   16328.1  100874.4   18188.2
  105 3      0 -2.1740  3.1031  102415.2   13549.0    2866.3 -2.1536  3.1908   98405.8   89700.2 -177486.0
      680.7     100.4  101942.5   14048.8  102267.0   13585.6  103095.8   13262.2  102106.9   14164.0
vertex track :        158   3 106    4305596  0.2978  1.8091  102876.9   90473.6     223.7   211     nan
  103 3     -2  0.1604  1.7150  103427.2   25148.2    6665.3  0.2768  1.8027   99474.4  101159.2 -173649.5
        nan       nan      -nan       nan       nan       nan       nan       nan       nan       nan
  104 3     -1  0.2819  1.8277  103204.0   18045.3    3827.1  0.2768  1.8027   98688.9   96042.7 -176487.7
        nan       nan      -nan       nan       nan       nan       nan       nan       nan       nan
  105 3      0  0.2445  1.8222  104396.5   20843.9    3001.9  0.2768  1.8027   98460.5   94555.0 -177312.9
        nan       nan      -nan       nan       nan       nan       nan       nan       nan       nan
vertex track :        198   3 106    5471279 -3.4655  2.7083  102768.9   91190.2     223.8   211   150.9
  103 3     -2 -3.4841  2.6872   79125.8   29152.0    6588.6 -3.4710  2.6541   75482.3  107151.1 -173726.4
     9507.7    2076.3   70329.1   33314.5   84654.7   22265.7   88129.0   25202.3   72865.3   36602.7
  104 3     -1 -3.4554  2.7101   90100.2   24183.1    3721.7 -3.4710  2.6541   85433.4   99541.8 -176593.3
     4585.4     995.6   85877.7   26229.6   92368.2   21139.0   94529.2   22349.4   87106.5   27796.3
  105 3      0 -3.4895  2.6726   92139.5   20966.9    2870.2 -3.4710  2.6541   88389.0   97281.8 -177444.8
     1839.9     375.1   90450.6   21787.9   92639.3   20111.6   94034.8   20358.7   90906.8   22383.5
vertex track :        245   3 106    5643799 -3.7365 -0.0703  103177.4   91179.9     224.1     0  4314.7
  103 3     -2 -3.5777 -0.3737   77404.1   13541.2    6654.0 -3.6965 -0.0921   74214.2   89657.9 -173662.1
     1249.7      52.7   76166.7   13359.0   77901.2   13540.2   78848.0   13933.1   76155.8   13463.8
  104 3     -1 -3.7838 -0.1356   88544.1   11727.4    3810.7 -3.6965 -0.0921   84724.7   89919.8 -176505.5
      720.1      27.1   87825.4   11674.5   88470.1   11697.6   89469.0   11990.2   87823.4   11728.8
  105 3      0 -3.5296 -0.3907   93015.3   16112.2    2995.3 -3.6965 -0.0921   87738.6   89994.9 -177320.9
      572.0      16.0   92448.6   16033.3   92844.3   16077.2   93788.5   16400.7   92445.0   16065.2
vertex track :        248   3 106    5643995  2.2779 -0.5878   98031.0   91938.1     225.9     0  2732.3
  103 3     -2  2.2777 -0.5748  112692.2    8304.7    6574.0  2.3143 -0.5736  107510.4   87328.3 -173727.5
      557.0      40.9  113242.3    8208.1  112640.5    8360.0  112354.4    8610.8  113222.3    8128.8
  104 3     -1  2.2698 -0.5897  107269.4   12368.1    3718.0  2.3143 -0.5736  100901.0   88966.6 -176583.5
      327.5      20.5  107591.5   12305.7  107434.3   12346.5  107159.6   12640.0  107581.2   12265.9
  105 3      0  2.2789 -0.5699  104686.1   11983.4    2866.9  2.3143 -0.5736   98931.3   89454.8 -177434.6
      262.9      11.2  104943.8   11930.5  104912.3   11938.4  104640.6   12245.8  104938.4   11908.8
