groupid:  11531, ntrk: 29
vertex track :          0   3 113   12603152 -0.0948 -0.1679   83007.6  204003.7     327.0    13  1163.4
  114 5      1 -0.0948 -0.1681   82147.7   48039.6   -2869.1 -0.0939 -0.1705   77778.6  203874.7 -194932.2
       22.0       4.8   82141.1   48018.1   82142.8   48021.1   82364.3   48271.0   82132.7   48022.8
  115 5      2 -0.0938 -0.1696   82842.9   48187.2   -3719.6 -0.0939 -0.1705   77858.5  204019.8 -195782.7
       28.1      11.2   82839.1   48157.2   82846.6   48170.7   83056.5   48427.0   82819.4   48168.0
  116 5      3 -0.0954 -0.1673   83890.2   45469.9   -6583.2 -0.0939 -0.1705   78127.2  204508.1 -198646.3
       46.4      21.8   83886.1   45418.7   83912.1   45464.3   84104.2   45730.8   83848.3   45440.3
vertex track :         23   3 113   12602806 -1.8584 -1.5881   82530.7  203586.9     323.9   211     nan
  114 5      1 -1.8080 -1.7080   88527.5   54347.6   -2687.0 -1.8662 -1.6002   82619.1  207728.6 -194747.3
        nan       nan      -nan       nan       nan       nan       nan       nan       nan       nan
  115 5      2 -2.2555 -1.0432   89408.9   55292.6   -3493.1 -1.8662 -1.6002   84123.4  209018.5 -195553.4
        nan       nan      -nan       nan       nan       nan       nan       nan       nan       nan
  116 5      3 -2.1372 -1.6484   94239.0   52974.8   -6259.8 -1.8662 -1.6002   89286.6  213445.6 -198320.0
        nan       nan      -nan       nan       nan       nan       nan       nan       nan       nan
vertex track :         52   3 113   12629308  0.4274  1.2425   84297.9  207628.9     328.6   211     nan
  114 5      1  0.4276  1.2415   82016.0   47827.1   -2866.4  0.4237  1.2458   77404.8  202995.1 -194926.2
        nan       nan      -nan       nan       nan       nan       nan       nan       nan       nan
  115 5      2  0.4217  1.2468   82302.0   46804.6   -3710.9  0.4237  1.2458   77047.1  201943.0 -195770.6
        nan       nan      -nan       nan       nan       nan       nan       nan       nan       nan
  116 5      3  0.4304  1.2405   81814.3   40080.4   -6580.1  0.4237  1.2458   75831.5  198368.4 -198639.9
        nan       nan      -nan       nan       nan       nan       nan       nan       nan       nan
vertex track :         55   3 113   12630455 -2.0686  2.2852   78990.0  208782.0     331.5   211     nan
  114 5      1 -2.0752  2.4913   85457.7   48452.3   -2721.6 -2.0879  2.2852   79772.8  201160.2 -194778.2
        nan       nan      -nan       nan       nan       nan       nan       nan       nan       nan
  115 5      2 -1.9297  2.1318   85987.7   46266.0   -3551.1 -2.0879  2.2852   81504.7  199264.8 -195607.7
        nan       nan      -nan       nan       nan       nan       nan       nan       nan       nan
  116 5      3 -1.9835  2.2046   92290.2   32390.1   -6470.3 -2.0879  2.2852   87599.8  192593.9 -198526.9
        nan       nan      -nan       nan       nan       nan       nan       nan       nan       nan
vertex track :         62   3 113   13051042 -1.3932 -1.6867   80765.4  201364.5     325.3   211     nan
  114 5      1 -1.3935 -1.6848   83426.1   49519.7   -2865.0 -1.3967 -1.7005   79688.9  206101.1 -194929.1
        nan       nan      -nan       nan       nan       nan       nan       nan       nan       nan
  115 5      2 -1.3837 -1.6911   85165.4   50887.7   -3716.2 -1.3967 -1.7005   80877.7  207548.4 -195780.2
        nan       nan      -nan       nan       nan       nan       nan       nan       nan       nan
  116 5      3 -1.3966 -1.6782   89837.8   52323.8   -6587.6 -1.3967 -1.7005   84888.2  212431.2 -198651.6
        nan       nan      -nan       nan       nan       nan       nan       nan       nan       nan
vertex track :        166   3 113   14184186 -2.3961 -1.7373   82895.9  203925.9     327.0   211     nan
  114 5      1 -2.5834 -1.9559   90524.6   55211.9   -2675.7 -2.4079 -1.7499   84596.5  208505.9 -194738.8
        nan       nan      -nan       nan       nan       nan       nan       nan       nan       nan
  115 5      2 -3.3191 -0.6125   91429.6   56452.9   -3479.8 -2.4079 -1.7499   86532.7  209913.0 -195542.9
        nan       nan      -nan       nan       nan       nan       nan       nan       nan       nan
  116 5      3 -2.4690 -1.6626   98619.9   54157.8   -6240.4 -2.4079 -1.7499   93179.9  214743.7 -198303.5
        nan       nan      -nan       nan       nan       nan       nan       nan       nan       nan
vertex track :        194   3 113   14363041  4.0188  3.5692   89068.8  209663.1     328.9   211     nan
  114 5      1  4.0221  3.5824   76902.2   43432.3   -2872.3  3.9670  3.5399   70851.7  197695.2 -194931.5
        nan       nan      -nan       nan       nan       nan       nan       nan       nan       nan
  115 5      2  3.9783  3.5633   74198.3   40361.8   -3718.4  3.9670  3.5399   67495.4  194700.3 -195777.5
        nan       nan      -nan       nan       nan       nan       nan       nan       nan       nan
  116 5      3  4.0199  3.5537   63118.2   26968.8   -6585.8  3.9670  3.5399   56120.3  184550.0 -198645.0
        nan       nan      -nan       nan       nan       nan       nan       nan       nan       nan
vertex track :        218   3 113   14371845 -3.9981  3.5791   74767.3  211552.0     335.5   211   276.5
  114 5      1 -3.8425  3.1843   86722.3   47590.8   -2722.0 -3.9717  3.5857   81273.0  199967.5 -194774.1
     1882.6     269.5   85100.8   48584.6   87193.0   46850.7   88550.0   46810.2   85444.7   48999.6
  115 5      2 -3.7974  3.3859   89021.2   44196.5   -3556.6 -3.9717  3.5857   84587.5  196975.1 -195608.7
     3920.2     665.5   85652.4   46308.7   90706.8   41801.9   92596.2   42297.6   86538.2   47302.1
  116 5      3 -3.6637  2.5509  100626.8   27120.9   -6494.9 -3.9717  3.5857   96257.5  186439.3 -198547.0
     7729.3    1337.1   93519.5   30440.2  105436.6   22142.8  107940.3   24014.2   95047.5   32634.8
vertex track :        251   3 114    8870302  1.5501  1.7185   78522.0  198488.1     160.7   211     nan
  111 5     -2  1.5415  1.7300   86236.5   50456.5    6588.5  1.5307  1.7012   83619.6  210136.2 -188071.4
        nan       nan      -nan       nan       nan       nan       nan       nan       nan       nan
  112 5     -1  1.5902  1.7121   83422.8   43690.5    3710.7  1.5307  1.7012   79214.7  205240.6 -190949.2
        nan       nan      -nan       nan       nan       nan       nan       nan       nan       nan
  113 5      0  1.5507  1.7181   83642.5   48848.2    2870.0  1.5307  1.7012   77927.8  203810.4 -191789.9
        nan       nan      -nan       nan       nan       nan       nan       nan       nan       nan
vertex track :        257   3 114    9066015 -1.2183  0.2209   84713.3  202330.5     158.6   211     nan
  111 5     -2 -1.4282  0.2985   76494.5   50544.9    6350.0 -1.2282  0.2086   72394.0  204372.2 -188277.2
        nan       nan      -nan       nan       nan       nan       nan       nan       nan       nan
  112 5     -1 -1.1561  0.2676   80819.0   44060.0    3694.0 -1.2282  0.2086   75656.2  203818.1 -190933.2
        nan       nan      -nan       nan       nan       nan       nan       nan       nan       nan
  113 5      0 -1.1974  0.2444   80406.3   46208.9    2743.2 -1.2282  0.2086   76824.0  203619.8 -191884.0
        nan       nan      -nan       nan       nan       nan       nan       nan       nan       nan
vertex track :        264   3 114    9066353  1.1940  2.2831   81601.2  201478.1     162.3   211     nan
  111 5     -2  1.1740  2.2998   87025.5   56944.9    6589.6  1.1688  2.2547   84378.9  216702.8 -188048.5
        nan       nan      -nan       nan       nan       nan       nan       nan       nan       nan
  112 5     -1  1.2185  2.2909   85155.4   48653.3    3718.4  1.1688  2.2547   81023.1  210229.2 -190919.7
        nan       nan      -nan       nan       nan       nan       nan       nan       nan       nan
  113 5      0  1.2131  2.3114   85694.3   53285.8    2873.0  1.1688  2.2547   80034.9  208322.9 -191765.2
        nan       nan      -nan       nan       nan       nan       nan       nan       nan       nan
vertex track :        270   3 114    9066730  1.7831  1.8980   82524.7  203146.8     161.2   211   153.9
  111 5     -2  1.6465  1.6829   94328.2   62329.0    6405.4  1.7590  1.8768   88770.2  215609.6 -188219.8
     2703.9     941.8   95545.9   64920.4   92109.9   61408.4   93322.2   59949.4   96892.3   63603.1
  112 5     -1  2.0259  1.7208   89677.7   50960.5    3648.8  1.7590  1.8768   83921.5  210436.0 -190976.4
     1338.5     460.1   90400.0   52177.7   88785.1   50806.0   89167.4   49954.9   90995.7   51476.3
  113 5      0  1.8552  2.0395   86747.1   51646.5    2715.6  1.7590  1.8768   82280.1  208684.5 -191909.6
      550.6     166.0   86994.8   52165.5   86643.4   51779.2   86711.3   51339.5   87240.4   51942.1
vertex track :        273   3 114    9067253  1.7062 -1.3789   82103.4  203395.7     161.3   211     nan
  111 5     -2  1.7215 -1.3638   90943.9   35647.7    6587.5  1.7402 -1.4009   88543.3  195138.3 -188036.8
        nan       nan      -nan       nan       nan       nan       nan       nan       nan       nan
  112 5     -1  1.6983 -1.4124   87541.2   37152.4    3718.2  1.7402 -1.4009   83550.0  199157.8 -190906.2
        nan       nan      -nan       nan       nan       nan       nan       nan       nan       nan
  113 5      0  1.7759 -1.3610   87646.0   45255.8    2853.7  1.7402 -1.4009   82045.7  200368.8 -191770.6
        nan       nan      -nan       nan       nan       nan       nan       nan       nan       nan
vertex track :        276   3 114    9067529 -2.3481 -1.0370   85089.4  204022.0     156.4   211     nan
  111 5     -2 -2.0079 -1.1990   69058.4   44404.4    6343.8 -2.3789 -1.0678   65647.3  198173.4 -188269.4
        nan       nan      -nan       nan       nan       nan       nan       nan       nan       nan
  112 5     -1 -2.2484 -0.8825   76907.9   40831.5    3698.7 -2.3789 -1.0678   71939.8  200997.9 -190914.5
        nan       nan      -nan       nan       nan       nan       nan       nan       nan       nan
  113 5      0 -2.6316 -1.0890   77258.0   44023.2    2759.2 -2.3789 -1.0678   74175.0  202001.1 -191854.1
        nan       nan      -nan       nan       nan       nan       nan       nan       nan       nan
vertex track :        281   3 114    9068030  1.8726 -1.2744   79786.3  204592.8     165.5     0  3070.4
  111 5     -2  1.8715 -1.2478   89721.7   37432.7    6582.5  1.9067 -1.2938   87250.3  197040.3 -188041.6
      527.2      36.7   90180.7   37170.8   89696.4   37493.7   89474.6   37903.4   90140.0   37109.7
  112 5     -1  1.8721 -1.2989   85853.3   38750.5    3720.8  1.9067 -1.2938   81793.7  200743.0 -190903.4
      312.6      18.7   86120.9   38587.7   86000.3   38671.3   85797.7   39122.0   86099.5   38556.9
  113 5      0  1.8685 -1.2711   85808.8   46716.0    2871.9  1.9067 -1.2938   80175.1  201841.3 -191752.3
      252.7      10.8   86023.8   46582.7   85998.3   46600.1   85805.7   47057.9   86011.7   46564.9
vertex track :        307   3 114    9541232 -1.9870  1.4524   85125.6  200812.6     156.7   211     nan
  111 5     -2 -1.4273  1.4799   71798.0   57568.3    6412.9 -1.9934  1.4277   67952.4  210491.2 -188222.8
        nan       nan      -nan       nan       nan       nan       nan       nan       nan       nan
  112 5     -1 -1.8606  1.3305   78072.9   47223.2    3684.0 -1.9934  1.4277   73392.4  206595.0 -190951.8
        nan       nan      -nan       nan       nan       nan       nan       nan       nan       nan
  113 5      0 -1.9396  1.2342   78549.4   48183.8    2744.9 -1.9934  1.4277   75264.3  205254.3 -191890.8
        nan       nan      -nan       nan       nan       nan       nan       nan       nan       nan
vertex track :        309   3 114    9541325 -1.0915  0.5394   85399.1  201055.9     156.8     0  1658.7
  111 5     -2 -1.0909  0.5312   76582.8   45202.3    6569.2 -1.1001  0.5274   73643.7  205186.5 -188064.8
      218.5      30.7   76372.9   45270.4   76536.7   45190.6   77001.6   45344.8   76399.8   45325.6
  112 5     -1 -1.1009  0.5158   80485.5   41943.6    3718.8 -1.1001  0.5274   76779.3  203683.2 -190915.2
      135.2      15.4   80356.5   41987.1   80370.2   41980.7   80823.4   42110.7   80369.6   42014.9
  113 5      0 -1.0846  0.5352   83262.2   48181.6    2867.7 -1.1001  0.5274   77715.6  203234.3 -191766.3
      112.5       7.9   83157.8   48224.3   83131.8   48237.1   83575.4   48349.4   83164.8   48238.4
vertex track :        318   3 114    9713747  2.1541  1.3357   76123.2  198816.7     165.6   211     nan
  111 5     -2  2.0121  1.1212   89678.2   54581.3    6396.2  2.1379  1.3236   84679.5  207777.1 -188269.8
        nan       nan      -nan       nan       nan       nan       nan       nan       nan       nan
  112 5     -1  2.1256  1.3897   84646.5   44603.1    3687.0  2.1379  1.3236   78887.2  204191.1 -190979.1
        nan       nan      -nan       nan       nan       nan       nan       nan       nan       nan
  113 5      0  1.8947  1.3070   81294.2   45879.1    2744.5  2.1379  1.3236   76872.4  202943.7 -191921.5
        nan       nan      -nan       nan       nan       nan       nan       nan       nan       nan
vertex track :        329   3 114    9769937 -1.9367 -0.0696   85933.7  202917.2     156.2   211     nan
  111 5     -2 -1.9348 -0.0995   71705.9   43131.3    6584.8 -1.9538 -0.0865   68664.5  203119.8 -188035.7
        nan       nan      -nan       nan       nan       nan       nan       nan       nan       nan
  112 5     -1 -2.0162 -0.0737   77876.8   41571.4    3721.1 -1.9538 -0.0865   74259.7  203367.4 -190899.4
        nan       nan      -nan       nan       nan       nan       nan       nan       nan       nan
  113 5      0 -1.9855 -0.0263   81464.6   48382.4    2868.4 -1.9538 -0.0865   75925.8  203441.1 -191752.1
        nan       nan      -nan       nan       nan       nan       nan       nan       nan       nan
vertex track :        331   3 114    9771022 -1.7775  0.1343   86758.6  202315.6     155.5   211     nan
  111 5     -2 -1.2021 -0.1892   74722.0   50391.4    6380.7 -1.7919  0.1191   70904.9  203817.2 -188243.0
        nan       nan      -nan       nan       nan       nan       nan       nan       nan       nan
  112 5     -1 -1.5148  0.0670   80535.6   43787.5    3700.0 -1.7919  0.1191   75708.6  203497.9 -190923.7
        nan       nan      -nan       nan       nan       nan       nan       nan       nan       nan
  113 5      0 -1.6920  0.1627   80671.6   45947.3    2744.9 -1.7919  0.1191   77420.0  203384.2 -191878.8
        nan       nan      -nan       nan       nan       nan       nan       nan       nan       nan
vertex track :        337   3 114    9772171 -1.3351 -0.6458   84395.8  203923.9     156.6   211     nan
  111 5     -2 -1.4285 -0.6202   74111.3   40426.6    6570.1 -1.3484 -0.6650   71020.5  200413.6 -188044.2
        nan       nan      -nan       nan       nan       nan       nan       nan       nan       nan
  112 5     -1 -1.3535 -0.6777   78562.7   40469.3    3712.3 -1.3484 -0.6650   74873.8  202314.0 -190902.0
        nan       nan      -nan       nan       nan       nan       nan       nan       nan       nan
  113 5      0 -1.3713 -0.6164   81573.1   47813.0    2868.2 -1.3484 -0.6650   76012.1  202875.4 -191746.1
        nan       nan      -nan       nan       nan       nan       nan       nan       nan       nan
vertex track :        347   3 114    9772734 -1.6345 -0.2417   82559.1  203090.2     161.2   211     nan
  111 5     -2 -1.2578 -0.1245   71291.8   48795.4    6385.4 -1.6550 -0.2516   67521.2  202267.3 -188240.1
        nan       nan      -nan       nan       nan       nan       nan       nan       nan       nan
  112 5     -1 -1.5397 -0.0276   77214.8   42904.6    3696.1 -1.6550 -0.2516   71972.0  202944.0 -190929.4
        nan       nan      -nan       nan       nan       nan       nan       nan       nan       nan
  113 5      0 -1.5803 -0.2720   77050.4   45632.1    2758.5 -1.6550 -0.2516   73523.7  203180.0 -191867.0
        nan       nan      -nan       nan       nan       nan       nan       nan       nan       nan
vertex track :        353   3 114    9773303 -1.7113 -1.2743   83453.9  203740.7     157.5     0  5450.6
  111 5     -2 -1.7074 -1.2374   70850.5   36155.0    6581.5 -1.7330 -1.3067   67587.2  196096.1 -188035.3
      477.6      26.1   70479.1   35853.5   70894.0   36154.2   71430.2   36665.2   70448.5   35895.9
  112 5     -1 -1.7185 -1.2617   76195.1   37904.6    3721.7 -1.7330 -1.3067   72543.3  199832.9 -190895.1
      285.4      13.9   75973.2   37724.5   76072.5   37797.3   76625.2   38293.4   75956.8   37746.9
  113 5      0 -1.6749 -1.2858   79557.5   45878.1    2873.6 -1.7330 -1.3067   74013.1  200941.0 -191743.2
      232.5       9.4   79378.8   45729.1   79395.9   45742.2   79944.5   46235.8   79367.3   45744.0
vertex track :        412   3 114   10181950  3.0154 -0.6477   80077.1  203422.9     164.4   211   444.5
  111 5     -2  2.7591 -0.1837   99196.8   46209.7    6382.6  3.0445 -0.6554   94247.6  200090.6 -188247.5
     1323.9     312.2  100538.4   46433.3   98476.0   46570.6   98067.8   46195.9  100497.0   45810.2
  112 5     -1  5.3339 -3.3436   91730.2   41765.5    3683.3  3.0445 -0.6554   86029.6  201859.9 -190946.8
      713.2     154.9   92416.8   41517.9   92328.3   41573.4   91258.9   42219.7   92252.3   41255.4
  113 5      0  2.5984 -0.4849   87854.6   44423.1    2757.4  3.0445 -0.6554   83210.5  202466.8 -191872.7
      434.9      57.2   88292.7   44399.5   87983.2   44457.2   87629.2   44656.2   88271.7   44287.1
vertex track :        416   3 114   10182420  2.9401 -1.7729   79142.5  204852.8     165.5   211     nan
  111 5     -2  3.0198 -1.7613   95999.6   34362.3    6574.8  2.9979 -1.8002   93578.1  194066.2 -188048.6
        nan       nan      -nan       nan       nan       nan       nan       nan       nan       nan
  112 5     -1  2.8789 -1.8004   89099.0   37134.3    3719.2  2.9979 -1.8002   85017.2  199206.8 -190904.3
        nan       nan      -nan       nan       nan       nan       nan       nan       nan       nan
  113 5      0  2.8895 -1.7277   88068.3   45629.4    2868.7  2.9979 -1.8002   82467.5  200737.8 -191754.8
        nan       nan      -nan       nan       nan       nan       nan       nan       nan       nan
vertex track :        417   3 114   10182582  2.0624 -0.1057   78796.4  202932.0     163.5   211     nan
  111 5     -2  2.0337  0.8980   91682.0   49602.7    6412.5  2.0752 -0.1108   86995.5  202979.0 -188221.6
        nan       nan      -nan       nan       nan       nan       nan       nan       nan       nan
  112 5     -1  2.2632 -0.2017   86963.7   43479.8    3663.0  2.0752 -0.1108   81289.6  203283.7 -190971.2
        nan       nan      -nan       nan       nan       nan       nan       nan       nan       nan
  113 5      0  2.3448 -0.3405   83970.1   45608.5    2754.7  2.0752 -0.1108   79404.7  203384.4 -191879.5
        nan       nan      -nan       nan       nan       nan       nan       nan       nan       nan
vertex track :        435   3 114   10606991 -1.4443  2.3740   84273.4  199609.5     156.5   211   140.4
  111 5     -2 -1.5329  2.2830   73318.5   55331.6    6589.0 -1.4480  2.3319   70258.0  215347.3 -188055.0
     3684.9    1222.7   70249.3   57709.3   74035.7   52070.1   76596.2   53166.1   72279.5   59072.5
  112 5     -1 -1.4261  2.3739   78124.5   47221.7    3719.8 -1.4480  2.3319   74412.7  208656.4 -190924.2
     1798.0     591.1   76691.9   48458.6   78244.1   45874.6   79765.6   46197.2   77705.3   49067.4
  113 5      0 -1.3759  2.3754   81213.3   51700.6    2877.1 -1.4480  2.3319   75632.9  206691.3 -191766.9
      751.9     226.1   80640.8   52237.8   81105.6   51435.4   81994.4   51375.6   81032.1   52464.5
vertex track :        437   3 114   10607919  2.3714  1.2011   78349.9  200745.1     165.8   211     nan
  111 5     -2  2.3505  0.7984   93615.0   56077.3    6385.0  2.3569  1.1905   88250.0  208875.6 -188265.8
        nan       nan      -nan       nan       nan       nan       nan       nan       nan       nan
  112 5     -1  2.5327  1.0728   87686.0   45987.3    3660.3  2.3569  1.1905   81828.0  205631.8 -190990.6
        nan       nan      -nan       nan       nan       nan       nan       nan       nan       nan
  113 5      0  2.4728  1.4062   84196.2   47403.4    2714.2  2.3569  1.1905   79598.2  204505.4 -191936.7
        nan       nan      -nan       nan       nan       nan       nan       nan       nan       nan
vertex track :        468   3 114   10663975  1.8857 -2.0006   77096.0  207720.1     169.4   211     nan
  111 5     -2  1.9272 -1.9954   87547.8   35499.1    6587.7  1.9339 -2.0377   84692.2  195408.0 -188024.3
        nan       nan      -nan       nan       nan       nan       nan       nan       nan       nan
  112 5     -1  1.8748 -2.0290   83162.9   39236.2    3719.6  1.9339 -2.0377   79145.5  201252.3 -190892.4
        nan       nan      -nan       nan       nan       nan       nan       nan       nan       nan
  113 5      0  1.9401 -2.1290   83107.6   47928.0    2864.1  1.9339 -2.0377   77491.0  202995.5 -191747.9
        nan       nan      -nan       nan       nan       nan       nan       nan       nan       nan
