groupid:  11833, ntrk:  7
vertex track :          0   3  75    4781768 -0.0678  0.2645  158317.6   83312.4     382.6    13   952.6
   76 2      1 -0.0665  0.2650   37424.0   82333.3   -2871.9 -0.0678  0.2684  153588.1   80992.0 -124782.6
       30.0       6.2   37410.6   82360.9   37411.3   82358.3   37647.3   82516.0   37422.7   82363.9
   77 2      2 -0.0672  0.2651   36761.4   79997.7   -3718.0 -0.0678  0.2684  153645.5   80764.9 -125628.7
       37.8      14.4   36738.2   80030.7   36742.7   80013.2   36994.6   80174.8   36766.1   80037.8
   78 2      3 -0.0659  0.2645   39769.8   82195.2   -6587.6 -0.0678  0.2684  153840.0   79994.8 -128498.4
       61.7      27.8   39727.9   82248.4   39743.9   82184.2   40021.6   82352.4   39781.8   82261.8
vertex track :         26   3  75    4781399  1.3129  0.4335  162207.3   83798.6     376.2     0  5296.6
   76 2      1  1.1206  0.4604   39156.0   81935.4   -3000.3  1.3230  0.4423  152822.1   80873.7 -124900.3
      151.1       8.6   39292.4   82000.8   39248.3   81982.6   39230.6   82080.5   39299.0   81984.9
   77 2      2  1.3060  0.3797   38321.1   83512.6   -3817.1  1.3230  0.4423  151741.4   80512.4 -125717.2
      177.6      11.7   38488.4   83573.3   38421.6   83553.9   38365.1   83662.2   38494.9   83550.9
   78 2      3  1.2466  0.3488   32548.4   79207.2   -6376.0  1.3230  0.4423  148356.0   79380.7 -128276.1
      266.2      19.4   32799.5   79297.6   32548.5   79227.3   32508.4   79327.1   32810.0   79260.3
vertex track :         27   3  75    4782125 -1.3273 -2.6709  157962.7   82479.2     378.7   211     nan
   76 4      1 -1.3164 -2.6826   41173.8   11055.2   -2868.2 -1.3520 -2.6813  157393.8   89731.1 -124773.7
        nan       nan      -nan       nan       nan       nan       nan       nan       nan       nan
   77 4      2 -1.3175 -2.6832   41494.8   12290.3   -3714.2 -1.3520 -2.6813  158537.6   91999.4 -125619.7
        nan       nan      -nan       nan       nan       nan       nan       nan       nan       nan
   78 4      3 -1.3273 -2.6381   48265.7   21076.1   -6585.8 -1.3520 -2.6813  162420.0   99699.1 -128491.3
        nan       nan      -nan       nan       nan       nan       nan       nan       nan       nan
vertex track :        302   3  76    4965980 -0.7829 -1.0730  158396.7   83152.8     382.5   211   171.8
   73 2     -2 -0.7468 -1.0258   31411.0   76000.7    6603.2 -0.7969 -1.0849  149069.9   75186.1 -118323.3
      642.1     360.0   31324.1   75269.6   31923.1   76092.5   31707.1   76940.7   30741.9   75693.5
   74 2     -1 -0.7655 -1.0578   33494.2   76850.4    3716.2 -0.7969 -1.0849  151370.5   78318.1 -121210.3
      313.2     168.0   33446.7   76498.2   33653.1   76783.5   33750.9   77411.6   33174.4   76695.2
   75 2      0 -0.7821 -1.1069   36194.6   79087.1    2861.5 -0.7969 -1.0849  152051.5   79245.3 -122065.0
      156.0      61.4   36154.7   78924.3   36170.5   78946.6   36443.8   79458.8   36054.5   78995.1
vertex track :        312   3  76    4966572  2.2761 -2.8299  157826.4   82436.7     381.9   211   301.5
   73 2     -2  2.5076 -2.9099   51815.9   63025.8    6614.5  2.2375 -2.7703  167396.9   63943.5 -118312.6
     2571.9     612.4   53958.8   61477.3   51127.5   64762.8   49885.6   64781.3   53031.0   60677.7
   74 2     -1  2.4047 -2.8806   47198.4   73714.6    3806.3  2.2375 -2.7703  161113.6   71723.0 -121120.8
     1284.1     293.9   48246.9   72917.2   47106.0   74283.8   46362.2   74719.2   47795.6   72540.5
   75 2      0  2.5904 -2.5654   42774.2   73718.5    2969.2  2.2375 -2.7703  159240.6   74042.0 -121958.0
      659.6     110.4   43320.6   73332.8   42927.2   73722.4   42440.4   74311.6   43165.2   73175.9
vertex track :        338   3  76    8088279 -2.8784 -1.7009  165792.7   87352.0     317.7   211   333.6
   73 2     -2 -2.8642 -1.6909   24794.2   76027.7    6589.0 -2.9271 -1.7585  143111.2   75198.9 -118242.9
     1966.2     487.0   23348.6   74608.7   26133.5   76252.8   26447.0   77655.0   22853.4   75447.5
   74 2     -1 -2.8005 -1.5827   32781.1   78589.5    3711.8 -2.9271 -1.7585  151533.2   80258.6 -121120.2
      978.7     229.8   32042.1   77907.9   33158.1   78538.6   33727.3   79479.5   31816.0   78308.0
   75 2      0 -2.9211 -1.6472   37215.1   81409.2    2861.1 -2.9271 -1.7585  154023.1   81754.5 -121970.8
      532.3      85.4   36793.4   81073.3   37107.3   81250.3   37843.9   81953.4   36709.5   81222.2
vertex track :        345   3  76    8090903  0.7704 -4.4689  156870.1   88081.2     330.7     0   763.8
   73 2     -2  0.7076 -3.8997   40647.5   57570.6    6605.9  0.7854 -4.4304  157404.1   59090.9 -118291.2
     2235.9     310.1   41351.8   55426.0   40702.0   59007.0   40153.9   59921.3   40741.6   55315.3
   74 2     -1  0.7424 -4.8963   40584.3   73277.5    3816.1  0.7854 -4.4304  155213.0   71451.2 -121081.0
     1201.8     150.8   40913.6   72111.9   40709.2   73460.1   40465.7   74648.2   40615.3   72066.6
   75 2      0  0.8112 -4.6219   37488.0   74702.0    3025.9  0.7854 -4.4304  154592.5   74951.7 -121871.1
      823.2      60.0   37689.4   73901.6   37575.1   74552.6   37497.4   75707.8   37571.2   73880.8
