groupid:  12306, ntrk:  8
vertex track :          0   3  49    5511753 -0.1067 -0.4033  100895.2  117401.8     261.6    13  2697.0
   50 3      1 -0.1062 -0.4040  101372.6   40759.7   -2866.8 -0.1035 -0.4048   97069.8  116794.6  -76080.9
       42.1       3.9  101365.7   40717.9  101364.8   40714.6  101589.4   41011.0  101358.1   40719.9
   51 3      2 -0.1057 -0.4045  100676.6   41171.5   -3715.9 -0.1035 -0.4048   97157.7  117138.3  -76930.0
       50.0       6.7  100670.4   41121.4  100673.5   41133.3  100892.7   41431.2  100657.5   41124.7
   52 3      3 -0.1057 -0.4054  100137.7   42229.2   -6584.6 -0.1035 -0.4048   97454.7  118299.7  -79798.8
       78.9      12.4  100129.8   42149.7  100147.4   42217.2  100355.4   42518.2  100105.7   42156.0
vertex track :          1   3  49    4435486 -0.2348  1.1436  100597.5  120936.1     264.5  2212   699.3
   50 3      1 -0.2526  1.1445   99813.1   42851.3   -3160.9 -0.2326  1.1434   97242.1  115152.1  -76375.1
      130.5      28.1   99757.5   42972.7   99760.7   42958.2  100078.4   42941.1   99812.4   42984.8
   51 3      2 -0.2495  1.1310  101488.4   40506.6   -3973.2 -0.2326  1.1434   97431.0  114223.3  -77187.5
      174.1      64.1  101388.3   40662.8  101410.9   40560.4  101798.2   40561.6  101513.4   40690.4
   52 3      3 -0.2315  1.0945  103930.4   40563.9   -6369.7 -0.2326  1.1434   97988.4  111483.2  -79583.9
      271.1     112.9  103763.9   40805.7  103827.4   40505.2  104306.7   40533.1  103984.7   40852.5
vertex track :         23   3  49    5070046  0.8162 -0.7165  102995.2  116676.9     260.0   211   340.5
   50 3      1  0.8166 -0.7157  100561.0   41027.8   -2872.1  0.8199 -0.7187   96274.4  117056.7  -76090.4
      115.6      29.5  100667.4   40973.8  100665.0   40976.0  100665.4   41291.1  100628.5   40929.4
   51 3      2  0.8184 -0.7157   99107.4   41687.6   -3718.5  0.8199 -0.7187   95580.4  117665.0  -76936.9
      164.4      71.5   99278.2   41633.1   99202.6   41699.3   99147.4   41951.3   99184.1   41525.5
   52 3      3  0.8172 -0.7155   96388.3   43470.2   -6585.8  0.8199 -0.7187   93229.5  119725.7  -79804.1
      285.8     140.3   96695.7   43387.5   96437.3   43613.8   96291.6   43762.1   96510.8   43176.3
vertex track :         30   3  49    5097772  1.8957  2.0036  107012.9  124554.9     271.4   211   161.9
   50 3      1  1.8406  2.1035  100135.5   44008.7   -3159.0  1.8962  2.0191   96335.9  115781.5  -76394.6
      830.4     245.9  100497.3   44795.5   99790.1   43987.4   99985.5   43433.9  100867.4   44471.7
   51 3      2  1.7897  2.0840  100067.7   40833.1   -3979.9  1.8962  2.0191   94779.3  114124.0  -77215.5
     1761.6     576.2  100778.3   42545.0   98858.6   40309.7   99568.9   39333.4  101652.6   41794.2
   52 3      3  1.9677  1.9296   96248.7   38541.8   -6364.8  1.8962  2.0191   90257.2  109308.7  -79600.4
     3067.3    1014.0   97728.7   41413.3   93762.0   37523.4   94980.6   35882.2   99148.6   39965.4
vertex track :         59   3  49    5541794  0.8093  0.8714  102231.6  119253.9     264.5   211     nan
   50 3      1  0.8093  0.8735   99823.3   38582.2   -2868.3  0.8108  0.8755   95537.9  114643.6  -76087.7
        nan       nan      -nan       nan       nan       nan       nan       nan       nan       nan
   51 3      2  0.8064  0.8731   98376.0   37941.0   -3717.3  0.8108  0.8755   94849.5  113900.3  -76936.8
        nan       nan      -nan       nan       nan       nan       nan       nan       nan       nan
   52 3      3  0.8056  0.8729   95702.7   35918.2   -6586.1  0.8108  0.8755   92523.5  111388.8  -79805.6
        nan       nan      -nan       nan       nan       nan       nan       nan       nan       nan
vertex track :        100   3  49    5802433 -4.4545  3.1300   86683.1  128807.8     279.8     0   980.8
   50 3      1 -4.3586  2.9673   98127.3   44918.7   -3163.7 -4.4157  3.0724   97704.5  116342.7  -76349.3
     1427.1      84.6   96900.1   45651.9   98344.1   44668.8   99560.3   44398.5   96995.2   45791.7
   51 3      2 -5.0855  3.4807  103352.1   40945.3   -3967.3 -4.4157  3.0724  101253.0  113873.8  -77152.9
     1957.1     191.3  101629.0   41892.9  103791.2   40413.1  105280.1   40211.3  101845.1   42208.6
   52 3      3 -4.2251  3.3489  117739.5   35225.6   -6364.3 -4.4157  3.0724  111837.7  106509.0  -79550.0
     3153.9     336.6  115058.8   36920.9  119114.8   33706.0  120626.0   33743.6  115476.9   37448.4
vertex track :        176   3  50    4851661  1.4770  0.4751  100364.2  116585.3     157.4   211     nan
   47 3     -2  1.4757  0.4790  111296.2   39673.6    6588.2  1.4718  0.4715  105116.4  119099.5  -69679.7
        nan       nan      -nan       nan       nan       nan       nan       nan       nan       nan
   48 3     -1  1.4836  0.4769  105045.3   41807.3    3718.0  1.4718  0.4715  100892.2  117746.3  -72549.9
        nan       nan      -nan       nan       nan       nan       nan       nan       nan       nan
   49 3      0  1.4818  0.4591  104509.5   42271.1    2868.0  1.4718  0.4715   99641.2  117345.5  -73399.9
        nan       nan      -nan       nan       nan       nan       nan       nan       nan       nan
vertex track :        215   3  50    5294488  4.0433  2.1961  101983.7  117394.2     157.6   211   337.3
   47 4     -2  4.1965  2.6969    7397.8   59494.4    6863.0  4.0179  2.1789  124212.0  131485.2  -69402.8
     4307.9     823.7   10576.5   62516.4    4209.7   58424.7    4433.3   56685.1   11467.2   61130.5
   48 3     -1  4.0008  1.8664  117423.7   48752.4    3918.4  4.0179  2.1789  112381.0  125069.2  -72347.4
     2182.0     403.1  119230.7   50040.2  116116.0   48587.2  115830.7   47676.5  119571.6   49309.5
   49 3      0  4.2170  2.1177  114623.5   44726.9    3106.0  4.0179  2.1789  109116.8  123299.0  -73159.8
     1150.0     162.0  115578.6   45387.7  114408.7   44800.2  113882.7   44278.2  115724.0   45098.2
