groupid:  12178, ntrk:  6
vertex track :          0   3  27    5995573  0.7324  0.0235  146887.4  132025.8     256.7    13   161.8
   28 4      1  0.7333  0.0236   26387.5   54181.5   -2867.8  0.7372  0.0232  141001.9  131426.6  -35117.4
       95.9      51.7   26481.7   54236.2   26444.1   54235.0   26504.1   54336.7   26485.0   54132.9
   29 4      2  0.7335  0.0180   25809.2   55083.0   -3718.5  0.7372  0.0232  140374.7  131406.9  -35968.2
      178.7     127.3   25984.7   55214.6   25781.6   55209.6   25844.5   55161.4   25991.0   54960.2
   30 4      3  0.7315  0.0225   23700.3   54087.1   -6587.1  0.7372  0.0232  138260.0  131340.3  -38836.7
      336.7     250.4   24029.2   54347.8   23509.7   54331.8   23582.2   54036.5   24044.6   53847.2
vertex track :         54   3  27    6495333  1.4091  1.8599  147082.3  132528.1     255.5   211     nan
   28 4      1  1.1282  2.1688   21563.7   46560.4   -3301.9  1.4184  1.8589  138455.6  125388.2  -35550.3
        nan       nan      -nan       nan       nan       nan       nan       nan       nan       nan
   29 4      2  1.4148  2.0055   20132.3   44217.7   -4141.8  1.4184  1.8589  137264.4  123827.1  -36390.1
        nan       nan      -nan       nan       nan       nan       nan       nan       nan       nan
   30 4      3  1.3289  1.8219   17031.0   39737.0   -6531.3  1.4184  1.8589  133875.2  119385.1  -38779.7
        nan       nan      -nan       nan       nan       nan       nan       nan       nan       nan
vertex track :        177   3  28    6224166 -2.0736 -0.5082  146630.4  133412.0     399.8     0 10001.0
   25 4     -2 -2.0722 -0.5207   10170.5   48354.0    6581.8 -2.0805 -0.5217  128371.1  128303.7  -29101.0
      460.5      21.9    9729.3   48220.5   10187.3   48335.6   10819.7   48696.9    9718.6   48263.0
   26 4     -1 -2.0800 -0.4842   15810.8   50835.8    3717.8 -2.0805 -0.5217  134329.8  129797.9  -31965.1
      269.7      11.6   15550.7   50763.4   15639.2   50784.0   16278.7   51117.8   15545.5   50786.0
   27 4      0 -2.0674 -0.5216   19156.8   51856.8    2868.3 -2.0805 -0.5217  136097.3  130241.1  -32814.6
      218.1       8.3   18947.4   51795.4   18936.1   51792.6   19574.1   52127.6   18943.3   51811.4
vertex track :        204   3  28    6878367 -1.0574 -0.7849  147950.8  134055.2     400.6   211     nan
   25 4     -2 -1.0050 -0.7881   22883.3   51978.6    6675.5 -1.0622 -0.7921  135894.4  127207.4  -29008.0
        nan       nan      -nan       nan       nan       nan       nan       nan       nan       nan
   26 4     -1 -1.0992 -0.8616   24988.5   52920.5    4106.2 -1.0622 -0.7921  138623.5  129242.5  -31577.2
        nan       nan      -nan       nan       nan       nan       nan       nan       nan       nan
   27 4      0 -1.0223 -0.8265   27611.5   54633.0    3285.2 -1.0622 -0.7921  139495.6  129892.9  -32398.3
        nan       nan      -nan       nan       nan       nan       nan       nan       nan       nan
vertex track :        227   3  28    7089365 -1.1885 -0.1010  146059.8  133285.3     402.7   211   257.2
   25 4     -2 -1.1862 -0.1048   15387.8   50952.3    6589.5 -1.1919 -0.1110  133285.7  130712.4  -29096.0
      356.4     189.0   15049.3   50732.6   15510.4   50773.3   15935.0   51381.8   15016.1   51109.2
   26 4     -1 -1.1857 -0.1090   18884.5   52380.6    3719.9 -1.1919 -0.1110  136705.9  131030.9  -31965.6
      184.9      88.3   18708.4   52275.7   18827.7   52286.7   19269.3   52695.4   18692.2   52451.7
   27 4      0 -1.1867 -0.1071   21494.2   53084.7    2867.1 -1.1919 -0.1110  137722.3  131125.5  -32818.4
      115.2      32.4   21382.4   53042.0   21362.7   53040.3   21814.9   53337.2   21376.6   53106.6
vertex track :        240   3  28    7102686  2.2626 -2.3986  142420.3  138588.5     412.5     0 10001.0
   25 4     -2  2.1839 -2.3034   39321.0   45964.5    6607.7  2.2922 -2.4188  151207.7  121690.6  -29067.4
      960.1      31.5   40004.4   45289.5   39141.9   46199.3   38849.7   46847.3   39958.7   45246.1
   26 4     -1  1.9523 -2.6526   31853.0   51265.6    4118.3  2.2922 -2.4188  145501.5  127712.1  -31556.8
      595.6      18.4   32220.9   50796.8   31924.8   51199.2   31697.1   51941.8   32191.3   50775.0
   27 4      0  2.1456 -2.0121   31741.7   54714.8    3284.4  2.2922 -2.4188  143590.0  129729.1  -32390.7
      477.9      13.3   32099.5   54397.6   31852.8   54628.9   31596.1   55239.9   32081.2   54378.1
