groupid:  12067, ntrk:  6
vertex track :          0   3  39    8138005 -0.1395 -0.1974  186422.6  113100.3     212.5    13  1805.1
   40 4      1 -0.1363 -0.1999   70881.3   39732.6   -2868.8 -0.1423 -0.1997  185713.9  115017.5  -57842.0
       25.6       3.4   70869.7   39709.5   70870.0   39709.9   71102.8   39965.6   70864.1   39713.4
   41 4      2 -0.1360 -0.1998   71947.4   37717.6   -3718.9 -0.1423 -0.1997  185834.9  115187.3  -58692.2
       31.3       7.4   71935.9   37687.6   71942.5   37697.4   72168.7   37957.4   71923.7   37696.0
   42 4      3 -0.1378 -0.1988   69595.3   37197.0   -6585.9 -0.1423 -0.1997  186242.9  115759.9  -61559.2
       50.5      14.4   69578.4   37147.3   69607.0   37188.5   69822.1   37456.5   69554.7   37163.7
vertex track :         30   3  39    8137135  2.0142 -0.3285  191991.8  112535.4     206.5  2212   476.6
   40 4      1  1.9516 -0.3983   63723.0   32180.8   -2810.8  2.0000 -0.3188  184824.5  114823.9  -57754.8
      301.3      83.3   64034.9   32202.2   63854.3   32239.0   63623.1   32369.1   64001.6   32038.9
   41 4      2  1.9241 -0.3949   60550.5   35651.5   -3627.1  2.0000 -0.3188  183191.9  115084.1  -58571.1
      544.7     205.0   61125.3   35742.8   60462.3   35878.9   60187.7   35769.7   61042.9   35341.1
   42 4      3  2.1685 -0.0443   56980.3   36531.5   -6354.5  2.0000 -0.3188  177737.1  115953.6  -61298.5
     1014.5     399.7   58002.8   36910.4   56429.6   36942.5   56170.1   36362.6   57986.5   36111.2
vertex track :         41   3  39    8167114  1.0976  1.1830  189639.9  117000.7     207.9  2212   603.8
   40 4      1  1.0763  1.2009   70566.2   39734.4   -2865.9  1.0751  1.1722  185154.4  114698.6  -57811.6
      190.9      42.6   70661.8   39905.0   70633.1   39873.0   70681.7   39775.0   70725.4   39848.1
   41 4      2  1.0747  1.2002   70635.7   36618.2   -3718.8  1.0751  1.1722  184237.4  113698.7  -58664.5
      286.5     104.4   70749.1   36901.2   70592.5   36726.4   70733.4   36546.3   70904.6   36762.0
   42 4      3  1.0868  1.1959   64978.4   32287.9   -6584.6  1.0751  1.1722  181156.4  110339.3  -61530.3
      512.4     206.1   65170.5   32805.7   64709.5   32298.4   64997.4   31981.3   65475.5   32528.5
vertex track :        124   3  40    7282646 -0.0754 -0.5154  189607.0  118579.1     345.1   211     nan
   37 4     -2 -0.0708 -0.5221   65805.7   34901.0    6600.0 -0.0737 -0.5146  185092.9  112414.3  -51340.7
        nan       nan      -nan       nan       nan       nan       nan       nan       nan       nan
   38 4     -1 -0.0695 -0.5142   69495.4   35876.4    3730.8 -0.0737 -0.5146  185304.3  113890.7  -54209.8
        nan       nan      -nan       nan       nan       nan       nan       nan       nan       nan
   39 4      0 -0.0774 -0.5126   66727.9   35174.8    2868.4 -0.0737 -0.5146  185367.9  114334.5  -55072.2
        nan       nan      -nan       nan       nan       nan       nan       nan       nan       nan
vertex track :        165   3  40    8156265  1.0007  1.1893  186807.1  114404.9     338.2     0  4255.0
   37 4     -2  1.1174  1.1572   75271.9   48046.6    6423.5  0.9978  1.1796  188834.5  118660.9  -51514.0
      286.1      20.5   75455.9   48266.7   75293.1   48098.1   75299.0   48037.8   75485.4   48238.2
   38 4     -1  0.9101  1.1401   72401.6   41099.2    3681.3  0.9978  1.1796  186098.2  115426.2  -54256.2
      175.3      10.7   72502.5   41242.9   72474.9   41208.3   72511.5   41166.6   72519.3   41229.5
   39 4      0  0.8914  1.1243   73752.4   43032.2    2880.0  0.9978  1.1796  185298.6  114481.0  -55057.5
      146.2       7.1   73837.6   43151.2   73843.1   43158.1   73878.0   43124.3   73848.8   43142.4
vertex track :        218   3  40    8607519 -0.8441 -0.7565  190670.8  118602.7     342.2   211     nan
   37 4     -2 -0.8404 -0.7618   61946.3   33366.0    6590.6 -0.8434 -0.7528  181349.3  110949.8  -51347.4
        nan       nan      -nan       nan       nan       nan       nan       nan       nan       nan
   38 4     -1 -0.8139 -0.8005   67731.3   34982.3    3720.6 -0.8434 -0.7528  183769.9  113110.2  -54217.3
        nan       nan      -nan       nan       nan       nan       nan       nan       nan       nan
   39 4      0 -0.8519 -0.7487   65564.8   34547.8    2867.8 -0.8434 -0.7528  184489.2  113752.2  -55070.1
        nan       nan      -nan       nan       nan       nan       nan       nan       nan       nan
