groupid:  12860, ntrk: 21
vertex track :          0   3  41    6250531 -0.0791 -0.4789   57794.8  150162.5     215.5    13   756.4
   42 3      1 -0.0837 -0.4782   57017.5   72922.1   -2867.0 -0.0775 -0.4835   53116.8  151459.8  -61168.3
       49.0       8.5   57017.4   72872.4   57016.7   72868.5   57227.4   73181.4   57000.6   72875.3
   43 3      2 -0.0892 -0.4764   58945.8   74373.0   -3719.0 -0.0775 -0.4835   53182.9  151871.8  -62020.4
       60.8      19.6   58953.8   74309.6   58957.5   74329.2   59147.7   74645.9   58915.4   74316.8
   44 3      3 -0.0843 -0.4786   58195.8   73185.6   -6590.1 -0.0775 -0.4835   53405.5  153260.0  -64891.4
       99.0      38.4   58216.4   73081.5   58233.0   73175.9   58385.0   73499.2   58140.8   73094.8
vertex track :         17   3  41    6205050 -2.0695 -1.9883   54558.5  147717.2     219.5   211     nan
   42 3      1 -2.0267 -1.9920   64126.8   74643.3   -2833.5 -2.0703 -1.9713   55923.9  153551.1  -61122.7
        nan       nan      -nan       nan       nan       nan       nan       nan       nan       nan
   43 3      2 -2.1414 -1.8447   65087.8   73509.3   -3637.9 -2.0703 -1.9713   57589.2  155136.7  -61927.0
        nan       nan      -nan       nan       nan       nan       nan       nan       nan       nan
   44 3      3 -2.3011 -1.8539   69871.4   83122.9   -6432.4 -2.0703 -1.9713   63374.7  160645.4  -64721.5
        nan       nan      -nan       nan       nan       nan       nan       nan       nan       nan
vertex track :         27   3  41    6248341  1.6839 -0.0942   61046.4  150879.9     212.0   211     nan
   42 3      1  1.6753 -0.1125   55251.7   72579.8   -2867.1  1.7164 -0.1124   50867.4  151009.7  -61184.1
        nan       nan      -nan       nan       nan       nan       nan       nan       nan       nan
   43 3      2  1.6772 -0.1265   55759.3   73750.8   -3721.8  1.7164 -0.1124   49400.4  151105.8  -62038.8
        nan       nan      -nan       nan       nan       nan       nan       nan       nan       nan
   44 3      3  1.6766 -0.1106   49982.5   71500.3   -6583.5  1.7164 -0.1124   44488.5  151427.3  -64900.6
        nan       nan      -nan       nan       nan       nan       nan       nan       nan       nan
vertex track :         36   3  41    6250193 -1.4191  0.1901   55885.4  151112.1     221.0     0  3189.7
   42 3      1 -1.4474  0.2337   63683.2   71784.7   -2824.8 -1.4036  0.1937   55242.4  150348.7  -61117.6
      147.4       8.4   63536.3   71799.9   63523.5   71802.0   64038.6   71979.7   63539.0   71816.5
   43 3      2 -1.4148  0.1996   63948.4   68811.6   -3629.5 -1.4036  0.1937   56371.9  150192.8  -61922.3
      174.6      13.0   63773.7   68823.1   63822.4   68816.3   64331.7   69010.3   63777.3   68848.9
   44 3      3 -1.5110  0.2260   66826.9   72212.7   -6389.5 -1.4036  0.1937   60245.7  149658.0  -64682.3
      275.1      23.8   66551.2   72229.9   66778.1   72195.9   67311.0   72405.7   66558.3   72276.9
vertex track :         37   3  41    6250674 -0.4274  0.3908   56841.1  152529.1     219.2  2212   736.8
   42 3      1 -0.4243  0.3949   57045.3   72856.9   -2866.3 -0.4177  0.3914   53229.3  151151.0  -61160.9
       58.6      14.5   56992.5   72886.2   56989.1   72889.3   57307.6   73038.0   57012.3   72907.5
   43 3      2 -0.4200  0.3998   59285.8   73566.9   -3717.3 -0.4177  0.3914   53584.7  150817.9  -62011.8
       77.4      34.9   59205.7   73595.0   59229.6   73572.2   59575.5   73749.2   59253.8   73645.5
   44 3      3 -0.4220  0.3953   59428.2   69944.4   -6591.4 -0.4177  0.3914   54785.0  149693.0  -64885.9
      130.3      68.8   59286.1   69983.3   59387.7   69888.2   59779.9   70115.9   59380.1   70083.7
vertex track :         40   3  41    6251853 -1.5982 -0.0111   54172.2  151590.1     220.2   211     nan
   42 3      1 -1.6024  0.0219   62496.7   72818.4   -2824.7 -1.5823 -0.0057   54068.6  151444.5  -61104.3
        nan       nan      -nan       nan       nan       nan       nan       nan       nan       nan
   43 3      2 -1.5656 -0.0162   62895.7   70036.6   -3628.8 -1.5823 -0.0057   55340.9  151449.1  -61908.4
        nan       nan      -nan       nan       nan       nan       nan       nan       nan       nan
   44 3      3 -1.7000  0.0637   66359.3   74022.6   -6389.9 -1.5823 -0.0057   59709.9  151464.8  -64669.5
        nan       nan      -nan       nan       nan       nan       nan       nan       nan       nan
vertex track :         42   3  41    6252871 -1.9844  1.2831   55160.8  152896.5     221.2   211     nan
   42 3      1 -1.9680  1.3017   59730.0   70701.3   -2869.1 -1.9446  1.2768   56265.3  148790.1  -61153.8
        nan       nan      -nan       nan       nan       nan       nan       nan       nan       nan
   43 3      2 -1.9552  1.3188   63192.2   70619.1   -3718.9 -1.9446  1.2768   57917.9  147705.1  -62003.6
        nan       nan      -nan       nan       nan       nan       nan       nan       nan       nan
   44 3      3 -1.9777  1.3004   67535.6   64604.5   -6587.7 -1.9446  1.2768   63496.7  144042.3  -64872.4
        nan       nan      -nan       nan       nan       nan       nan       nan       nan       nan
vertex track :         45   3  41    6295520  1.3954  1.5346   60939.1  154887.1     214.8   211     nan
   42 3      1  1.2529  1.5653   60628.7   71674.1   -2822.5  1.4313  1.5408   51733.5  150019.9  -61134.5
        nan       nan      -nan       nan       nan       nan       nan       nan       nan       nan
   43 3      2  1.4711  1.6207   58385.2   67580.1   -3628.5  1.4313  1.5408   50579.7  148777.9  -61940.6
        nan       nan      -nan       nan       nan       nan       nan       nan       nan       nan
   44 3      3  1.4944  1.5009   53330.5   66897.2   -6437.4  1.4313  1.5408   46559.6  144450.2  -64749.4
        nan       nan      -nan       nan       nan       nan       nan       nan       nan       nan
vertex track :        112   3  41    7393908 -3.9246  2.2465   53323.1  153105.2     225.3     0 10001.0
   42 3      1 -3.8990  2.2727   63275.6   68221.0   -2867.9 -3.7994  2.2067   60164.0  146128.2  -61144.0
      875.8      19.1   62509.3   68645.6   63203.9   68240.7   64248.0   68008.7   62528.5   68678.5
   43 3      2 -3.8673  2.3409   68258.8   67258.4   -3717.6 -3.7994  2.2067   63392.2  144253.2  -61993.7
     1096.8      26.7   67306.7   67803.5   68371.2   67159.2   69417.1   66925.6   67334.4   67849.2
   44 3      3 -3.8915  2.2804   77665.3   58761.7   -6590.3 -3.7994  2.2067   74306.8  137914.0  -64866.4
     1857.8      47.7   76038.3   59659.8   78426.8   58260.1   79498.4   58075.9   76086.5   59742.1
vertex track :        156   3  41    7803614 -1.4046  1.9008   55296.7  154270.9     222.9   211   182.1
   42 3      1 -1.4633  1.9517   63034.5   70029.1   -2812.3 -1.3691  1.8903   54560.7  148379.0  -61096.9
      470.2     143.8   62637.4   70319.1   62894.2   69976.5   63640.1   69951.1   62867.4   70491.6
   43 3      2 -1.3360  1.8690   63322.7   65601.4   -3611.1 -1.3691  1.8903   55654.4  146869.0  -61895.7
      971.6     352.9   62470.6   66186.5   63320.0   64998.3   64383.5   65228.1   63044.8   66597.0
   44 3      3 -1.3403  1.8069   66282.0   63956.9   -6334.2 -1.3691  1.8903   59382.8  141721.5  -64618.9
     1854.5     687.8   64624.7   65036.5   66552.9   62437.1   68147.9   63089.0   65729.6   65856.1
vertex track :        167   3  41    7805808 -4.2943  4.3484   54665.1  153967.8     223.1     0 10001.0
   42 3      1 -4.2428  4.3503   65551.1   63233.9   -2868.6 -4.1147  4.2313   62489.1  140732.9  -61149.8
     1517.9      25.3   64473.2   64302.9   65701.8   63043.2   66834.8   62379.3   64509.5   64338.3
   43 3      2 -4.2190  4.3982   70724.4   60583.4   -3718.9 -4.1147  4.2313   65988.0  137134.9  -62000.1
     1916.5      36.6   69371.4   61941.1   71138.7   60098.6   72283.3   59440.0   69424.1   61991.7
   44 3      3 -4.2477  4.4043   80983.7   46605.8   -6587.7 -4.1147  4.2313   77792.2  124996.3  -64868.9
     3272.8      66.0   78664.3   48915.6   82316.1   45129.2   83508.9   44510.3   78759.3   49007.3
vertex track :        202   3  41    9990483  0.0335  0.9148   57976.1  152462.6     155.8   211     nan
   42 3      1 -0.0116  0.9295   61574.8   71036.4   -2813.3  0.0480  0.9177   52938.0  149559.0  -61052.0
        nan       nan      -nan       nan       nan       nan       nan       nan       nan       nan
   43 3      2 -0.0118  0.9349   60638.6   67476.4   -3614.1  0.0480  0.9177   52899.5  148824.1  -61852.8
        nan       nan      -nan       nan       nan       nan       nan       nan       nan       nan
   44 3      3  0.1302  0.9641   59447.6   68848.8   -6388.9  0.0480  0.9177   52766.3  146277.7  -64627.6
        nan       nan      -nan       nan       nan       nan       nan       nan       nan       nan
vertex track :        210   3  41   10956594  1.3903  1.6659   61839.7  155425.1     154.7   211     nan
   42 3      1  1.4057  1.6459   56904.4   72235.4   -2867.3  1.4269  1.6734   52678.6  150176.8  -61123.9
        nan       nan      -nan       nan       nan       nan       nan       nan       nan       nan
   43 3      2  1.4080  1.6342   57730.1   71882.7   -3716.4  1.4269  1.6734   51467.0  148756.0  -61973.0
        nan       nan      -nan       nan       nan       nan       nan       nan       nan       nan
   44 3      3  1.4079  1.6414   52674.2   64754.1   -6588.4  1.4269  1.6734   47369.0  143950.2  -64844.9
        nan       nan      -nan       nan       nan       nan       nan       nan       nan       nan
vertex track :        211   3  41   10957716  0.9002  1.3572   60140.7  154574.0     156.4   211     nan
   42 3      1  0.8619  1.3990   61311.6   71806.9   -2809.6  0.9263  1.3615   52527.9  150352.9  -61058.8
        nan       nan      -nan       nan       nan       nan       nan       nan       nan       nan
   43 3      2  0.8796  1.3357   59568.1   67949.9   -3612.1  0.9263  1.3615   51784.6  149260.3  -61861.3
        nan       nan      -nan       nan       nan       nan       nan       nan       nan       nan
   44 3      3  0.8633  1.3484   55868.3   67932.6   -6398.4  0.9263  1.3615   49203.8  145466.9  -64647.5
        nan       nan      -nan       nan       nan       nan       nan       nan       nan       nan
vertex track :        249   3  42    4989577 -0.6846 -0.7595   56674.0  151225.9     224.5     0  1630.1
   39 3     -2 -0.6936 -0.7576   51204.4   68236.3    6568.8 -0.6825 -0.7653   49042.7  146456.1  -54607.3
      176.6      26.7   51104.9   68088.0   51197.8   68189.4   51513.3   68593.8   51065.5   68124.1
   40 3     -1 -0.7017 -0.7522   55819.4   72839.1    3719.1 -0.6825 -0.7653   50987.8  148636.9  -57457.1
      109.6      13.3   55754.4   72749.9   55756.5   72752.2   56093.8   73137.6   55735.0   72768.1
   41 3      0 -0.6856 -0.7547   56675.4   71016.4    2865.2 -0.6825 -0.7653   51570.6  149290.3  -58310.9
       91.4       6.8   56619.0   70944.2   56597.9   70921.0   56941.2   71297.9   56608.9   70953.3
vertex track :        250   3  42    4989596 -1.4097 -0.8475   56597.1  151288.1     224.5   211     nan
   39 3     -2 -1.3400 -0.8429   50038.3   68002.7    6507.1 -1.4064 -0.8526   44459.4  146017.1  -54668.7
        nan       nan      -nan       nan       nan       nan       nan       nan       nan       nan
   40 3     -1 -1.3818 -0.8080   50242.2   66603.5    3713.1 -1.4064 -0.8526   48389.0  148399.3  -57462.7
        nan       nan      -nan       nan       nan       nan       nan       nan       nan       nan
   41 3      0 -1.4007 -0.8136   49741.3   71020.8    2889.9 -1.4064 -0.8526   49546.8  149101.2  -58285.9
        nan       nan      -nan       nan       nan       nan       nan       nan       nan       nan
vertex track :        289   3  42    5596257  0.7555  0.8029   54142.8  147850.5     224.8   211     nan
   39 3     -2  0.7530  0.8283   58174.1   74945.3    6591.6  0.7643  0.8117   55697.6  153073.9  -54577.1
        nan       nan      -nan       nan       nan       nan       nan       nan       nan       nan
   40 3     -1  0.7594  0.7981   58618.6   75236.5    3714.5  0.7643  0.8117   53498.6  150738.4  -57454.3
        nan       nan      -nan       nan       nan       nan       nan       nan       nan       nan
   41 3      0  0.7556  0.7996   58273.7   72141.8    2866.9  0.7643  0.8117   52850.7  150050.4  -58301.9
        nan       nan      -nan       nan       nan       nan       nan       nan       nan       nan
vertex track :        362   3  42    6250370  1.9840 -1.5834   50470.6  154529.4     237.4   211     nan
   39 3     -2  2.1156 -1.8316   66271.9   66291.6    6467.6  2.0147 -1.5944   59684.8  144672.6  -54698.2
        nan       nan      -nan       nan       nan       nan       nan       nan       nan       nan
   40 3     -1  1.9037 -1.6241   56829.1   67010.3    3672.3  2.0147 -1.5944   54053.2  149129.3  -57493.5
        nan       nan      -nan       nan       nan       nan       nan       nan       nan       nan
   41 3      0  2.2713 -1.4353   53452.2   72083.1    2888.3  2.0147 -1.5944   52473.6  150379.3  -58277.6
        nan       nan      -nan       nan       nan       nan       nan       nan       nan       nan
vertex track :        365   3  42    6250766  1.3977  0.0556   52124.7  149957.8     228.5     0  1900.7
   39 3     -2  1.3942  0.0071   60258.6   72190.6    6585.2  1.4153  0.0633   57797.0  150418.9  -54579.3
      259.9      31.0   60518.3   72222.9   60291.3   72221.8   60210.3   72368.3   60518.6   72160.9
   40 3     -1  1.3998  0.0464   58970.7   74576.0    3720.2  1.4153  0.0633   53742.1  150237.6  -57444.3
      158.6      15.4   59128.6   74596.7   59105.6   74596.0   59024.1   74765.4   59129.6   74565.9
   41 3      0  1.3963  0.0581   58105.2   72113.3    2863.5  1.4153  0.0633   52529.5  150183.4  -58301.0
      130.9       8.1   58235.6   72126.8   58267.2   72128.2   58186.1   72309.9   58236.3   72110.7
vertex track :        388   3  42    6311825  4.0164 -3.8025   44934.5  160832.7     255.9     0  2060.3
   39 3     -2  4.0213 -3.7381   73961.2   57736.0    6453.3  4.0933 -3.8446   66926.9  137090.0  -54711.2
     2598.8     155.0   75970.2   56080.2   73007.8   58834.0   72166.2   59598.2   75759.1   55853.1
   40 3     -1  4.0381 -3.7623   58777.9   65058.0    3664.8  4.0933 -3.8446   55512.5  147811.0  -57499.8
     1438.8      75.4   59882.0   64132.3   58624.6   65303.8   57887.8   66189.8   59779.2   64022.0
   41 3      0  4.0804 -4.0183   53706.8   72034.4    2886.8  4.0933 -3.8446   52327.8  150802.2  -58277.8
     1097.9      33.2   54512.3   71287.6   53804.7   71984.5   53115.3   72987.1   54465.7   71240.3
vertex track :        391   3  42    7840716  1.8050 -1.8705   54359.1  152761.7     165.3   211     nan
   39 3     -2  1.7853 -1.8862   65006.2   62484.4    6590.3  1.8328 -1.8853   62819.1  140735.9  -54517.7
        nan       nan      -nan       nan       nan       nan       nan       nan       nan       nan
   40 3     -1  1.8048 -1.9017   62641.0   70294.1    3720.8  1.8328 -1.8853   57560.0  146145.6  -57387.2
        nan       nan      -nan       nan       nan       nan       nan       nan       nan       nan
   41 3      0  1.8097 -1.8701   61494.8   69436.1    2865.2  1.8328 -1.8853   55991.9  147758.6  -58242.8
        nan       nan      -nan       nan       nan       nan       nan       nan       nan       nan
