groupid:  12450, ntrk:  7
vertex track :          0   3 107    6990873  0.1234 -0.0095  193685.9   94609.2     195.0    13  8182.6
  108 4      1  0.1234 -0.0092   74529.3   18189.7   -2867.6  0.1203 -0.0081  187770.6   95133.7 -183865.5
       15.4       1.1   74544.7   18189.7   74540.0   18190.1   74724.0   18399.7   74544.6   18187.4
  109 4      2  0.1234 -0.0085   72708.1   15945.9   -3718.6  0.1203 -0.0081  187668.3   95140.6 -184716.5
       18.8       1.9   72727.0   15946.6   72715.4   15947.4   72899.4   16155.3   72726.7   15942.7
  110 4      3  0.1238 -0.0098   73757.6   17311.0   -6585.7  0.1203 -0.0081  187323.5   95163.9 -187583.6
       30.8       3.7   73788.6   17312.3   73753.2   17315.1   73936.7   17519.8   73788.1   17305.0
vertex track :         26   3 107    6963265 -1.5290 -0.2234  191888.5   94352.2     197.3     0  1508.4
  108 4      1 -1.4462 -0.2637   76666.4   15312.7   -2712.4 -1.5555 -0.2380  190852.9   95528.3 -183720.1
      158.5      10.8   76512.5   15273.6   76520.5   15275.1   77028.9   15561.5   76508.6   15294.9
  109 4      2 -1.3343 -0.0660   78734.7   17969.9   -3541.5 -1.5555 -0.2380  192142.6   95725.7 -184549.3
      191.8      21.8   78544.1   17938.7   78647.1   17943.8   79133.9   18211.0   78542.0   17982.2
  110 4      3 -1.7384 -0.3318   85417.1   14366.3   -6553.2 -1.5555 -0.2380  196827.4   96442.5 -187561.0
      319.2      44.0   85111.8   14263.2   85373.8   14313.2   85930.7   14679.0   85095.3   14349.6
vertex track :        100   3 108    5953213  0.4064  1.1096  193361.4   93847.9     307.0   211     nan
  105 4     -2  0.4030  1.0929   73375.8   21335.8    6596.2  0.3973  1.1261  189701.8   99874.6 -177239.6
        nan       nan      -nan       nan       nan       nan       nan       nan       nan       nan
  106 4     -1  0.3945  1.1161   73006.8   19974.2    3717.1  0.3973  1.1261  188557.8   96632.4 -180118.6
        nan       nan      -nan       nan       nan       nan       nan       nan       nan       nan
  107 4      0  0.3949  1.1143   74256.3   17206.8    2869.0  0.3973  1.1261  188220.8   95677.3 -180966.7
        nan       nan      -nan       nan       nan       nan       nan       nan       nan       nan
vertex track :        112   3 108    6503252 -0.4241  1.0080  195166.3   93972.7     304.9   211   472.5
  105 4     -2 -0.2981  1.0354   74108.8   25635.6    6488.4 -0.4416  1.0195  186292.2   99239.2 -177337.1
      223.0      87.5   73963.1   25825.7   74023.8   25614.6   74464.3   25656.6   74131.2   25874.1
  106 4     -1 -0.4433  1.0024   75198.9   21239.2    3567.4 -0.4416  1.0195  187582.0   96261.1 -180258.2
      125.8      40.3   75111.2   21337.9   75119.8   21318.3   75496.1   21351.4   75184.8   21370.5
  107 4      0 -0.4215  1.0529   74638.5   20509.2    2729.5 -0.4416  1.0195  187951.9   95407.0 -181096.0
       96.0      15.2   74588.7   20592.6   74571.5   20635.5   74897.8   20636.8   74616.9   20604.0
vertex track :        123   3 108    6523139  0.9139 -0.5705  192232.7   97397.9     312.8     0  1992.5
  105 4     -2  0.9398 -0.5564   75607.8   13922.0    6589.1  0.9163 -0.5622  191789.9   92836.0 -177264.8
      184.0      23.7   75778.2   13848.6   75658.9   13919.2   75648.3   14204.8   75754.1   13807.8
  106 4     -1  0.9195 -0.5580   73712.5   17542.5    3720.1  0.9163 -0.5622  189160.8   94449.0 -180133.9
      113.4      11.7   73815.6   17493.7   73814.7   17494.2   73820.3   17800.8   73803.4   17473.6
  107 4      0  0.9207 -0.5614   74524.4   16176.8    2867.6  0.9163 -0.5622  188379.7   94928.3 -180986.3
       94.8       6.3   74608.6   16132.8   74640.1   16113.7   74651.1   16430.2   74602.0   16122.0
vertex track :        125   3 108    6523238  1.0552  0.2955  193324.7   95963.6     309.7   211     nan
  105 4     -2  1.1941  0.4475   81883.3   23032.1    6461.4  1.0530  0.3088  193628.4   96826.8 -177381.4
        nan       nan      -nan       nan       nan       nan       nan       nan       nan       nan
  106 4     -1  0.9893  0.4257   78766.9   20757.0    3567.3  1.0530  0.3088  190580.9   95933.1 -180275.5
        nan       nan      -nan       nan       nan       nan       nan       nan       nan       nan
  107 4      0  1.1009  0.3263   77020.8   20524.9    2731.1  1.0530  0.3088  189700.3   95674.9 -181111.7
        nan       nan      -nan       nan       nan       nan       nan       nan       nan       nan
vertex track :        176   3 108    7225568  1.7224  2.0587  193305.6   95328.6     305.8     0 10001.0
  105 4     -2  1.6718  2.0359   81758.9   28919.6    6583.8  1.7111  2.0880  197878.1  107394.5 -177254.0
      680.6      26.6   82170.2   29462.5   81657.5   28838.1   81559.3   28588.7   82211.4   29428.7
  106 4     -1  1.7074  2.0920   77597.6   24881.3    3718.4  1.7111  2.0880  192975.1  101411.6 -180119.4
      393.8      14.2   77835.6   25195.3   77696.1   25024.5   77571.3   24779.3   77857.6   25177.4
  107 4      0  1.7009  2.0769   77760.1   21319.0    2867.8  1.7111  2.0880  191519.6   99635.5 -180970.1
      314.0      10.1   77951.3   21568.4   77910.5   21518.6   77780.6   21281.7   77966.9   21555.6
