groupid:  13105, ntrk:  8
vertex track :          0   3 129    7006146  0.1483 -0.1384  178865.8   95174.0     230.8    13  3150.0
  130 4      1  0.1475 -0.1395   59590.7   18386.0   -2867.8  0.1457 -0.1410  173710.3   96347.0 -224772.9
       22.0       2.3   59608.3   18372.5   59607.3   18373.5   59783.3   18609.3   59605.2   18369.2
  131 4      2  0.1501 -0.1360   58118.5   17031.7   -3717.7  0.1457 -0.1410  173586.5   96466.9 -225622.8
       26.6       4.5   58141.2   17017.1   58133.2   17024.3   58305.9   17256.1   58135.2   17010.5
  132 4      3  0.1479 -0.1387   59649.7   20686.0   -6585.5  0.1457 -0.1410  173168.7   96871.2 -228490.6
       42.8       8.6   59686.9   20663.0   59655.4   20692.5   59822.8   20918.9   59675.1   20650.5
vertex track :         23   3 129    7006469 -0.6151  0.5169  176868.1   96907.0     232.4  2212   704.7
  130 4      1 -0.6688  0.5520   58140.3   14701.6   -2557.2 -0.6319  0.5162  173892.6   96205.6 -224470.3
       76.0      16.1   58071.4   14737.5   58048.2   14756.7   58418.5   14876.2   58091.9   14762.4
  131 4      2 -0.6564  0.4802   59649.5   18955.3   -3380.9 -0.6319  0.5162  174413.2   95780.4 -225294.0
      100.2      40.1   59545.0   18982.2   59568.9   18964.6   59963.4   19139.0   59592.3   19046.9
  132 4      3 -0.6090  0.5480   59010.4   13269.8   -5965.6 -0.6319  0.5162  176046.5   94446.0 -227878.7
      165.1      78.0   58835.4   13322.3   58953.1   13216.4   59394.7   13427.9   58939.8   13438.3
vertex track :         60   3 129    7838301 -3.1148 -0.7655  174488.3   94379.4     234.4     0  7851.5
  130 4      1 -3.1183 -0.7433   63566.3   19175.3   -2868.8 -3.2061 -0.8130  179692.0   97598.4 -224802.2
      487.4      14.3   63095.5   19048.4   63388.9   19118.3   64244.0   19511.5   63088.9   19076.2
  131 4      2 -3.1045 -0.8230   64773.1   18453.3   -3718.3 -3.2061 -0.8130  182415.7   98289.1 -225651.8
      602.6      20.1   64195.8   18279.4   64708.9   18415.4   65557.4   18836.4   64185.5   18318.4
  132 4      3 -3.1236 -0.7551   75107.2   23687.5   -6587.0 -3.2061 -0.8130  191613.0  100621.2 -228520.4
     1004.7      36.0   74139.2   23416.4   75436.3   23729.9   76282.2   24167.8   74122.2   23486.4
vertex track :         61   3 129    7860395  3.5224 -0.0031  187799.0   95049.1     220.5     0  3230.4
  130 4      1  3.6834  0.2673   57138.9   14290.5   -2556.5  3.4704  0.0193  173548.7   95793.0 -224394.0
      519.4      16.5   57655.7   14344.5   57393.2   14325.5   56835.7   14446.8   57658.1   14311.7
  131 4      2  3.3552 -0.0199   55016.1   19068.1   -3382.8  3.4704  0.0193  170681.2   95777.1 -225220.3
      655.7      30.4   55672.0   19094.6   55065.3   19098.2   54573.7   19251.6   55671.6   19033.9
  132 4      3  3.5616 -0.1042   42831.0   15020.7   -5887.4  3.4704  0.0193  161989.4   95728.7 -227724.9
     1076.3      56.3   43908.5   15045.5   42504.7   15086.6   41967.0   15205.8   43905.2   14932.9
vertex track :         97   3 130    6769306 -1.5508 -1.4821  179817.2   97898.8     320.5     0  3517.6
  127 4     -2 -1.5477 -1.4874   50084.4    9333.0    6595.2 -1.5789 -1.5214  164391.8   87197.5 -217968.1
      473.0      31.2   49764.9    8982.7   50122.0    9325.9   50612.3    9891.7   49721.7    9027.7
  128 4     -1 -1.5327 -1.4894   53369.1   13245.8    3718.1 -1.5789 -1.5214  168934.5   91574.8 -220845.3
      277.7      15.7   53180.9   13041.0   53257.3   13115.3   53765.7   13659.1   53159.0   13063.6
  129 4      0 -1.5431 -1.4914   55180.0   13859.7    2868.5 -1.5789 -1.5214  170275.9   92867.3 -221694.9
      224.3       9.4   55025.2   13697.1   55023.8   13695.7   55543.3   14230.9   55012.2   13710.5
vertex track :        119   3 130    7176332  1.8541  1.8937  175760.1   93218.0     316.8   211     nan
  127 4     -2  1.7162  1.8949   68948.8   27708.1    6387.9  1.8336  1.9009  181361.6  103532.9 -218197.6
        nan       nan      -nan       nan       nan       nan       nan       nan       nan       nan
  128 4     -1  1.8598  1.9279   63237.0   25287.0    3395.4  1.8336  1.9009  175874.5   97844.5 -221190.1
        nan       nan      -nan       nan       nan       nan       nan       nan       nan       nan
  129 4      0  1.7615  2.0053   61924.3   21895.3    2574.5  1.8336  1.9009  174369.3   96284.1 -222011.0
        nan       nan      -nan       nan       nan       nan       nan       nan       nan       nan
vertex track :        133   3 130    7200633 -1.5433 -1.9383  181188.6   99458.2     321.7  2212   878.4
  127 4     -2 -1.5519 -1.9318   51480.8    7940.0    6586.5 -1.5684 -1.9866  165848.7   85881.1 -217969.3
      744.8     170.5   51147.3    7252.5   51754.3    8008.1   52022.7    8835.4   50881.4    7466.1
  128 4     -1 -1.5232 -1.9553   54773.9   13267.0    3718.5 -1.5684 -1.9866  170346.8   91578.7 -220837.3
      405.3      80.8   54588.6   12897.6   54766.9   13126.5   55167.7   13844.5   54461.0   12997.0
  129 4      0 -1.5295 -1.9486   56563.6   14253.6    2867.4 -1.5684 -1.9866  171681.7   93269.5 -221688.4
      287.4      30.9   56410.5   14008.4   56444.2   14051.3   56925.1   14706.8   56361.8   14046.6
vertex track :        151   3 130    7227465  0.9189 -3.5916  178353.6  101649.0     328.4   211   173.4
  127 2     -2  1.0214 -3.3455   64946.1   77522.5    6405.8  0.9407 -3.6038  178513.5   78618.3 -218173.2
     4952.7    1254.5   67592.0   73152.0   64914.3   81923.1   62511.1   82099.7   65192.4   72419.4
  128 4     -1  0.7705 -3.8268   62411.7   13344.7    3375.0  0.9407 -3.6038  175662.4   89540.8 -221204.0
     2177.9     544.6   63375.5   11317.1   62677.6   14783.6   61658.7   15578.5   62307.7   11102.1
  129 4      0  0.6980 -3.3781   61723.6   14745.6    2564.4  0.9407 -3.6038  174900.0   92461.8 -222014.6
      875.7     192.2   62089.1   13926.9   61881.2   14932.6   61568.9   15770.9   61712.6   13849.1
