groupid:  13828, ntrk: 18
vertex track :          0   3 123    9680205  0.1205 -0.0192   93150.2  188542.9     146.8    13 10000.6
  124 5      1  0.1202 -0.0203   92402.0   33020.0   -2868.1  0.1205 -0.0295   87880.8  189291.5 -212951.6
       15.1       1.1   92417.1   33018.6   92412.6   33019.3   92597.1   33231.4   92416.7   33016.4
  125 5      2  0.1203 -0.0204   94848.5   33583.5   -3717.8  0.1205 -0.0295   87778.4  189316.5 -213801.3
       18.4       1.7   94867.0   33582.1   94855.9   33584.0   95040.2   33794.9   94866.4   33578.7
  126 5      3  0.1205 -0.0202   92364.0   33707.6   -6584.9  0.1205 -0.0295   87432.8  189401.0 -216668.3
       30.4       3.2   92394.5   33705.7   92359.8   33711.5   92543.6   33919.4   92393.4   33699.4
vertex track :          5   3 123    8964085  0.8279 -1.2856   95130.3  185010.2     143.0   211     nan
  124 5      1  0.8298 -1.3384   94244.7   34754.9   -2983.0  0.8416 -1.3207   87603.6  189773.5 -213095.8
        nan       nan      -nan       nan       nan       nan       nan       nan       nan       nan
  125 5      2  0.6756 -1.3314   92351.8   32234.6   -3801.0  0.8416 -1.3207   86915.1  190853.9 -213913.8
        nan       nan      -nan       nan       nan       nan       nan       nan       nan       nan
  126 5      3  0.9990 -1.4240   91178.2   37784.4   -6828.0  0.8416 -1.3207   84367.5  194851.6 -216940.8
        nan       nan      -nan       nan       nan       nan       nan       nan       nan       nan
vertex track :         29   3 123    9005295 -2.1796  1.7362   91345.4  189948.2     149.4   211   202.6
  124 5      1 -2.1607  1.7488   97407.6   29152.5   -2866.7 -2.1636  1.7165   92952.1  185444.0 -212940.6
      590.0     153.5   96852.5   29404.4   97315.9   29029.3   98170.6   29112.3   97045.6   29642.9
  125 5      2 -2.1562  1.7593  101732.9   28234.4   -3718.1 -2.1636  1.7165   94794.1  183982.6 -213792.0
     1226.4     383.5  100540.3   28712.5  101987.9   27531.4  103133.4   27968.0  101025.2   29306.8
  126 5      3 -2.1671  1.7536  106195.3   23071.0   -6586.0 -2.1636  1.7165  100999.1  179059.8 -216660.0
     2388.7     763.6  103858.0   23980.0  107116.9   21343.0  108740.5   22373.8  104818.7   25167.3
vertex track :         34   3 123    9005844 -1.4621 -0.4640   91824.9  188142.7     144.7  2212   449.6
  124 5      1 -1.4681 -0.4652   97707.8   35452.3   -2991.9 -1.4855 -0.4748   91566.1  190293.6 -213078.5
      208.0      70.1   97530.7   35322.6   97619.0   35350.6   98093.5   35791.5   97488.3   35456.3
  125 5      2 -1.3445 -0.5297   97617.8   32255.4   -3802.5 -1.4855 -0.4748   92770.3  190678.5 -213889.1
      365.7     169.4   97339.7   31963.7   97737.8   32120.6   98104.6   32756.6   97215.4   32279.0
  126 5      3 -1.3718 -0.4458  103050.9   35433.1   -6883.4 -1.4855 -0.4748   97347.0  192141.3 -216970.0
      708.9     346.3  102483.7   34884.7  103544.0   35229.3  103826.7   36191.1  102269.6   35543.4
vertex track :         58   3 123    9679632 -1.9573  1.3731   92595.5  188957.5     145.6   211     nan
  124 5      1 -1.9399  1.3958   97987.8   29245.9   -2866.9 -1.9498  1.3607   93559.1  185522.2 -212945.6
        nan       nan      -nan       nan       nan       nan       nan       nan       nan       nan
  125 5      2 -1.9391  1.3946  102143.8   28616.1   -3718.5 -1.9498  1.3607   95219.5  184363.5 -213797.2
        nan       nan      -nan       nan       nan       nan       nan       nan       nan       nan
  126 5      3 -1.9477  1.3787  105955.1   24546.1   -6582.5 -1.9498  1.3607  100803.7  180466.5 -216661.2
        nan       nan      -nan       nan       nan       nan       nan       nan       nan       nan
vertex track :         63   3 123    9679889 -0.6629 -0.4719   92527.8  188180.4     147.3   211     nan
  124 5      1 -0.7248 -0.4765   96109.0   35509.6   -2988.9 -0.6741 -0.4849   89729.8  190360.8 -213077.1
        nan       nan      -nan       nan       nan       nan       nan       nan       nan       nan
  125 5      2 -0.6239 -0.5136   95410.2   32286.1   -3800.2 -0.6741 -0.4849   90276.7  190754.1 -213888.3
        nan       nan      -nan       nan       nan       nan       nan       nan       nan       nan
  126 5      3 -0.6546 -0.4426   98148.3   35425.9   -6845.2 -0.6741 -0.4849   92329.3  192230.6 -216933.4
        nan       nan      -nan       nan       nan       nan       nan       nan       nan       nan
vertex track :         83   3 123   10127048  3.0311 -2.4828  101492.5  181468.6     137.1   211     nan
  124 5      1  3.0058 -2.5021   92039.7   33307.3   -2868.1  3.0968 -2.5524   87331.7  189742.2 -212998.6
        nan       nan      -nan       nan       nan       nan       nan       nan       nan       nan
  125 5      2  3.0061 -2.5204   92154.3   35900.3   -3718.2  3.0968 -2.5524   84699.1  191912.0 -213848.7
        nan       nan      -nan       nan       nan       nan       nan       nan       nan       nan
  126 5      3  3.0067 -2.4934   80967.7   43440.8   -6588.6  3.0968 -2.5524   75810.0  199238.5 -216719.1
        nan       nan      -nan       nan       nan       nan       nan       nan       nan       nan
vertex track :         97   3 123   10150337  1.8449  1.5424   95721.1  190856.0     145.7     0 10001.0
  124 5      1  1.6386  1.5896   92048.0   32381.7   -2978.8  1.8202  1.5021   85153.4  186826.8 -213035.5
      307.7      11.4   92260.9   32604.1   92163.3   32509.5   92046.7   32370.9   92276.7   32587.8
  125 5      2  1.8074  1.5350   89209.9   27791.5   -3792.2  1.8202  1.5021   83672.9  185605.0 -213848.8
      371.8      15.1   89483.5   28043.7   89296.3   27884.7   89148.0   27750.9   89503.0   28020.7
  126 5      3  1.7930  1.7051   84978.3   24767.5   -6722.4  1.8202  1.5021   78339.3  181203.5 -216779.0
      614.9      26.8   85405.5   25210.7   84890.7   24721.2   84762.9   24536.0   85442.3   25171.9
vertex track :        101   3 123   10174043  3.4605  4.1215  100262.1  197656.0     144.1   211     nan
  124 5      1  3.4961  4.0829   89514.6   29856.8   -2866.7  3.3181  3.9197   85428.9  186534.4 -212840.8
        nan       nan      -nan       nan       nan       nan       nan       nan       nan       nan
  125 5      2  3.5062  4.0999   89244.8   27063.4   -3718.9  3.3181  3.9197   82601.0  183193.9 -213693.0
        nan       nan      -nan       nan       nan       nan       nan       nan       nan       nan
  126 5      3  3.4705  4.1315   77220.6   15392.7   -6588.6  3.3181  3.9197   73079.1  171945.8 -216562.7
        nan       nan      -nan       nan       nan       nan       nan       nan       nan       nan
vertex track :        176   3 124    7683275  1.5826 -1.7254   91183.2  188942.9     147.8   211     nan
  121 5     -2  1.5817 -1.7304  102447.7   23092.0    6599.7  1.6297 -1.7609   97075.8  179440.5 -206461.8
        nan       nan      -nan       nan       nan       nan       nan       nan       nan       nan
  122 5     -1  1.5690 -1.7089   99396.4   29054.8    3716.2  1.6297 -1.7609   92376.6  184518.0 -209345.3
        nan       nan      -nan       nan       nan       nan       nan       nan       nan       nan
  123 5      0  1.5772 -1.7280   97979.3   29613.2    2869.3  1.6297 -1.7609   90996.5  186009.3 -210192.2
        nan       nan      -nan       nan       nan       nan       nan       nan       nan       nan
vertex track :        183   3 124    7684402  0.4997 -0.9272   91841.5  188989.4     147.9   211     nan
  121 5     -2  0.4505 -0.8898   94865.8   27316.8    6388.2  0.5134 -0.9459   90429.3  184949.0 -206672.8
        nan       nan      -nan       nan       nan       nan       nan       nan       nan       nan
  122 5     -1  0.5021 -0.9331   90396.8   28151.4    3791.0  0.5134 -0.9459   89095.8  187405.8 -209270.0
        nan       nan      -nan       nan       nan       nan       nan       nan       nan       nan
  123 5      0  0.4866 -0.9494   93328.5   30588.3    2979.9  0.5134 -0.9459   88679.4  188173.0 -210081.0
        nan       nan      -nan       nan       nan       nan       nan       nan       nan       nan
vertex track :        197   3 124    7713313 -2.0543 -1.8518   99092.5  193003.8     140.5   211   248.0
  121 5     -2 -2.0566 -1.8501   87111.3   26290.5    6572.8 -2.0940 -1.9124   81040.8  182622.0 -206443.1
     1776.1     550.8   86159.2   24693.2   88368.2   26680.4   88271.3   28096.0   85422.5   25512.1
  122 5     -1 -2.0487 -1.8557   93459.9   32627.2    3719.6 -2.0940 -1.9124   87015.5  188078.6 -209296.3
      896.0     267.6   92975.4   31827.3   93873.4   32640.7   94152.3   33635.2   92616.1   32224.0
  123 5      0 -2.0541 -1.8403   95033.9   33304.5    2868.5 -2.0940 -1.9124   88797.8  189706.3 -210147.4
      457.1     102.5   94761.9   32923.1   95011.4   33146.7   95513.9   33893.9   94625.1   33075.8
vertex track :        224   3 124    8342430 -2.3437 -1.3620   97546.7  190138.2     143.9   211     nan
  121 5     -2 -2.2263 -1.4369   81778.9   25718.6    6426.2 -2.3846 -1.4067   77991.2  183196.9 -206618.3
        nan       nan      -nan       nan       nan       nan       nan       nan       nan       nan
  122 5     -1 -2.4701 -1.5162   85681.7   27782.6    3792.5 -2.3846 -1.4067   84271.4  186901.7 -209252.0
        nan       nan      -nan       nan       nan       nan       nan       nan       nan       nan
  123 5      0 -2.3222 -1.2830   90801.4   30473.4    2979.0 -2.3846 -1.4067   86211.3  188046.1 -210065.5
        nan       nan      -nan       nan       nan       nan       nan       nan       nan       nan
vertex track :        243   3 124    8345777  2.0176 -1.5137   90657.3  188872.7     147.8   211     nan
  121 5     -2  1.9867 -1.5058  104799.9   24289.2    6594.8  2.0696 -1.5397   99374.0  180802.1 -206467.4
        nan       nan      -nan       nan       nan       nan       nan       nan       nan       nan
  122 5     -1  2.0084 -1.4873  100525.4   29794.0    3718.7  2.0696 -1.5397   93421.4  185230.4 -209343.5
        nan       nan      -nan       nan       nan       nan       nan       nan       nan       nan
  123 5      0  2.0159 -1.5287   98731.0   30182.0    2868.1  2.0696 -1.5397   91661.0  186540.0 -210194.1
        nan       nan      -nan       nan       nan       nan       nan       nan       nan       nan
vertex track :        258   3 124    8400126  0.1879 -3.4709   92192.6  197335.5     151.0     0  3685.0
  121 5     -2 -0.0064 -4.1637   93056.1   18926.7    6442.0  0.2185 -3.6044   88902.3  176577.1 -206552.5
     1078.3      52.2   93106.6   17848.3   93108.6   19130.6   93215.6   20211.0   93002.3   17848.5
  122 5     -1  0.1303 -3.5844   89703.8   27058.0    3796.1  0.2185 -3.6044   88324.2  186113.7 -209198.3
      646.1      27.8   89755.0   26413.3   89735.5   26951.9   89862.7   27909.1   89699.5   26411.3
  123 5      0  0.0806 -3.5086   92746.0   31691.8    2980.9  0.2185 -3.6044   88146.0  189052.1 -210013.6
      515.8      15.9   92773.7   31176.5   92766.9   31471.1   92928.3   32413.6   92741.9   31175.7
vertex track :        279   3 124    8826211 -1.5616 -2.2339   97165.7  193673.3     142.5   211     nan
  121 5     -2 -1.5626 -2.2325   88307.7   24484.0    6586.0 -1.5910 -2.3081   82312.2  180716.2 -206427.4
        nan       nan      -nan       nan       nan       nan       nan       nan       nan       nan
  122 5     -1 -1.5637 -2.2384   93402.5   31869.3    3717.9 -1.5910 -2.3081   86875.5  187336.3 -209295.6
        nan       nan      -nan       nan       nan       nan       nan       nan       nan       nan
  123 5      0 -1.5630 -2.2311   94570.4   32826.2    2867.4 -1.5910 -2.3081   88228.5  189299.2 -210146.0
        nan       nan      -nan       nan       nan       nan       nan       nan       nan       nan
vertex track :        285   3 124    8857749  0.0357 -3.0363   92669.2  196562.4     150.0     0   766.8
  121 5     -2  0.1035 -3.2849   92691.6   21072.2    6434.5  0.0573 -3.1431   88373.0  178723.4 -206565.2
     1008.2     174.9   92898.1   20070.0   92856.4   21395.6   92695.2   22281.1   92548.6   20059.0
  122 5     -1  0.1643 -3.2607   89626.1   27972.1    3804.8  0.0573 -3.1431   88222.4  186988.9 -209194.9
      584.9      89.6   89745.0   27392.4   89720.6   27876.0   89717.3   28758.5   89566.0   27383.4
  123 5      0  0.0018 -3.0762   92857.1   32103.7    2980.8  0.0573 -3.1431   88175.3  189578.9 -210018.9
      427.7      36.5   92893.8   31676.0   92893.7   31885.5   93030.3   32738.4   92820.8   31676.0
vertex track :        311   3 124    9227043 -2.3851  0.0589   95874.9  187309.1     142.6     0  4383.3
  121 5     -2 -2.3858  0.0780   81731.5   32852.6    6605.9 -2.4074  0.0410   75746.1  189446.0 -206462.2
      575.5      32.0   81155.3   32839.5   81804.6   32818.3   82515.3   33075.8   81157.3   32903.4
  122 5     -1 -2.3725  0.0400   88984.6   34212.8    3718.1 -2.4074  0.0410   82698.1  189327.7 -209350.0
      339.6      16.6   88644.7   34201.8   88825.6   34198.8   89532.0   34433.7   88645.3   34235.1
  123 5      0 -2.3935  0.0804   90824.3   33309.8    2867.9 -2.4074  0.0410   84745.1  189292.8 -210200.3
      274.3      10.5   90549.8   33308.5   90595.5   33307.0   91306.5   33521.2   90550.5   33329.6
