groupid:  14047, ntrk:  7
vertex track :          0   3 125    8220240 -0.3266 -0.3228  166613.4  125166.3     377.3    13  1146.1
  126 4      1 -0.3240 -0.3258   45593.5   46922.9   -2867.0 -0.3335 -0.3284  162342.7  125292.8 -217235.4
       47.6       6.5   45564.6   46884.6   45563.6   46883.6   45832.1   47170.9   45555.3   46893.7
  127 4      2 -0.3280 -0.3226   48465.9   47374.3   -3716.0 -0.3335 -0.3284  162625.9  125571.7 -218084.4
       57.5      13.7   48434.5   47324.2   48447.5   47337.1   48706.9   47634.0   48415.3   47343.7
  128 4      3 -0.3256 -0.3230   47742.7   47694.2   -6586.3 -0.3335 -0.3284  163583.1  126514.3 -220954.7
       91.1      26.2   47696.5   47611.4   47757.4   47671.9   47998.6   47986.5   47659.6   47648.6
vertex track :         33   3 125    7343575 -0.8005 -0.2056  165670.7  125401.7     379.2   211   333.5
  126 4      1 -0.7696 -0.2000   49174.5   48158.0   -3051.3 -0.8142 -0.2107  163101.4  125186.7 -217424.0
       92.8      28.0   49091.7   48107.6   49109.7   48112.3   49466.5   48418.2   49077.6   48161.7
  127 4      2 -0.7729 -0.1787   49869.3   47054.4   -3875.9 -0.8142 -0.2107  163772.7  125360.4 -218248.5
      130.2      64.7   49757.0   46962.1   49848.5   46983.2   50190.9   47356.6   49727.9   47088.1
  128 4      3 -0.7008 -0.1872   51429.3   50782.8   -6822.9 -0.8142 -0.2107  166172.1  125981.5 -221195.5
      223.9     125.0   51245.3   50604.3   51530.7   50680.5   51822.6   51171.2   51180.8   50845.8
vertex track :         68   3 125    8190474 -0.6588 -0.9839  165741.8  123292.2     375.7   211   195.9
  126 4      1 -0.6506 -0.9906   45734.8   47064.4   -2866.7 -0.6713 -0.9985  162557.5  125576.4 -217240.8
      157.6      65.3   45702.9   46896.8   45739.3   46952.2   45976.1   47440.9   45593.7   46968.5
  127 4      2 -0.6614 -0.9833   48877.1   48052.6   -3718.8 -0.6713 -0.9985  163129.5  126427.2 -218092.8
      283.2     158.0   48850.1   47729.4   49027.3   47992.9   49113.4   48584.7   48588.0   47905.8
  128 4      3 -0.6536 -0.9857   49122.4   50336.4   -6585.8 -0.6713 -0.9985  165054.2  129289.8 -220959.8
      524.2     306.6   49088.2   49730.1   49530.3   50396.8   49365.9   51151.7   48577.2   50069.0
vertex track :         69   3 125    8190653  0.0729 -1.0293  167399.3  123801.9     375.4  2212   828.3
  126 4      1 -0.0255 -1.1140   48436.7   48875.5   -3055.7  0.0710 -1.0416  161811.3  126427.5 -217423.1
      111.3      19.7   48453.9   48763.8   48453.6   48752.3   48629.5   49196.1   48414.4   48764.7
  127 4      2  0.0721 -1.0121   48343.6   48513.6   -3875.4  0.0710 -1.0416  161753.1  127281.2 -218242.8
      140.6      44.2   48397.7   48376.5   48392.9   48444.4   48499.6   48859.6   48309.5   48370.2
  128 4      3  0.2453 -1.0104   47641.9   54554.6   -6822.2  0.0710 -1.0416  161543.8  130350.5 -221189.6
      230.0      85.1   47778.9   54351.2   47721.9   54586.0   47715.2   54967.0   47613.4   54311.0
vertex track :        116   3 126    6650241 -1.3640  0.1156  166714.0  125380.4     245.1   211     nan
  123 4     -2 -1.3644  0.1183   38496.7   46837.3    6578.0 -1.3832  0.1191  154353.3  125609.4 -210713.5
        nan       nan      -nan       nan       nan       nan       nan       nan       nan       nan
  124 4     -1 -1.3600  0.1169   41061.3   46315.8    3720.7 -1.3832  0.1191  158305.6  125269.2 -213570.9
        nan       nan      -nan       nan       nan       nan       nan       nan       nan       nan
  125 4      0 -1.3681  0.1281   44344.5   47559.7    2866.4 -1.3832  0.1191  159487.2  125167.5 -214425.2
        nan       nan      -nan       nan       nan       nan       nan       nan       nan       nan
vertex track :        120   3 126    6650825  0.5105  0.7531  165762.6  125581.2     246.3   211     nan
  123 4     -2  0.5676  0.8342   48666.2   52012.3    6855.8  0.5138  0.7523  165548.9  130033.1 -210438.7
        nan       nan      -nan       nan       nan       nan       nan       nan       nan       nan
  124 4     -1  0.6096  0.7445   48321.3   51784.4    3887.3  0.5138  0.7523  164023.7  127799.9 -213407.3
        nan       nan      -nan       nan       nan       nan       nan       nan       nan       nan
  125 4      0  0.4791  0.7891   45796.9   48206.8    3047.4  0.5138  0.7523  163592.2  127168.0 -214247.2
        nan       nan      -nan       nan       nan       nan       nan       nan       nan       nan
vertex track :        129   3 126    7081524 -1.7883  1.8910  166812.9  124436.1     244.5   211     nan
  123 4     -2 -1.7592  1.9427   35601.6   58133.3    6593.3 -1.8014  1.9084  151773.3  136019.4 -210699.7
        nan       nan      -nan       nan       nan       nan       nan       nan       nan       nan
  124 4     -1 -1.7899  1.9194   39514.7   52289.9    3715.3 -1.8014  1.9084  156957.7  130527.1 -213577.7
        nan       nan      -nan       nan       nan       nan       nan       nan       nan       nan
  125 4      0 -1.7743  1.9023   43153.6   52073.2    2867.2 -1.8014  1.9084  158485.3  128908.7 -214425.8
        nan       nan      -nan       nan       nan       nan       nan       nan       nan       nan
