groupid:  14353, ntrk: 23
vertex track :          0   3 113   10123084 -0.2602  0.0754  191400.3  155522.8     403.2    13  1153.0
  114 4      1 -0.2602  0.0756   71628.1   75370.8   -2866.8 -0.2678  0.0737  187933.7  154816.7 -194934.9
       29.7       5.3   71598.0   75374.0   71600.5   75373.3   71867.8   75577.7   71601.0   75384.2
  115 4      2 -0.2605  0.0743   72663.1   75376.7   -3717.6 -0.2678  0.0737  188161.5  154754.0 -195785.7
       36.8      12.0   72624.4   75375.2   72640.5   75370.6   72911.5   75588.2   72631.0   75398.3
  116 4      3 -0.2601  0.0766   72844.2   76846.4   -6587.6 -0.2678  0.0737  188929.9  154542.5 -198655.7
       59.4      23.1   72780.7   76841.0   72840.0   76823.5   73117.5   77061.8   72793.8   76885.3
vertex track :         38   3 113   10125879 -1.5815 -1.4133  189986.2  153797.0     402.3     0 10001.0
  114 4      1 -1.6803 -1.3836   75934.2   80877.9   -2942.6 -1.6121 -1.4574  191027.2  158173.9 -195018.3
      268.7      11.2   75733.9   80698.5   75795.9   80749.6   76342.9   81266.0   75719.7   80715.7
  115 4      2 -1.4576 -1.2189   75909.1   81033.5   -3753.1 -1.6121 -1.4574  192333.8  159355.1 -195828.8
      320.5      14.5   75672.4   80816.8   75858.1   80972.1   76354.2   81459.0   75653.9   80839.0
  116 4      3 -1.6369 -1.5566   79568.4   83126.5   -6564.9 -1.6121 -1.4574  196866.9  163453.2 -198640.6
      509.5      24.6   79216.1   82757.5   79610.8   83132.9   80129.0   83703.9   79182.2   82793.2
vertex track :         44   3 113   10190238  1.4699  1.4085  195057.5  158335.5     402.0   211     nan
  114 4      1  1.4716  1.4068   70186.1   74255.2   -2867.5  1.4631  1.4245  185959.0  153276.1 -194913.9
        nan       nan      -nan       nan       nan       nan       nan       nan       nan       nan
  115 4      2  1.4588  1.4202   69830.8   73159.8   -3720.7  1.4631  1.4245  184710.7  152060.8 -195767.1
        nan       nan      -nan       nan       nan       nan       nan       nan       nan       nan
  116 4      3  1.4735  1.4033   65075.5   70863.3   -6590.0  1.4631  1.4245  180512.6  147973.4 -198636.4
        nan       nan      -nan       nan       nan       nan       nan       nan       nan       nan
vertex track :         50   3 113   10191340  1.6014  1.8986  196529.7  160602.3     406.0   211     nan
  114 4      1  1.6003  1.7048   73231.7   77989.9   -2946.8  1.5818  1.9038  186917.2  153854.8 -194988.0
        nan       nan      -nan       nan       nan       nan       nan       nan       nan       nan
  115 4      2  1.7293  1.9276   70694.9   75082.7   -3752.5  1.5818  1.9038  185642.6  152320.8 -195793.8
        nan       nan      -nan       nan       nan       nan       nan       nan       nan       nan
  116 4      3  1.4653  2.1693   65092.9   68434.0   -6606.5  1.5818  1.9038  181128.1  146887.5 -198647.7
        nan       nan      -nan       nan       nan       nan       nan       nan       nan       nan
vertex track :         98   3 113   11248880 -1.2458 -0.9123  188625.2  152856.9     401.3     0 10001.0
  114 4      1 -1.2466 -0.9132   71756.3   75617.6   -2868.4 -1.2679 -0.9335  188409.7  155393.1 -194950.6
      170.7       8.7   71623.7   75509.7   71637.3   75519.6   72097.6   75934.6   71613.4   75523.7
  115 4      2 -1.2405 -0.9170   73570.7   76414.2   -3720.4 -1.2679 -0.9335  189490.0  156188.5 -195802.6
      203.2      11.3   73414.0   76284.3   73480.3   76333.3   73936.1   76753.1   73400.6   76302.5
  116 4      3 -1.2469 -0.9072   76560.8   80672.5   -6583.5 -1.2679 -0.9335  193120.1  158861.1 -198665.8
      320.2      19.4   76313.3   80468.5   76569.3   80654.7   77017.0   81085.7   76290.4   80499.9
vertex track :        101   3 113   11250292 -1.2115  0.2088  189478.0  155783.6     404.3   211     nan
  114 4      1 -1.5257  0.0363   74438.0   78107.3   -2949.7 -1.2347  0.2035  189258.9  154626.5 -195027.8
        nan       nan      -nan       nan       nan       nan       nan       nan       nan       nan
  115 4      2 -1.2001  0.2480   74206.8   76520.9   -3748.9 -1.2347  0.2035  190245.7  154463.8 -195827.0
        nan       nan      -nan       nan       nan       nan       nan       nan       nan       nan
  116 4      3 -1.0038  0.4292   76631.9   74685.0   -6593.5 -1.2347  0.2035  193758.1  153884.8 -198671.6
        nan       nan      -nan       nan       nan       nan       nan       nan       nan       nan
vertex track :        145   3 113   11386379 -1.8846  1.9920  188606.8  158558.5     408.1     0  3635.7
  114 4      1 -1.8796  1.9952   73640.3   72734.8   -2869.1 -1.9244  2.0195  190539.0  151497.6 -194952.3
      394.7      14.9   73358.8   73011.8   73505.3   72856.3   74129.9   72669.7   73380.5   73032.3
  115 4      2 -1.8986  1.9806   76005.1   71209.4   -3719.0 -1.9244  2.0195  192174.6  149781.2 -195802.3
      482.9      24.4   75653.3   71541.1   75923.0   71259.8   76565.0   71089.6   75688.5   71574.9
  116 4      3 -1.8697  1.9884   80779.9   67192.0   -6586.7 -1.9244  2.0195  197693.2  143989.8 -198669.9
      788.5      44.7   80207.2   67735.8   80894.9   67004.5   81560.8   66860.2   80272.4   67797.0
vertex track :        166   3 113   11507554  1.0150  1.5735  192196.8  156358.0     405.9   211   194.3
  114 4      1  0.8373  1.5773   70563.8   74854.2   -2949.7  1.0096  1.5904  184472.3  150572.9 -195015.8
      327.8     112.2   70618.4   75196.4   70486.9   74948.5   70720.0   74723.7   70816.6   75091.2
  115 4      2  1.0065  1.5189   68308.8   72316.8   -3739.0  1.0096  1.5904  183675.4  149317.5 -195805.1
      618.2     262.9   68431.2   72977.3   67959.6   72265.6   68397.5   71867.7   68869.4   72686.9
  116 4      3  1.0100  1.7664   64602.2   66022.4   -6619.2  1.0096  1.5904  180767.7  144736.7 -198685.3
     1159.9     508.6   64736.4   67281.8   63797.0   65638.9   64679.0   64974.8   65619.5   66777.0
vertex track :        240   3 113   12238109  2.6916  1.9195  200040.4  161465.9     404.9     0 10001.0
  114 4      1  2.6934  1.9244   71563.3   75881.4   -2868.7  2.6583  1.9220  187054.0  154838.5 -194891.5
      536.2      15.3   71990.8   76205.5   71683.8   75986.2   71348.6   75769.1   72008.5   76180.7
  115 4      2  2.6709  1.9350   70292.7   74416.1   -3717.6  2.6583  1.9220  184797.1  153206.8 -195740.5
      658.5      20.6   70813.9   74819.1   70308.2   74452.8   69984.2   74225.0   70838.0   74785.8
  116 4      3  2.6784  1.9156   61998.2   70610.8   -6585.4  2.6583  1.9220  177173.7  147694.9 -198608.2
     1083.4      35.8   62858.6   71270.2   61658.6   70412.0   61350.5   70163.4   62900.3   71211.9
vertex track :        248   3 113   14926952 -1.4804 -2.1464  190988.7  154794.1     350.7   211     nan
  114 4      1 -1.3874 -2.1443   76535.1   83928.4   -2939.9 -1.5080 -2.2071  191606.4  161578.9 -194958.1
        nan       nan      -nan       nan       nan       nan       nan       nan       nan       nan
  115 4      2 -1.4673 -1.9966   76758.4   84631.9   -3711.8 -1.5080 -2.2071  192770.6  163282.7 -195730.1
        nan       nan      -nan       nan       nan       nan       nan       nan       nan       nan
  116 6      3 -1.6158 -2.5376   80399.0    7444.3   -6552.2 -1.5080 -2.2071  197053.9  169551.7 -198570.5
        nan       nan      -nan       nan       nan       nan       nan       nan       nan       nan
vertex track :        256   3 113   14927973  0.9891  1.3200  191705.6  155839.4     351.9   211     nan
  114 4      1  0.9879  1.3113   68239.4   72020.1   -2869.2  0.9846  1.3355  184194.1  151079.0 -194884.2
        nan       nan      -nan       nan       nan       nan       nan       nan       nan       nan
  115 4      2  0.9794  1.3260   68334.4   71005.8   -3716.5  0.9846  1.3355  183359.9  149947.4 -195731.5
        nan       nan      -nan       nan       nan       nan       nan       nan       nan       nan
  116 4      3  0.9790  1.3291   64889.5   68926.0   -6584.6  0.9846  1.3355  180536.1  146117.1 -198599.5
        nan       nan      -nan       nan       nan       nan       nan       nan       nan       nan
vertex track :        262   3 113   14930508 -1.4957 -1.7979  189464.0  152883.8     348.9   211     nan
  114 4      1 -1.4066 -1.7691   75296.7   81050.7   -2945.1 -1.5228 -1.8403  190126.0  158432.2 -194970.8
        nan       nan      -nan       nan       nan       nan       nan       nan       nan       nan
  115 4      2 -1.5487 -1.6266   74742.2   81201.0   -3708.6 -1.5228 -1.8403  191288.7  159837.3 -195734.3
        nan       nan      -nan       nan       nan       nan       nan       nan       nan       nan
  116 4      3 -1.3724 -1.7351   78430.3   84713.1   -6573.4 -1.5228 -1.8403  195651.3  165109.5 -198599.2
        nan       nan      -nan       nan       nan       nan       nan       nan       nan       nan
vertex track :        282   3 113   15003862  1.6691  1.8620  195342.9  159175.1     352.7   211     nan
  114 4      1  1.6775  1.8648   69877.8   73757.2   -2867.6  1.6591  1.8790  185686.1  152735.7 -194862.4
        nan       nan      -nan       nan       nan       nan       nan       nan       nan       nan
  115 4      2  1.6534  1.8752   69431.4   72337.7   -3714.8  1.6591  1.8790  184280.5  151143.7 -195709.7
        nan       nan      -nan       nan       nan       nan       nan       nan       nan       nan
  116 4      3  1.6650  1.8432   64030.5   68659.1   -6586.4  1.6591  1.8790  179516.2  145748.0 -198581.3
        nan       nan      -nan       nan       nan       nan       nan       nan       nan       nan
vertex track :        315   3 113   16101177  0.2422  0.8203  191513.7  155680.1     351.9   211     nan
  114 4      1  0.3919  0.7915   71961.4   76380.2   -2947.3  0.2374  0.8304  186389.0  152478.2 -194963.3
        nan       nan      -nan       nan       nan       nan       nan       nan       nan       nan
  115 4      2  0.2360  0.8546   70674.5   74263.4   -3717.9  0.2374  0.8304  186206.1  151838.3 -195733.9
        nan       nan      -nan       nan       nan       nan       nan       nan       nan       nan
  116 4      3  0.1959  0.7694   69335.4   70811.6   -6608.0  0.2374  0.8304  185520.0  149438.2 -198624.0
        nan       nan      -nan       nan       nan       nan       nan       nan       nan       nan
vertex track :        355   3 113   16168325 -1.7550  1.6894  187635.7  159321.4     360.5   211     nan
  114 4      1 -1.7355  1.6863   72273.6   74408.2   -2869.8 -1.7914  1.7110  189037.7  153355.6 -194909.4
        nan       nan      -nan       nan       nan       nan       nan       nan       nan       nan
  115 4      2 -1.7660  1.6798   74469.7   73161.4   -3718.8 -1.7914  1.7110  190558.5  151903.1 -195758.3
        nan       nan      -nan       nan       nan       nan       nan       nan       nan       nan
  116 4      3 -1.7480  1.7073   78953.5   69962.5   -6587.5 -1.7914  1.7110  195697.7  146994.7 -198627.1
        nan       nan      -nan       nan       nan       nan       nan       nan       nan       nan
vertex track :        437   3 114    7879299 -1.4473 -0.0350  192115.4  153819.0     225.5   211     nan
  111 4     -2 -1.4466 -0.0523   62791.4   74072.6    6581.7 -1.4710 -0.0498  179295.9  154573.3 -188250.0
        nan       nan      -nan       nan       nan       nan       nan       nan       nan       nan
  112 4     -1 -1.4464 -0.0346   64736.3   74584.8    3709.2 -1.4710 -0.0498  183521.3  154716.4 -191122.5
        nan       nan      -nan       nan       nan       nan       nan       nan       nan       nan
  113 4      0 -1.4733 -0.0427   69200.8   75732.0    2871.1 -1.4710 -0.0498  184754.1  154758.1 -191960.6
        nan       nan      -nan       nan       nan       nan       nan       nan       nan       nan
vertex track :        442   3 114    7879879 -1.7648  1.7234  191159.5  154017.0     224.8   211     nan
  111 6     -2 -1.6330  1.7780   60405.6   11339.2    6455.7 -1.7915  1.7315  176517.5  165872.0 -188378.0
        nan       nan      -nan       nan       nan       nan       nan       nan       nan       nan
  112 4     -1 -2.4066  2.0547   64111.2   83332.8    3945.7 -1.7915  1.7315  181014.4  161525.9 -190888.0
        nan       nan      -nan       nan       nan       nan       nan       nan       nan       nan
  113 4      0 -1.5596  1.6681   65866.4   78103.2    3080.6 -1.7915  1.7315  182564.1  160028.0 -191753.1
        nan       nan      -nan       nan       nan       nan       nan       nan       nan       nan
vertex track :        452   3 114    7997606 -4.5043  4.7613  195251.3  149568.1     220.8   211     nan
  111 6     -2 -4.4731  4.8268   46100.1   22181.8    6567.7 -4.5705  4.7936  162815.4  181031.4 -188261.1
        nan       nan      -nan       nan       nan       nan       nan       nan       nan       nan
  112 6     -1 -4.4534  4.8471   55851.2    6919.7    3734.8 -4.5705  4.7936  175763.1  167451.8 -191093.9
        nan       nan      -nan       nan       nan       nan       nan       nan       nan       nan
  113 6      0 -4.5281  4.9487   63144.7    9345.3    2869.3 -4.5705  4.7936  179718.9  163302.8 -191959.4
        nan       nan      -nan       nan       nan       nan       nan       nan       nan       nan
vertex track :        456   3 114    8010323 -3.1361  0.3142  199411.2  153412.4     215.6     0   741.6
  111 4     -2 -3.2928  0.3510   59544.7   79974.7    6445.2 -3.1998  0.2939  176076.5  156365.7 -188353.6
     1084.1     188.5   58446.7   79902.2   59911.2   79746.1   60849.4   80257.6   58486.7   80277.1
  112 4     -1 -3.2172  0.4914   67660.1   77539.5    3914.3 -3.1998  0.2939  184174.7  155621.9 -190884.4
      638.2      98.9   67014.2   77538.2   67600.5   77448.6   68512.7   77751.3   67044.1   77733.6
  113 4      0 -3.0271  0.2927   70194.3   73484.2    3047.3 -3.1998  0.2939  186949.1  155367.0 -191751.5
      456.2      39.6   69736.4   73488.7   70008.8   73462.4   70859.1   73690.1   69744.0   73567.6
vertex track :        465   3 114    8048403 -1.9547 -0.3361  196394.6  154701.9     220.4   211     nan
  111 4     -2 -1.9500 -0.3666   63860.8   72942.7    6589.6 -1.9897 -0.3614  180288.5  153516.2 -188220.3
        nan       nan      -nan       nan       nan       nan       nan       nan       nan       nan
  112 4     -1 -1.9060 -0.2776   66934.2   74293.2    3717.5 -1.9897 -0.3614  186003.3  154554.2 -191092.4
        nan       nan      -nan       nan       nan       nan       nan       nan       nan       nan
  113 4      0 -1.9342 -0.3350   71974.0   75708.9    2872.6 -1.9897 -0.3614  187684.4  154859.5 -191937.3
        nan       nan      -nan       nan       nan       nan       nan       nan       nan       nan
vertex track :        548   3 114   11131812 -2.1776 -1.8061  196861.4  159224.3     166.7   211     nan
  111 4     -2 -2.0717 -1.5793   63304.8   71988.0    6435.8 -2.2167 -1.8653  179518.1  148706.5 -188305.3
        nan       nan      -nan       nan       nan       nan       nan       nan       nan       nan
  112 4     -1 -2.2295 -2.1953   68428.2   75501.9    3947.9 -2.2167 -1.8653  185032.9  153347.2 -190793.2
        nan       nan      -nan       nan       nan       nan       nan       nan       nan       nan
  113 4      0 -2.0786 -1.8230   70388.4   73212.5    3046.9 -2.2167 -1.8653  187030.3  155028.0 -191694.2
        nan       nan      -nan       nan       nan       nan       nan       nan       nan       nan
vertex track :        556   3 114   11904721 -1.9193  1.8006  192854.5  152114.2     166.8   211     nan
  111 4     -2 -1.9428  1.7711   60497.4   84017.3    6585.2 -1.9484  1.8091  176891.2  164779.8 -188190.3
        nan       nan      -nan       nan       nan       nan       nan       nan       nan       nan
  112 4     -1 -1.9255  1.8278   63444.3   80223.2    3747.0 -1.9484  1.8091  182421.4  159645.1 -191028.5
        nan       nan      -nan       nan       nan       nan       nan       nan       nan       nan
  113 4      0 -1.9145  1.8289   68564.3   79584.2    2866.1 -1.9484  1.8091  184137.6  158051.6 -191909.4
        nan       nan      -nan       nan       nan       nan       nan       nan       nan       nan
vertex track :        561   3 114   11904997 -1.9885  1.6224  193078.3  152264.7     164.0   211     nan
  111 6     -2 -2.1215  1.6407   60625.9    9207.5    6428.4 -2.0192  1.6290  176973.1  163527.0 -188343.1
        nan       nan      -nan       nan       nan       nan       nan       nan       nan       nan
  112 4     -1 -2.0181  1.3850   65448.1   81272.3    4025.0 -2.0192  1.6290  181826.2  159611.9 -190746.5
        nan       nan      -nan       nan       nan       nan       nan       nan       nan       nan
  113 4      0 -2.1816  1.5804   67186.2   76080.7    3037.3 -2.0192  1.6290  183820.5  158003.0 -191734.1
        nan       nan      -nan       nan       nan       nan       nan       nan       nan       nan
