groupid:  14870, ntrk: 14
vertex track :          0   3 117    6139872 -0.4148 -0.1176  119757.7  110442.6     149.7    13  1579.8
  118 3      1 -0.4146 -0.1169  122205.6   35038.1   -2869.0 -0.4201 -0.1244  118226.8  112166.0 -202491.4
       42.6       4.8  122165.9   35022.0  122160.8   35020.5  122454.9   35264.1  122163.3   35031.1
  119 3      2 -0.4138 -0.1222  120379.3   33937.1   -3718.0 -0.4201 -0.1244  118583.5  112271.6 -203340.4
       51.1       9.6  120333.0   33913.4  120344.1   33916.7  120635.2   34170.6  120327.6   33931.7
  120 3      3 -0.4147 -0.1188  124756.1   36218.9   -6586.7 -0.4201 -0.1244  119788.5  112628.5 -206209.2
       81.5      18.6  124682.9   36178.6  124752.5   36198.6  125039.0   36469.1  124672.6   36214.4
vertex track :          7   3 117    5213107 -1.5551 -1.8820  117508.7  107363.7     152.4   211     nan
  118 3      1 -1.5841 -1.8933  118164.0   31455.2   -2821.3 -1.5671 -1.9045  119360.7  114338.4 -202452.4
        nan       nan      -nan       nan       nan       nan       nan       nan       nan       nan
  119 3      2 -1.5526 -1.9944  123024.9   35754.0   -3637.0 -1.5671 -1.9045  120639.0  115892.0 -203268.2
        nan       nan      -nan       nan       nan       nan       nan       nan       nan       nan
  120 3      3 -1.6019 -1.8948  124645.7   38775.3   -6566.4 -1.5671 -1.9045  125229.5  121471.0 -206197.5
        nan       nan      -nan       nan       nan       nan       nan       nan       nan       nan
vertex track :         10   3 117    5253464  1.2336  0.2561  123391.1  111268.4     149.1   211   293.0
  118 3      1  1.2349  0.2549  121203.8   34787.8   -2866.9  1.2413  0.2680  116882.0  111850.1 -202482.7
      138.4      38.0  121331.7   34853.0  121320.0   34850.6  121287.2   34932.9  121347.0   34778.6
  119 3      2  1.2318  0.2713  118020.8   33375.8   -3720.6  1.2413  0.2680  115822.3  111621.3 -203336.4
      211.3      94.2  118206.9   33513.2  118053.0   33479.3  118046.0   33448.7  118247.4   33329.3
  120 3      3  1.2327  0.2562  117549.8   34610.2   -6584.3  1.2413  0.2680  112267.6  110853.9 -206200.1
      380.5     187.2  117884.2   34870.9  117398.0   34769.9  117426.6   34559.7  117960.4   34504.3
vertex track :         11   3 117    5253471  1.2883  0.1772  123482.3  111086.1     149.1     0   958.7
  118 3      1  1.2522  0.1951  115988.2   29223.7   -2829.4  1.2969  0.1893  116855.8  111912.0 -202445.4
      129.7      12.6  116114.4   29256.1  116121.0   29257.2  116073.2   29401.5  116118.3   29231.2
  119 3      2  1.2426  0.1907  118350.7   31730.3   -3640.3  1.2969  0.1893  115804.1  111758.4 -203256.4
      157.6      27.6  118502.3   31781.5  118451.7   31773.8  118410.4   31889.4  118510.6   31727.0
  120 3      3  1.3493  0.1815  111904.6   29049.8   -6535.5  1.2969  0.1893  112049.2  111210.2 -206151.5
      257.3      55.1  112152.2   29138.7  111925.7   29108.2  111868.4   29171.1  112166.9   29029.5
vertex track :         12   3 117    5253507  0.2103 -0.2676  121148.7  110110.8     151.0     0  1424.2
  118 3      1  0.2100 -0.2682  121865.5   35085.4   -2868.2  0.2126 -0.2687  117724.1  112282.4 -202490.8
       34.2       4.5  121890.2   35061.2  121892.0   35058.8  122051.1   35319.3  121883.1   35055.7
  119 3      2  0.2124 -0.2667  119496.9   34142.0   -3718.3  0.2126 -0.2687  117543.4  112510.9 -203340.9
       41.6       9.7  119530.3   34115.5  119523.2   34124.5  119673.6   34378.2  119515.2   34103.5
  120 3      3  0.2102 -0.2674  121959.0   36919.6   -6588.0  0.2126 -0.2687  116933.5  113281.9 -206210.6
       66.9      19.0  122015.3   36878.7  121976.8   36927.8  122112.9   37170.1  121985.4   36855.2
vertex track :         46   3 117    6138330  0.9254  0.1631  123277.6  111323.6     149.1     0  9685.6
  118 3      1  0.9363  0.1619  116820.6   29524.1   -2830.7  0.9316  0.1715  117734.8  112201.6 -202446.6
       89.8       5.7  116908.1   29545.1  116927.8   29548.5  116944.1   29713.4  116910.1   29533.8
  119 3      2  0.9707  0.2022  119559.3   32039.1   -3642.5  0.9316  0.1715  116978.5  112062.4 -203258.4
      105.3       7.5  119660.9   32067.9  119658.5   32067.4  119668.7   32220.5  119663.9   32053.3
  120 3      3  0.9119  0.1624  114099.3   29398.9   -6538.3  0.9316  0.1715  114280.9  111565.8 -206154.1
      166.7      13.3  114261.1   29441.2  114124.3   29416.9  114148.4   29566.7  114265.8   29415.0
vertex track :         51   3 117    6139275  1.7772  1.7331  122678.2  113076.9     149.9   211   178.2
  118 3      1  1.7778  1.7270  118975.3   32365.6   -2867.3  1.7764  1.7499  114536.9  109189.7 -202481.6
      523.4     156.7  119241.5   32842.8  118863.9   32476.0  118920.8   32100.2  119460.0   32617.9
  119 3      2  1.7630  1.7496  115347.4   29765.6   -3716.1  1.7764  1.7499  113029.1  107704.4 -203330.4
     1115.6     391.5  115863.4   30829.3  114650.1   29625.0  115043.1   28913.6  116415.0   30273.5
  120 3      3  1.7707  1.7277  113224.5   26809.5   -6587.6  1.7764  1.7499  107928.3  102679.7 -206202.0
     2181.7     780.2  114241.2   28891.6  111489.9   26207.1  112419.6   24939.2  115330.9   27774.8
vertex track :         53   3 117    6139386  0.5239 -0.1507  122516.5  110344.1     150.3   211     nan
  118 3      1  0.5375 -0.1432  117233.6   29496.1   -2832.3  0.5286 -0.1479  118170.1  112161.0 -202452.1
        nan       nan      -nan       nan       nan       nan       nan       nan       nan       nan
  119 3      2  0.5293 -0.1501  120307.1   32243.2   -3645.1  0.5286 -0.1479  117740.4  112281.2 -203264.9
        nan       nan      -nan       nan       nan       nan       nan       nan       nan       nan
  120 3      3  0.5289 -0.1351  115989.2   30399.1   -6538.1  0.5286 -0.1479  116211.3  112708.9 -206157.9
        nan       nan      -nan       nan       nan       nan       nan       nan       nan       nan
vertex track :         55   3 117    6140660 -0.0257  0.4402  120621.8  111681.8     146.9   211   384.6
  118 3      1 -0.0257  0.4388  122039.1   34610.7   -2867.3 -0.0293  0.4402  117914.1  111718.4 -202483.7
       46.3      15.4  122021.1   34656.1  122021.1   34655.8  122267.1   34775.8  122051.7   34657.9
  119 3      2 -0.0306  0.4421  119844.0   33131.4   -3719.2 -0.0293  0.4402  117939.1  111343.4 -203335.6
       65.8      37.9  119801.6   33194.4  119804.3   33156.0  120096.3   33278.8  119877.2   33199.6
  120 3      3 -0.0244  0.4421  122895.5   33909.1   -6584.9 -0.0293  0.4402  118023.1  110081.8 -206201.2
      115.2      75.4  122813.9   34020.0  122821.5   33882.7  123187.1   34008.6  122964.4   34028.3
vertex track :        155   3 117    8153943  1.7872  1.6914  122722.9  112695.6     303.2     0 10001.0
  118 3      1  1.7353  1.7112  113695.2   26410.8   -2840.9  1.7867  1.7083  114325.9  108715.3 -202609.1
      320.4      11.7  113915.1   26644.1  113823.2   26553.4  113686.9   26389.2  113931.5   26627.5
  119 3      2  1.6676  1.7312  115836.8   27653.2   -3654.9  1.7867  1.7083  112871.5  107324.7 -203423.2
      387.5      15.4  116094.5   27942.9  115907.0   27748.3  115790.7   27575.1  116116.7   27921.6
  120 3      3  1.8190  1.6358  107951.4   20687.9   -6524.5  1.7867  1.7083  107744.2  102422.4 -206292.8
      635.5      27.1  108405.9   21133.0  107842.7   20626.6  107708.8   20454.4  108442.1   21092.7
vertex track :        175   3 118    5250888  0.3894 -0.4073  122076.6  113660.6     266.2   211     nan
  115 3     -2  0.3961 -0.4022  123880.3   31667.5    6590.6  0.3982 -0.4066  118847.5  110070.1 -195979.7
        nan       nan      -nan       nan       nan       nan       nan       nan       nan       nan
  116 3     -1  0.3867 -0.4059  122181.4   34993.4    3707.4  0.3982 -0.4066  117699.4  111242.5 -198862.9
        nan       nan      -nan       nan       nan       nan       nan       nan       nan       nan
  117 3      0  0.3873 -0.4007  119856.5   32478.6    2868.1  0.3982 -0.4066  117365.2  111583.9 -199702.3
        nan       nan      -nan       nan       nan       nan       nan       nan       nan       nan
vertex track :        197   3 118    5713048  1.0916  1.0247  121238.4  111257.0     263.1     0  1674.7
  115 4     -2  1.0907  1.2894    8714.1   40440.8    6693.5  1.0852  1.0416  122490.0  116908.2 -195882.4
      290.2      37.0    8873.2   40686.2    8727.5   40513.9    8766.0   40406.6    8929.7   40638.4
  116 4     -1  1.1736  1.0596    4816.7   35964.8    3659.9  1.0852  1.0416  119197.9  113748.5 -198915.9
      170.5      17.5    4931.5   36092.1    4924.9   36086.1    4913.1   36048.6    4955.0   36066.1
  117 4      0  1.1689  1.0963    5593.8   39735.2    2822.8  1.0852  1.0416  118289.4  112876.6 -199753.0
      140.3       8.7    5690.2   39837.5    5731.0   39875.8    5708.6   39844.0    5702.1   39824.8
vertex track :        240   3 118    6583245 -2.8256  0.0525  128891.7  112789.7     267.4     0  6896.3
  115 3     -2 -2.8263  0.0087  109187.8   33600.2    6598.5 -2.8612  0.0005  105110.9  111887.4 -195971.2
      750.9      30.7  108436.8   33571.8  109345.1   33569.0  110146.0   33838.6  108437.0   33633.2
  116 3     -1 -2.8785  0.0354  117226.6   35738.6    3716.1 -2.8612  0.0005  113357.9  111885.9 -198853.6
      432.8      16.1  116793.6   35727.8  117054.7   35724.6  117866.7   35959.4  116794.0   35760.0
  117 3      0 -2.8442  0.0360  117556.7   32849.1    2868.8 -2.8612  0.0005  115782.3  111885.4 -199700.9
      344.6      10.9  117212.0   32842.6  117303.9   32841.4  118108.6   33065.6  117212.3   32864.3
vertex track :        244   3 118    6584208  2.0105 -0.4687  122356.9  113367.5     270.0  2212   671.2
  115 4     -2  1.9045 -0.6163   15695.5   32921.1    6659.0  2.0368 -0.4399  129628.9  109541.5 -195915.9
      664.5     213.8   16393.6   32919.9   15529.1   33199.7   15209.4   33131.6   16261.9   32513.0
  116 4     -1  2.0055 -0.3407    9301.9   32647.1    3656.3  2.0368 -0.4399  123512.9  110862.4 -198918.7
      344.5      98.6    9658.0   32686.6    9399.9   32730.5    9157.7   32817.2    9624.9   32492.2
  117 4      0  1.9455 -0.4794    9303.8   37568.7    2828.0  2.0368 -0.4399  121825.9  111226.8 -199746.9
      229.1      37.5    9535.3   37550.3    9498.9   37559.3    9284.3   37796.6    9517.3   37477.5
