groupid:  14017, ntrk:  6
vertex track :          0   3  17    9935778 -0.6449 -0.0107  177183.9  193150.5     383.1    13   556.1
   18 6      1 -0.6454 -0.0031   62411.7   37967.1   -2864.9 -0.6473 -0.0087  176585.5  191808.9  -17377.7
       66.1      13.3   62345.6   37953.4   62342.3   37953.4   62687.1   38190.7   62345.5   37980.1
   19 6      2 -0.6451 -0.0006   60022.5   35575.6   -3718.4 -0.6473 -0.0087  177137.9  191816.3  -18231.1
       83.8      30.8   59938.7   35544.7   59970.8   35544.7   60315.6   35816.5   59938.7   35606.4
   20 6      3 -0.6457 -0.0016   61893.3   33049.2   -6586.0 -0.6473 -0.0087  178994.0  191841.2  -21098.7
      136.3      59.6   61757.2   32989.2   61894.2   32989.6   62238.8   33319.1   61756.9   33108.4
vertex track :         87   3  18   11038740  1.1006 -0.3827  180244.7  192724.5     398.4     0  2381.2
   15 6     -2  1.1001 -0.3716   61442.2   36437.8    4285.9  1.1111 -0.3753  176963.0  191101.5  -12812.8
      135.9      13.6   61575.3   36407.2   61548.8   36416.2   61520.2   36678.0   61566.6   36381.4
   16 6     -1  1.1118 -0.3799   60606.9   36796.2    3717.2  1.1111 -0.3753  176331.1  191315.0  -13381.5
      121.4      10.9   60725.3   36767.3   60729.0   36766.0   60699.6   37034.8   60718.3   36746.7
   17 6      0  1.1081 -0.3644   59561.9   36447.0    2865.7  1.1111 -0.3753  175385.0  191634.5  -14233.0
      101.3       6.1   59660.1   36421.2   59700.3   36408.0   59674.9   36682.5   59656.3   36409.5
vertex track :        101   3  18   11463027  0.2952  1.5194  181250.2  187974.6     386.8     0  3198.4
   15 6     -2  0.3493  1.6347   67822.9   38601.9    4289.7  0.2728  1.4978  174773.1  193673.5  -12829.5
      196.2      14.7   67849.5   38796.9   67840.9   38756.4   68006.7   38618.6   67878.3   38790.7
   16 6     -1  0.2656  1.4044   63885.5   38677.8    3397.8  0.2728  1.4978  174529.8  192337.7  -13721.4
      162.4      10.7   63905.2   38839.3   63900.6   38815.2   64076.2   38727.7   63926.2   38835.3
   17 6      0  0.2940  1.6472   64467.6   38541.5    2568.7  0.2728  1.4978  174303.6  191095.8  -14550.5
      133.7       6.3   64484.9   38674.2   64499.7   38757.0   64660.6   38620.5   64497.3   38672.0
vertex track :        116   3  18   11480233  4.1812  1.2640  181337.8  191283.4     392.6     0 10001.0
   15 6     -2  4.1910  1.2953   75552.9   42077.9    4281.7  4.1150  1.2849  189758.9  196130.5  -12820.5
     1017.4      26.0   76517.2   42403.1   75453.3   42074.3   74802.7   41963.9   76532.6   42353.5
   16 6     -1  4.1582  1.2922   72066.4   41002.2    3716.8  4.1150  1.2849  187434.1  195404.6  -13385.4
      879.9      21.6   72900.2   41284.0   72093.0   41033.1   71446.7   40931.7   72913.1   41242.6
   17 6      0  4.1606  1.3167   68481.9   39267.9    2869.5  4.1150  1.2849  183947.5  194315.9  -14232.7
      677.9      14.7   69123.8   39486.4   68704.9   39353.9   68054.3   39260.6   69132.7   39458.3
vertex track :        118   3  18   11480598  2.3104  1.9910  182092.0  190805.6     391.7     0  7485.7
   15 6     -2  2.2278  2.1176   77354.3   43420.3    4241.9  2.2500  1.9755  183178.5  198270.5  -12862.0
      541.3      19.4   77733.3   43807.3   77416.4   43506.1   77187.5   43245.5   77760.0   43779.3
   16 6     -1  2.1955  1.9620   72076.4   43180.0    3380.2  2.2500  1.9755  181239.7  196568.3  -13723.6
      435.6      14.6   72391.5   43481.1   72203.0   43312.7   71973.5   43090.9   72410.9   43459.4
   17 6      0  2.2881  1.9394   71203.1   42618.9    2550.3  2.2500  1.9755  179372.4  194928.8  -14553.5
      338.8       9.5   71455.4   42845.2   71419.0   42814.4   71163.0   42604.6   71467.7   42830.8
vertex track :        119   3  18   11480852  1.1487 -0.3241  180046.9  192524.7     395.6   211   202.5
   15 6     -2  1.1438 -0.3166   61340.2   36409.0    4284.0  1.1581 -0.3159  176951.4  191130.1  -12813.4
      281.9     157.8   61653.9   36485.9   61350.8   36569.8   61237.6   36541.8   61569.8   36181.8
   16 6     -1  1.1785 -0.3138   60447.7   36632.9    3719.2  1.1581 -0.3159  176297.3  191308.5  -13378.2
      224.9     120.6   60696.1   36691.5   60508.8   36741.4   60410.5   36783.9   60634.0   36458.5
   17 6      0  1.1544 -0.3064   59402.8   36197.9    2868.5  1.1581 -0.3159  175312.1  191577.3  -14228.9
      124.5      44.1   59534.5   36208.6   59536.2   36208.2   59482.3   36396.9   59511.9   36123.3
