groupid:  14349, ntrk: 19
vertex track :          0   3  95    7808969 -0.1166 -0.4876  178894.1  157806.0     242.5    13  2515.8
   96 4      1 -0.1233 -0.4854   62243.3   78925.0   -2868.5 -0.1233 -0.4942  176040.8  159450.1 -161254.5
       49.9       4.6   62235.4   78875.4   62234.1   78870.3   62461.0   79184.0   62226.6   78877.7
   97 4      2 -0.1159 -0.4874   62262.9   81307.3   -3720.4 -0.1233 -0.4942  176145.9  159871.1 -162106.4
       59.3       7.6   62256.6   81247.9   62259.7   81260.9   62479.1   81576.3   62241.8   81251.4
   98 4      3 -0.1160 -0.4883   60198.5   83457.0   -6587.4 -0.1233 -0.4942  176499.5  161287.9 -164973.5
       93.2      14.3   60190.8   83363.0   60209.6   83441.8   60416.1   83760.5   60163.1   83369.6
vertex track :         19   3  95    7424088  0.6902  0.7183  180910.9  160833.5     239.2   211   196.3
   96 4      1  0.7170  0.7255   56883.0   80669.0   -2788.5  0.6898  0.7236  175609.9  158789.3 -161156.0
      120.3      51.5   56930.9   80790.7   56912.4   80772.0   57045.9   80757.9   57004.2   80718.3
   97 4      2  0.7236  0.7920   55298.2   76777.3   -3587.9  0.6898  0.7236  175058.5  158210.9 -161955.3
      210.7     126.5   55346.9   77018.2   55214.6   76873.4   55460.2   76747.2   55533.7   76847.5
   98 4      3  0.6711  0.6776   56535.7   79912.6   -6698.6  0.6898  0.7236  172912.7  155959.9 -165066.1
      414.3     263.8   56639.8   80392.6   56197.7   79946.2   56642.3   79643.3   57014.7   80021.3
vertex track :         43   3  95    7807486  0.6446 -0.4975  180762.8  157758.4     241.4  2212   245.3
   96 4      1  0.6364 -0.5080   61939.0   78853.1   -2872.9  0.6439 -0.4991  175537.1  159428.0 -161251.1
      187.1     131.5   62167.3   78839.1   62008.5   78965.9   61921.4   79076.5   62003.2   78633.6
   97 4      2  0.6470 -0.4986   61381.4   81280.6   -3720.9  0.6439 -0.4991  174991.1  159851.2 -162099.1
      427.0     323.1   61916.9   81275.9   61376.3   81692.5   61056.6   81494.8   61522.4   80764.0
   98 4      3  0.6423 -0.4990   56964.3   83488.0   -6585.6  0.6439 -0.4991  173146.4  161281.0 -164963.8
      832.7     635.9   58012.0   83479.2   56831.8   84396.2   56127.3   83706.2   57231.7   82475.0
vertex track :         45   3  95    7807578  1.9623 -1.2731  182444.5  156461.3     238.4   211     nan
   96 4      1  2.0734 -1.6195   54808.5   82017.2   -2788.9  1.9618 -1.2686  173295.3  160415.6 -161160.2
        nan       nan      -nan       nan       nan       nan       nan       nan       nan       nan
   97 4      2  1.7209 -1.1255   52039.3   79922.3   -3580.8  1.9618 -1.2686  171741.6  161420.2 -161952.2
        nan       nan      -nan       nan       nan       nan       nan       nan       nan       nan
   98 6      3  1.6933 -1.2378   49591.9    8484.5   -6703.6  1.9618 -1.2686  165615.3  165381.8 -165074.9
        nan       nan      -nan       nan       nan       nan       nan       nan       nan       nan
vertex track :         49   3  95    7808335  0.9509 -0.0625  181567.2  158885.2     241.7   211   616.0
   96 4      1  0.9511 -0.0767   61836.5   78702.1   -2870.8  0.9524 -0.0600  175394.3  159199.2 -161244.3
       95.3      14.7   61932.8   78709.1   61942.4   78708.3   61951.3   78905.0   61930.4   78679.8
   97 4      2  0.9524 -0.0645   61083.9   80818.0   -3718.8  0.9524 -0.0600  174586.6  159250.1 -162092.3
      119.4      34.1   61205.3   80844.0   61167.1   80846.6   61173.5   81001.9   61200.7   80775.9
   98 4      3  0.9481 -0.0636   55723.8   81698.0   -6586.1  0.9524 -0.0600  171855.8  159422.1 -164959.5
      194.5      66.9   55922.4   81751.7   55733.3   81764.4   55736.2   81854.2   55913.4   81618.2
vertex track :         54   3  95    7809798  0.2698  0.2658  179872.0  159711.2     243.5     0  2246.1
   96 4      1  0.2894  0.3100   57082.1   80791.2   -2814.3  0.2683  0.2666  175829.2  159024.0 -161193.4
       38.0       3.8   57105.3   80821.5   57114.2   80831.1   57269.3   80971.2   57110.8   80816.4
   97 4      2  0.2612  0.2978   55811.4   77383.6   -3597.4  0.2683  0.2666  175619.1  158815.2 -161976.6
       44.8       6.9   55835.8   77421.8   55831.6   77417.1   55997.3   77555.7   55846.1   77412.8
   98 4      3  0.2595  0.2324   58211.3   81627.4   -6703.3  0.2683  0.2666  174785.9  157987.1 -165082.5
       73.7      13.8   58257.0   81686.8   58201.7   81637.3   58375.9   81778.2   58275.4   81666.2
vertex track :         71   3  95    7850263 -0.8025  0.9403  177203.1  161866.5     243.0  2212     nan
   96 4      1 -0.7881  0.9508   62401.8   78774.2   -2869.2 -0.8128  0.9446  176487.2  159068.3 -161250.7
        nan       nan      -nan       nan       nan       nan       nan       nan       nan       nan
   97 4      2 -0.8049  0.9408   63072.4   80142.4   -3714.2 -0.8128  0.9446  177174.0  158270.2 -162095.7
        nan       nan      -nan       nan       nan       nan       nan       nan       nan       nan
   98 4      3 -0.8023  0.9404   63109.4   77936.5   -6587.8 -0.8128  0.9446  179509.8  155555.9 -164969.3
        nan       nan      -nan       nan       nan       nan       nan       nan       nan       nan
vertex track :        123   3  95   10679877  1.4313 -1.6147  181761.1  156044.3     178.6     0  4872.3
   96 4      1  1.9742 -1.5512   55746.2   82640.8   -2822.1  1.4309 -1.6177  174249.3  161006.2 -161136.9
      253.8      10.6   55952.3   82492.4   55967.8   82480.2   55752.1   82997.7   55939.2   82475.7
   97 4      2  1.7836 -1.5395   53326.1   80957.1   -3591.5  1.4309 -1.6177  173148.4  162250.9 -161906.3
      303.8      15.4   53566.1   80770.3   53480.7   80844.0   53297.8   81352.4   53546.0   80747.0
   98 6      3  1.3387 -1.6465   52291.8   10343.5   -6714.4  1.4309 -1.6177  168679.6  167303.0 -165029.3
      519.4      29.7   52642.4    9959.3   52268.3   10419.4   52152.4   10936.1   52596.4    9921.8
vertex track :        145   3  95   11417797 -1.1321  1.5323  175841.2  163434.5     190.0     0 10001.0
   96 4      1 -1.1086  1.5405   61944.5   78614.0   -2871.7 -1.1442  1.5410  176087.2  158870.5 -161199.9
      216.6       9.5   61810.3   78784.3   61830.6   78756.2   62287.6   78655.2   61825.7   78795.3
   97 4      2 -1.1375  1.5327   62918.4   79541.6   -3718.6 -1.1442  1.5410  177056.2  157565.3 -162046.9
      261.3      12.5   62752.7   79744.0   62825.3   79646.2   63293.1   79550.8   62772.8   79758.9
   98 4      3 -1.1276  1.5426   63960.1   75537.0   -6581.3 -1.1442  1.5410  180331.8  153153.7 -164909.6
      422.9      22.0   63692.8   75865.5   63955.1   75506.5   64436.3   75420.1   63728.3   75891.4
vertex track :        154   3  96    6918970 -0.4187  1.1546  183681.4  153189.7     233.1     0  1161.8
   93 4     -2 -0.4334  1.1569   58002.4   84269.7    6573.5 -0.4326  1.1528  174007.7  162807.4 -154619.9
      223.1      41.2   57885.5   84464.1   57951.0   84289.3   58328.8   84286.4   57962.7   84493.0
   94 4     -1 -0.4307  1.1465   60769.4   83164.6    3728.8 -0.4326  1.1528  175238.4  159528.0 -157464.6
      136.5      20.2   60702.4   83285.3   60708.0   83270.5   61045.8   83255.1   60740.3   83299.5
   95 4      0 -0.4366  1.1460   59374.5   79421.8    2872.7 -0.4326  1.1528  175608.8  158541.0 -158320.7
      112.2       9.2   59326.0   79523.4   59314.2   79554.4   59632.5   79531.4   59343.1   79529.9
vertex track :        162   3  96    6946543 -0.7644 -0.8464  183132.7  157057.8     233.8   211     nan
   93 4     -2 -0.7783 -0.9121   60162.2   70759.8    6169.8 -0.7587 -0.8655  171651.8  154242.3 -155022.8
        nan       nan      -nan       nan       nan       nan       nan       nan       nan       nan
   94 4     -1 -0.6383 -0.7544   61960.6   71506.2    3614.1 -0.7587 -0.8655  173590.7  156454.3 -157578.5
        nan       nan      -nan       nan       nan       nan       nan       nan       nan       nan
   95 4      0 -0.8046 -0.7548   62839.3   75793.1    2787.4 -0.7587 -0.8655  174217.9  157169.9 -158405.2
        nan       nan      -nan       nan       nan       nan       nan       nan       nan       nan
vertex track :        171   3  96    6947208  1.9083 -0.5839  182439.5  156995.6     235.0   211     nan
   93 4     -2  1.9088 -0.5805   71366.6   77308.5    6587.5  1.9373 -0.5530  187764.3  155791.1 -154605.3
        nan       nan      -nan       nan       nan       nan       nan       nan       nan       nan
   94 4     -1  1.9153 -0.6082   67990.3   80683.4    3727.5  1.9373 -0.5530  182223.5  157372.8 -157465.3
        nan       nan      -nan       nan       nan       nan       nan       nan       nan       nan
   95 4      0  1.9180 -0.5519   64644.7   78385.8    2868.8  1.9373 -0.5530  180560.0  157847.7 -158323.9
        nan       nan      -nan       nan       nan       nan       nan       nan       nan       nan
vertex track :        176   3  96    6947905  0.8410 -0.5977  181116.6  157181.8     236.9   211     nan
   93 4     -2  0.9771 -0.5812   68594.2   72414.7    6243.8  0.8595 -0.5899  179284.5  155923.4 -154948.7
        nan       nan      -nan       nan       nan       nan       nan       nan       nan       nan
   94 4     -1  0.8813 -0.6583   65616.4   72532.4    3616.2  0.8595 -0.5899  177026.2  157473.3 -157576.3
        nan       nan      -nan       nan       nan       nan       nan       nan       nan       nan
   95 4      0  0.9851 -0.3954   65488.1   76832.2    2791.0  0.8595 -0.5899  176317.0  157960.1 -158401.5
        nan       nan      -nan       nan       nan       nan       nan       nan       nan       nan
vertex track :        199   3  96    7405186 -0.6851 -0.9421  182981.0  157031.0     233.8   211     nan
   93 4     -2 -0.6840 -0.9428   55647.4   75185.6    6589.6 -0.6779 -0.9604  171694.0  153246.0 -154602.8
        nan       nan      -nan       nan       nan       nan       nan       nan       nan       nan
   94 4     -1 -0.6729 -0.9516   58949.6   79250.1    3725.4 -0.6779 -0.9604  173635.7  155996.9 -157467.0
        nan       nan      -nan       nan       nan       nan       nan       nan       nan       nan
   95 4      0 -0.6703 -0.9514   57929.4   77309.3    2871.0 -0.6779 -0.9604  174214.9  156817.4 -158321.4
        nan       nan      -nan       nan       nan       nan       nan       nan       nan       nan
vertex track :        218   3  96    7438704 -1.5896 -1.5558  186781.4  159779.9     231.6   211     nan
   93 4     -2 -1.6154 -1.5910   58387.9   68879.9    6135.1 -1.5750 -1.6019  170494.4  152745.6 -155059.4
        nan       nan      -nan       nan       nan       nan       nan       nan       nan       nan
   94 4     -1 -1.7909 -1.6142   62858.0   71758.9    3579.4 -1.5750 -1.6019  174519.5  156839.5 -157615.0
        nan       nan      -nan       nan       nan       nan       nan       nan       nan       nan
   95 4      0 -1.6285 -1.3825   64289.0   76576.0    2771.6 -1.5750 -1.6019  175791.7  158133.5 -158422.8
        nan       nan      -nan       nan       nan       nan       nan       nan       nan       nan
vertex track :        221   3  96    7441058  1.5862 -3.0602  180194.0  161446.8     239.6   211   250.8
   93 4     -2  1.5907 -3.0435   66921.2   66337.7    6597.2  1.6529 -3.0788  183637.7  144188.0 -154593.6
     2818.0     727.9   68871.6   64177.4   66595.1   68533.2   65182.5   68705.0   67581.4   63503.2
   94 4     -1  1.6060 -3.0487   64272.8   76050.9    3722.9  1.6529 -3.0788  178886.7  153037.4 -157468.0
     1387.0     347.8   65227.0   74985.9   64271.4   76799.9   63530.3   77322.9   64611.5   74661.7
   95 4      0  1.6395 -3.0346   61406.4   75858.3    2872.5  1.6529 -3.0788  177481.0  155655.7 -158318.4
      669.3     131.0   61839.8   75331.7   61547.8   75872.2   61184.7   76591.9   61609.3   75207.2
vertex track :        225   3  96    7844082 -1.6186  3.6935  187202.5  144972.8     221.6   211   257.6
   93 6     -2 -1.6565  3.8478   59681.9   12090.4    6135.2 -1.6562  3.7081  170581.9  169179.0 -155053.1
     3615.0     811.6   57507.0   15089.9   60018.1    9257.1   62065.1    9304.7   58997.9   15731.7
   94 4     -1 -1.7855  3.8088   63030.9   76559.5    3610.8 -1.6562  3.7081  174762.8  159818.2 -157577.5
     1866.8     409.0   61868.2   78076.1   63078.0   75495.5   64401.8   75256.6   62608.8   78423.3
   95 4      0 -2.0311  3.7449   64671.8   76954.8    2766.5 -1.6562  3.7081  176161.0  156687.7 -158421.7
      872.2     151.9   64122.4   77649.1   64527.6   76902.2   65429.1   76474.3   64389.5   77793.9
vertex track :        246   3  96    7948932 -1.6733  0.8204  183154.6  156791.6     233.0   211     nan
   93 4     -2 -1.6730  0.8168   49733.9   85596.2    6586.6 -1.6890  0.7913  165449.1  164140.3 -154605.4
        nan       nan      -nan       nan       nan       nan       nan       nan       nan       nan
   94 6     -1 -1.6860  0.8096   56119.3    7529.2    3715.9 -1.6890  0.7913  170297.7  161868.7 -157476.1
        nan       nan      -nan       nan       nan       nan       nan       nan       nan       nan
   95 4      0 -1.6816  0.7920   55288.2   81758.7    2865.2 -1.6890  0.7913  171734.5  161195.5 -158326.8
        nan       nan      -nan       nan       nan       nan       nan       nan       nan       nan
vertex track :        262   3  96    7950389  1.9720  0.2908  176896.3  154721.1     243.7   211     nan
   93 4     -2  2.0761  0.3025   71837.1   75855.4    6189.4  1.9921  0.3313  181740.0  158879.1 -155003.5
        nan       nan      -nan       nan       nan       nan       nan       nan       nan       nan
   94 4     -1  1.9564  0.4191   66147.8   73703.5    3601.5  1.9921  0.3313  176584.7  158021.8 -157591.4
        nan       nan      -nan       nan       nan       nan       nan       nan       nan       nan
   95 4      0  1.8251  0.2544   64687.2   76899.6    2761.3  1.9921  0.3313  174910.9  157743.5 -158431.6
        nan       nan      -nan       nan       nan       nan       nan       nan       nan       nan
