groupid:  14734, ntrk: 14
vertex track :          0   3  75    6651348  0.3298  0.5148  184944.4   46979.4     294.3    13  1615.7
   76 2      1  0.3331  0.5139   62692.6   45148.4   -2869.6  0.3266  0.5178  179067.0   43596.8 -124545.0
       60.4       6.1   62720.4   45202.3   62724.7   45209.0   62875.2   45305.0   62730.5   45195.7
   77 2      2  0.3314  0.5161   61839.0   42691.7   -3715.3  0.3266  0.5178  178790.9   43158.9 -125390.7
       71.6      11.3   61868.1   42758.1   61860.3   42745.9   62020.1   42835.8   61887.2   42745.8
   78 2      3  0.3350  0.5116   63608.6   44094.0   -6585.7  0.3266  0.5178  177853.6   41672.7 -128261.1
      112.3      21.5   63652.1   44199.7   63599.4   44119.3   63775.5   44198.8   63688.2   44176.1
vertex track :         15   3  75    4008871 -1.7015 -1.8187  182238.4   44162.6     293.4   211     nan
   76 2      1 -1.8250 -1.7274   67569.2   48841.0   -2881.5 -1.7019 -1.8147  182800.1   48181.0 -124555.7
        nan       nan      -nan       nan       nan       nan       nan       nan       nan       nan
   77 2      2 -1.8003 -1.9591   69449.6   52183.8   -3692.9 -1.7019 -1.8147  184181.0   49653.5 -125367.2
        nan       nan      -nan       nan       nan       nan       nan       nan       nan       nan
   78 2      3 -1.9327 -1.7978   72285.5   54485.1   -6315.9 -1.7019 -1.8147  188644.9   54413.5 -127990.1
        nan       nan      -nan       nan       nan       nan       nan       nan       nan       nan
vertex track :         74   3  75    5539496 -1.3715 -1.8413  182265.3   43332.5     288.6   211   185.1
   76 2      1 -1.3813 -1.8340   64950.8   48310.1   -2867.1 -1.3701 -1.8362  181749.5   47382.6 -124534.2
      458.0     142.4   64789.0   47858.5   65050.1   48205.1   65321.2   48969.8   64561.5   48029.9
   77 2      2 -1.3760 -1.8476   65470.8   47767.3   -3717.6 -1.3701 -1.8362  182914.9   48944.4 -125384.8
      940.5     348.8   65188.9   46804.6   66023.4   47925.2   65961.5   48938.1   64629.3   47221.3
   78 2      3 -1.3840 -1.8244   71768.3   55293.1   -6584.0 -1.3701 -1.8362  186842.3   54207.6 -128251.2
     1803.0     683.5   71223.2   53443.6   73111.9   55933.3   72522.1   57350.8   70134.0   54269.8
vertex track :         90   3  75    5611391 -1.1500  0.8912  183464.7   47299.7     295.5   211     nan
   76 2      1 -1.2262  0.9228   67373.5   44305.7   -2886.8 -1.1629  0.9021  182318.3   42687.6 -124568.3
        nan       nan      -nan       nan       nan       nan       nan       nan       nan       nan
   77 2      2 -1.2688  0.9164   68617.7   45207.6   -3691.8 -1.1629  0.9021  183254.4   41961.5 -125373.2
        nan       nan      -nan       nan       nan       nan       nan       nan       nan       nan
   78 2      3 -1.2072  0.7827   69668.5   39734.3   -6347.8 -1.1629  0.9021  186343.1   39565.5 -128029.3
        nan       nan      -nan       nan       nan       nan       nan       nan       nan       nan
vertex track :        111   3  75    6202641 -1.1218 -0.9492  180364.6   42703.5     292.7   211     nan
   76 2      1 -1.1278 -0.9466   62315.6   45129.1   -2868.1 -1.1245 -0.9462  179077.9   43952.6 -124542.8
        nan       nan      -nan       nan       nan       nan       nan       nan       nan       nan
   77 2      2 -1.1253 -0.9481   62650.9   43847.3   -3719.4 -1.1245 -0.9462  180035.1   44758.1 -125394.1
        nan       nan      -nan       nan       nan       nan       nan       nan       nan       nan
   78 2      3 -1.1268 -0.9366   68270.5   49059.2   -6585.5 -1.1245 -0.9462  183258.0   47469.9 -128260.2
        nan       nan      -nan       nan       nan       nan       nan       nan       nan       nan
vertex track :        145   3  75    6649316  3.3457  0.0130  193013.2   45940.4     289.5     0 10001.0
   76 2      1  3.1371 -0.1063   64106.8   45423.7   -2896.4  3.3186  0.0094  177611.3   44149.8 -124542.7
      534.4      15.0   64641.5   45420.6   64232.0   45434.5   63785.4   45636.7   64640.4   45390.6
   77 2      2  3.2530  0.0779   61245.5   47160.7   -3720.2  3.3186  0.0094  174877.2   44142.0 -125366.5
      655.4      20.2   61900.2   47196.6   61273.0   47181.6   60804.1   47334.8   61901.2   47156.1
   78 2      3  3.1051 -0.0820   49513.7   44129.3   -6382.0  3.3186  0.0094  166043.9   44117.1 -128028.3
     1057.6      34.5   50571.8   44135.9   49109.5   44174.5   48668.7   44332.6   50570.0   44066.9
vertex track :        163   3  75    6652676 -2.4156 -0.2011  177870.9   45172.0     297.3   211     nan
   76 2      1 -2.4212 -0.1871   63563.2   45422.5   -2870.2 -2.4509 -0.1862  180781.2   44029.4 -124562.7
        nan       nan      -nan       nan       nan       nan       nan       nan       nan       nan
   77 2      2 -2.4151 -0.2036   64935.7   43535.4   -3718.5 -2.4509 -0.1862  182860.4   44187.4 -125411.0
        nan       nan      -nan       nan       nan       nan       nan       nan       nan       nan
   78 2      3 -2.4323 -0.1486   73951.3   46731.2   -6586.2 -2.4509 -0.1862  189889.0   44721.4 -128278.7
        nan       nan      -nan       nan       nan       nan       nan       nan       nan       nan
vertex track :        192   3  76    2934331 -0.8212  0.0066  186631.5   46610.3     295.0   211     nan
   73 2     -2 -0.8214  0.0107   59318.1   46547.8    6604.3 -0.8334  0.0064  177293.2   45276.8 -117957.6
        nan       nan      -nan       nan       nan       nan       nan       nan       nan       nan
   74 2     -1 -0.8219  0.0025   61808.2   44619.3    3732.0 -0.8334  0.0064  179687.0   45258.5 -120829.9
        nan       nan      -nan       nan       nan       nan       nan       nan       nan       nan
   75 2      0 -0.8211 -0.0001   64683.2   46026.4    2861.7 -0.8334  0.0064  180412.3   45253.0 -121700.2
        nan       nan      -nan       nan       nan       nan       nan       nan       nan       nan
vertex track :        202   3  76    3569190 -1.6224  0.9493  183027.6   45182.9     294.2   211     nan
   73 2     -2 -1.5023  0.8999   51361.4   50672.3    6613.4 -1.6596  0.9601  168467.4   49863.8 -117968.5
        nan       nan      -nan       nan       nan       nan       nan       nan       nan       nan
   74 2     -1 -1.6435  0.9347   58242.6   50619.7    3726.9 -1.6596  0.9601  173257.8   47092.5 -120855.1
        nan       nan      -nan       nan       nan       nan       nan       nan       nan       nan
   75 2      0 -1.7494  1.0118   56953.2   47552.5    2916.5 -1.6596  0.9601  174602.7   46314.5 -121665.4
        nan       nan      -nan       nan       nan       nan       nan       nan       nan       nan
vertex track :        216   3  76    3785743  0.9709 -0.7942  181449.3   48760.2     300.9   211     nan
   73 2     -2  0.9669 -0.7993   65881.9   43404.2    6587.6  0.9634 -0.7836  183403.9   42447.4 -118019.6
        nan       nan      -nan       nan       nan       nan       nan       nan       nan       nan
   74 2     -1  0.9778 -0.7980   63349.5   43777.3    3720.4  0.9634 -0.7836  180641.6   44694.0 -120886.9
        nan       nan      -nan       nan       nan       nan       nan       nan       nan       nan
   75 2      0  0.9976 -0.7660   64669.5   45854.0    2865.3  0.9634 -0.7836  179817.8   45364.0 -121741.9
        nan       nan      -nan       nan       nan       nan       nan       nan       nan       nan
vertex track :        250   3  76    4415760  0.0878  2.7077  183999.2   39726.2     283.8   211   350.4
   73 2     -2  0.0758  2.3862   63362.2   56441.3    6570.7  0.0606  2.7281  180350.7   55488.0 -117982.3
     1210.8     345.0   63055.8   57662.5   62994.8   55743.1   63878.7   55432.5   63745.5   57640.6
   74 2     -1 -0.3949  2.6591   65714.7   51702.2    3730.0  0.0606  2.7281  180178.5   47738.4 -120823.0
      623.0     165.1   65459.9   52294.1   65560.0   51620.1   66179.2   51322.9   65786.6   52342.7
   75 2      0  0.1297  2.5660   62935.4   47004.5    2905.5  0.0606  2.7281  180128.5   45489.1 -121647.5
      370.4      62.9   62891.3   47377.7   62881.1   47176.6   63189.7   46844.0   63017.0   47371.3
vertex track :        253   3  76    4418328  4.5989  4.4150  174514.4   36814.3     288.7   211     nan
   73 2     -2  4.6287  4.3827   82344.3   65064.1    6595.5  4.4699  4.3455  198687.7   62798.9 -118019.2
        nan       nan      -nan       nan       nan       nan       nan       nan       nan       nan
   74 2     -1  4.5705  4.4315   69859.9   51275.6    3719.3  4.4699  4.3455  185831.5   50300.5 -120895.4
        nan       nan      -nan       nan       nan       nan       nan       nan       nan       nan
   75 2      0  4.3954  4.4868   68230.0   49028.3    2869.1  4.4699  4.3455  182031.3   46606.2 -121745.6
        nan       nan      -nan       nan       nan       nan       nan       nan       nan       nan
vertex track :        259   3  76    4443777 -2.0716  0.4003  187628.2   45342.0     288.5   211     nan
   73 2     -2 -1.9709  0.4406   52895.9   47043.5    6555.3 -2.1147  0.4026  170306.5   46493.1 -117990.6
        nan       nan      -nan       nan       nan       nan       nan       nan       nan       nan
   74 2     -1 -1.8717  0.0921   61125.6   48724.9    3746.5 -2.1147  0.4026  176246.4   45362.2 -120799.5
        nan       nan      -nan       nan       nan       nan       nan       nan       nan       nan
   75 2      0 -2.0816  0.4483   60406.9   46040.9    2926.4 -2.1147  0.4026  177980.7   45032.1 -121619.6
        nan       nan      -nan       nan       nan       nan       nan       nan       nan       nan
vertex track :        310   3  76    4856479  1.1995  2.9840  181326.9   39638.4     286.7   211     nan
   73 2     -2  1.1914  2.9489   67336.9   59074.6    6598.2  1.1695  2.9891  184676.7   57107.0 -117975.3
        nan       nan      -nan       nan       nan       nan       nan       nan       nan       nan
   74 2     -1  1.1826  3.0095   64036.2   48778.0    3714.3  1.1695  2.9891  181303.8   48486.6 -120859.2
        nan       nan      -nan       nan       nan       nan       nan       nan       nan       nan
   75 2      0  1.1851  2.9996   65222.1   47734.3    2866.1  1.1695  2.9891  180311.8   45951.2 -121707.4
        nan       nan      -nan       nan       nan       nan       nan       nan       nan       nan
