groupid:  15214, ntrk:  4
vertex track :          0   3  59    8149611 -0.2280 -0.0192  134739.9  180874.6     435.8    13   974.8
   60 6      1 -0.2283 -0.0175   16206.3   23864.9   -2869.0 -0.2344 -0.0225  130457.8  179830.2  -95009.0
       26.2       6.0   16180.7   23856.9   16184.9   23857.2   16441.7   24082.9   16179.8   23868.9
   61 6      2 -0.2281 -0.0179   18319.1   25537.8   -3721.9 -0.2344 -0.0225  130657.7  179849.5  -95862.0
       33.4      14.0   18286.9   25521.3   18305.7   25522.8   18561.2   25764.4   18284.7   25549.1
   62 6      3 -0.2284 -0.0173   16484.8   25990.6   -6587.4 -0.2344 -0.0225  131329.3  179914.1  -98727.4
       54.9      26.8   16432.0   25959.6   16493.6   25964.3   16747.2   26231.4   16428.0   26013.2
vertex track :         48   3  59    8558710 -1.2665  0.0017  133550.4  180781.9     436.8     0 10000.6
   60 6      1 -1.2675 -0.1108   19620.7   25230.5   -3057.5 -1.2956 -0.0053  132999.9  179676.2  -95201.5
      138.4       8.2   19483.5   25210.3   19493.1   25211.1   19966.6   25460.5   19482.1   25226.5
   61 6      2 -1.3262 -0.0223   20759.5   23406.0   -3890.4 -1.2956 -0.0053  134079.1  179680.6  -96034.5
      162.2      10.4   20597.4   23392.9   20643.3   23393.7   21130.2   23629.1   20597.1   23413.6
   62 6      3 -1.2756  0.0825   24630.4   22925.3   -6465.9 -1.2956 -0.0053  137415.7  179694.3  -98609.9
      240.9      16.7   24388.9   22924.1   24601.9   22910.4   25080.7   23136.5   24391.1   22957.5
vertex track :        117   3  60    9223866  3.8329  4.0756  125337.8  168452.7     126.4   211   393.2
   57 6     -2  3.8121  4.1056   31820.9   40669.2    6601.9  3.6983  3.9882  144313.2  194360.0  -88344.4
     5681.4     887.7   35036.1   45436.6   28105.1   37972.0   28819.4   36115.9   36337.1   44228.6
   58 6     -1  3.9024  4.1252   20042.9   22860.5    3721.5  3.6983  3.9882  133660.7  182872.4  -91224.8
     2856.8     430.3   21693.6   25231.6   18586.6   21947.2   18606.1   20703.6   22318.7   24640.2
   59 6      0  3.7997  4.1008   18068.7   26466.5    2869.2  3.6983  3.9882  130508.7  179473.4  -92077.1
     1483.7     165.5   18955.8   27667.4   17736.8   26351.8   17395.4   25479.8   19198.5   27442.4
vertex track :        134   3  60    9919531 -0.8546  0.8595  136550.2  178131.8     256.6   211     nan
   57 6     -2 -0.7644  0.7777    9296.0   29838.4    6986.0 -0.8828  0.8489  125583.7  184058.3  -88043.2
        nan       nan      -nan       nan       nan       nan       nan       nan       nan       nan
   58 6     -1 -0.8555  0.9875   11367.9   21580.6    3844.1 -0.8828  0.8489  128357.2  181391.2  -91185.2
        nan       nan      -nan       nan       nan       nan       nan       nan       nan       nan
   59 6      0 -0.9139  0.9875   13495.1   25141.9    3047.9 -0.8828  0.8489  129060.0  180715.4  -91981.3
        nan       nan      -nan       nan       nan       nan       nan       nan       nan       nan
