groupid:   1784, ntrk:  8
vertex track :          0   3 117    7989774 -0.3945  0.2462  142288.7  128902.7     281.4    13  1383.1
  118 4      1 -0.3953  0.2449   25049.2   52114.8   -2867.5 -0.4027  0.2419  140928.3  129774.0 -202538.5
       47.1       5.6   25006.2   52134.8   25003.3   52136.6   25301.8   52305.0   25012.1   52144.4
  119 4      2 -0.3951  0.2446   22904.7   48822.7   -3717.1 -0.4027  0.2419  141270.4  129568.4 -203388.2
       56.6      11.4   22850.7   48842.8   22863.9   48834.6   23168.5   49012.8   22862.6   48862.2
  120 4      3 -0.3962  0.2438   27480.1   51572.6   -6586.9 -0.4027  0.2419  142425.9  128874.3 -206257.9
       89.7      21.9   27392.2   51600.9   27461.8   51558.1   27777.6   51754.5   27415.2   51638.2
vertex track :         15   3 117    7311319  2.0801 -0.2150  144457.7  128546.6     279.3  2212   858.3
  118 4      1  2.0688 -0.1734   15013.7   47567.7   -2809.8  2.0829 -0.2092  135421.8  130839.7 -202473.9
      258.6      33.3   15274.2   47579.2   15193.3   47586.0   14965.4   47765.9   15268.6   47512.9
  119 4      2  1.9519 -0.2048   16655.8   48562.8   -3620.3  2.0829 -0.2092  133733.5  131009.3 -203284.4
      347.8      78.7   17010.0   48604.7   16728.0   48634.3   16513.7   48730.6   16993.6   48448.2
  120 4      3  1.9952 -0.2189    8139.4   47983.4   -6580.0  2.0829 -0.2092  127568.9  131628.4 -206244.1
      610.5     158.1    8763.5   48074.0    7968.8   48161.1    7727.4   48102.7    8729.0   47759.7
vertex track :         18   3 117    7312722 -1.3995  0.0710  141087.7  128600.7     282.4     0  2181.6
  118 4      1 -1.3996  0.0649   26695.9   52290.4   -2867.6 -1.4234  0.0582  142929.9  130039.7 -202543.2
      146.8       9.4   26548.8   52287.8   26548.2   52287.8   27051.6   52503.0   26549.6   52306.5
  119 4      2 -1.3980  0.0668   25352.8   49163.7   -3718.1 -1.4234  0.0582  144140.6  129990.2 -203393.8
      175.5      16.3   25176.7   49155.7   25233.7   49153.0   25737.5   49381.7   25178.2   49188.4
  120 4      3 -1.4057  0.0525   32904.4   52503.4   -6585.7 -1.4234  0.0582  148222.2  129823.2 -206261.4
      278.4      30.6   32625.1   52483.2   32886.2   52473.4   33392.3   52733.7   32627.4   52544.4
vertex track :         42   3 117    7989716  1.9136 -1.8842  143149.2  128099.0     279.5   211     nan
  118 4      1  2.0949 -1.9151   14140.8   51857.0   -2805.0  1.9413 -1.8792  134546.3  135531.8 -202474.0
        nan       nan      -nan       nan       nan       nan       nan       nan       nan       nan
  119 4      2  1.9035 -1.7279   15793.2   54395.9   -3609.9  1.9413 -1.8792  132983.8  137044.3 -203278.9
        nan       nan      -nan       nan       nan       nan       nan       nan       nan       nan
  120 4      3  1.9473 -2.0344    8016.6   58509.5   -6571.5  1.9413 -1.8792  127234.4  142609.8 -206240.5
        nan       nan      -nan       nan       nan       nan       nan       nan       nan       nan
vertex track :         64   3 117    8425358  2.1320  1.9715  145010.7  130958.5     278.0     0 10001.0
  118 4      1  2.1214  1.9720   20704.3   49267.2   -2868.2  2.1258  1.9742  135718.0  126409.9 -202524.3
      418.7      13.2   21002.0   49561.9   20834.1   49405.9   20618.7   49184.4   21019.9   49542.6
  119 4      2  2.1273  1.9729   16473.0   44611.0   -3717.7  2.1258  1.9742  133912.0  124732.7 -203373.8
      514.3      17.7   16838.0   44973.7   16530.5   44688.6   16320.1   44460.2   16862.1   44947.7
  120 4      3  2.1094  1.9862   13536.7   42252.7   -6585.3  2.1258  1.9742  127816.1  119071.6 -206241.4
      849.5      31.2   14133.7   42857.7   13339.8   42110.1   13151.7   41859.6   14176.5   42812.3
vertex track :        124   3 118    6885815  1.0504  0.4946  144078.8  129978.4     422.7   211     nan
  115 4     -2  1.0432  0.5083   30441.7   53484.2    6583.0  1.0512  0.5063  144854.0  132504.6 -196057.1
        nan       nan      -nan       nan       nan       nan       nan       nan       nan       nan
  116 4     -1  1.0332  0.4860   26620.2   54013.8    3715.6  1.0512  0.5063  141839.9  131052.9 -198924.4
        nan       nan      -nan       nan       nan       nan       nan       nan       nan       nan
  117 4      0  1.0316  0.5064   23067.4   51591.0    2867.5  1.0512  0.5063  140948.4  130623.4 -199772.6
        nan       nan      -nan       nan       nan       nan       nan       nan       nan       nan
vertex track :        128   3 118    6886203  0.3148 -1.1438  145361.1  132917.2     427.0   211     nan
  115 4     -2  0.4473 -1.2272   27575.5   47750.3    6585.4  0.3314 -1.1524  141682.1  125258.8 -196045.5
        nan       nan      -nan       nan       nan       nan       nan       nan       nan       nan
  116 4     -1  0.3539 -1.1069   26000.8   49625.5    3649.5  0.3314 -1.1524  140709.1  128642.1 -198981.4
        nan       nan      -nan       nan       nan       nan       nan       nan       nan       nan
  117 4      0  0.3725 -1.1796   27523.1   55203.0    2823.1  0.3314 -1.1524  140435.3  129594.4 -199807.8
        nan       nan      -nan       nan       nan       nan       nan       nan       nan       nan
vertex track :        132   3 118    6886435 -0.9785 -0.7152  146805.7  130923.9     420.9   211     nan
  115 4     -2 -0.9683 -0.7257   19820.3   46249.9    6580.0 -0.9873 -0.7396  135044.7  125819.7 -196050.0
        nan       nan      -nan       nan       nan       nan       nan       nan       nan       nan
  116 4     -1 -0.9088 -0.7367   21966.1   50561.3    3719.6 -0.9873 -0.7396  137868.8  127935.3 -198910.4
        nan       nan      -nan       nan       nan       nan       nan       nan       nan       nan
  117 4      0 -0.9710 -0.7327   20097.1   49080.5    2867.5 -0.9873 -0.7396  138710.0  128565.5 -199762.4
        nan       nan      -nan       nan       nan       nan       nan       nan       nan       nan
