groupid:   1913, ntrk: 19
vertex track :          0   3  93     809617  0.1713 -0.3811   69620.0   73417.8     253.5    13 10000.6
   94 1      1  0.1757 -0.3792   70354.8   75876.3   -2868.6  0.1743 -0.3865   64972.5   72774.0 -158118.6
       42.1       3.4   70375.6   75839.5   70377.1   75836.2   70544.2   76122.6   70369.4   75836.7
   95 1      2  0.1732 -0.3806   69056.0   73092.4   -3718.3  0.1743 -0.3865   64824.4   73102.4 -158968.3
       49.8       4.5   69080.6   73049.0   69075.8   73059.7   69241.4   73345.5   69072.5   73045.3
   96 1      3  0.1664 -0.3845   71029.0   73484.8   -6587.2  0.1743 -0.3865   64324.3   74211.2 -161837.1
       78.2       7.8   71067.3   73416.2   71040.1   73479.0   71201.0   73763.1   71052.9   73410.0
vertex track :          8   3  93     809560 -0.1025  0.4833   69202.9   74733.3     256.6     0   773.5
   94 1      1 -0.1247  0.4641   67620.5   72697.8   -2541.2 -0.1031  0.5000   65382.6   71517.0 -157799.1
       46.7       7.5   67601.1   72741.0   67599.2   72748.2   67849.7   72865.1   67615.6   72744.9
   95 1      2 -0.1109  0.4947   69284.4   74883.7   -3358.8 -0.1031  0.5000   65466.9   71108.2 -158616.7
       57.7      17.6   69254.5   74936.2   69256.5   74927.4   69524.1   75041.8   69289.0   74943.9
   96 1      3 -0.0960  0.4922   68350.6   73124.9   -6045.7 -0.1031  0.5000   65744.0   69764.8 -161303.5
       93.1      34.8   68298.7   73209.6   68314.1   73130.3   68612.5   73250.7   68367.0   73222.9
vertex track :         14   3  93     810208  1.8321 -1.9162   70181.0   72904.2     252.7   211     nan
   94 1      1  1.8525 -1.8928   66672.3   79213.7   -2868.6  1.8447 -1.9556   60326.6   77142.6 -158116.3
        nan       nan      -nan       nan       nan       nan       nan       nan       nan       nan
   95 1      2  1.8435 -1.9170   64044.7   77685.4   -3716.3  1.8447 -1.9556   58762.9   78800.3 -158964.0
        nan       nan      -nan       nan       nan       nan       nan       nan       nan       nan
   96 1      3  1.8175 -1.9329   61600.7   82319.2   -6585.9  1.8447 -1.9556   53469.3   84412.1 -161833.6
        nan       nan      -nan       nan       nan       nan       nan       nan       nan       nan
vertex track :         32   3  93    1662821 -1.7412 -2.0917   65981.3   69985.7     251.5   211   448.0
   94 1      1 -1.7282 -2.1742   69069.7   75233.2   -2533.3 -1.7406 -2.1058   66686.5   73938.5 -157763.6
      372.8      52.5   68878.8   74908.7   68979.8   75035.8   69468.8   75765.6   68796.6   74974.1
   95 1      2 -1.7216 -2.1463   72216.1   79766.3   -3350.2 -1.7406 -2.1058   68108.4   75658.8 -158580.6
      569.3     132.8   71963.5   79239.1   72314.4   79676.5   72676.9   80501.3   71756.3   79405.3
   96 3      3 -1.6941 -2.1050   75295.5    7827.0   -5998.6 -1.7406 -2.1058   72718.1   81235.7 -161228.9
     1026.7     262.3   74856.1    6862.6   75787.9    8020.3   75943.2    8999.2   74447.4    7191.6
vertex track :        100   3  93    2568167 -3.5167  0.3432   62449.7   74985.1     258.4   211   449.2
   94 1      1 -3.5219  0.3085   72505.0   75655.8   -2867.6 -3.5317  0.3235   69301.6   72142.2 -158115.7
      656.7      87.2   71843.2   75626.2   72411.9   75576.4   73373.2   75895.6   71858.4   75799.9
   95 1      2 -3.5298  0.3353   74306.6   72239.7   -3717.9 -3.5317  0.3235   72304.7   71867.2 -158966.0
     1055.1     212.5   73236.1   72127.9   74595.5   71998.8   75583.5   72561.8   73276.3   72551.0
   96 1      3 -3.5229  0.3813   85945.5   70467.4   -6583.7 -3.5317  0.3235   82425.6   70940.2 -161831.8
     1937.7     417.5   83974.2   70260.8   87087.3   69923.9   88123.4   70884.3   84064.0   71090.9
vertex track :        125   3  93    6379859 -1.0979  0.9640   66396.7   76619.4     212.4     0 10001.0
   94 1      1 -1.0277  0.9736   67689.7   73136.7   -2537.0 -1.1104  0.9763   65306.9   72161.5 -157753.8
      141.6       7.0   67582.1   73228.9   67571.8   73238.6   68006.3   73255.4   67591.8   73239.1
   95 1      2 -1.1272  1.0229   70158.0   74993.5   -3356.4 -1.1104  0.9763   66216.7   71361.6 -158573.2
      168.9       9.4   70026.6   75100.1   70040.1   75087.9   70498.3   75098.0   70039.3   75114.0
   96 1      3 -1.1206  0.8767   72065.5   72021.5   -6036.0 -1.1104  0.9763   69192.2   68745.6 -161252.8
      267.6      16.7   71844.5   72173.3   72030.7   72027.6   72495.4   72080.7   71865.0   72199.6
vertex track :        131   3  94     854377  1.8796  1.8653   66366.0   70663.1     260.5   211     nan
   91 1     -2  1.8973  1.8449   77996.0   81105.3    6573.8  1.9312  1.8913   73186.2   79230.2 -151225.2
        nan       nan      -nan       nan       nan       nan       nan       nan       nan       nan
   92 1     -1  1.8428  1.8985   72342.9   74518.3    3727.9  1.9312  1.8913   67689.9   73847.6 -154071.2
        nan       nan      -nan       nan       nan       nan       nan       nan       nan       nan
   93 1      0  1.9239  1.8407   69964.5   73908.3    2867.8  1.9312  1.8913   66028.9   72220.9 -154931.2
        nan       nan      -nan       nan       nan       nan       nan       nan       nan       nan
vertex track :        133   3  94     854743  1.8634  1.9481   66719.6   70806.6     257.6   211     nan
   91 1     -2  1.6501  1.8367   80565.9   84776.5    6659.5  1.9158  1.9770   73617.4   80087.7 -151137.4
        nan       nan      -nan       nan       nan       nan       nan       nan       nan       nan
   92 1     -1  1.8388  1.9241   74757.5   79584.1    3344.6  1.9158  1.9770   67266.7   73534.0 -154452.3
        nan       nan      -nan       nan       nan       nan       nan       nan       nan       nan
   93 1      0  1.9476  1.9322   73936.5   77029.0    2538.2  1.9158  1.9770   65721.7   71939.7 -155258.7
        nan       nan      -nan       nan       nan       nan       nan       nan       nan       nan
vertex track :        137   3  94     900918 -1.4143  0.9930   74271.0   72439.3     256.4   211     nan
   91 1     -2 -1.4034  1.0064   64031.3   77254.0    6591.9 -1.4177  1.0396   60017.2   75567.1 -151217.6
        nan       nan      -nan       nan       nan       nan       nan       nan       nan       nan
   92 1     -1 -1.4100  1.0227   69174.8   73412.1    3725.8 -1.4177  1.0396   64080.6   72587.5 -154083.8
        nan       nan      -nan       nan       nan       nan       nan       nan       nan       nan
   93 1      0 -1.3935  1.0147   69472.7   73488.4    2865.8 -1.4177  1.0396   65299.7   71693.6 -154943.7
        nan       nan      -nan       nan       nan       nan       nan       nan       nan       nan
vertex track :        144   3  94     902154 -1.8804  1.8660   71909.7   74077.3     261.3   211   171.2
   91 3     -2 -1.8659  1.9520   60738.2    8576.2    6591.2 -1.8819  1.9415   54717.2   82983.0 -151223.0
     2465.0     838.1   58429.0    9779.0   61443.7    6625.1   63255.5    7585.4   59640.8   10937.2
   92 1     -1 -1.8661  1.8560   66075.4   82556.9    3322.0 -1.8819  1.9415   60869.4   76635.8 -154492.1
     1048.5     348.9   65086.0   83048.9   66180.9   81959.9   67273.0   82276.8   65578.1   83543.7
   93 1      0 -1.9509  1.8895   68478.0   80147.5    2526.5 -1.8819  1.9415   62366.4   75091.4 -155287.6
      450.9     124.6   68067.4   80371.8   68305.5   80141.2   69096.5   80135.2   68240.7   80550.7
vertex track :        174   3  94    1847253 -0.2820  1.3374   70593.4   75004.1     263.2   211     nan
   91 1     -2 -0.2690  1.3370   67872.2   82102.3    6581.4 -0.2708  1.3769   63597.1   80361.7 -151234.6
        nan       nan      -nan       nan       nan       nan       nan       nan       nan       nan
   92 1     -1 -0.3145  1.3814   69290.0   77128.3    3713.7 -0.2708  1.3769   64373.8   76412.9 -154102.4
        nan       nan      -nan       nan       nan       nan       nan       nan       nan       nan
   93 1      0 -0.2544  1.3389   68721.5   76937.4    2864.5 -0.2708  1.3769   64603.8   75243.7 -154951.5
        nan       nan      -nan       nan       nan       nan       nan       nan       nan       nan
vertex track :        176   3  94    1847923 -1.0594  0.8330   73099.9   73188.0     257.1   211     nan
   91 1     -2 -1.0767  0.8753   67847.0   79710.9    6613.7 -1.0609  0.8706   61079.5   75299.0 -151196.2
        nan       nan      -nan       nan       nan       nan       nan       nan       nan       nan
   92 1     -1 -1.1011  0.8655   70358.2   77771.1    3339.4 -1.0609  0.8706   64553.2   72448.4 -154470.6
        nan       nan      -nan       nan       nan       nan       nan       nan       nan       nan
   93 1      0 -1.1164  0.8504   72000.4   76218.6    2545.2 -1.0609  0.8706   65395.7   71757.1 -155264.8
        nan       nan      -nan       nan       nan       nan       nan       nan       nan       nan
vertex track :        180   3  94    1848964  1.9444  2.0426   68154.2   72815.0     261.0   211     nan
   91 1     -2  1.9249  2.0574   80272.2   84522.7    6598.3  1.9997  2.0736   75494.7   82603.2 -151207.9
        nan       nan      -nan       nan       nan       nan       nan       nan       nan       nan
   92 1     -1  1.9682  2.0163   74333.5   77300.2    3728.8  1.9997  2.0736   69756.5   76652.9 -154077.4
        nan       nan      -nan       nan       nan       nan       nan       nan       nan       nan
   93 1      0  1.9529  2.0145   71904.7   76539.5    2869.8  1.9997  2.0736   68038.8   74871.7 -154936.3
        nan       nan      -nan       nan       nan       nan       nan       nan       nan       nan
vertex track :        215   3  94    2675299 -2.4217  1.9325   75930.6   71265.6     256.3     0   815.1
   91 3     -2 -2.5838  2.2263   61280.7    6093.6    6630.2 -2.4271  2.0169   55194.7   80609.7 -151179.5
     1042.9     171.8   60378.5    6644.2   61416.1    5750.2   62390.4    5755.2   60602.7    6904.5
   92 1     -1 -2.1590  1.8989   68196.0   79943.1    3331.6 -2.4271  2.0169   63200.7   73956.7 -154478.1
      511.1      71.6   67764.9   80226.9   68079.1   79950.5   68834.9   79871.2   67859.5   80334.4
   93 1      0 -2.5395  2.0439   70917.0   77438.0    2544.1 -2.4271  2.0169   65111.9   72368.6 -155265.5
      371.1      27.1   70610.9   77649.6   70655.8   77613.4   71430.5   77438.5   70644.9   77691.8
vertex track :        227   3  94    2707017 -2.3399  1.9889   72884.0   73501.8     259.3   211     nan
   91 1     -2 -2.3232  2.0071   56719.3   84858.8    6596.1 -2.3445  2.0737   52751.6   83230.1 -151216.4
        nan       nan      -nan       nan       nan       nan       nan       nan       nan       nan
   92 1     -1 -2.2863  1.9637   64707.1   77845.8    3718.7 -2.3445  2.0737   59497.5   77263.3 -154093.8
        nan       nan      -nan       nan       nan       nan       nan       nan       nan       nan
   93 1      0 -2.2960  2.0075   65755.7   77143.4    2866.6 -2.3445  2.0737   61495.3   75496.2 -154945.9
        nan       nan      -nan       nan       nan       nan       nan       nan       nan       nan
vertex track :        229   3  94    2707420 -3.6864  0.2325   72858.5   75512.8     264.3     0  1818.2
   91 1     -2 -4.2185  0.3815   50371.5   78125.1    6527.9 -3.7036  0.2966   44404.5   74004.1 -151293.4
     1237.3      99.4   49130.3   78137.5   50708.9   77994.8   51818.5   78323.1   49148.3   78335.6
   92 1     -1 -3.6174  0.2047   60464.0   77936.6    3302.8 -3.7036  0.2966   56349.2   73047.5 -154518.6
      624.4      42.3   59838.3   77929.7   60325.4   77902.1   61296.2   78153.7   59843.0   78014.1
   93 1      0 -3.7085  0.3653   64231.6   76790.3    2540.8 -3.7036  0.2966   59171.1   72821.5 -155280.5
      480.2      18.2   63751.9   76819.2   63928.9   76801.8   64917.6   76971.7   63755.5   76855.5
vertex track :        231   3  94    2707710 -1.8542  0.2694   73573.0   74809.1     260.4     0  8435.7
   91 1     -2 -1.8483  0.2939   60406.2   74908.9    6587.4 -1.8656  0.3060   56513.7   73351.5 -151229.7
      388.0      20.8   60019.8   74949.3   60397.9   74889.2   61000.8   75078.8   60026.3   74990.3
   92 1     -1 -1.8327  0.3436   66827.7   73389.8    3719.8 -1.8656  0.3060   61863.4   72474.0 -154097.3
      232.0      11.1   66597.6   73421.6   66668.9   73408.2   67266.0   73568.3   66601.7   73443.5
   93 1      0 -1.8198  0.2926   67588.0   74086.2    2868.0 -1.8656  0.3060   63452.5   72213.3 -154949.0
      189.8       8.0   67399.4   74108.5   67391.9   74109.6   67984.8   74274.3   67401.9   74124.2
vertex track :        239   3  94    2737973 -2.7194 -2.3046   71911.5   76920.0     265.9   211     nan
   91 1     -2 -2.5976 -2.3726   55791.1   62780.0    6595.9 -2.7467 -2.2930   49272.6   59085.7 -151228.3
        nan       nan      -nan       nan       nan       nan       nan       nan       nan       nan
   92 1     -1 -2.8430 -2.3721   63098.3   69894.8    3389.5 -2.7467 -2.2930   58079.6   66437.9 -154434.7
        nan       nan      -nan       nan       nan       nan       nan       nan       nan       nan
   93 1      0 -2.4827 -2.3893   66124.2   70897.9    2556.5 -2.7467 -2.2930   60367.6   68347.9 -155267.7
        nan       nan      -nan       nan       nan       nan       nan       nan       nan       nan
vertex track :        261   3  94    5725436 -2.0797  1.9565   70823.5   75560.4     209.9   211   178.2
   91 3     -2 -2.0515  1.9636   55864.3    7847.3    6596.7 -2.0823  2.0371   52246.8   85237.8 -151167.3
     2786.0     885.5   53239.4    9134.0   56833.9    5693.5   58697.3    6772.5   54463.9   10413.4
   92 1     -1 -2.0544  1.9964   63463.4   79838.0    3714.7 -2.0823  2.0371   58248.1   79366.8 -154049.3
     1356.7     423.8   62195.1   80479.6   63709.6   79007.9   64939.6   79408.5   62785.8   81087.4
   93 1      0 -2.0930  1.9818   64355.1   79157.5    2869.8 -2.0823  2.0371   60007.6   77645.6 -154894.3
      601.0     160.4   63808.4   79454.3   64241.7   79044.0   65109.7   79072.7   64028.9   79687.2
