groupid:   2084, ntrk: 11
vertex track :          0   3 107    5121610  0.0989 -0.1260  106058.0  126011.5     153.6    13  3774.0
  108 3      1  0.0983 -0.1266  106973.3   50555.7   -2867.6  0.1013 -0.1296   99205.4  126428.2 -183912.4
       17.9       1.8  106985.7   50542.7  106984.4   50544.3  107171.0   50778.6  106982.8   50540.5
  109 3      2  0.0993 -0.1261  104904.3   48931.8   -3718.5  0.1013 -0.1296   99119.3  126538.5 -184763.2
       21.7       3.6  104920.6   48917.0  104914.5   48924.6  105098.2   49156.6  104915.0   48912.5
  110 3      3  0.0988 -0.1255  104479.1   50077.0   -6582.8  0.1013 -0.1296   98829.2  126909.9 -187627.6
       35.4       6.9  104506.5   50053.5  104483.5   50082.8  104661.9   50310.4  104495.6   50044.9
vertex track :         10   3 107    4264554 -1.4066  0.6791  102101.4  128118.2     157.5  2212   624.7
  108 3      1 -1.4189  0.7477  106410.2   46737.2   -2947.6 -1.3984  0.6704   99884.6  126056.7 -183979.6
      181.9      39.4  106231.0   46787.1  106254.8   46774.6  106798.1   46898.0  106267.7   46856.9
  109 3      2 -1.4905  0.7829  108238.8   49330.2   -3775.3 -1.3984  0.6704  101042.2  125501.8 -184807.3
      265.1      95.1  107959.8   49369.3  108116.3   49287.1  108726.3   49501.9  108048.3   49537.7
  110 3      3 -1.3723  0.5812  112869.9   42608.9   -6818.5 -1.3984  0.6704  105297.9  123461.8 -187850.5
      482.7     193.3  112350.0   42619.2  112950.8   42364.7  113598.4   42809.3  112500.8   42975.2
vertex track :         37   3 107    5163568  0.2699  1.1850  106548.7  130218.3     155.5   211     nan
  108 3      1  0.2764  1.1855  106964.9   50888.5   -2867.8  0.2689  1.1879   99181.2  126684.6 -183902.0
        nan       nan      -nan       nan       nan       nan       nan       nan       nan       nan
  109 3      2  0.2670  1.1876  104748.7   48185.5   -3716.7  0.2689  1.1879   98952.9  125676.2 -184750.9
        nan       nan      -nan       nan       nan       nan       nan       nan       nan       nan
  110 3      3  0.2704  1.1886  103805.3   45329.9   -6585.0  0.2689  1.1879   98181.6  122269.1 -187619.2
        nan       nan      -nan       nan       nan       nan       nan       nan       nan       nan
vertex track :        103   3 107    5971465 -1.1948  2.4673  102545.2  133597.4     158.5     0 10001.0
  108 3      1 -1.2408  2.5682  106239.1   47082.8   -2947.6 -1.1881  2.4508   99667.2  126045.8 -183966.5
      377.0      12.5  106063.9   47416.9  106131.3   47277.2  106623.1   46961.3  106086.3   47427.8
  109 3      2 -1.2501  2.7351  107910.2   48199.2   -3770.3 -1.1881  2.4508  100644.7  124029.5 -184789.2
      459.8      16.6  107703.9   48610.5  107823.7   48348.4  108325.2   48000.6  107734.2   48624.4
  110 3      3 -1.3110  2.3263  112087.7   36318.0   -6808.3 -1.1881  2.4508  104254.3  116584.0 -187827.3
      779.3      30.2  111678.9   36982.1  112168.7   36112.8  112705.3   35866.2  111731.5   37011.7
vertex track :        117   3 107    6169899  4.1889 -3.8206  115303.1  118126.0     143.5     0 10001.0
  108 3      1  4.1693 -3.8427  104083.7   53663.2   -2869.7  4.2919 -3.9073   95856.2  129917.0 -183946.8
     1289.2      22.9  105047.2   52806.4  104026.8   53746.9  103334.3   54726.3  105016.1   52772.7
  109 3      2  4.1965 -3.8086   98546.6   55113.8   -3717.6  4.2919 -3.9073   92217.2  133229.8 -184794.7
     1631.6      33.0   99777.0   54041.7   98241.9   55435.0   97530.4   56392.1   99732.6   53992.8
  110 3      3  4.2049 -3.8333   85535.5   67677.9   -6587.8  4.2919 -3.9073   79898.4  144444.5 -187664.9
     2804.4      60.0   87648.4   65832.8   84386.5   68806.6   83636.8   69729.0   87567.6   65744.2
vertex track :        137   3 108    4236114  1.0867  0.2814  104263.5  127181.4     269.5   211     nan
  105 3     -2  1.1010  0.2879  109340.7   50193.8    6591.8  1.0919  0.2928  103956.2  127340.5 -177526.0
        nan       nan      -nan       nan       nan       nan       nan       nan       nan       nan
  106 3     -1  1.0801  0.2823  106693.1   49216.5    3721.4  1.0919  0.2928  100821.9  126500.0 -180396.4
        nan       nan      -nan       nan       nan       nan       nan       nan       nan       nan
  107 3      0  1.0846  0.2859  107147.8   48498.2    2869.7  1.0919  0.2928   99892.0  126250.7 -181248.1
        nan       nan      -nan       nan       nan       nan       nan       nan       nan       nan
vertex track :        155   3 108    4654492  2.1735  2.1053  101124.7  122375.2     264.8   211   117.4
  105 3     -2  2.0799  1.7561  117199.4   62191.6    6692.9  2.1857  2.1491  107974.7  134443.7 -177408.7
     5875.9    1824.2  120512.2   67376.2  111969.7   60163.6  114098.7   57218.8  122865.9   64588.5
  106 3     -1  2.2639  2.2376  110878.2   52573.7    3806.6  2.1857  2.1491  101666.1  128240.8 -180295.0
     2837.5     876.8  112280.0   55192.0  108719.1   51672.5  109688.6   50167.7  113512.7   53944.8
  107 3      0  2.4564  1.9395  108127.9   52388.8    2977.3  2.1857  2.1491   99853.5  126458.6 -181124.3
     1142.7     336.4  108816.2   53360.9  107538.4   52352.0  107651.9   51628.6  109233.2   52832.9
vertex track :        174   3 108    4886615 -2.0247 -0.3356  109640.6  128435.2     274.5   211     nan
  105 3     -2 -2.0394 -0.3922   93793.1   47185.8    6590.9 -2.0262 -0.3517   89637.5  124569.2 -177534.9
        nan       nan      -nan       nan       nan       nan       nan       nan       nan       nan
  106 3     -1 -2.0183 -0.3284  100264.2   48121.1    3716.0 -2.0262 -0.3517   95462.7  125580.2 -180409.9
        nan       nan      -nan       nan       nan       nan       nan       nan       nan       nan
  107 3      0 -2.0232 -0.3435  103293.6   47901.5    2865.8 -2.0262 -0.3517   97185.4  125879.2 -181260.0
        nan       nan      -nan       nan       nan       nan       nan       nan       nan       nan
vertex track :        218   3 108    5345254  2.0322 -2.2147  106118.1  128387.2     274.4   211     nan
  105 3     -2  1.8506 -2.1081  121596.6   39863.2    6678.5  2.0424 -2.2108  111986.2  112558.3 -177446.8
        nan       nan      -nan       nan       nan       nan       nan       nan       nan       nan
  106 3     -1  1.9990 -2.0693  115294.7   42651.4    3745.2  2.0424 -2.2108  105995.4  119043.2 -180380.1
        nan       nan      -nan       nan       nan       nan       nan       nan       nan       nan
  107 3      0  2.2738 -2.2791  112489.4   46172.4    2939.4  2.0424 -2.2108  104349.7  120824.6 -181185.9
        nan       nan      -nan       nan       nan       nan       nan       nan       nan       nan
vertex track :        223   3 108    5346323  2.7138  1.8116  102991.0  125563.2     270.2   211     nan
  105 3     -2  2.6447  1.8629  118811.2   58880.5    6587.3  2.7329  1.8559  113047.2  135575.4 -177527.0
        nan       nan      -nan       nan       nan       nan       nan       nan       nan       nan
  106 3     -1  2.7148  1.7912  111663.1   53425.6    3720.2  2.7329  1.8559  105211.8  130254.4 -180394.1
        nan       nan      -nan       nan       nan       nan       nan       nan       nan       nan
  107 3      0  2.7130  1.8195  110733.1   51459.0    2867.0  2.7329  1.8559  102880.1  128670.9 -181247.3
        nan       nan      -nan       nan       nan       nan       nan       nan       nan       nan
vertex track :        248   3 108    5726115 -3.3433  3.6855  116618.2  117074.0     259.1     0  7954.5
  105 3     -2 -3.6175  3.5662   96341.6   67271.8    6713.0 -3.4436  3.6790   87253.8  139146.9 -177388.1
     2106.9      54.0   94803.2   68712.5   97044.4   66503.1   98086.4   66044.7   94879.1   68789.5
  106 3     -1 -2.8504  3.7055  105673.0   53101.6    3814.2 -3.4436  3.6790   97235.9  128482.7 -180286.8
     1186.1      28.3  104927.4   54024.6  105775.2   52922.4  106625.8   52392.4  104972.2   54059.1
  107 3      0 -3.2976  3.8311  107704.6   51672.9    2976.6 -3.4436  3.6790  100120.6  125400.8 -181124.5
      925.2      18.7  107086.9   52361.9  107601.5   51764.0  108529.0   51197.7  107115.2   52386.3
