groupid:   2320, ntrk: 12
vertex track :          0   3  65    6851231  0.0224 -0.0701  134942.4  116228.8     400.2    13 10000.6
   66 4      1  0.0216 -0.0704   15561.9   36863.3   -2868.5  0.0238 -0.0712  130886.5  114882.5 -106108.6
       12.9       0.8   15566.5   36851.1   15563.5   36861.1   15767.4   37085.4   15565.0   36850.7
   67 4      2  0.0216 -0.0705   16723.7   37140.3   -3717.9  0.0238 -0.0712  130866.2  114943.1 -106958.0
       16.0       1.5   16729.9   37125.5   16725.0   37141.3   16927.6   37365.1   16727.0   37124.6
   68 4      3  0.0213 -0.0706   17341.2   35864.8   -6586.0  0.0238 -0.0712  130797.9  115147.4 -109826.1
       26.5       2.8   17351.6   35840.3   17340.7   35876.2   17540.9   36099.3   17346.2   35838.7
vertex track :         27   3  65    6852136 -1.6065 -0.3806  133899.0  115990.4     401.1     0 10000.8
   66 4      1 -1.7227 -0.3331   21920.1   39086.8   -2734.9 -1.6226 -0.3777  134995.1  115597.9 -105974.3
      181.6       8.8   21743.5   39043.7   21738.3   39042.7   22305.0   39339.5   21740.2   39060.9
   67 4      2 -1.5671 -0.4479   22907.3   35528.3   -3551.5 -1.6226 -0.3777  136320.1  115906.3 -106790.9
      215.9      11.4   22702.8   35458.0   22789.0   35482.6   23320.2   35808.1   22696.5   35479.9
   68 4      3 -1.6924 -0.4492   23548.3   38581.6   -6782.5 -1.6226 -0.3777  141562.6  117126.5 -110021.9
      362.6      21.0   23203.3   38468.2   23548.8   38559.9   24101.7   38904.4   23192.5   38508.9
vertex track :         91   3  66    6845302  2.4054 -2.6433  128489.0  121277.5     129.9     0  1909.3
   63 4     -2  2.3886 -2.6768   23533.1   25025.2    6585.7  2.4478 -2.6182  140949.2  104137.8  -99123.4
     1195.4      94.1   24399.3   24195.9   23309.1   25417.6   22879.4   26061.7   24258.8   24070.5
   64 4     -1  2.3815 -2.6433   19201.4   34611.2    3720.7  2.4478 -2.6182  133936.4  111638.9 -101988.4
      682.5      46.5   19692.8   34135.2   19279.2   34594.3   18922.4   35294.5   19623.8   34073.0
   65 4      0  2.4283 -2.6252   16639.2   36062.0    2869.1  2.4478 -2.6182  131851.9  113868.6 -102840.0
      528.4      21.1   17013.5   35688.5   16805.9   35912.9   16477.3   36642.8   16982.4   35659.8
vertex track :        110   3  66    7704186 -1.5400  1.1626  138427.8  111590.8     261.7   211     nan
   63 4     -2 -1.5088  1.1577   10409.8   40609.2    6208.4 -1.5545  1.1584  125957.9  118374.2  -99652.2
        nan       nan      -nan       nan       nan       nan       nan       nan       nan       nan
   64 4     -1 -1.5439  1.2677   12958.8   33652.2    3575.9 -1.5545  1.1584  130050.1  115324.6 -102284.7
        nan       nan      -nan       nan       nan       nan       nan       nan       nan       nan
   65 4      0 -1.4308  1.1681   13004.3   35604.6    2752.6 -1.5545  1.1584  131329.9  114370.9 -103108.0
        nan       nan      -nan       nan       nan       nan       nan       nan       nan       nan
vertex track :        113   3  66    7704830  2.1535  1.7585  129867.8  111319.3     275.6   211     nan
   63 4     -2  2.1616  1.7417   23425.8   42599.7    6585.1  2.1639  1.7773  140218.6  122357.7  -99286.4
        nan       nan      -nan       nan       nan       nan       nan       nan       nan       nan
   64 4     -1  2.1889  1.7214   19737.9   40416.8    3722.4  2.1639  1.7773  134023.9  117269.8 -102149.1
        nan       nan      -nan       nan       nan       nan       nan       nan       nan       nan
   65 4      0  2.1474  1.7796   17281.6   38218.8    2866.7  2.1639  1.7773  132172.4  115749.0 -103004.8
        nan       nan      -nan       nan       nan       nan       nan       nan       nan       nan
vertex track :        114   3  66    7704867  2.2686  1.3369  129828.3  112465.8     276.6     0  1849.0
   63 4     -2  2.3194  1.1679   26735.2   42251.8    6262.3  2.2827  1.3603  140186.1  120427.2  -99608.4
      647.8      59.5   27287.1   42596.3   26616.9   42258.8   26395.7   42118.4   27340.6   42490.0
   64 4     -1  2.3300  1.3412   18393.5   35039.1    3567.0  2.2827  1.3603  134033.4  116760.7 -102303.7
      377.6      29.2   18706.1   35252.8   18541.0   35157.7   18293.2   35036.7   18735.3   35202.1
   65 4      0  2.0959  1.2589   15292.6   36901.2    2753.2  2.2827  1.3603  132175.7  115653.7 -103117.5
      298.6      13.6   15541.7   37066.6   15469.8   37023.4   15255.7   36947.0   15555.6   37043.3
vertex track :        123   3  66    7736826  1.7106  0.8533  134177.7  114985.8     270.6  2212   633.3
   63 4     -2  1.6976  0.8347   24973.2   40615.8    6587.0  1.7314  0.8626  141842.3  120292.2  -99277.8
      605.3     212.1   25422.8   41073.2   24692.9   40714.4   24735.4   40369.1   25610.0   40692.5
   64 4     -1  1.7795  0.7946   22436.3   40802.4    3717.8  1.7314  0.8626  136874.7  117817.2 -102147.0
      321.8     101.1   22688.9   41025.9   22475.0   40930.4   22395.5   40789.7   22771.4   40841.3
   65 4      0  1.7065  0.8707   20355.0   39427.6    2868.5  1.7314  0.8626  135404.3  117084.6 -102996.3
      210.5      38.4   20525.1   39557.5   20508.4   39548.9   20396.6   39508.6   20560.0   39489.1
vertex track :        133   3  66    8165613 -0.1626  0.9356  134563.8  112607.5     269.6     0  2215.4
   63 4     -2 -0.1242  0.9719   15463.5   39912.0    6235.1 -0.1641  0.9249  130319.7  118001.7  -99632.9
      153.8      19.0   15425.1   40062.2   15438.0   39961.1   15711.7   39972.8   15462.8   40067.0
   64 4     -1 -0.1408  0.9449   14180.6   33775.5    3582.3 -0.1641  0.9249  130755.0  115548.0 -102285.8
       97.5       9.7   14156.6   33870.6   14155.7   33876.1   14414.4   33891.5   14175.8   33873.4
   65 4      0 -0.1674  0.9201   13110.0   36067.3    2752.2 -0.1641  0.9249  130891.1  114780.2 -103115.9
       82.0       5.5   13089.9   36146.9   13084.1   36178.9   13339.9   36198.5   13100.7   36148.9
vertex track :        139   3  66    8166629  0.7252  0.7816  133091.0  113649.9     270.6   211     nan
   63 4     -2  0.7408  0.7483   17705.1   38803.1    6585.8  0.7337  0.7814  134440.9  118440.4  -99280.4
        nan       nan      -nan       nan       nan       nan       nan       nan       nan       nan
   64 4     -1  0.7249  0.8000   17855.5   39214.4    3721.0  0.7337  0.7814  132338.9  116201.9 -102145.1
        nan       nan      -nan       nan       nan       nan       nan       nan       nan       nan
   65 4      0  0.7153  0.7833   16558.6   37863.2    2866.0  0.7337  0.7814  131711.6  115533.8 -103000.2
        nan       nan      -nan       nan       nan       nan       nan       nan       nan       nan
vertex track :        158   3  66    8601978  1.1201  0.6113  131391.5  113211.9     272.5   211     nan
   63 4     -2  1.1097  0.5314   20606.5   38190.8    6248.5  1.1277  0.6223  134833.8  116767.3  -99618.6
        nan       nan      -nan       nan       nan       nan       nan       nan       nan       nan
   64 4     -1  1.1228  0.5847   15686.7   33153.7    3586.4  1.1277  0.6223  131831.7  115110.7 -102280.7
        nan       nan      -nan       nan       nan       nan       nan       nan       nan       nan
   65 4      0  1.0939  0.6012   13674.0   35717.0    2748.8  1.1277  0.6223  130887.1  114589.5 -103118.3
        nan       nan      -nan       nan       nan       nan       nan       nan       nan       nan
vertex track :        164   3  66    8620285 -2.5350 -2.4039  136333.3  116959.5     266.3     0  1031.8
   63 3     -2 -2.5418 -2.3992  120029.1   22613.5    6588.4 -2.5682 -2.4194  116850.1  101529.6  -99270.5
     1221.8     159.2  119249.9   21659.1  120493.1   22832.6  121015.9   23775.5  119031.3   21890.6
   64 4     -1 -2.5431 -2.4015    9428.8   31168.1    3717.6 -2.5682 -2.4194  124223.0  108475.4 -102141.3
      672.8      76.2    8991.9   30650.8    9436.2   31070.3   10073.1   31893.0    8887.3   30761.6
   65 4      0 -2.5035 -2.4346   10863.4   32370.5    2868.4 -2.5682 -2.4194  126404.0  110530.1 -102990.6
      494.9      30.4   10529.8   32003.7   10713.6   32182.5   11404.5   32944.9   10487.4   32047.3
vertex track :        175   3  66    8647325 -4.0843 -2.8271  144086.2  121579.4     257.1   211   136.8
   63 3     -2 -3.9519 -2.7050  118656.3   24139.3    6197.6 -4.1481 -2.8411  116279.0  104581.7  -99645.3
    13641.6    2665.5  108904.7   14234.4  130589.1   29076.9  128613.9   34251.4  105893.6   18633.6
   64 4     -1 -4.0685 -2.8111    9104.1   28795.8    3586.7 -4.1481 -2.8411  127109.3  111999.5 -102256.2
     6730.5    1310.3    4311.7   23891.8   14531.9   30953.4   14102.5   33907.0    2822.0   26047.8
   65 4      0 -4.3780 -2.8918   11429.0   34091.4    2747.2 -4.1481 -2.8411  130591.6  114384.5 -103095.7
     2585.0     481.9    9537.6   32264.6   12932.1   34506.8   13525.9   36125.3    9006.5   33068.8
