groupid:   2720, ntrk: 11
vertex track :          0   3  85   10782125 -0.1499 -0.0562  120497.1  167379.8     117.8    13  5418.4
   86 5      1 -0.1502 -0.0554  121596.4   13067.4   -2860.5 -0.1521 -0.0587  117295.3  168076.8 -142805.5
       17.7       1.5  121580.3   13059.9  121581.9   13060.4  121822.2   13284.9  121579.3   13062.7
   87 5      2 -0.1498 -0.0563  121269.0   11735.5   -3711.8 -0.1521 -0.0587  117424.8  168126.7 -143656.7
       21.4       2.7  121250.0   11725.4  121258.6   11728.6  121498.0   11955.5  121248.0   11730.5
   88 5      3 -0.1501 -0.0562  121505.5   10562.2   -6584.8 -0.1521 -0.0587  117861.9  168295.5 -146529.7
       34.9       5.2  121474.6   10545.1  121508.5   10557.7  121746.2   10789.2  121471.0   10554.8
vertex track :          9   3  85    7610317  3.1655 -4.0909  128304.3  157326.0     155.1     0  1086.8
   86 5      1  2.9958 -3.7805  119117.0   10896.4   -2579.4  3.1724 -4.2326  116171.6  169263.3 -142584.6
     1031.0      53.1  119798.9   10121.3  119147.4   10943.5  118648.0   11877.7  119715.7   10055.4
   87 5      2  3.0960 -3.7397  117540.3   18710.8   -3435.7  3.1724 -4.2326  113455.0  172887.8 -143440.9
     1455.4     132.8  118570.8   17674.5  117364.7   19131.2  116723.0   19953.4  118366.1   17505.1
   88 5      3  2.9697 -4.0514  108239.3   28562.1   -6418.5  3.1724 -4.2326  103992.6  185512.7 -146423.6
     2716.6     278.3  110069.8   26535.6  107481.3   30066.9  106621.8   30794.6  109620.9   26206.5
vertex track :         12   3  85    7642508  4.4496 -2.3176  127742.7  163809.9     156.9   211     nan
   86 5      1  4.4403 -2.3432  116921.4   15394.5   -2877.9  4.5250 -2.3853  110474.6  171469.6 -142861.8
        nan       nan      -nan       nan       nan       nan       nan       nan       nan       nan
   87 5      2  4.4477 -2.3105  112762.7   15912.9   -3719.4  4.5250 -2.3853  106666.8  173476.9 -143703.3
        nan       nan      -nan       nan       nan       nan       nan       nan       nan       nan
   88 5      3  4.4538 -2.3349   99359.3   21439.3   -6585.7  4.5250 -2.3853   93696.5  180314.0 -146569.6
        nan       nan      -nan       nan       nan       nan       nan       nan       nan       nan
vertex track :         92   3  86    7816148  1.8457  1.8684  118071.9  165795.9     285.9     0 10001.0
   83 6     -2  1.8486  1.8722   11345.5   20967.9    6581.4  1.8123  1.8630  125002.8  176549.1 -136136.4
      657.4      26.3   11788.7   21454.2   11253.1   20911.8   11114.1   20693.6   11826.1   21417.3
   84 5     -1  1.8723  1.8924  125036.9   16820.2    3717.7  1.8123  1.8630  119813.0  171214.2 -139000.0
      381.9      14.0  125295.5   17101.5  125151.6   16956.0  124990.2   16750.7  125315.5   17081.8
   85 5      0  1.8468  1.8704  121089.7   13730.4    2872.3  1.8123  1.8630  118280.8  169639.3 -139845.4
      305.7      10.0  121297.3   13955.0  121255.6   13912.7  121093.9   13717.7  121311.6   13940.9
vertex track :        114   3  86    8531501  2.0443  0.2369  116982.9  168361.5     290.6   211     nan
   83 6     -2  2.1060  0.3004    7819.4   14282.5    6199.1  2.0458  0.2247  124522.3  168730.5 -136528.9
        nan       nan      -nan       nan       nan       nan       nan       nan       nan       nan
   84 5     -1  2.0537  0.3276  123980.0   13856.7    3416.8  2.0458  0.2247  118830.4  168105.3 -139311.2
        nan       nan      -nan       nan       nan       nan       nan       nan       nan       nan
   85 5      0  2.0728  0.1756  121894.6   15775.7    2604.7  2.0458  0.2247  117169.0  167922.9 -140123.3
        nan       nan      -nan       nan       nan       nan       nan       nan       nan       nan
vertex track :        116   3  86    8531624  2.2306 -0.7054  118393.7  169913.2     290.4   211     nan
   83 6     -2  2.2312 -0.7585   13978.0    9128.5    6577.0  2.2515 -0.7180  127973.6  164437.2 -136150.5
        nan       nan      -nan       nan       nan       nan       nan       nan       nan       nan
   84 6     -1  2.2080 -0.7174    6867.4   12116.7    3716.6  2.2515 -0.7180  121533.5  166490.9 -139010.9
        nan       nan      -nan       nan       nan       nan       nan       nan       nan       nan
   85 5      0  2.2163 -0.7166  122389.4   11158.9    2875.4  2.2515 -0.7180  119639.5  167094.9 -139852.1
        nan       nan      -nan       nan       nan       nan       nan       nan       nan       nan
vertex track :        131   3  86    9166161 -3.2263 -0.5366  128971.9  170130.4     293.6   211     nan
   83 5     -2 -3.2315 -0.7001  104140.3   10595.6    6155.5 -3.2562 -0.5182  105385.5  166060.5 -136556.5
        nan       nan      -nan       nan       nan       nan       nan       nan       nan       nan
   84 5     -1 -3.3186 -0.4326  116570.5   12848.3    3420.8 -3.2562 -0.5182  114290.5  167477.7 -139291.3
        nan       nan      -nan       nan       nan       nan       nan       nan       nan       nan
   85 5      0 -3.0505 -0.6981  118782.1   15422.6    2604.6 -3.2562 -0.5182  116948.1  167900.6 -140107.5
        nan       nan      -nan       nan       nan       nan       nan       nan       nan       nan
vertex track :        135   3  86    9167597 -1.3729 -0.0846  122033.2  169051.1     292.4     0  1481.2
   83 5     -2 -1.3617 -0.0571  114443.1   11983.2    6587.9 -1.3863 -0.0746  108779.8  167591.8 -136133.9
      254.2      36.8  114190.6   11935.8  114412.6   11945.1  114904.1   12240.6  114187.6   12009.4
   84 5     -1 -1.3663 -0.0842  117969.4   13369.5    3717.7 -1.3863 -0.0746  112758.8  167805.8 -139004.1
      153.9      17.9  117816.9   13342.1  117837.2   13343.4  118330.5   13606.8  117814.7   13377.9
   85 5      0 -1.3485 -0.0843  116722.0   11854.7    2866.9 -1.3863 -0.0746  113938.2  167869.3 -139854.9
      126.6       8.6  116596.2   11838.2  116565.8   11836.3  117056.5   12081.1  116595.1   11855.3
vertex track :        137   3  86    9167603 -1.3899 -0.0392  122139.1  169091.0     292.4  2212   305.9
   83 5     -2 -1.3927 -0.0755  109239.2   12947.2    6218.9 -1.4047 -0.0288  109288.0  167930.1 -136502.7
      952.6     538.7  108317.1   12357.8  109927.1   12445.0  110369.8   13746.6  108258.8   13433.6
   84 5     -1 -1.4864 -0.0415  116568.7   13698.3    3427.4 -1.4047 -0.0288  113209.3  168010.4 -139294.3
      449.4     248.5  116126.4   13437.3  116712.6   13453.7  117219.4   14169.2  116112.5   13934.2
   85 5      0 -1.4404  0.0098  117118.3   15771.9    2610.5 -1.4047 -0.0288  114356.9  168033.9 -140111.2
      194.6      89.2  116923.1   15683.9  117009.8   15683.3  117522.0   16069.8  116924.3   15862.4
vertex track :        138   3  86    9167608 -1.2770 -0.5689  122099.3  169156.3     292.4   211     nan
   83 5     -2 -1.2589 -0.5510  115051.9    9104.0    6577.8 -1.2769 -0.5619  109545.9  164634.6 -136144.0
        nan       nan      -nan       nan       nan       nan       nan       nan       nan       nan
   84 5     -1 -1.2683 -0.5649  118367.7   11823.0    3718.3 -1.2769 -0.5619  113197.0  166241.4 -139003.5
        nan       nan      -nan       nan       nan       nan       nan       nan       nan       nan
   85 5      0 -1.2677 -0.5830  117059.0   10699.3    2867.4 -1.2769 -0.5619  114283.5  166719.5 -139854.4
        nan       nan      -nan       nan       nan       nan       nan       nan       nan       nan
vertex track :        145   3  86    9168237 -3.5855  0.6274  123486.6  168706.7     289.8     0  2012.0
   83 5     -2 -3.4509  0.4890   96234.5   16884.0    6250.8 -3.6562  0.6598   97185.3  171638.8 -136465.3
     1138.9      84.1   95095.1   16960.5   96625.6   16743.6   97580.5   17018.0   95118.7   17127.1
   84 5     -1 -3.6600  0.5856  109784.8   15765.8    3436.0 -3.6562  0.6598  107477.0  169781.6 -139280.1
      624.3      39.4  109162.1   15825.5  109626.4   15751.2  110613.8   15916.7  109174.5   15903.4
   85 5      0 -3.6663  0.7138  112296.9   17171.0    2617.0 -3.6562  0.6598  110471.2  169241.3 -140099.1
      476.5      17.3  111825.9   17245.1  111991.4   17212.9  112974.2   17307.7  111832.5   17279.1
