groupid:   2806, ntrk:  8
vertex track :          0   3  19    6680846 -0.1537 -0.0483  137123.0  129223.0     272.5    13 10000.6
   20 4      1 -0.1530 -0.0503   17220.4   51874.0   -2867.7 -0.1533 -0.0539  134124.5  129434.1  -21043.6
       18.4       1.4   17203.3   51866.9   17206.2   51867.9   17447.3   52091.1   17202.4   51869.6
   21 4      2 -0.1536 -0.0495   15483.5   47779.4   -3717.0 -0.1533 -0.0539  134254.7  129479.9  -21892.9
       22.1       2.1   15463.0   47770.7   15472.9   47773.9   15713.8   47998.2   15461.7   47774.6
   22 4      3 -0.1525 -0.0519   20879.1   52153.0   -6586.6 -0.1533 -0.0539  134694.6  129634.6  -24762.6
       35.6       3.8   20846.6   52137.9   20882.0   52150.0   21121.4   52378.0   20844.1   52145.1
vertex track :          4   3  19    6414563 -3.2420  1.1607  129139.2  132400.8     135.8   211   533.5
   20 4      1 -3.1659  0.8807   18939.3   48846.4   -2676.7 -3.2362  1.1182  134716.9  129222.2  -20697.5
      548.0      61.2   18394.9   48934.2   18786.0   48825.4   19690.5   48969.4   18427.7   49052.2
   21 4      2 -3.4408  0.9790   21797.7   47693.8   -3503.1 -3.2362  1.1182  137391.3  128298.1  -21523.9
      836.5     154.4   20950.9   47774.3   21837.5   47522.0   22851.1   47824.4   21035.4   48071.2
   22 4      3 -3.4796  0.8029   27695.4   46993.5   -6448.1 -3.2362  1.1182  146921.6  125005.3  -24468.8
     1583.6     320.1   26080.5   47037.7   28435.8   46494.2   29516.9   47160.2   26224.4   47661.5
vertex track :         44   3  19    7320906  2.6213  1.6267  142644.3  132664.8     266.3   211   567.1
   20 4      1  2.5961  1.6613   15341.5   50815.0   -2867.6  2.6063  1.6337  130993.3  127629.2  -21025.8
      494.7      57.0   15727.5   51129.6   15439.3   50945.2   15168.1   50712.0   15788.9   51033.6
   21 4      2  2.6037  1.6320   11339.0   45351.7   -3717.6  2.6063  1.6337  128778.1  126240.6  -21875.8
      719.4     137.3   11875.7   45850.2   11203.3   45428.7   11015.0   45064.9   12021.5   45617.5
   22 4      3  2.5851  1.6710    8745.1   44574.9   -6585.5  2.6063  1.6337  121303.4  121555.2  -24743.7
     1280.9     269.4    9674.6   45496.6    8066.0   44456.8    8028.2   43865.0    9967.1   45044.0
vertex track :         69   3  19    7778378  1.7414  0.0604  141953.7  129690.7     265.6     0 10001.0
   20 4      1  1.7516  0.1226   17471.4   49159.7   -2675.0  1.7485  0.0713  133344.7  129564.4  -20845.0
      187.1       8.5   17657.5   49181.3   17651.9   49180.9   17497.1   49348.3   17658.7   49164.3
   21 4      2  1.4943 -0.1302   16550.7   49277.9   -3492.5  1.7485  0.0713  131915.3  129506.1  -21662.4
      224.3      11.3   16775.1   49269.7   16642.0   49281.3   16537.7   49496.0   16773.1   49247.2
   22 4      3  1.7128 -0.0175    7504.0   50821.6   -6438.5  1.7485  0.0713  126764.1  129296.0  -24608.5
      369.2      20.4    7873.4   50838.2    7494.7   50842.1    7346.3   51015.0    7872.9   50797.4
vertex track :        106   3  20    9549392  2.0371  2.4020  131821.7  125018.2     427.7   211     nan
   17 4     -2  1.9730  2.4435   25898.7   61698.4    6586.7  2.0179  2.3838  141246.5  138173.1  -14451.7
        nan       nan      -nan       nan       nan       nan       nan       nan       nan       nan
   18 4     -1  2.0064  2.4315   22114.9   54544.8    3717.5  2.0179  2.3838  135456.8  131333.3  -17321.0
        nan       nan      -nan       nan       nan       nan       nan       nan       nan       nan
   19 4      0  2.0216  2.4335   17303.9   49381.0    2868.1  2.0179  2.3838  133742.9  129308.6  -18170.3
        nan       nan      -nan       nan       nan       nan       nan       nan       nan       nan
vertex track :        129   3  20   10215238 -1.6553 -0.6669  138104.1  131364.4     425.5   211     nan
   17 4     -2 -1.6975 -0.6042    6232.5   51069.0    6291.4 -1.6595 -0.6836  125366.2  125860.1  -14720.6
        nan       nan      -nan       nan       nan       nan       nan       nan       nan       nan
   18 4     -1 -1.6245 -0.6166    8241.9   50175.8    3589.2 -1.6595 -0.6836  129850.6  127707.4  -17422.8
        nan       nan      -nan       nan       nan       nan       nan       nan       nan       nan
   19 4      0 -1.6492 -0.7708   12704.3   50220.9    2695.8 -1.6595 -0.6836  131333.4  128318.2  -18316.3
        nan       nan      -nan       nan       nan       nan       nan       nan       nan       nan
vertex track :        165   3  20   10677379 -2.0304 -2.3062  140087.1  134487.4     431.4   211     nan
   17 4     -2 -1.9855 -2.2912    8611.5   41201.8    6580.0 -2.0468 -2.3428  124495.1  118596.2  -14424.6
        nan       nan      -nan       nan       nan       nan       nan       nan       nan       nan
   18 4     -1 -1.8655 -2.4334   15845.9   47058.4    3720.2 -2.0468 -2.3428  130348.5  125296.2  -17284.4
        nan       nan      -nan       nan       nan       nan       nan       nan       nan       nan
   19 4      0 -1.9926 -2.3431   14617.5   46121.4    2868.1 -2.0468 -2.3428  132092.6  127292.5  -18136.5
        nan       nan      -nan       nan       nan       nan       nan       nan       nan       nan
vertex track :        226   3  20   11744554  2.0776  0.5224  136781.6  130814.1     428.3   211     nan
   17 4     -2  2.2084  0.5433   29580.6   58000.3    6285.7  2.0850  0.5315  145988.2  132424.7  -14730.1
        nan       nan      -nan       nan       nan       nan       nan       nan       nan       nan
   18 4     -1  1.9987  0.5811   20539.8   54147.2    3595.1  2.0850  0.5315  140378.3  130994.6  -17420.8
        nan       nan      -nan       nan       nan       nan       nan       nan       nan       nan
   19 4      0  2.2253  0.7421   22003.4   53051.0    2700.0  2.0850  0.5315  138512.2  130518.8  -18315.8
        nan       nan      -nan       nan       nan       nan       nan       nan       nan       nan
