groupid:   3069, ntrk: 13
vertex track :          0   3  57    2454636  0.1959  0.3578   55698.8   68961.9     242.7    13   749.9
   58 1      1  0.1973  0.3574   55072.5   67890.6   -2868.5  0.1959  0.3634   49731.0   67767.7  -90705.6
       41.8       8.1   55085.6   67931.1   55086.7   67932.9   55269.6   68060.4   55099.8   67923.2
   59 1      2  0.1930  0.3587   54918.4   68919.3   -3721.2  0.1959  0.3634   49563.9   67457.9  -91558.3
       52.5      18.9   54926.7   68974.4   54917.5   68957.3   55120.4   69074.5   54959.9   68956.6
   60 1      3  0.1962  0.3556   53421.2   67386.1   -6582.4  0.1959  0.3634   49003.3   66418.2  -94419.5
       85.7      36.9   53430.3   67479.0   53388.7   67403.5   53622.4   67503.5   53495.0   67443.3
vertex track :         20   3  57     845268  0.1101 -0.4009   55651.5   68554.7     242.7  2212   412.4
   58 1      1  0.0915 -0.3948   55608.8   69401.7   -3251.2  0.1104 -0.4051   49907.7   69901.0  -91088.3
       64.2      42.3   55664.5   69348.7   55654.7   69390.9   55763.1   69664.3   55582.0   69329.6
   59 1      2  0.1329 -0.3877   54804.9   68956.3   -4066.8  0.1104 -0.4051   49817.6   70231.4  -91903.8
      118.4      98.0   54936.0   68876.1   54887.1   69018.7   54883.9   69246.2   54750.5   68812.5
   60 1      3  0.1444 -0.3963   55972.2   69960.7   -6938.8  0.1104 -0.4051   49500.5   71394.7  -94775.8
      217.2     186.2   56221.5   69820.3   56103.1   70145.3   55933.0   70310.7   55871.6   69692.9
vertex track :         67   3  57    2035698 -3.6023 -0.1002   46750.5   68019.2     255.5   211     nan
   58 1      1 -3.6119 -0.0873   58527.5   68424.2   -2869.3 -3.6364 -0.1217   52698.7   68274.5  -90726.0
        nan       nan      -nan       nan       nan       nan       nan       nan       nan       nan
   59 1      2 -3.6081 -0.1212   61523.6   69880.9   -3722.2 -3.6364 -0.1217   55800.3   68378.3  -91578.9
        nan       nan      -nan       nan       nan       nan       nan       nan       nan       nan
   60 1      3 -3.6009 -0.0841   71261.7   69564.1   -6585.5 -3.6364 -0.1217   66212.4   68726.8  -94442.2
        nan       nan      -nan       nan       nan       nan       nan       nan       nan       nan
vertex track :         89   3  57    2297522 -5.0388 -4.4530   43594.6   58512.3     253.3   211   336.9
   58 1      1 -5.0808 -4.2230   58301.8   71042.7   -3267.2 -5.0768 -4.5201   56050.2   74177.3  -91124.0
     3193.8     360.9   56076.4   68723.7   59921.7   71919.8   60732.2   73567.5   55615.0   69278.8
   59 1      2 -4.9254 -4.3420   61934.4   73984.7   -4105.6 -5.0768 -4.5201   60306.5   77966.9  -91962.3
     6229.9     838.4   57815.5   69236.1   66127.8   76563.7   66258.3   78939.1   56706.7   70494.0
   60 3      3 -4.9343 -4.3352   78184.4    8897.5   -7139.9 -5.0768 -4.5201   75711.3   91682.5  -94996.7
    11838.7    1626.5   70364.2    -138.3   87115.5   14579.2   86209.6   18139.0   68217.1    2305.5
vertex track :        105   3  57    2323912 -2.5613 -0.4815   46259.8   66178.9     257.8   211     nan
   58 1      1 -2.5589 -0.4744   54578.3   67831.8   -2867.4 -2.5830 -0.5025   48916.1   67598.8  -90726.5
        nan       nan      -nan       nan       nan       nan       nan       nan       nan       nan
   59 1      2 -2.5535 -0.4958   56681.7   69560.1   -3714.4 -2.5830 -0.5025   51103.9   68024.4  -91573.5
        nan       nan      -nan       nan       nan       nan       nan       nan       nan       nan
   60 1      3 -2.5630 -0.4690   63289.9   70424.3   -6587.5 -2.5830 -0.5025   58525.4   69468.2  -94446.6
        nan       nan      -nan       nan       nan       nan       nan       nan       nan       nan
vertex track :        117   3  57    2455792 -1.6736  1.2010   52580.0   70380.2     248.6   211     nan
   58 1      1 -1.6887  1.2640   57586.4   66722.7   -3261.7 -1.6890  1.2084   53129.1   66074.9  -91107.3
        nan       nan      -nan       nan       nan       nan       nan       nan       nan       nan
   59 1      2 -1.6132  1.1873   58373.5   64845.4   -4081.5 -1.6890  1.2084   54513.7   65084.3  -91927.0
        nan       nan      -nan       nan       nan       nan       nan       nan       nan       nan
   60 1      3 -1.6420  1.1000   64712.4   61419.5   -6986.3 -1.6890  1.2084   59420.1   61574.1  -94831.9
        nan       nan      -nan       nan       nan       nan       nan       nan       nan       nan
vertex track :        127   3  57    2457418 -3.0090 -0.2089   50360.7   68285.2     248.9   211     nan
   58 1      1 -3.0165 -0.1961   60237.1   69040.1   -2869.7 -3.0360 -0.2286   54437.0   68896.5  -90717.1
        nan       nan      -nan       nan       nan       nan       nan       nan       nan       nan
   59 1      2 -3.0173 -0.2238   62690.0   70602.8   -3724.0 -3.0360 -0.2286   57030.5   69091.8  -91571.4
        nan       nan      -nan       nan       nan       nan       nan       nan       nan       nan
   60 1      3 -3.0090 -0.1922   70695.5   70606.6   -6586.9 -3.0360 -0.2286   65722.3   69746.3  -94434.3
        nan       nan      -nan       nan       nan       nan       nan       nan       nan       nan
vertex track :        130   3  57    2458155 -3.9306  0.3143   41284.7   68909.9     263.5   211   329.7
   58 1      1 -3.6581  0.3070   52763.2   67791.8   -3236.4 -3.9912  0.2751   49802.7   67802.4  -91105.7
     1022.8     166.8   51730.1   67711.1   53000.2   67604.5   54002.7   68082.8   51758.0   68043.6
   59 1      2 -3.7220  0.4093   55540.3   66701.6   -4062.6 -3.9912  0.2751   53100.3   67575.1  -91931.9
     1828.3     387.0   53680.6   66516.8   56533.7   66203.0   57606.2   67096.7   53765.2   67286.1
   60 1      3 -3.7383  0.3152   68320.4   65653.8   -7027.4 -3.9912  0.2751   64933.5   66759.6  -94896.7
     3396.3     744.8   64873.6   65196.9   70857.1   64692.5   71973.5   66321.1   64998.7   66681.3
vertex track :        145   3  58     710168  1.8861  2.0433   51966.5   64345.7     250.4   211     nan
   55 1     -2  1.9485  2.0595   62492.2   78215.6    6588.7  1.9138  2.1122   58732.8   77492.1  -84491.4
        nan       nan      -nan       nan       nan       nan       nan       nan       nan       nan
   56 1     -1  1.8560  2.0642   59519.9   75250.1    3720.9  1.9138  2.1122   53244.3   71434.8  -87359.2
        nan       nan      -nan       nan       nan       nan       nan       nan       nan       nan
   57 1      0  1.8763  2.0484   58134.8   70960.1    2865.9  1.9138  2.1122   51608.0   69628.9  -88214.2
        nan       nan      -nan       nan       nan       nan       nan       nan       nan       nan
vertex track :        151   3  58     744099 -1.5621 -1.4912   57492.4   70454.3     248.3   211     nan
   55 1     -2 -1.5630 -1.4792   48931.6   61096.9    6855.2 -1.5501 -1.5212   41888.7   60296.4  -84256.5
        nan       nan      -nan       nan       nan       nan       nan       nan       nan       nan
   56 1     -1 -1.6588 -1.4877   51891.5   62332.4    4057.6 -1.5501 -1.5212   46225.1   64552.1  -87054.1
        nan       nan      -nan       nan       nan       nan       nan       nan       nan       nan
   57 1      0 -1.7055 -1.4767   52765.7   66388.2    3240.4 -1.5501 -1.5212   47491.8   65795.2  -87871.3
        nan       nan      -nan       nan       nan       nan       nan       nan       nan       nan
vertex track :        162   3  58     745025  1.8202 -1.7115   54173.3   68837.1     249.2   211     nan
   55 1     -2  1.8328 -1.6934   64329.4   57096.9    6582.3  1.8604 -1.7282   60579.3   57726.9  -84512.6
        nan       nan      -nan       nan       nan       nan       nan       nan       nan       nan
   56 1     -1  1.8321 -1.7065   61453.6   64282.4    3720.0  1.8604 -1.7282   55254.3   62673.6  -87374.8
        nan       nan      -nan       nan       nan       nan       nan       nan       nan       nan
   57 1      0  1.8240 -1.7071   60161.5   63163.2    2875.0  1.8604 -1.7282   53682.4   64133.9  -88219.8
        nan       nan      -nan       nan       nan       nan       nan       nan       nan       nan
vertex track :        191   3  58    1805467 -4.0562  0.0508   59085.2   68166.0     243.0     0  2878.6
   55 1     -2 -4.2607  0.0037   34086.3   68853.9    6839.3 -4.0086 -0.0030   27303.5   68027.0  -84273.0
     1503.0      80.6   32583.2   68774.6   34694.4   68772.8   35795.1   69143.3   32583.4   68935.9
   56 1     -1 -4.1889  0.1652   44257.9   65765.1    4020.5 -4.0086 -0.0030   38603.3   68035.6  -87091.9
      879.5      41.6   43377.4   65758.2   44255.4   65723.5   45344.2   65982.1   43380.6   65841.3
   57 1      0 -4.1078 -0.0030   47142.8   68574.9    3205.1 -4.0086 -0.0030   41871.7   68038.1  -87907.2
      698.6      21.6   46444.2   68552.8   46978.8   68553.2   48047.3   68807.0   46444.2   68596.0
vertex track :        221   3  58    2260759  3.9955  1.2464   44532.4   65132.1     264.1   211   338.5
   55 1     -2  3.9803  1.2722   69338.3   73508.5    6586.8  4.1084  1.3295   65095.7   73236.9  -84469.0
     3234.3     667.4   72215.9   75128.9   66890.2   73426.7   66674.7   72099.4   72622.2   73857.5
   56 1     -1  3.9695  1.2661   60800.2   72755.7    3720.9  4.1084  1.3295   53321.6   69426.8  -87334.8
     1606.9     318.3   62234.4   73547.3   60006.1   72836.5   59580.0   72175.3   62427.9   72940.7
   57 1      0  3.9888  1.2613   57591.1   69127.6    2871.1  4.1084  1.3295   49830.3   68296.9  -88184.6
      832.9     119.6   58349.2   69492.7   57598.6   69255.4   57047.0   68973.7   58421.3   69264.6
