groupid:    340, ntrk: 25
vertex track :          0   3  25   15045094 -0.4799  0.7739  207220.3  200542.7     162.9    13   548.7
   26 6      1 -0.4804  0.7755   89035.8   43975.6   -2866.1 -0.4797  0.7650  205726.5  199015.1  -31562.6
       89.8      15.1   88975.7   44044.0   88969.3   44054.2   89305.4   44118.1   89001.4   44059.9
   27 6      2 -0.4777  0.7741   90936.2   42305.6   -3719.3 -0.4797  0.7650  206135.7  198362.5  -32415.8
      113.9      35.8   90845.9   42383.7   90865.2   42352.4   91236.1   42438.2   90906.9   42421.4
   28 6      3 -0.4740  0.7757   93284.0   39900.8   -6589.6 -0.4797  0.7650  207512.6  196166.6  -35286.0
      187.9      71.0   93125.4   40024.2   93221.9   39866.4   93652.1   39988.2   93246.6   40098.2
vertex track :         10   3  25   14386367 -1.5938  0.1131  207178.1  200505.6     162.9     0 10001.0
   26 6      1 -1.6166 -0.0135   90472.8   43286.2   -2764.1 -1.5923  0.1078  208891.7  200979.8  -31460.7
      165.7       8.0   90307.2   43276.8   90299.1   43276.7   90846.8   43505.5   90307.1   43292.8
   27 6      2 -1.6987  0.2272   93839.3   42419.2   -3582.5 -1.5923  0.1078  210194.9  200891.6  -32279.1
      197.8      10.5   93641.9   42435.0   93677.1   42430.3   94245.0   42613.7   93644.7   42455.9
   28 6      3 -1.5322  0.1135   95959.2   39055.0   -6521.7 -1.5923  0.1078  214874.7  200574.7  -35218.2
      323.3      19.1   95635.4   39059.9   95958.5   39036.0   96491.5   39260.3   95638.2   39097.9
vertex track :         61   3  25   15446279  1.9080 -2.1602  213924.8  192491.5     151.4     0 10001.0
   26 6      1  1.9095 -2.1565   89149.8   44022.6   -2870.6  1.9546 -2.2008  205122.6  199927.6  -31612.3
      400.1      12.6   89424.4   43731.4   89294.9   43877.7   89087.0   44521.7   89405.6   43714.7
   27 6      2  1.8933 -2.1771   89096.7   44770.9   -3716.0  1.9546 -2.2008  203470.2  201788.1  -32457.7
      493.4      17.1   89433.4   44409.8   89183.4   44697.2   88972.0   45339.9   89407.6   44387.4
   28 6      3  1.8814 -2.1746   84293.7   51279.3   -6583.2  1.9546 -2.2008  197866.1  208098.1  -35324.9
      823.3      30.4   84855.4   50676.5   84173.1   51465.2   83944.0   52089.9   84809.4   50636.8
vertex track :         93   3  25   15914912  2.7764  0.5983  216819.8  200298.4     154.2   211     nan
   26 6      1  2.8773  0.5567   87621.9   41673.6   -2755.0  2.8155  0.6042  205737.2  199337.7  -31466.2
        nan       nan      -nan       nan       nan       nan       nan       nan       nan       nan
   27 6      2  2.6702  0.6794   87161.6   40409.0   -3569.4  2.8155  0.6042  203444.2  198845.6  -32280.7
        nan       nan      -nan       nan       nan       nan       nan       nan       nan       nan
   28 6      3  2.4421  0.6619   76893.0   35773.4   -6581.2  2.8155  0.6042  194964.5  197025.8  -35292.5
        nan       nan      -nan       nan       nan       nan       nan       nan       nan       nan
vertex track :        104   3  25   15917394  4.0976 -2.1437  209710.1  199065.2     156.0     0 10001.0
   26 6      1  4.0997 -2.1504   78833.8   50587.2   -2870.5  4.2062 -2.1944  194047.2  206495.4  -31573.1
      893.8      19.1   79634.2   50188.9   78912.1   50567.7   78247.5   51193.4   79616.5   50155.2
   27 6      2  4.0987 -2.1848   76970.1   51389.6   -3721.5  4.2062 -2.1944  190468.0  208362.7  -32424.1
     1124.6      26.8   77975.1   50884.3   76851.1   51483.5   76179.2   52102.7   77949.9   50836.9
   28 6      3  4.0889 -2.1871   65320.9   58040.3   -6589.5  4.2062 -2.1944  178404.6  214656.2  -35292.1
     1917.0      48.3   67034.1   57178.7   64512.0   58527.8   63821.8   59109.6   66988.5   57093.5
vertex track :        149   3  26    8853606 -1.8804  2.0234  212862.0  197039.5     155.2   211     nan
   23 6     -2 -1.8845  2.0250   83583.6   54572.5    6593.3 -1.8750  1.9995  196816.2  209618.8  -24894.1
        nan       nan      -nan       nan       nan       nan       nan       nan       nan       nan
   24 6     -1 -1.8514  1.9889   82206.4   50035.4    3718.3 -1.8750  1.9995  202206.9  203870.1  -27769.1
        nan       nan      -nan       nan       nan       nan       nan       nan       nan       nan
   25 6      0 -1.8864  2.0275   86152.8   46169.6    2867.6 -1.8750  1.9995  203801.9  202169.2  -28619.8
        nan       nan      -nan       nan       nan       nan       nan       nan       nan       nan
vertex track :        184   3  26    8856473  1.0188  0.1932  205431.7  201094.9     163.2   211     nan
   23 6     -2  0.8800  0.2790   89709.7   46084.9    6376.0  1.0262  0.1978  207787.1  202016.6  -25085.8
        nan       nan      -nan       nan       nan       nan       nan       nan       nan       nan
   24 6     -1  0.9815  0.1125   91883.8   44163.2    3602.7  1.0262  0.1978  204941.1  201468.1  -27859.1
        nan       nan      -nan       nan       nan       nan       nan       nan       nan       nan
   25 6      0  1.1100  0.2418   88587.6   47653.5    2780.3  1.0262  0.1978  204097.1  201305.5  -28681.5
        nan       nan      -nan       nan       nan       nan       nan       nan       nan       nan
vertex track :        190   3  26    8877903 -1.4571 -1.4061  211206.4  203290.5     159.8     0  4218.3
   23 6     -2 -1.4575 -1.4098   84715.8   39196.1    6555.1 -1.4463 -1.4043  197945.9  194012.7  -24922.5
      440.4      27.4   84418.4   38870.2   84745.4   39186.5   85221.8   39730.6   84380.2   38909.7
   24 6     -1 -1.4545 -1.4043   82133.1   43892.4    3727.9 -1.4463 -1.4043  202034.9  197982.8  -27749.7
      265.3      14.5   81952.2   43697.7   82028.6   43771.4   82522.5   44295.7   81932.1   43718.5
   25 6      0 -1.4575 -1.4102   85699.8   42914.5    2865.8 -1.4463 -1.4043  203281.8  199193.5  -28611.8
      215.8       9.2   85551.1   42757.8   85555.3   42761.8   86057.0   43279.8   85538.3   42771.1
vertex track :        199   3  26    8880390  1.6901 -1.5465  204772.0  204479.6     163.1   211     nan
   23 6     -2  1.6889 -1.5802   93506.3   37936.7    6345.6  1.7143 -1.5479  211338.1  194592.1  -25109.6
        nan       nan      -nan       nan       nan       nan       nan       nan       nan       nan
   24 6     -1  1.5824 -1.5478   93579.1   41065.4    3594.7  1.7143 -1.5479  206622.2  198850.4  -27860.5
        nan       nan      -nan       nan       nan       nan       nan       nan       nan       nan
   25 6      0  1.7175 -1.6029   89907.2   46051.2    2781.0  1.7143 -1.5479  205227.2  200110.0  -28674.2
        nan       nan      -nan       nan       nan       nan       nan       nan       nan       nan
vertex track :        202   3  26    8880847  1.8922 -2.0137  204173.9  206160.4     166.9   211     nan
   23 6     -2  1.8959 -2.0021   98856.1   38067.2    6588.8  1.9223 -2.0196  212479.6  192867.1  -24866.1
        nan       nan      -nan       nan       nan       nan       nan       nan       nan       nan
   24 6     -1  1.8918 -2.0143   87159.0   44530.3    3723.9  1.9223 -2.0196  206972.6  198652.9  -27730.9
        nan       nan      -nan       nan       nan       nan       nan       nan       nan       nan
   25 6      0  1.8868 -2.0205   87944.5   44075.9    2872.9  1.9223 -2.0196  205336.7  200371.6  -28581.9
        nan       nan      -nan       nan       nan       nan       nan       nan       nan       nan
vertex track :        207   3  26    9080826  1.8614 -2.0597  203039.0  207570.9     168.4   211     nan
   23 6     -2  1.6140 -1.9976   92872.2   37688.3    6343.0  1.8912 -2.0659  210671.6  194481.9  -25107.5
        nan       nan      -nan       nan       nan       nan       nan       nan       nan       nan
   24 6     -1  1.7258 -2.0456   92536.1   42248.5    3593.0  1.8912 -2.0659  205470.9  200163.1  -27857.5
        nan       nan      -nan       nan       nan       nan       nan       nan       nan       nan
   25 6      0  2.0415 -2.0793   88586.6   47723.5    2783.7  1.8912 -2.0659  203940.3  201835.2  -28666.9
        nan       nan      -nan       nan       nan       nan       nan       nan       nan       nan
vertex track :        212   3  26    9509570 -2.3003  1.1436  212397.0  198935.6     158.2   211     nan
   23 6     -2 -2.3157  1.1325   80591.8   50847.2    6589.0 -2.2870  1.1271  193704.7  205888.6  -24897.3
        nan       nan      -nan       nan       nan       nan       nan       nan       nan       nan
   24 6     -1 -2.2654  1.1928   80278.4   48750.4    3723.2 -2.2870  1.1271  200258.9  202658.6  -27763.1
        nan       nan      -nan       nan       nan       nan       nan       nan       nan       nan
   25 6      0 -2.2923  1.1440   84539.8   45615.0    2867.1 -2.2870  1.1271  202216.8  201693.8  -28619.2
        nan       nan      -nan       nan       nan       nan       nan       nan       nan       nan
vertex track :        213   3  26    9509944  0.8679  1.3700  208656.9  199135.1     161.3     0  7634.1
   23 6     -2  0.7331  1.4558   91696.1   51924.7    6344.8  0.8696  1.3722  210034.2  207319.3  -25129.9
      308.1      18.5   91818.1   52208.2   91695.0   51963.6   91784.7   51852.8   91851.1   52191.6
   24 6     -1  0.7642  1.3204   94248.6   46573.8    3612.3  0.8696  1.3722  207658.0  203569.8  -27862.4
      189.9      10.1   94335.0   46743.3   94305.2   46691.8   94373.0   46615.8   94352.5   46733.1
   25 6      0  0.9013  1.5095   91355.0   48932.6    2787.8  0.8696  1.3722  206941.0  202438.4  -28687.0
      157.6       7.3   91429.5   49071.7   91457.2   49118.0   91491.3   49005.0   91442.0   49064.2
vertex track :        221   3  26    9510309  1.0554  0.6898  206342.9  199806.3     163.1     0  1675.5
   23 6     -2  1.0515  0.6973   95677.6   48937.9    6586.0  1.0631  0.6924  209159.7  203948.8  -24880.9
      228.9      31.5   95850.9   49090.6   95690.3   48984.0   95715.3   48995.8   95885.7   49038.1
   24 6     -1  1.0506  0.6789   86327.3   47962.8    3708.3  1.0631  0.6924  206100.3  201956.4  -27758.5
      140.7      15.7   86437.0   48052.3   86421.3   48042.2   86428.7   48084.0   86454.0   48026.0
   25 6      0  1.0547  0.6939   87796.3   45226.9    2869.2  1.0631  0.6924  205208.2  201375.5  -28597.6
      117.1       8.0   87889.8   45297.9   87915.6   45314.9   87914.0   45366.5   87898.6   45284.5
vertex track :        228   3  26    9511871  1.7904  1.4963  204004.4  197784.7     162.2   211     nan
   23 6     -2  1.6374  1.6496   93077.9   51395.3    6338.6  1.7990  1.5090  211105.6  206796.8  -25121.0
        nan       nan      -nan       nan       nan       nan       nan       nan       nan       nan
   24 6     -1  1.5197  1.5086   93161.3   45685.9    3601.8  1.7990  1.5090  206182.2  202667.0  -27857.7
        nan       nan      -nan       nan       nan       nan       nan       nan       nan       nan
   25 6      0  1.7657  1.3343   89282.7   48091.6    2790.9  1.7990  1.5090  204723.2  201443.2  -28668.7
        nan       nan      -nan       nan       nan       nan       nan       nan       nan       nan
vertex track :        232   3  26    9537818 -2.2773 -1.4482  211476.1  201756.7     158.9     0  2145.1
   23 6     -2 -2.3447 -1.3795   79903.0   37496.3    6592.8 -2.2593 -1.4431  192937.8  192175.6  -24886.9
      718.8      58.7   79313.2   37081.2   80059.9   37520.5   80700.4   38120.1   79253.7   37182.4
   24 6     -1 -2.1490 -1.4951   79506.5   42191.5    3719.7 -2.2593 -1.4431  199429.0  196321.8  -27760.0
      418.0      29.2   79180.0   41928.8   79415.0   42092.3   80040.9   42662.6   79146.7   41976.7
   25 6      0 -2.2829 -1.4489   83716.7   41253.4    2865.6 -2.2593 -1.4431  201358.6  197554.3  -28614.1
      331.2      14.3   83444.7   41063.9   83524.5   41114.5   84196.3   41651.5   83429.4   41088.1
vertex track :        240   3  26    9539570 -1.7379 -1.8804  210934.0  202724.3     158.9   211   373.4
   23 6     -2 -1.8743 -2.0855   76795.7   34160.2    6191.8 -1.7240 -1.8763  196524.4  191107.7  -25284.7
      984.8     283.8   76348.5   33238.1   77271.5   34265.1   77451.1   35290.3   75926.4   33617.5
   24 6     -1 -1.6779 -1.8407   86790.8   38175.0    3584.2 -1.7240 -1.8763  201019.9  196000.3  -27892.3
      532.6     141.5   86536.5   37686.1   86901.8   38086.8   87253.4   38872.2   86327.4   37876.7
   25 6      0 -1.7088 -1.6849   86125.5   43459.5    2764.9 -1.7240 -1.8763  202432.4  197537.5  -28711.6
      329.6      54.0   85928.7   43189.6   86039.2   43298.6   86530.6   43937.7   85852.8   43266.5
vertex track :        245   3  26    9722484 -1.9183 -1.9605  213807.2  207291.1     158.1   211     nan
   23 6     -2 -1.8934 -1.9090   84377.0   39751.3    6586.0 -1.9106 -1.9579  197519.8  194421.8  -24897.8
        nan       nan      -nan       nan       nan       nan       nan       nan       nan       nan
   24 6     -1 -1.8527 -1.9849   83090.0   45891.3    3726.8 -1.9106 -1.9579  202982.5  200019.7  -27756.9
        nan       nan      -nan       nan       nan       nan       nan       nan       nan       nan
   25 6      0 -1.9198 -1.9581   86997.2   45345.3    2872.2 -1.9106 -1.9579  204615.4  201692.9  -28611.5
        nan       nan      -nan       nan       nan       nan       nan       nan       nan       nan
vertex track :        258   3  26    9938296 -4.1274  2.9535  210866.3  198753.2     156.5     0  6950.6
   23 6     -2 -3.8931  2.7405   61185.8   62546.3    6264.3 -4.0734  2.8890  181997.2  216101.2  -25214.6
     2073.6      55.3   59458.4   63694.7   62032.0   61883.0   63119.4   61610.7   59522.0   63785.1
   24 6     -1 -3.9517  2.6616   77988.0   52136.9    3620.7 -4.0734  2.8890  192765.4  208464.0  -27858.2
     1201.3      29.6   76975.0   52783.4   78138.0   52000.1   79207.0   51703.0   77008.1   52832.5
   25 6      0 -3.9957  3.1983   79110.9   53211.2    2805.1 -4.0734  2.8890  196087.7  206107.7  -28673.8
      937.0      18.8   78367.6   53782.0   78991.6   53282.6   80060.2   52853.5   78391.2   53811.4
vertex track :        266   3  26    9950344  0.3423 -2.3594  208855.2  202187.9     161.3   211   311.5
   23 6     -2  0.3361 -2.3837   93641.9   32054.7    6589.2  0.3603 -2.3702  207157.5  186651.8  -24882.4
     1050.3     342.3   94127.5   31062.4   93904.8   32641.9   93366.7   33254.5   93449.7   30966.8
   24 6     -1  0.3078 -2.4116   86235.0   39364.0    3714.6  0.3603 -2.3702  206121.6  193465.2  -27757.0
      542.6     165.2   86467.5   38846.7   86394.8   39416.7   86212.8   40088.9   86139.9   38804.9
   25 6      0  0.3248 -2.3520   88325.0   39184.7    2867.6  0.3603 -2.3702  205816.4  195472.9  -28604.0
      316.9      63.3   88431.1   38879.5   88412.6   39013.4   88429.2   39697.6   88305.6   38862.2
vertex track :        275   3  26   10176070 -3.2964 -0.4907  214020.9  201083.7     155.3   211     nan
   23 6     -2 -3.4646 -0.5395   69778.9   41769.0    6169.0 -3.2632 -0.4913  190407.7  197837.1  -25317.8
        nan       nan      -nan       nan       nan       nan       nan       nan       nan       nan
   24 6     -1 -3.3123 -0.2627   84134.3   41622.1    3592.2 -3.2632 -0.4913  198816.0  199102.9  -27894.6
        nan       nan      -nan       nan       nan       nan       nan       nan       nan       nan
   25 6      0 -3.3839 -0.1698   84774.8   45746.9    2774.4 -3.2632 -0.4913  201484.6  199504.7  -28712.4
        nan       nan      -nan       nan       nan       nan       nan       nan       nan       nan
vertex track :        277   3  26   10176160 -2.7061  0.0657  215681.5  201670.0     155.4     0  5438.2
   23 6     -2 -2.6155  0.0364   81378.5   46870.6    6575.6 -2.6895  0.0518  194437.0  201718.4  -24918.8
      707.2      32.6   80670.9   46847.8   81535.9   46835.8   82293.4   47103.4   80671.8   46913.0
   24 6     -1 -2.6963  0.1046   82092.3   47576.3    3729.1 -2.6895  0.0518  202092.7  201571.1  -27765.2
      415.8      17.2   81676.1   47575.2   81940.9   47564.9   82715.7   47787.5   81677.4   47609.6
   25 6      0 -2.7006  0.0627   86690.4   45358.1    2873.3 -2.6895  0.0518  204394.4  201526.7  -28621.1
      332.8      11.3   86357.4   45354.6   86455.7   45352.3   87230.7   45571.7   86358.0   45377.1
vertex track :        283   3  26   10176999  2.0940  0.0704  208012.5  199989.9     160.2   211     nan
   23 6     -2  1.9533 -0.0906   99197.5   44288.0    6343.7  2.1221  0.0730  217127.9  200139.5  -25126.4
        nan       nan      -nan       nan       nan       nan       nan       nan       nan       nan
   24 6     -1  1.6552 -0.2280   98428.0   42808.7    3612.6  2.1221  0.0730  211332.4  199940.1  -27857.4
        nan       nan      -nan       nan       nan       nan       nan       nan       nan       nan
   25 6      0  2.1930 -0.1248   94300.7   45991.7    2778.4  2.1221  0.0730  209562.1  199879.2  -28691.7
        nan       nan      -nan       nan       nan       nan       nan       nan       nan       nan
vertex track :        305   3  26   10204966 -0.3793 -1.9859  209491.1  204179.0     158.1   211   132.1
   23 6     -2 -0.3776 -1.9810   89715.9   36434.6    6590.6 -0.3677 -1.9898  203104.8  191080.2  -24877.7
     2049.3     887.6   90204.2   34255.3   90892.2   37865.4   89437.3   38821.9   88460.3   34587.7
   24 6     -1 -0.4037 -2.0065   84318.1   42737.8    3718.6 -0.3677 -1.9898  204160.7  196794.7  -27749.6
     1002.0     428.7   84540.8   41671.0   84851.3   43214.2   84305.0   44012.7   83700.2   41840.1
   25 6      0 -0.3996 -1.9986   86971.3   42180.0    2863.9 -0.3677 -1.9898  204475.0  198495.4  -28604.4
      425.4     162.9   87047.7   41730.8   87130.6   42145.5   87104.6   42837.1   86728.1   41794.7
vertex track :        308   3  26   10206016  4.3391 -3.0637  201717.5  205581.1     169.6   211     nan
   23 6     -2  4.2752 -3.3963  107795.0   29271.8    6409.8  4.4437 -3.0959  225407.9  185925.9  -25039.5
        nan       nan      -nan       nan       nan       nan       nan       nan       nan       nan
   24 6     -1  4.3516 -2.8422  100475.2   36704.1    3598.7  4.4437 -3.0959  212916.2  194629.1  -27850.6
        nan       nan      -nan       nan       nan       nan       nan       nan       nan       nan
   25 6      0  4.3126 -3.4704   94400.7   42738.2    2773.0  4.4437 -3.0959  209247.4  197185.1  -28676.2
        nan       nan      -nan       nan       nan       nan       nan       nan       nan       nan
