groupid:   3679, ntrk: 18
vertex track :          0   3 119    7197000 -0.3075 -0.3917  104175.8  157535.1     172.1    13   629.1
  120 3      1 -0.3051 -0.3927  107304.2   82974.9   -2866.9 -0.3077 -0.4068  102131.4  159876.8 -205969.5
       49.9       9.9  107281.4   82929.4  107278.6   82925.7  107536.7   83229.9  107265.8   82941.5
  121 3      2 -0.3043 -0.3924  107410.2   81196.4   -3714.5 -0.3077 -0.4068  102392.2  160221.6 -206817.1
       63.1      23.3  107389.9   81132.3  107403.4   81149.6  107640.2   81470.1  107353.2   81160.8
  122 3      3 -0.3070 -0.3915  109951.0   84427.3   -6586.4 -0.3077 -0.4068  103275.9  161389.7 -209689.0
      104.1      46.0  109922.9   84317.0  109986.9   84398.6  110188.7   84747.2  109850.5   84373.8
vertex track :         21   3 119    5843771  1.9536  1.7700  107606.4  160851.9     171.7   211   212.8
  120 3      1  1.9351  1.6501   98804.9   76020.1   -2964.3  1.9379  1.7644   98556.2  156471.7 -206047.4
      531.8     140.4   99118.5   76472.0   98715.5   76128.4   98703.3   75779.9   99300.7   76258.3
  121 3      2  1.9533  1.7913   97951.3   77060.3   -3783.9  1.9379  1.7644   96967.9  155025.6 -206867.1
     1055.4     341.7   98498.2   78025.5   97352.7   76975.0   97616.4   76307.0   98960.1   77521.8
  122 3      3  1.9492  1.7330   90285.2   71001.8   -6388.8  1.9379  1.7644   91919.9  150429.6 -209472.0
     1938.6     643.4   91306.5   72770.7   88818.2   70558.4   89475.9   69444.5   92161.5   71809.0
vertex track :         50   3 119    6454438  0.1224  0.6267  104234.7  157674.5     172.1  2212   479.8
  120 3      1  0.1189  0.6278  106048.9   80096.6   -2868.8  0.1198  0.6307  100890.5  156865.1 -205970.7
       71.0      30.7  106032.0   80172.0  106030.6   80164.3  106276.0   80231.7  106092.3   80160.6
  121 3      2  0.1186  0.6280  105852.8   77464.9   -3716.9  0.1198  0.6307  100788.8  156330.2 -206818.8
      115.0      75.8  105799.7   77592.0  105781.9   77497.8  106116.0   77548.5  105948.6   77563.9
  122 3      3  0.1212  0.6281  107269.1   78088.6   -6585.7  0.1198  0.6307  100445.1  154520.9 -209687.5
      210.8     150.4  107161.3   78324.1  107106.9   78042.0  107586.9   78063.7  107456.7   78267.1
vertex track :         90   3 119    7163580 -0.5174 -3.0518  103588.2  150059.4     167.2   211   190.7
  120 3      1 -0.7057 -2.8772  101908.4   78945.1   -2976.6 -0.5109 -3.1653  102255.7  160984.4 -206115.1
      807.5     203.5  101913.6   78112.3  102150.2   79076.7  102112.4   79985.0  101518.4   78209.2
  121 3      2 -0.7752 -3.7049  103067.2   83875.5   -3810.6 -0.5109 -3.1653  102681.8  163624.2 -206949.1
     1713.0     496.9  103202.7   82097.1  103741.5   84672.4  103140.9   85860.2  102230.0   82300.6
  122 5      3 -0.6605 -2.8944  102419.2   13459.3   -6384.1 -0.5109 -3.1653  103996.8  171770.4 -209522.6
     3151.6     928.3  102623.1   10180.1  103886.7   15717.6  102424.6   16945.5  100813.0   10593.2
vertex track :         97   3 119    7165622 -3.4750 -3.2982   99290.2  153409.7     172.3     0  2798.2
  120 5      1 -3.4546 -3.3184  112664.3   10060.3   -2869.1 -3.5404 -3.4397  107062.2  164871.8 -205991.5
      961.1      27.4  111990.1    9374.7  112650.9   10009.4  113545.0   10952.5  111952.2    9414.2
  121 5      2 -3.4877 -3.2692  115117.8   10609.0   -3714.6 -3.5404 -3.4397  110055.6  167780.0 -206837.0
     1224.3      54.8  114262.0    9731.8  115316.0   10719.8  116180.0   11693.0  114187.1    9811.8
  122 6      3 -3.4693 -3.2601    5062.5   20429.9   -6585.4 -3.5404 -3.4397  120219.5  177654.7 -209707.8
     2101.7     106.4    3603.8   18913.1    5938.3   21106.9    6727.7   22153.4    3458.0   19068.2
vertex track :        140   3 119    7231425  0.9120  0.3048  106864.7  159268.8     168.8  2212   506.6
  120 3      1  0.8889  0.2472  101159.4   78617.5   -2977.9  0.9170  0.3052  101011.1  159450.9 -206068.3
      107.7      37.0  101253.2   78682.0  101232.4   78676.2  101276.5   78763.2  101273.1   78610.7
  121 3      2  0.9085  0.2649  101089.5   80683.0   -3799.6  0.9170  0.3052  100257.5  159200.1 -206890.0
      166.2      89.2  101224.1   80815.2  101095.8   80777.8  101165.9   80761.0  101274.0   80643.8
  122 3      3  0.9247  0.3087   96369.4   78886.4   -6389.3  0.9170  0.3052   97882.8  158409.8 -209479.7
      285.7     167.3   96587.4   79135.5   96239.6   79019.4   96362.3   78847.6   96693.3   78818.2
vertex track :        141   3 119    7231835 -3.7707  1.0393   96868.2  160556.0     180.5     0 10001.0
  120 3      1 -3.7745  1.0133  110226.1   81789.5   -2870.7 -3.7745  0.9996  105322.1  158580.7 -205957.8
      670.9      16.5  109573.8   81947.6  110077.1   81812.4  111084.5   81842.5  109582.4   81979.4
  121 3      2 -3.7857  0.9951  113343.4   78831.7   -3715.7 -3.7745  0.9996  108511.7  157736.0 -206802.8
      837.0      22.8  112528.2   79022.4  113352.1   78805.9  114364.9   78852.0  112539.8   79066.6
  122 3      3 -3.7767  1.0226  124765.3   78442.2   -6586.3 -3.7745  0.9996  119346.7  154866.5 -209673.4
     1415.5      40.8  123388.4   78772.8  125327.8   78247.6  126348.4   78322.7  123409.7   78851.6
vertex track :        143   3 119    7232645 -1.6759  1.7034   99855.8  163296.6     179.6   211   252.4
  120 3      1 -1.6388  1.6809  101558.4   78560.0   -2976.5 -1.6808  1.6694  102104.0  159132.9 -206046.3
      400.6     100.0  101207.1   78777.0  101422.3   78556.4  102118.0   78554.7  101350.3   78916.6
  121 3      2 -1.6386  1.6408  103700.0   79481.4   -3799.4 -1.6808  1.6694  103487.1  157759.2 -206869.2
      728.5     242.4  103013.7   79825.5  103699.1   79139.2  104594.6   79348.9  103356.8   80168.1
  122 3      3 -1.7867  1.6746  106442.5   73707.8   -6383.3 -1.6808  1.6694  107830.3  153445.5 -209453.1
     1310.1     453.6  105176.4   74272.8  106712.9   72832.6  107916.8   73354.6  105796.8   74934.7
vertex track :        155   3 119    9136923 -1.8006  1.9908  101996.7  160790.6     119.8     0   973.0
  120 3      1 -1.8098  1.9899  109421.5   79219.8   -2868.3 -1.8034  1.9494  104365.0  156078.0 -205896.4
      360.1      27.1  109159.1   79468.0  109263.7   79353.0  109892.0   79183.6  109199.2   79504.5
  121 3      2 -1.8207  1.9809  110941.8   75468.6   -3717.8 -1.8034  1.9494  105897.2  154421.8 -206746.0
      469.2      63.4  110577.6   75771.1  110830.3   75496.2  111514.1   75378.0  110670.9   75856.9
  122 3      3 -1.8067  1.9892  117306.5   72588.7   -6587.0 -1.8034  1.9494  111071.5  148828.6 -209615.1
      805.2     125.9  116671.9   73100.2  117375.3   72325.8  118149.3   72289.3  116858.3   73269.5
vertex track :        205   3 120    4560592  0.9599  0.9278  105561.4  160446.5     317.6   211     nan
  117 3     -2  0.9278  0.8891  109995.7   85346.5    6588.7  0.9780  0.9323  107168.1  164580.0 -199656.9
        nan       nan      -nan       nan       nan       nan       nan       nan       nan       nan
  118 3     -1  0.9513  0.8957  109030.4   84654.8    3718.7  0.9780  0.9323  104361.1  161904.4 -202526.9
        nan       nan      -nan       nan       nan       nan       nan       nan       nan       nan
  119 3      0  0.9642  0.9239  105671.6   82591.9    2867.8  0.9780  0.9323  103528.9  161111.1 -203377.8
        nan       nan      -nan       nan       nan       nan       nan       nan       nan       nan
vertex track :        215   3 120    4561849  1.4359  0.5520  103687.2  159978.2     312.5   211     nan
  117 5     -2  1.1846  0.5319  117333.4    6569.2    6795.9  1.4582  0.5483  108594.4  161826.4 -199441.4
        nan       nan      -nan       nan       nan       nan       nan       nan       nan       nan
  118 3     -1  1.5583  0.7041  108427.6   82838.1    3821.4  1.4582  0.5483  104257.1  160195.6 -202415.8
        nan       nan      -nan       nan       nan       nan       nan       nan       nan       nan
  119 3      0  1.4347  0.5485  110305.3   85253.7    3022.2  1.4582  0.5483  103091.5  159757.4 -203215.1
        nan       nan      -nan       nan       nan       nan       nan       nan       nan       nan
vertex track :        238   3 120    5216907  1.4538 -0.3698  103490.3  161398.7     314.4   211   172.8
  117 3     -2  1.4535 -0.3790  111121.3   77559.7    6588.0  1.4740 -0.3897  108200.4  157269.3 -199646.2
      787.0     408.6  111985.9   77756.5  110768.0   78074.1  110468.1   77572.5  111779.8   76965.8
  118 3     -1  1.4409 -0.4251  108764.2   80595.8    3718.6  1.4740 -0.3897  103971.0  158387.5 -202515.6
      386.9     193.3  109190.0   80671.7  108750.3   80801.4  108549.8   80729.5  109080.6   80301.0
  119 3      0  1.4523 -0.3711  105020.6   79652.2    2867.3  1.4740 -0.3897  102716.2  158719.3 -203366.8
      190.1      71.6  105222.5   79674.6  105159.1   79690.8  105030.1   79839.5  105187.1   79535.8
vertex track :        248   3 120    5343032 -0.1479  1.4200  106395.4  159242.8     313.1   211     nan
  117 5     -2  0.0075  1.3426  109579.4   11303.1    6751.9 -0.1344  1.4345  101000.7  166740.6 -199494.8
        nan       nan      -nan       nan       nan       nan       nan       nan       nan       nan
  118 3     -1 -0.1100  1.5249  105264.4   85376.5    3817.5 -0.1344  1.4345  101395.0  162531.4 -202429.1
        nan       nan      -nan       nan       nan       nan       nan       nan       nan       nan
  119 3      0 -0.0755  1.4579  108502.6   86957.2    3024.2 -0.1344  1.4345  101501.6  161393.5 -203222.4
        nan       nan      -nan       nan       nan       nan       nan       nan       nan       nan
vertex track :        283   3 120    5843720  0.9934  0.5404  104013.5  159569.2     315.7   211     nan
  117 3     -2  0.9963  0.5335  108524.8   81877.8    6576.2  1.0098  0.5393  105788.0  161229.8 -199666.2
        nan       nan      -nan       nan       nan       nan       nan       nan       nan       nan
  118 3     -1  0.9896  0.5353  107534.7   82249.7    3717.5  1.0098  0.5393  102901.2  159688.2 -202525.0
        nan       nan      -nan       nan       nan       nan       nan       nan       nan       nan
  119 3      0  1.0009  0.5412  104122.1   80591.3    2869.4  1.0098  0.5393  102044.8  159230.9 -203373.0
        nan       nan      -nan       nan       nan       nan       nan       nan       nan       nan
vertex track :        295   3 120    5871493  0.6805 -0.5316  105598.6  161649.3     318.6   211     nan
  117 3     -2  0.6621 -0.5193  112664.3   82615.8    6719.4  0.6877 -0.5464  105483.9  156452.0 -199522.6
        nan       nan      -nan       nan       nan       nan       nan       nan       nan       nan
  118 3     -1  0.6156 -0.5112  107435.0   80363.0    3815.3  0.6877 -0.5464  103486.6  158038.8 -202426.7
        nan       nan      -nan       nan       nan       nan       nan       nan       nan       nan
  119 3      0  0.6478 -0.5839  110240.4   83652.5    3016.1  0.6877 -0.5464  102937.0  158475.5 -203225.9
        nan       nan      -nan       nan       nan       nan       nan       nan       nan       nan
vertex track :        317   3 120    7340381 -0.8482  0.7315  107507.3  159777.1     274.2   211     nan
  117 3     -2 -0.8464  0.7348   99612.7   83466.3    6580.3 -0.8436  0.7434   97672.6  162727.3 -199628.6
        nan       nan      -nan       nan       nan       nan       nan       nan       nan       nan
  118 3     -1 -0.8241  0.7277  103976.2   83203.8    3720.8 -0.8436  0.7434  100084.7  160601.4 -202488.1
        nan       nan      -nan       nan       nan       nan       nan       nan       nan       nan
  119 3      0 -0.8504  0.7319  102035.4   81401.4    2868.4 -0.8436  0.7434  100803.7  159967.7 -203340.5
        nan       nan      -nan       nan       nan       nan       nan       nan       nan       nan
vertex track :        332   3 120    8286127  0.6354  0.3564  104805.7  160086.5     275.1   211     nan
  117 3     -2  0.6021  0.2903  111650.4   86870.4    6716.4  0.6467  0.3547  104434.7  160657.9 -199485.9
        nan       nan      -nan       nan       nan       nan       nan       nan       nan       nan
  118 3     -1  0.6117  0.5285  106355.0   82376.0    3826.5  0.6467  0.3547  102565.9  159633.0 -202375.8
        nan       nan      -nan       nan       nan       nan       nan       nan       nan       nan
  119 3      0  0.6038  0.4275  109333.8   84495.6    3014.8  0.6467  0.3547  102041.1  159345.1 -203187.5
        nan       nan      -nan       nan       nan       nan       nan       nan       nan       nan
vertex track :        335   3 120    8286224  0.8157  0.8160  105717.1  160585.7     276.1   211     nan
  117 3     -2  0.8233  0.8077  109003.0   84792.9    6585.0  0.8317  0.8198  106440.0  164045.6 -199619.1
        nan       nan      -nan       nan       nan       nan       nan       nan       nan       nan
  118 3     -1  0.8403  0.7896  108556.7   84266.2    3724.4  0.8317  0.8198  104060.8  161700.6 -202479.7
        nan       nan      -nan       nan       nan       nan       nan       nan       nan       nan
  119 3      0  0.8159  0.8182  105222.9   82499.9    2867.6  0.8317  0.8198  103348.3  160998.3 -203336.4
        nan       nan      -nan       nan       nan       nan       nan       nan       nan       nan
