groupid:   3668, ntrk: 35
vertex track :          0   3  19     474355 -0.1387  0.5866   60568.1   46981.7     201.6    13   573.3
   20 1      1 -0.1402  0.5867   60670.0   46759.9   -2867.0 -0.1363  0.5837   57962.2   44645.1  -20850.4
       59.6      11.7   60644.8   46815.2   60643.1   46822.4   60905.1   46915.2   60667.5   46820.6
   21 1      2 -0.1407  0.5876   59798.2   44277.0   -3717.3 -0.1363  0.5837   58078.1   44148.8  -21700.6
       75.5      27.6   59753.8   44344.0   59759.4   44320.5   60052.5   44420.6   59807.5   44356.9
   22 1      3 -0.1408  0.5856   64417.6   43548.5   -6587.8 -0.1363  0.5837   58469.4   42473.2  -24571.2
      124.2      54.4   64335.7   43656.5   64364.2   43538.0   64709.4   43651.0   64441.5   43682.0
vertex track :         90   3  19    1350791 -1.8068  1.1446   55636.9   48824.3     210.3  2212     nan
   20 1      1 -1.8203  1.1261   61006.0   44311.8   -2748.1 -1.7861  1.1191   57877.7   44943.8  -20704.6
        nan       nan      -nan       nan       nan       nan       nan       nan       nan       nan
   21 1      2 -1.7940  1.1576   63532.2   45365.2   -3568.3 -1.7861  1.1191   59342.5   44025.9  -21524.8
        nan       nan      -nan       nan       nan       nan       nan       nan       nan       nan
   22 1      3 -1.8815  1.0865   64453.5   41276.0   -6271.7 -1.7861  1.1191   64171.2   41000.5  -24228.2
        nan       nan      -nan       nan       nan       nan       nan       nan       nan       nan
vertex track :        131   3  19    1971120  3.9545 -3.6164   71972.6   34890.6     177.6   211   184.3
   20 1      1  3.9641 -3.6100   60823.9   46218.4   -2867.0  4.0736 -3.6705   56648.1   45572.0  -20919.4
     2729.5     452.6   63146.8   44715.2   59943.1   47632.8   58715.0   47928.0   62537.3   44045.9
   21 1      2  3.9650 -3.5822   56563.5   47191.1   -3718.6  4.0736 -3.6705   53178.8   48697.9  -21771.1
     6314.5    1126.5   62004.2   43793.8   53465.8   51507.8   51336.8   50794.8   60493.8   42122.1
   22 1      3  3.9530 -3.6156   49828.2   58036.7   -6585.3  4.0736 -3.6705   41501.2   59220.0  -24637.7
    12438.5    2234.7   60514.8   51290.8   42988.1   67321.3   39355.5   64988.9   57498.3   47992.8
vertex track :        215   3  20     284310 -1.0317 -1.2282   62428.4   50360.8     225.8   211     nan
   17 1     -2 -1.0144 -1.2435   57159.4   41054.1    6576.5 -1.0162 -1.2273   53219.7   40639.9  -14202.6
        nan       nan      -nan       nan       nan       nan       nan       nan       nan       nan
   18 1     -1 -1.0384 -1.2226   61855.6   45732.5    3708.3 -1.0162 -1.2273   56134.4   44160.2  -17070.9
        nan       nan      -nan       nan       nan       nan       nan       nan       nan       nan
   19 1      0 -1.0240 -1.2264   59800.8   45569.7    2868.1 -1.0162 -1.2273   56988.1   45191.4  -17911.0
        nan       nan      -nan       nan       nan       nan       nan       nan       nan       nan
vertex track :        222   3  20     285641  1.5376 -0.3554   59161.1   47558.2     221.4   211     nan
   17 1     -2  1.4909 -0.3808   67423.1   47277.8    6435.6  1.5615 -0.3556   66119.7   43411.1  -14323.5
        nan       nan      -nan       nan       nan       nan       nan       nan       nan       nan
   18 1     -1  1.5013 -0.3632   61972.6   45922.3    3648.1  1.5615 -0.3556   61767.1   44402.3  -17111.0
        nan       nan      -nan       nan       nan       nan       nan       nan       nan       nan
   19 1      0  1.4529 -0.3877   63361.1   47719.4    2776.3  1.5615 -0.3556   60405.9   44712.3  -17982.8
        nan       nan      -nan       nan       nan       nan       nan       nan       nan       nan
vertex track :        230   3  20     474853  1.9048 -1.7070   55750.3   52528.5     233.1   211     nan
   17 1     -2  1.9244 -1.6864   69369.4   40280.3    6590.0  1.9466 -1.7256   65349.8   39614.7  -14156.0
        nan       nan      -nan       nan       nan       nan       nan       nan       nan       nan
   18 1     -1  1.8334 -1.6832   65897.8   46063.4    3719.0  1.9466 -1.7256   59761.0   44569.1  -17027.0
        nan       nan      -nan       nan       nan       nan       nan       nan       nan       nan
   19 1      0  1.8991 -1.7029   61280.5   46403.7    2866.8  1.9466 -1.7256   58102.1   46039.6  -17879.2
        nan       nan      -nan       nan       nan       nan       nan       nan       nan       nan
vertex track :        238   3  20    1119359 -1.2845 -0.9398   62209.0   48546.7     220.8   211   141.2
   17 1     -2 -1.3297 -0.8892   51922.3   44521.9    6398.2 -1.2674 -0.9392   51633.6   40816.9  -14376.6
     1124.1     576.7   51308.4   43417.6   52898.1   44480.6   52744.8   45835.2   50667.2   44376.4
   18 1     -1 -1.2473 -0.9150   54681.1   44785.5    3635.8 -1.2674 -0.9392   55134.8   43411.2  -17139.0
      554.8     278.7   54398.6   44232.6   55031.2   44696.8   55172.3   45547.4   54068.9   44682.0
   19 1      0 -1.2809 -0.9349   58387.8   47061.3    2781.3 -1.2674 -0.9392   56217.8   44213.8  -17993.5
      245.8     103.2   58250.1   46833.0   58378.1   46926.5   58734.1   47498.6   58128.4   46999.8
vertex track :        243   3  20    1119652 -0.1787 -0.6314   60747.8   46620.2     219.6   211   167.6
   17 1     -2 -0.1817 -0.6491   60986.8   41251.3    6588.0 -0.1698 -0.6331   56929.1   40654.7  -14179.3
      297.0     230.8   61129.1   40903.1   61251.0   41338.7   61054.4   41808.8   60684.5   41027.5
   18 1     -1 -0.1752 -0.6135   63243.6   44084.0    3713.8 -0.1698 -0.6331   57417.0   42474.4  -17053.6
      148.8     110.4   63309.0   43910.6   63353.9   44067.9   63388.1   44466.7   63096.6   43971.2
   19 1      0 -0.1809 -0.6313   60490.9   43482.8    2868.5 -0.1698 -0.6331   57560.6   43009.6  -17898.9
       76.4      41.7   60509.9   43397.9   60514.0   43412.2   60681.6   43777.1   60429.7   43420.9
vertex track :        273   3  20    1590520  2.0548  3.6015   57855.7   42312.9     216.8   211     nan
   17 1     -2  1.9672  3.6955   69482.3   68056.2    6357.5  2.0603  3.6373   67789.2   62704.3  -14395.1
        nan       nan      -nan       nan       nan       nan       nan       nan       nan       nan
   18 1     -1  2.0604  3.6290   62716.4   55470.6    3651.6  2.0603  3.6373   62214.1   52862.1  -17101.0
        nan       nan      -nan       nan       nan       nan       nan       nan       nan       nan
   19 1      0  2.0467  3.4637   63601.2   53831.9    2780.0  2.0603  3.6373   60418.4   49691.9  -17972.6
        nan       nan      -nan       nan       nan       nan       nan       nan       nan       nan
vertex track :        275   3  20    1590675  3.8703  3.5288   59051.8   45294.8     217.8   211   569.2
   17 1     -2  3.8315  3.5604   84582.2   66522.0    6575.4  3.9344  3.6071   81332.3   66287.9  -14181.9
     3613.0     527.8   86869.6   69368.0   82380.9   65196.9   82508.6   63889.5   87588.2   68594.7
   18 1     -1  3.6786  3.5458   76415.4   57773.1    3713.2  3.9344  3.6071   70071.4   55963.9  -17044.0
     1856.5     253.4   77576.1   59243.9   75675.4   57411.7   75468.3   56515.7   77927.9   58879.0
   19 1      0  3.8883  3.5053   70048.3   53699.5    2868.2  3.9344  3.6071   66746.9   52915.9  -17889.0
     1113.8      96.9   70810.7   54517.2   69972.7   53761.8   69499.8   53095.3   70940.5   54373.3
vertex track :        281   3  20    1591937  1.3282  3.8369   58602.2   41965.0     215.1   211   359.3
   17 1     -2  1.3264  3.7231   65398.0   69291.2    6324.5  1.3199  3.8556   63950.7   63577.9  -14431.0
     2756.9     573.2   65783.3   72080.6   64211.3   67668.4   65224.0   66715.6   66863.2   71695.9
   18 1     -1  1.3792  3.8248   60761.0   56016.2    3647.5  1.3199  3.8556   60417.1   53256.3  -17108.0
     1421.0     282.2   60977.5   57448.6   60303.2   55578.4   60755.9   54797.6   61508.6   57257.2
   19 1      0  1.4120  3.9047   62215.1   54166.0    2782.3  1.3199  3.8556   59275.2   49920.8  -17973.2
      754.2     104.9   62373.0   54910.9   62156.5   54312.4   62268.7   53635.0   62570.2   54839.6
vertex track :        289   3  20    1593718  3.2406  1.7003   53656.6   43950.9     219.2   211     nan
   17 1     -2  3.1871  1.7938   75502.7   53672.0    6587.7  3.2964  1.7385   71917.6   53067.5  -14141.6
        nan       nan      -nan       nan       nan       nan       nan       nan       nan       nan
   18 1     -1  3.3180  1.6366   68701.6   49871.5    3718.3  3.2964  1.7385   62458.7   48078.9  -17011.0
        nan       nan      -nan       nan       nan       nan       nan       nan       nan       nan
   19 1      0  3.2743  1.6971   62890.2   47289.4    2867.7  3.2964  1.7385   59654.6   46600.1  -17861.6
        nan       nan      -nan       nan       nan       nan       nan       nan       nan       nan
vertex track :        321   3  20    1771114  1.3099 -1.0232   58498.3   49103.2     222.0   211   103.4
   17 1     -2  1.3936 -1.0874   65194.7   44431.0    6421.8  1.3341 -1.0300   64016.0   40779.0  -14332.4
     1977.3    1006.1   67372.6   44007.8   64547.4   46212.2   63228.3   45063.1   66134.7   42421.5
   18 1     -1  1.3022 -1.0404   60567.6   45129.3    3653.1  1.3341 -1.0300   60322.2   43630.8  -17101.1
      963.9     486.7   61624.4   44907.8   60391.8   45892.6   59722.1   45559.6   61016.9   44147.4
   19 1      0  1.2855 -1.0314   62141.6   47369.4    2776.8  1.3341 -1.0300   59153.2   44533.4  -17977.4
      381.7     178.8   62551.2   47269.9   62225.7   47531.1   61943.3   47677.8   62327.5   46991.1
vertex track :        324   3  20    1771656  4.0160 -0.4291   52270.4   48417.2     228.7   211     nan
   17 1     -2  4.0308 -0.3189   79397.9   44568.9    6576.9  4.1602 -0.4265   75922.3   43752.7  -14148.7
        nan       nan      -nan       nan       nan       nan       nan       nan       nan       nan
   18 1     -1  3.9057 -0.4574   70109.0   46499.6    3713.0  4.1602 -0.4265   64007.8   44974.2  -17012.6
        nan       nan      -nan       nan       nan       nan       nan       nan       nan       nan
   19 1      0  4.0367 -0.4306   63646.1   45841.0    2867.6  4.1602 -0.4265   60490.8   45334.8  -17858.0
        nan       nan      -nan       nan       nan       nan       nan       nan       nan       nan
vertex track :        341   3  20    1814342  4.2694 -2.7141   50859.5   54648.2     238.3     0  3116.4
   17 1     -2  4.0520 -2.5242   77228.0   38977.1    6430.1  4.4632 -2.7982   75697.2   35359.0  -14283.6
     2126.1      95.0   79082.9   37933.6   76324.6   39651.8   75587.3   40228.1   78982.4   37772.3
   18 1     -1  4.5371 -2.8484   63932.7   44392.9    3635.3  4.4632 -2.7982   63223.5   43179.3  -17078.4
     1187.9      46.8   64963.6   43800.9   63904.3   44465.9   63116.4   45192.0   64913.9   43721.7
   19 1      0  4.1767 -2.7512   62941.7   48043.0    2776.2  4.4632 -2.7982   59389.0   45583.3  -17937.5
      899.6      22.5   63705.3   47567.0   63079.9   47978.9   62392.2   48726.4   63680.6   47529.4
vertex track :        342   3  20    1814502  4.1088 -2.2372   51130.1   53600.1     236.2     0 10001.0
   17 1     -2  4.1571 -2.2428   79017.2   38149.8    6586.6  4.2843 -2.2993   75546.4   37036.5  -14128.9
     1846.3      45.9   80664.0   37313.6   78287.1   38595.9   77584.7   39193.8   80620.3   37232.8
   18 1     -1  4.0146 -2.2644   69225.8   45096.6    3708.4  4.2843 -2.2993   63215.3   43654.4  -17007.0
     1036.0      24.2   70140.1   44608.8   69178.4   45151.2   68525.6   45792.2   70116.3   44566.5
   19 1      0  4.1144 -2.2399   62759.5   46004.1    2867.7  4.2843 -2.2993   59613.5   45587.4  -17847.7
      805.4      16.7   63474.8   45633.6   62924.1   45933.5   62258.2   46582.3   63458.9   45604.3
vertex track :        360   3  20    2435764  4.1637  4.2422   52621.9   39076.7     214.0   211   339.8
   17 1     -2  4.0312  4.1234   78349.7   69200.2    6373.7  4.2338  4.3392   75992.5   63843.6  -14349.7
     7095.7    1082.4   82536.1   75030.7   73461.9   65748.9   74377.3   63583.7   84084.0   73517.4
   18 1     -1  3.7908  4.0242   65252.3   54688.0    3660.4  4.2338  4.3392   64505.0   52069.9  -17063.0
     3569.4     530.3   67313.8   57649.8   63214.9   53298.5   63404.6   51940.2   68085.9   56922.5
   19 1      0  3.9887  4.2126   64423.7   52500.3    2774.3  4.2338  4.3392   60753.8   48225.3  -17949.1
     1683.1     195.1   65439.2   53856.6   63962.5   52296.9   63622.2   51358.2   65722.6   53588.3
vertex track :        361   3  20    2437371  2.7250  2.8916   53101.9   40150.9     216.2   211   171.9
   17 1     -2  2.6827  2.9197   71697.8   57442.0    6581.6  2.7532  2.9368   67914.3   56885.5  -14145.6
     6217.8    1480.7   74814.3   63022.4   66964.0   54478.5   68793.9   52074.6   76994.9   61018.8
   18 1     -1  2.7546  2.9330   66247.8   50376.6    3719.8  2.7532  2.9368   60035.1   48481.0  -17007.4
     3015.3     711.2   67793.8   53061.3   64243.7   49281.4   64914.7   47904.7   68830.5   52087.6
   19 1      0  2.7136  2.8994   60890.3   46801.6    2867.6  2.7532  2.9368   57688.7   45978.1  -17859.6
     1255.4     268.1   61552.4   47901.4   60406.6   46677.1   60440.9   45914.7   61943.9   47535.0
vertex track :        380   3  20    2692368 -2.6774  4.2171   63557.0   42608.3     209.3   211     nan
   17 1     -2 -2.6353  3.8833   43939.2   72422.7    6293.3 -2.6452  4.1296   44751.0   65804.3  -14484.1
        nan       nan      -nan       nan       nan       nan       nan       nan       nan       nan
   18 1     -1 -2.5128  4.2021   50820.4   58106.5    3635.0 -2.6452  4.1296   51782.6   54826.8  -17142.3
        nan       nan      -nan       nan       nan       nan       nan       nan       nan       nan
   19 1      0 -2.6800  4.0491   55694.7   56014.5    2784.6 -2.6452  4.1296   54032.1   51315.0  -17992.8
        nan       nan      -nan       nan       nan       nan       nan       nan       nan       nan
vertex track :        385   3  20    2695067  1.1968  1.3816   58943.2   45676.5     219.9   211     nan
   17 1     -2  1.1845  1.3922   67822.9   53283.2    6591.6  1.2031  1.3923   63874.4   52608.5  -14166.8
        nan       nan      -nan       nan       nan       nan       nan       nan       nan       nan
   18 1     -1  1.2337  1.3795   66506.8   50333.4    3719.0  1.2031  1.3923   60418.2   48609.0  -17039.4
        nan       nan      -nan       nan       nan       nan       nan       nan       nan       nan
   19 1      0  1.2187  1.3807   62489.5   48132.1    2867.8  1.2031  1.3923   59394.2   47423.9  -17890.5
        nan       nan      -nan       nan       nan       nan       nan       nan       nan       nan
vertex track :        387   3  20    2695509  3.2628  2.9983   56563.3   43815.1     217.2   211     nan
   17 1     -2  3.6284  3.3889   76033.0   65499.2    6344.2  3.3079  3.0555   74102.6   60589.1  -14399.9
        nan       nan      -nan       nan       nan       nan       nan       nan       nan       nan
   18 1     -1  3.1258  2.8826   65874.9   54843.0    3661.9  3.3079  3.0555   65230.0   52393.4  -17082.1
        nan       nan      -nan       nan       nan       nan       nan       nan       nan       nan
   19 1      0  3.2657  2.9956   65728.0   53663.3    2773.8  3.3079  3.0555   62292.3   49679.8  -17970.2
        nan       nan      -nan       nan       nan       nan       nan       nan       nan       nan
vertex track :        388   3  20    2695664  3.8435  4.2862   55432.1   42398.4     217.1   211   275.0
   17 1     -2  3.8537  4.2191   80900.3   68569.1    6585.4  3.8992  4.3748   77541.1   68306.9  -14153.7
     8498.0    1378.2   85613.7   75773.1   74960.8   64110.1   76400.6   61579.3   87649.0   73914.2
   18 1     -1  3.9617  4.3083   72664.7   57483.7    3724.9  3.8992  4.3748   66387.7   55793.1  -17014.1
     4160.0     662.6   74992.7   60994.4   70193.1   55774.8   70550.5   54187.4   75968.2   60097.4
   19 1      0  3.7929  4.2891   66349.3   52909.9    2868.6  3.8992  4.3748   63048.8   52046.9  -17870.4
     1872.4     249.8   67402.5   54478.1   65718.3   52573.5   65509.9   51556.1   67776.9   54147.0
vertex track :        390   3  20    2696084  1.1552  2.0834   58397.8   44211.1     214.3   211     nan
   17 1     -2  1.1091  1.9894   64047.9   59948.0    6305.4  1.1564  2.0962   62714.0   55037.5  -14445.7
        nan       nan      -nan       nan       nan       nan       nan       nan       nan       nan
   18 1     -1  1.1450  1.9693   59857.6   51847.2    3650.8  1.1564  2.0962   59644.1   49472.8  -17100.4
        nan       nan      -nan       nan       nan       nan       nan       nan       nan       nan
   19 1      0  1.2123  2.1088   61612.8   51439.6    2777.5  1.1564  2.0962   58634.2   47642.3  -17973.6
        nan       nan      -nan       nan       nan       nan       nan       nan       nan       nan
vertex track :        414   3  20    2746593 -1.4924 -0.4962   64545.8   49865.9     221.8   211     nan
   17 1     -2 -1.4697 -0.5146   56496.4   45426.7    6592.0 -1.4742 -0.4978   52405.0   44774.2  -14195.8
        nan       nan      -nan       nan       nan       nan       nan       nan       nan       nan
   18 1     -1 -1.4833 -0.4856   62264.3   47650.5    3716.8 -1.4742 -0.4978   56643.7   46205.4  -17071.0
        nan       nan      -nan       nan       nan       nan       nan       nan       nan       nan
   19 1      0 -1.4916 -0.4957   60607.8   47101.8    2867.2 -1.4742 -0.4978   57896.2   46628.4  -17920.7
        nan       nan      -nan       nan       nan       nan       nan       nan       nan       nan
vertex track :        421   3  20    2746940 -2.5588 -0.1574   62456.0   47359.7     219.5   211     nan
   17 1     -2 -2.7056 -0.1084   43496.5   48221.7    6366.9 -2.5192 -0.1634   44230.3   44426.8  -14409.3
        nan       nan      -nan       nan       nan       nan       nan       nan       nan       nan
   18 1     -1 -2.5674 -0.1538   50189.9   46736.6    3641.8 -2.5192 -0.1634   51095.5   44872.2  -17134.5
        nan       nan      -nan       nan       nan       nan       nan       nan       nan       nan
   19 1      0 -2.4858 -0.1769   55054.4   48105.0    2780.1 -2.5192 -0.1634   53266.2   45013.0  -17996.1
        nan       nan      -nan       nan       nan       nan       nan       nan       nan       nan
vertex track :        426   3  20    2747527 -2.0516 -0.0714   63866.1   47834.7     216.5   211     nan
   17 1     -2 -2.0621 -0.1579   52366.7   46088.3    6568.3 -2.0246 -0.0774   48266.4   45419.1  -14212.4
        nan       nan      -nan       nan       nan       nan       nan       nan       nan       nan
   18 1     -1 -2.0686 -0.0851   59540.7   47171.0    3717.0 -2.0246 -0.0774   54039.1   45639.8  -17063.7
        nan       nan      -nan       nan       nan       nan       nan       nan       nan       nan
   19 1      0 -2.0413 -0.0576   58370.9   46255.4    2867.8 -2.0246 -0.0774   55758.2   45705.5  -17912.9
        nan       nan      -nan       nan       nan       nan       nan       nan       nan       nan
vertex track :        443   3  20    2748770 -1.7655  0.2224   63447.0   47398.7     217.0   211     nan
   17 1     -2 -1.7646  0.1878   49729.7   50823.5    6335.2 -1.7452  0.2143   50031.3   46784.2  -14444.1
        nan       nan      -nan       nan       nan       nan       nan       nan       nan       nan
   18 1     -1 -1.7817  0.2039   54118.1   48242.4    3636.0 -1.7452  0.2143   54741.9   46205.9  -17143.3
        nan       nan      -nan       nan       nan       nan       nan       nan       nan       nan
   19 1      0 -1.8425  0.2259   58314.4   49234.4    2781.9 -1.7452  0.2143   56232.5   46022.9  -17997.4
        nan       nan      -nan       nan       nan       nan       nan       nan       nan       nan
vertex track :        449   3  20    2749524 -1.0957 -0.9552   61555.0   47869.0     221.8   211     nan
   17 1     -2 -1.0456 -0.9071   56138.9   40505.5    6593.5 -1.0807 -0.9549   51926.1   39854.1  -14179.4
        nan       nan      -nan       nan       nan       nan       nan       nan       nan       nan
   18 1     -1 -1.0706 -0.9477   60676.6   43911.9    3706.7 -1.0807 -0.9549   55045.8   42610.8  -17066.2
        nan       nan      -nan       nan       nan       nan       nan       nan       nan       nan
   19 1      0 -1.0885 -0.9439   58724.4   43832.2    2867.9 -1.0807 -0.9549   55952.3   43411.7  -17904.9
        nan       nan      -nan       nan       nan       nan       nan       nan       nan       nan
vertex track :        458   3  20    2750681  2.1974 -1.1837   57890.1   48889.7     224.5     0  8275.4
   17 1     -2  2.1647 -1.1742   70264.1   43018.6    6397.0  2.2431 -1.1958   68982.6   39568.5  -14356.5
      592.2      25.6   70796.8   42758.7   70210.2   43076.9   69943.4   43487.3   70772.4   42713.7
   18 1     -1  2.2755 -1.2670   63342.5   44452.4    3629.3  2.2431 -1.1958   62774.3   42878.1  -17124.2
      349.6      13.7   63654.6   44294.3   63521.5   44368.4   63242.6   44819.2   63641.2   44270.3
   19 1      0  2.2963 -1.0999   64150.9   46761.4    2776.0  2.2431 -1.1958   60860.3   43898.4  -17977.5
      280.0       9.6   64407.5   46649.1   64384.8   46660.0   64106.5   47082.6   64399.2   46631.8
vertex track :        464   3  20    2752049  1.4101  0.2310   57195.1   47513.5     223.6   211     nan
   17 1     -2  1.3916  0.2528   67591.3   47905.4    6595.2  1.4275  0.2359   63544.0   47073.8  -14154.9
        nan       nan      -nan       nan       nan       nan       nan       nan       nan       nan
   18 1     -1  1.4037  0.2254   65473.1   47846.8    3715.5  1.4275  0.2359   59433.1   46394.4  -17034.6
        nan       nan      -nan       nan       nan       nan       nan       nan       nan       nan
   19 1      0  1.4097  0.2371   61311.3   46765.5    2867.9  1.4275  0.2359   58223.2   46194.4  -17882.2
        nan       nan      -nan       nan       nan       nan       nan       nan       nan       nan
vertex track :        470   3  20    2753655  3.3515  0.3257   50693.0   47217.1     228.6     0  2754.9
   17 1     -2  3.4475  0.3977   70739.5   51242.1    6334.5  3.4469  0.3465   68984.8   47369.0  -14381.7
      998.3      59.9   71724.4   51416.1   70464.9   51270.7   69968.1   51278.5   71738.1   51297.0
   18 1     -1  3.5978  0.2388   60352.5   48473.8    3640.5  3.4469  0.3465   59698.5   46435.6  -17075.8
      580.3      30.3   60929.5   48542.5   60527.0   48515.8   59989.1   48615.4   60933.5   48482.0
   19 1      0  3.7221 -0.0875   60221.2   49384.3    2778.3  3.4469  0.3465   56726.8   46137.0  -17937.9
      450.1      15.1   60671.5   49388.8   60553.2   49391.6   59984.6   49589.7   60670.8   49358.6
vertex track :        478   3  20    2756222  4.3744  1.0224   53946.3   46318.9     223.5     0  6104.0
   17 1     -2  4.5544  0.7471   83125.7   51843.6    6588.5  4.4874  1.0597   79763.9   51110.9  -14144.3
     1722.1      53.4   84816.4   52175.1   82374.1   51774.5   81649.5   51722.9   84833.7   52069.7
   18 1     -1  4.3783  1.0859   73032.2   49455.9    3711.5  4.4874  1.0597   66853.6   48062.1  -17021.3
      969.1      27.4   73966.2   49715.8   73004.5   49477.3   72312.6   49407.1   73979.4   49662.6
   19 1      0  4.3867  1.0372   66291.7   47771.6    2867.5  4.4874  1.0597   63066.2   47167.7  -17865.3
      753.3      17.0   67020.9   47961.5   66475.9   47832.6   65776.9   47792.7   67028.8   47928.3
vertex track :        506   3  20    2829333  3.9002 -3.6752   54230.0   53925.0     233.4     0   789.6
   17 1     -2  4.4442 -4.0315   77997.0   31778.7    6416.3  4.0812 -3.7930   76678.3   28524.2  -14318.3
     3084.8     376.7   80534.9   29985.1   76898.6   33283.7   75673.5   33778.2   80028.7   29427.0
   18 1     -1  3.7383 -3.5256   66038.3   40298.7    3651.2  4.0812 -3.7930   65393.0   39012.7  -17083.5
     1636.8     182.4   67354.2   39308.4   65757.7   40814.0   64936.2   41495.5   67104.0   39043.0
   19 1      0  3.7641 -3.6843   65351.4   44634.2    2774.3  4.0812 -3.7930   61814.4   42338.5  -17960.3
     1058.4      68.5   66155.6   43942.8   65433.4   44649.8   64760.9   45531.9   66059.8   43845.0
vertex track :        523   3  20    2904195 -3.6002 -3.7103   69951.9   58234.0     231.2     0   757.1
   17 1     -2 -3.4649 -3.6119   48851.3   33387.4    6582.8 -3.5265 -3.6564   44776.6   33100.1  -14236.8
     2996.9     384.6   47054.2   30958.4   50475.9   34525.4   50854.9   36022.8   46499.0   31490.9
   18 1     -1 -3.6143 -3.5904   59989.2   44189.9    3712.4 -3.5265 -3.6564   54898.9   43595.1  -17107.1
     1572.9     184.2   59003.2   42950.7   60475.9   44413.7   61181.7   45635.5   58743.5   43212.0
   19 1      0 -3.5897 -3.7464   60150.4   46534.7    2868.3 -3.5265 -3.6564   57875.9   46681.7  -17951.3
     1029.9      71.0   59489.2   45741.9   60160.4   46442.4   61018.1   47533.6   59386.7   45840.2
vertex track :        532   3  20    2995553  6.0035 -6.3989   43990.3   65827.7     262.2   211   246.6
   17 1     -2  6.6144 -6.6627   81559.4   25639.3    6435.2  6.3835 -6.7598   80527.5   22125.7  -14233.9
    26040.7    2871.7  101943.8    9182.1   66639.8   44743.8   61391.6   42299.9   97868.0    5135.7
   18 1     -1  6.2936 -6.4476   63640.5   42061.1    3649.6  6.3835 -6.7598   62745.8   40955.4  -17019.4
    12592.3    1376.8   73421.6   34011.8   57151.6   50679.9   54075.7   50314.1   71451.2   32088.3
   19 1      0  5.9595 -6.4278   61137.9   48686.6    2776.4  6.3835 -6.7598   57171.5   46858.3  -17892.7
     5079.9     503.5   64960.9   45303.7   59304.9   51404.2   57530.9   52273.0   64222.5   44619.1
