groupid:   4095, ntrk: 10
vertex track :          0   3 119    8010213  0.4794 -0.3866  146375.6  127084.8     268.0    13  1268.6
  120 4      1  0.4829 -0.3851   27631.7   51935.1   -2867.9  0.4836 -0.3892  142397.0  129321.4 -206169.2
       60.5       6.8   27683.3   51902.7   27690.0   51897.3   27790.7   52177.2   27674.8   51892.1
  121 4      2  0.4816 -0.3852   26814.9   50124.4   -3718.3  0.4836 -0.3892  141985.8  129652.3 -207019.5
       72.4      13.7   26879.9   50089.9   26868.1   50099.4   26960.3   50368.5   26862.9   50068.5
  122 4      3  0.4809 -0.3829   27012.9   53875.1   -6590.1  0.4836 -0.3892  140597.0  130770.1 -209891.4
      114.1      26.3   27118.6   53824.6   27041.0   53886.3   27117.8   54135.2   27085.8   53783.4
vertex track :         20   3 119    7339541 -0.8828  0.5546  144587.1  128319.4     271.0   211     nan
  120 4      1 -0.9140  0.5193   24070.9   45808.8   -2985.9 -0.8984  0.5497  145025.7  127541.6 -206291.2
        nan       nan      -nan       nan       nan       nan       nan       nan       nan       nan
  121 4      2 -0.8610  0.5667   25452.8   48168.6   -3816.3 -0.8984  0.5497  145771.7  127085.1 -207121.7
        nan       nan      -nan       nan       nan       nan       nan       nan       nan       nan
  122 4      3 -0.9422  0.5500   25715.9   46194.1   -6394.1 -0.8984  0.5497  148087.4  125668.1 -209699.4
        nan       nan      -nan       nan       nan       nan       nan       nan       nan       nan
vertex track :         33   3 119    8010665  0.9599 -0.0947  147457.9  127734.2     267.8   211     nan
  120 4      1  0.9614 -0.0855   27228.1   51742.9   -2868.1  0.9648 -0.0925  141977.1  129050.6 -206163.9
        nan       nan      -nan       nan       nan       nan       nan       nan       nan       nan
  121 4      2  0.9611 -0.0864   26064.0   49670.7   -3718.3  0.9648 -0.0925  141156.8  129129.3 -207014.1
        nan       nan      -nan       nan       nan       nan       nan       nan       nan       nan
  122 4      3  0.9616 -0.0922   25021.8   52662.4   -6588.6  0.9648 -0.0925  138387.7  129394.7 -209884.4
        nan       nan      -nan       nan       nan       nan       nan       nan       nan       nan
vertex track :         41   3 119    8011819 -1.5023 -0.8948  144195.4  126550.6     271.3     0  1738.7
  120 4      1 -1.5056 -0.8166   25497.0   48215.3   -2998.5 -1.5254 -0.9192  146703.1  130555.8 -206311.0
      203.5      12.9   25324.3   48106.9   25365.8   48129.4   25878.2   48532.8   25311.9   48129.6
  121 4      2 -1.5428 -0.8906   27533.4   51586.7   -3830.5 -1.5254 -0.9192  147972.3  131320.7 -207143.0
      245.4      24.4   27333.1   51442.8   27434.2   51501.1   27942.2   51939.6   27308.7   51485.2
  122 4      3 -1.5661 -1.0317   29600.4   53941.3   -6411.5 -1.5254 -0.9192  151909.4  133693.1 -209724.0
      378.2      44.0   29308.8   53696.5   29611.5   53896.0   30100.4   54395.1   29260.4   53770.0
vertex track :        107   3 119    8840726  0.1577  0.9759  145231.1  130902.3     273.7  2212   653.8
  120 4      1  0.1489  0.9763   27356.6   51722.7   -2867.2  0.1499  0.9759  142263.5  128869.2 -206164.9
      103.1      24.4   27348.0   51828.3   27348.2   51829.5   27575.3   51828.1   27396.2   51820.9
  121 4      2  0.1525  0.9824   26902.8   48773.3   -3718.9  0.1499  0.9759  142135.8  128038.0 -207016.6
      141.0      58.5   26866.6   48921.6   26855.3   48849.3   27149.1   48836.0   26982.2   48903.6
  122 4      3  0.1550  0.9831   27933.8   49024.8   -6585.1  0.1499  0.9759  141706.2  125240.9 -209882.8
      240.4     114.6   27858.0   49280.1   27815.7   49011.6   28219.8   48980.5   28084.5   49244.4
vertex track :        113   3 119    8841768 -2.2721  2.0759  142542.8  130229.7     273.9     0 10001.0
  120 4      1 -2.0996  1.9427   25924.9   43519.7   -2988.0 -2.3037  2.0503  147535.4  124545.8 -206293.3
      475.0      14.3   25566.5   43831.8   25822.9   43594.6   26491.1   43419.6   25585.9   43852.8
  121 4      2 -2.3400  2.0552   28566.0   44412.7   -3815.1 -2.3037  2.0503  149440.8  122849.9 -207120.4
      579.3      19.1   28118.1   44780.7   28497.2   44447.7   29221.5   44256.9   28143.3   44809.4
  122 4      3 -2.2519  2.1216   32932.7   37930.8   -6387.6 -2.3037  2.0503  155367.3  117575.5 -209692.9
      913.6      31.8   32245.9   38534.2   33103.0   37726.7   33827.2   37539.6   32289.6   38580.5
vertex track :        152   3 120    5966111 -0.8313  0.5621  148107.1  130853.6     409.2   211     nan
  117 4     -2 -0.8231  0.5686   19823.2   53052.6    6587.0 -0.8371  0.5723  138501.2  131984.6 -199857.4
        nan       nan      -nan       nan       nan       nan       nan       nan       nan       nan
  118 4     -1 -0.8241  0.5632   24774.4   52911.5    3722.5 -0.8371  0.5723  140899.0  130345.1 -202722.0
        nan       nan      -nan       nan       nan       nan       nan       nan       nan       nan
  119 4      0 -0.8268  0.5707   22963.6   49341.8    2862.9 -0.8371  0.5723  141618.5  129853.1 -203581.6
        nan       nan      -nan       nan       nan       nan       nan       nan       nan       nan
vertex track :        191   3 120    6475555  1.8059 -1.9709  144229.1  134919.2     416.0   211     nan
  117 4     -2  1.7801 -2.0663   38478.1   46464.9    6759.7  1.8151 -1.9962  151301.5  119899.1 -199690.2
        nan       nan      -nan       nan       nan       nan       nan       nan       nan       nan
  118 4     -1  1.9361 -2.0518   30803.3   48248.1    3811.4  1.8151 -1.9962  145949.9  125784.5 -202638.5
        nan       nan      -nan       nan       nan       nan       nan       nan       nan       nan
  119 4      0  1.5248 -1.9950   32469.8   50647.8    3017.9  1.8151 -1.9962  144509.6  127368.5 -203432.0
        nan       nan      -nan       nan       nan       nan       nan       nan       nan       nan
vertex track :        203   3 120    6626854  2.2493  0.5756  144543.3  130362.8     412.3     0  1404.1
  117 4     -2  2.2504  0.5491   37006.3   52528.9    6606.7  2.2759  0.5646  154166.7  131480.3 -199846.1
      550.4      67.4   37525.0   52724.8   36928.3   52579.2   36699.9   52543.5   37557.0   52593.8
  118 4     -1  2.2847  0.5430   32930.4   52391.1    3714.0  2.2759  0.5646  147583.3  129847.2 -202738.8
      313.3      31.8   33227.8   52494.5   33098.0   52463.7   32845.2   52498.3   33242.5   52432.7
  119 4      0  2.2552  0.5527   28637.8   48866.2    2870.6  2.2759  0.5646  145663.9  129371.1 -203582.2
      246.4      13.8   28873.8   48938.2   28868.8   48937.0   28614.0   49004.7   28880.3   48911.4
vertex track :        240   3 120    6905319  1.2193  2.9960  145859.6  128123.4     406.2     0   829.3
  117 4     -2  1.2154  3.1272   36316.5   72252.3    6809.5  1.2498  2.9921  149383.0  144879.1 -199637.4
     1131.0     180.2   36558.3   73371.8   35994.1   71920.1   36286.0   71346.0   36894.2   73241.2
  118 4     -1  1.0666  2.9528   30098.1   60066.0    3837.5  1.2498  2.9921  145668.5  135987.0 -202609.3
      607.2      84.3   30225.1   60665.8   30036.5   60143.6   30182.2   59679.2   30383.7   60608.5
  119 4      0  1.1373  3.2329   32359.4   58270.9    3029.5  1.2498  2.9921  144658.6  133569.3 -203417.3
      443.3      33.6   32474.9   58700.2   32419.5   58542.8   32455.1   58054.8   32538.2   58677.9
