groupid:   4089, ntrk: 13
vertex track :          0   3  67   11259758  0.1386 -0.0436  175657.2  195935.7     415.1    13  1519.9
   68 6      1  0.1387 -0.0428   56391.8   35447.9   -2866.5  0.1410 -0.0460  168789.5  196088.7 -109438.1
       18.0       3.7   56410.2   35446.1   56404.9   35447.8   56583.7   35659.6   56408.0   35439.0
   69 6      2  0.1392 -0.0414   54999.6   40808.6   -3716.8  0.1410 -0.0460  168669.6  196127.8 -110288.3
       22.9       8.7   55024.0   40810.4   55009.3   40814.8   55185.3   41016.8   55019.1   40793.8
   70 6      3  0.1394 -0.0414   50974.4   35923.2   -6586.2  0.1410 -0.0460  168265.0  196259.9 -113157.8
       37.8      16.7   51015.4   35928.4   50972.2   35941.2   51143.5   36127.9   51005.9   35896.4
vertex track :          9   3  67   10379016 -2.0000 -1.6532  171483.0  193085.7     415.7     0 10001.0
   68 6      1 -1.8657 -1.7244   54415.2   40236.0   -3127.6 -1.9961 -1.7018  172185.0  199057.0 -109716.8
      384.4      13.7   54142.2   39965.1   54314.9   40124.8   54896.3   40715.2   54123.6   39985.2
   69 6      2 -2.1789 -1.8693   54770.8   44963.1   -3948.5 -1.9961 -1.7018  173823.6  200454.0 -110537.7
      460.2      17.7   54433.1   44649.9   54674.1   44856.7   55316.4   45484.3   54410.0   44676.9
   70 6      3 -1.7604 -1.5438   64446.2   48701.1   -6670.0 -1.9961 -1.7018  179255.8  205085.4 -113259.2
      720.4      29.4   63924.0   48204.1   64637.5   48829.8   65176.7   49406.6   63885.2   48248.2
vertex track :         54   3  67   11479489 -1.7316  1.6080  171129.2  200306.6     426.1   211   521.1
   68 6      1 -1.7348  1.5976   57712.9   34675.6   -2866.6 -1.7700  1.5305  170403.4  195118.5 -109423.2
      332.7      46.6   57436.7   34866.7   57561.8   34751.4   58197.5   34696.1   57499.7   34935.2
   69 6      2 -1.7543  1.5747   57873.5   38721.4   -3715.8 -1.7700  1.5305  171906.5  193818.8 -110272.4
      469.0     109.6   57451.2   38953.1   57780.9   38657.2   58503.9   38701.3   57597.6   39116.2
   70 6      3 -1.7491  1.5908   58989.2   29332.0   -6586.0 -1.7700  1.5305  176986.7  189426.0 -113142.6
      812.7     211.4   58245.8   29722.4   59080.9   28962.9   59941.0   29153.2   58530.2   30035.2
vertex track :        130   3  67   12384092  0.4005  3.7815  176023.2  204138.1     424.7     0   803.7
   68 6      1  0.6131  4.4529   51645.3   35450.2   -3130.3  0.3030  3.6590  168339.7  191047.0 -109662.6
      770.5      63.9   51687.2   36222.2   51605.7   35630.8   51814.1   34892.7   51813.7   36204.8
   69 6      2 -0.1120  3.5806   50360.5   35868.9   -3949.8  0.3030  3.6590  168091.4  188048.3 -110482.1
     1046.0     143.3   50184.6   36909.9   50226.5   35570.9   50746.3   35041.6   50471.0   36918.9
   70 6      3  0.5341  3.9910   52776.1   24363.5   -6647.2  0.3030  3.6590  167274.0  178178.4 -113179.5
     1734.6     262.2   52746.4   26117.6   52398.3   23517.2   53016.5   22823.5   53266.1   26048.0
vertex track :        148   3  67   12525516  0.3272 -4.1237  175707.5  182609.0     396.0     0  1585.3
   68 6      1  0.3429 -4.1062   55866.0   34909.4   -2866.6  0.4205 -4.2266  168254.2  196515.0 -109494.2
      795.7      35.7   55967.8   34119.4   55907.4   34843.0   55974.5   35905.2   55896.6   34113.5
   69 6      2  0.3819 -4.1215   54248.5   43642.1   -3717.6  0.4205 -4.2266  167896.3  200111.9 -110345.2
     1021.7      78.1   54420.5   42632.0   54312.1   43801.1   54286.9   44858.1   54265.0   42617.6
   70 6      3  0.4008 -4.0968   49629.6   49630.4   -6585.8  0.4205 -4.2266  166690.3  212234.8 -113213.5
     1726.1     149.8   49946.8   47927.1   49694.8   50502.6   49522.9   51539.6   49648.6   47897.9
vertex track :        184   3  68    8594581  1.6848  1.5216  172796.5  191409.0     405.3     0  3110.7
   65 6     -2  1.6957  1.5718   61282.9   47435.8    6587.5  1.6520  1.4987  175283.0  201537.0 -103136.5
      510.9      35.0   61633.7   47808.8   61240.4   47444.3   61143.7   47274.4   61681.4   47757.5
   66 6     -1  1.6993  1.5349   56640.6   42307.7    3727.2  1.6520  1.4987  170557.7  197250.3 -105996.8
      297.0      17.3   56849.4   42519.6   56765.4   42443.8   56643.5   42307.2   56872.7   42493.9
   67 6      0  1.6818  1.5264   56933.3   41486.1    2867.9  1.6520  1.4987  169138.1  195962.5 -106856.0
      237.5       9.7   57102.6   41652.9   57104.1   41654.2   56975.6   41530.8   57115.7   41638.5
vertex track :        194   3  68    8611132 -2.0767 -1.8225  179192.8  197574.6     408.9   211     nan
   65 6     -2 -2.2344 -1.8923   48412.6   30350.6    6736.5 -2.0884 -1.8596  158203.5  186698.2 -102954.3
        nan       nan      -nan       nan       nan       nan       nan       nan       nan       nan
   66 6     -1 -2.3428 -2.1031   55817.7   36334.2    3971.5 -2.0884 -1.8596  163977.8  191839.9 -105719.3
        nan       nan      -nan       nan       nan       nan       nan       nan       nan       nan
   67 6      0 -2.1067 -1.4975   56425.8   34938.1    3114.6 -2.0884 -1.8596  165767.2  193433.3 -106576.1
        nan       nan      -nan       nan       nan       nan       nan       nan       nan       nan
vertex track :        213   3  68    8810550 -1.5071  0.3834  177812.5  194862.9     405.3   211     nan
   65 6     -2 -1.5075  0.3663   44638.7   43039.0    6587.5 -1.5286  0.3505  160622.3  197929.3 -103114.4
        nan       nan      -nan       nan       nan       nan       nan       nan       nan       nan
   66 6     -1 -1.4848  0.3903   48831.0   41098.4    3715.5 -1.5286  0.3505  165012.3  196922.7 -105986.4
        nan       nan      -nan       nan       nan       nan       nan       nan       nan       nan
   67 6      0 -1.5103  0.3801   52008.6   41388.4    2868.1 -1.5286  0.3505  166307.7  196625.7 -106833.8
        nan       nan      -nan       nan       nan       nan       nan       nan       nan       nan
vertex track :        239   3  68    9054396  2.6849 -3.2412  173951.6  198425.8     415.0   211     nan
   65 6     -2  2.3305 -3.3484   74276.5   21666.5    6655.0  2.8061 -3.2117  183620.7  179183.8 -103042.4
        nan       nan      -nan       nan       nan       nan       nan       nan       nan       nan
   66 6     -1  2.6706 -2.9529   68163.4   31590.9    4003.1  2.8061 -3.2117  176179.3  187700.9 -105694.3
        nan       nan      -nan       nan       nan       nan       nan       nan       nan       nan
   67 6      0  3.0171 -3.2121   64837.1   31559.7    3105.2  2.8061 -3.2117  173659.7  190584.8 -106592.2
        nan       nan      -nan       nan       nan       nan       nan       nan       nan       nan
vertex track :        246   3  68    9245615 -4.3297  3.1763  189020.0  186906.2     385.9   211     nan
   65 6     -2 -4.4001  3.1338   36073.8   54229.0    6580.1 -4.3473  3.0970  154508.7  207160.5 -103123.4
        nan       nan      -nan       nan       nan       nan       nan       nan       nan       nan
   66 6     -1 -4.4283  3.0499   48682.8   44290.7    3707.2 -4.3473  3.0970  166998.2  198263.0 -105996.3
        nan       nan      -nan       nan       nan       nan       nan       nan       nan       nan
   67 6      0 -4.3478  3.1715   54434.6   42140.8    2868.3 -4.3473  3.0970  170645.0  195665.1 -106835.2
        nan       nan      -nan       nan       nan       nan       nan       nan       nan       nan
vertex track :        252   3  68    9258512 -3.7676  0.2755  188467.7  194523.5     396.8   211   528.1
   65 6     -2 -3.6698  0.1855   46340.3   41175.5    6840.6 -3.7963  0.2447  156317.3  197112.3 -102839.5
     1888.6     360.1   44435.9   40911.2   47437.7   40759.4   48451.0   41650.0   44472.3   41630.5
   66 6     -1 -3.6115  0.3974   58850.9   41153.5    4003.7 -3.7963  0.2447  167086.9  196418.0 -105676.4
     1003.5     176.3   57834.1   41088.0   59070.7   40951.9   60074.1   41429.4   57872.6   41438.6
   67 6      0 -4.3766 -0.1871   60761.0   37949.9    3111.1 -3.7963  0.2447  170475.7  196199.5 -106569.0
      626.8      67.3   60137.6   37855.9   60471.0   37870.1   61590.0   38253.7   60131.8   37990.4
vertex track :        270   3  68    9289634 -0.0310 -2.3191  177253.6  201178.9     416.8     0  1551.3
   65 6     -2 -0.0074 -2.3412   54158.3   30881.8    6586.1  0.0092 -2.3253  169452.7  187652.9 -103096.4
      543.0      61.3   54217.9   30338.6   54219.8   30932.9   54308.7   31632.6   54095.3   30339.0
   66 6     -1 -0.0099 -2.3250   54187.2   36456.1    3720.7  0.0092 -2.3253  169426.2  194315.7 -105961.8
      311.3      29.1   54215.1   36144.7   54215.6   36279.0   54369.4   36975.2   54156.8   36144.9
   67 6      0 -0.0268 -2.3155   56069.9   39316.1    2868.3  0.0092 -2.3253  169418.4  196297.8 -106814.2
      245.2      12.9   56080.0   39070.8   56080.0   39074.9   56269.7   39769.2   56054.1   39071.1
vertex track :        305   3  68    9681950 -4.6673  0.0406  177923.5  195181.9     405.3   211     nan
   65 6     -2 -4.5387  0.7041   29878.6   40575.1    6931.4 -4.7339 -0.0375  139285.2  195835.2 -102768.9
        nan       nan      -nan       nan       nan       nan       nan       nan       nan       nan
   66 6     -1 -4.0899  1.1575   44875.0   40873.8    4037.9 -4.7339 -0.0375  152982.3  195943.6 -105662.3
        nan       nan      -nan       nan       nan       nan       nan       nan       nan       nan
   67 6      0 -4.4089 -0.0920   47586.6   37493.1    3122.6 -4.7339 -0.0375  157315.5  195977.9 -106577.7
        nan       nan      -nan       nan       nan       nan       nan       nan       nan       nan
