groupid:    484, ntrk:  9
vertex track :          0   3  63    3989958  0.2126 -0.2413  121116.3  134616.0     152.4    13  1104.4
   64 3      1  0.2116 -0.2430  123289.2   58327.6   -2868.9  0.2124 -0.2510  117714.0  135601.2 -102308.4
       32.7       5.3  123314.7   58306.4  123316.2   58304.7  123474.0   58558.6  123306.7   58299.5
   65 3      2  0.2131 -0.2414  122876.2   58118.8   -3719.3  0.2124 -0.2510  117533.4  135814.6 -103158.8
       40.3      12.0  122911.9   58096.5  122903.3   58106.3  123050.7   58350.8  122893.9   58080.6
   66 3      3  0.2134 -0.2410  121646.5   58070.1   -6586.0  0.2124 -0.2510  116924.5  136534.1 -106025.5
       65.6      23.8  121707.8   58036.7  121665.6   58084.4  121795.4   58313.2  121672.2   58005.2
vertex track :         11   3  63    4014518 -1.3778  0.6897  118411.1  136298.2     151.0  2212   433.9
   64 3      1 -1.1754  0.9400  121287.5   51669.1   -2643.0 -1.3683  0.6951  119482.8  134614.6 -102073.2
      193.3      64.6  121096.1   51739.3  121151.3   51695.2  121687.7   51809.7  121176.9   51840.3
   65 3      2 -1.3528  0.6991  121822.5   54533.5   -3465.6 -1.3683  0.6951  120608.2  134042.8 -102895.7
      353.8     165.1  121432.4   54549.3  121776.9   54371.3  122421.2   54728.4  121584.0   54842.6
   66 4      3 -1.4208  0.9028    7558.0   53441.7   -6236.0 -1.3683  0.6951  124399.1  132117.1 -105666.2
      677.8     332.9    6807.4   53524.2    7653.2   52986.8    8517.3   53570.0    7164.5   54086.2
vertex track :        105   3  64    4267522 -0.3105 -1.5666  123026.1  139061.4     286.0     0  2397.1
   61 3     -2 -0.3175 -1.5731  122914.2   50969.3    6587.8 -0.3198 -1.6060  116250.3  126270.4  -95652.8
      309.4      29.5  122881.9   50660.2  122937.7   50936.4  123156.2   51486.9  122824.0   50671.8
   62 3     -1 -0.3183 -1.5667  121846.8   53882.6    3717.8 -0.3198 -1.6060  117168.1  130879.6  -98522.8
      186.3      14.7  121824.2   53697.1  121831.5   53733.2  122079.1   54276.5  121795.3   53702.9
   63 3      0 -0.3111 -1.5656  120456.1   53110.0    2868.7 -0.3198 -1.6060  117439.6  132243.4  -99372.0
      153.1       8.2  120434.2   52958.3  120428.6   52929.8  120687.6   53470.2  120418.2   52961.5
vertex track :        107   3  64    4267692 -0.5658 -0.6557  122953.7  138369.9     284.2   211     nan
   61 3     -2 -0.5467 -0.6442  119147.5   56764.6    6148.5 -0.5722 -0.6676  114834.3  131772.0  -96092.7
        nan       nan      -nan       nan       nan       nan       nan       nan       nan       nan
   62 3     -1 -0.5682 -0.5903  121734.1   56134.5    3490.1 -0.5722 -0.6676  116355.4  133546.7  -98751.1
        nan       nan      -nan       nan       nan       nan       nan       nan       nan       nan
   63 3      0 -0.5695 -0.6535  123570.2   60749.1    2664.3 -0.5722 -0.6676  116827.9  134098.0  -99576.9
        nan       nan      -nan       nan       nan       nan       nan       nan       nan       nan
vertex track :        116   3  64    4889210 -2.2918  2.1267  126789.3  134289.3     280.4   211     nan
   61 3     -2 -2.2561  2.0916  114521.5   68954.0    6580.8 -2.3116  2.0631  107511.0  144639.4  -95673.3
        nan       nan      -nan       nan       nan       nan       nan       nan       nan       nan
   62 3     -1 -2.2846  2.1366  118742.8   62040.0    3718.0 -2.3116  2.0631  114128.7  138733.0  -98536.1
        nan       nan      -nan       nan       nan       nan       nan       nan       nan       nan
   63 3      0 -2.2898  2.1290  118938.7   58150.6    2868.5 -2.3116  2.0631  116092.4  136980.4  -99385.6
        nan       nan      -nan       nan       nan       nan       nan       nan       nan       nan
vertex track :        121   3  64    4919602 -1.2210 -0.8208  125331.1  139320.8     287.0   211     nan
   61 3     -2 -1.2699 -0.7934  117245.7   56572.6    6156.8 -1.2359 -0.8494  113336.1  131668.9  -96086.7
        nan       nan      -nan       nan       nan       nan       nan       nan       nan       nan
   62 3     -1 -1.2362 -0.8814  121678.9   56462.0    3490.6 -1.2359 -0.8494  116631.1  133933.5  -98752.9
        nan       nan      -nan       nan       nan       nan       nan       nan       nan       nan
   63 3      0 -1.2311 -0.8123  124067.6   61227.6    2666.0 -1.2359 -0.8494  117650.2  134633.9  -99577.4
        nan       nan      -nan       nan       nan       nan       nan       nan       nan       nan
vertex track :        141   3  64    5124000 -1.1546  0.4565  123778.0  137617.4     283.8   211   404.2
   61 3     -2 -1.1526  0.4437  118496.3   61964.4    6585.2 -1.1613  0.4364  111699.4  137666.7  -95659.2
      286.2     118.4  118186.6   61956.8  118478.7   61844.3  119014.7   62182.6  118271.7   62177.8
   62 3     -1 -1.1579  0.4601  119689.7   59525.7    3718.7 -1.1613  0.4364  115028.2  136415.8  -98525.8
      160.4      56.4  119519.8   59532.6  119574.8   59510.7  120068.4   59729.4  119561.5   59637.4
   63 3      0 -1.1535  0.4567  118956.9   57025.1    2867.4 -1.1613  0.4364  116016.8  136044.3  -99377.1
      116.5      21.5  118840.7   57047.9  118815.1   57058.1  119282.0   57212.7  118856.5   57088.0
vertex track :        170   3  64    5577987 -1.1713  0.9968  123871.5  137007.3     281.2   211     nan
   61 3     -2 -1.1607  0.9003  116153.9   66224.1    6142.1 -1.1749  0.9756  112224.8  140022.1  -96102.4
        nan       nan      -nan       nan       nan       nan       nan       nan       nan       nan
   62 3     -1 -1.2885  0.9750  120279.0   61035.0    3492.6 -1.1749  0.9756  115337.8  137437.2  -98751.9
        nan       nan      -nan       nan       nan       nan       nan       nan       nan       nan
   63 3      0 -1.2014  1.1027  122662.1   63979.6    2668.6 -1.1749  0.9756  116306.0  136633.3  -99575.9
        nan       nan      -nan       nan       nan       nan       nan       nan       nan       nan
vertex track :        202   3  64    6471226 -0.7440  0.7690  123666.2  137110.3     436.7   211     nan
   61 3     -2 -0.7450  0.7688  120957.0   63377.8    6588.9 -0.7468  0.7554  114309.0  139052.3  -95810.2
        nan       nan      -nan       nan       nan       nan       nan       nan       nan       nan
   62 3     -1 -0.7365  0.7740  121019.4   60098.1    3716.6 -0.7468  0.7554  116454.0  136882.5  -98682.6
        nan       nan      -nan       nan       nan       nan       nan       nan       nan       nan
   63 3      0 -0.7416  0.7703  119939.3   57348.0    2868.4 -0.7468  0.7554  117087.4  136241.8  -99530.8
        nan       nan      -nan       nan       nan       nan       nan       nan       nan       nan
