groupid:    576, ntrk: 15
vertex track :          0   3  63    7635364 -0.0987  0.4096   59152.6  166988.5     170.1    13   575.3
   64 5      1 -0.0982  0.4101   61741.9   12761.7   -2866.8 -0.0995  0.4077   56405.0  166037.2 -102083.7
       42.9      10.1   61722.1   12801.1   61721.5   12803.7   61971.6   12932.7   61741.7   12805.8
   65 5      2 -0.0991  0.4101   61714.8   11131.5   -3718.9 -0.0995  0.4077   56489.8  165689.8 -102935.7
       55.7      24.2   61678.2   11180.0   61683.6   11157.8   61961.3   11293.4   61725.2   11191.4
   66 3      3 -0.0988  0.4095   61610.1   86269.4   -6587.1 -0.0995  0.4077   56775.3  164520.4 -105804.0
       93.3      48.0   61541.6   86348.9   61564.6   86253.4   61888.5   86400.4   61634.8   86371.4
vertex track :          6   3  63    4705727  3.6891 -4.0035   65707.0  159876.3     216.9   211     nan
   64 5      1  3.4161 -3.8931   53479.7   12172.3   -2695.6  3.8653 -4.0776   51484.3  172108.2 -102007.5
        nan       nan      -nan       nan       nan       nan       nan       nan       nan       nan
   65 5      2  3.4951 -3.9544   50570.5   19298.4   -3518.8  3.8653 -4.0776   48302.3  175465.0 -102830.7
        nan       nan      -nan       nan       nan       nan       nan       nan       nan       nan
   66 5      3  4.0081 -3.9721   40534.5   31201.0   -6329.3  3.8653 -4.0776   37439.1  186925.0 -105641.2
        nan       nan      -nan       nan       nan       nan       nan       nan       nan       nan
vertex track :         14   3  63    4740139 -4.0402 -1.2171   51149.1  164121.7     238.6     0  2995.3
   64 5      1 -4.0404 -1.2116   64342.5   14264.4   -2870.0 -4.0004 -1.2496   60483.5  168203.3 -102139.6
      781.1      23.4   63601.1   14017.6   64248.9   14211.9   65289.9   14720.0   63587.6   14062.6
   65 5      2 -4.0340 -1.2205   67529.3   13995.1   -3718.4 -4.0004 -1.2496   63877.5  169263.5 -102988.0
      984.7      44.7   66599.7   13667.2   67637.6   13981.2   68664.8   14531.9   66573.8   13752.8
   66 5      3 -4.0440 -1.2231   77474.8   17049.2   -6582.8 -4.0004 -1.2496   75336.2  172843.0 -105852.4
     1667.6      85.5   75903.3   16484.6   78246.5   17193.3   79252.2   17822.6   75853.8   16648.3
vertex track :         54   3  63    7429784 -3.2511  0.3600   51475.0  166387.3     182.5     0  6091.0
   64 3      1 -3.1721  0.1120   59906.3   82806.8   -2679.2 -3.2242  0.3250   57593.8  165676.3 -101889.6
      470.5      13.7   59435.6   82809.7   59709.8   82800.0   60583.8   83014.1   59436.6   82837.1
   65 3      2 -3.0859  0.5367   62403.9   86454.2   -3499.8 -3.2242  0.3250   60239.8  165409.6 -102710.3
      585.3      20.6   61823.7   86534.2   62328.9   86446.4   63190.9   86584.8   61830.8   86574.8
   66 3      3 -3.0028  0.2425   73169.1   85358.9   -6291.4 -3.2242  0.3250   69240.2  164502.3 -105501.8
      989.9      38.1   72179.4   85400.6   73522.1   85292.1   74365.8   85527.4   72185.6   85476.5
vertex track :         97   3  64    7435941 -1.8969 -1.1332   65313.9  172179.5     292.7   211     nan
   61 3     -2 -1.9151 -1.2074   55256.2   86807.0    6586.7 -1.9099 -1.1595   48210.7  162247.3  -95450.4
        nan       nan      -nan       nan       nan       nan       nan       nan       nan       nan
   62 5     -1 -1.8937 -1.1293   58051.0   12224.8    3718.0 -1.9099 -1.1595   53689.8  165573.5  -98319.1
        nan       nan      -nan       nan       nan       nan       nan       nan       nan       nan
   63 5      0 -1.8971 -1.1324   58360.0   10805.9    2867.8 -1.9099 -1.1595   55313.6  166559.2  -99169.2
        nan       nan      -nan       nan       nan       nan       nan       nan       nan       nan
vertex track :        105   3  64    7438232  1.3002  0.2740   59264.0  169047.4     290.6   211     nan
   61 5     -2  1.3487  0.3098   67305.4   15478.6    6248.2  1.3119  0.2842   61957.5  168035.9  -95788.8
        nan       nan      -nan       nan       nan       nan       nan       nan       nan       nan
   62 5     -1  1.3371  0.3854   64377.8   13994.8    3524.0  1.3119  0.2842   58383.6  167261.7  -98513.0
        nan       nan      -nan       nan       nan       nan       nan       nan       nan       nan
   63 5      0  1.3355  0.1727   65163.7   17574.3    2703.4  1.3119  0.2842   57307.0  167028.4  -99333.7
        nan       nan      -nan       nan       nan       nan       nan       nan       nan       nan
vertex track :        107   3  64    7438584  1.0185 -0.5759   58547.2  171487.0     295.8   211     nan
   61 5     -2  1.0386 -0.5347   66037.8   11305.2    6589.1  1.0329 -0.5754   59908.1  165173.7  -95447.5
        nan       nan      -nan       nan       nan       nan       nan       nan       nan       nan
   62 5     -1  1.0197 -0.5713   61553.3   13492.2    3718.2  1.0329 -0.5754   56942.8  166825.5  -98318.4
        nan       nan      -nan       nan       nan       nan       nan       nan       nan       nan
   63 5      0  1.0181 -0.5795   59467.0   11614.8    2867.7  1.0329 -0.5754   56064.4  167314.8  -99168.9
        nan       nan      -nan       nan       nan       nan       nan       nan       nan       nan
vertex track :        117   3  64    7868884 -1.8430  1.9104   65213.0  165690.7     285.3   211     nan
   61 5     -2 -1.8843  1.7539   52612.5   23155.2    6272.4 -1.8447  1.8526   49116.0  174128.4  -95776.8
        nan       nan      -nan       nan       nan       nan       nan       nan       nan       nan
   62 5     -1 -1.6573  2.1219   58578.4   16829.1    3530.9 -1.8447  1.8526   54173.1  169049.4  -98518.3
        nan       nan      -nan       nan       nan       nan       nan       nan       nan       nan
   63 5      0 -1.7641  1.8978   62085.9   18881.2    2707.2 -1.8447  1.8526   55692.7  167523.3  -99342.0
        nan       nan      -nan       nan       nan       nan       nan       nan       nan       nan
vertex track :        126   3  64    7887443  0.9595 -1.3357   61231.6  169269.6     291.7   211     nan
   61 3     -2  0.9154 -1.2546   69078.7   82642.1    6600.5  0.9780 -1.3448   62296.0  158097.8  -95438.7
        nan       nan      -nan       nan       nan       nan       nan       nan       nan       nan
   62 3     -1  0.9410 -1.3181   64681.7   85228.1    3719.5  0.9780 -1.3448   59478.4  161972.1  -98319.6
        nan       nan      -nan       nan       nan       nan       nan       nan       nan       nan
   63 3      0  0.9605 -1.3425   62032.2   83869.9    2868.6  0.9780 -1.3448   58646.1  163116.6  -99170.6
        nan       nan      -nan       nan       nan       nan       nan       nan       nan       nan
vertex track :        128   3  64    7887864 -0.7451  0.2776   61625.0  168840.5     291.2   211     nan
   61 5     -2 -0.7218  0.2737   56270.5   15416.0    6261.8 -0.7513  0.2714   52038.8  167772.9  -95778.1
        nan       nan      -nan       nan       nan       nan       nan       nan       nan       nan
   62 5     -1 -0.7015  0.3233   58956.7   13869.4    3522.5 -0.7513  0.2714   54096.9  167029.6  -98517.4
        nan       nan      -nan       nan       nan       nan       nan       nan       nan       nan
   63 5      0 -0.7141  0.2829   61671.2   17386.5    2705.0 -0.7513  0.2714   54711.1  166807.7  -99334.9
        nan       nan      -nan       nan       nan       nan       nan       nan       nan       nan
vertex track :        148   3  64    8305281 -3.9553  0.6831   69016.9  168349.5     284.1     0  1079.9
   61 5     -2 -3.8190  0.6695   45209.0   16082.8    6582.9 -3.9368  0.5971   39191.6  169532.0  -95468.1
     1571.8     184.5   43629.0   16172.5   45923.3   15770.3   46995.2   16203.8   43692.7   16536.0
   62 5     -1 -3.9599  0.6949   54480.4   14793.8    3718.4 -3.9368  0.5971   50468.5  167821.7  -98332.6
      857.3      88.2   53620.8   14855.1   54478.1   14704.7   55546.2   14943.1   53651.2   15028.8
   63 5      0 -3.9699  0.7006   56516.4   11867.7    2868.3 -3.9368  0.5971   53815.1  167314.1  -99182.7
      622.0      34.9   55897.8   11941.4   56289.2   11872.3   57341.0   12004.7   55909.9   12010.2
vertex track :        163   3  64    8307479 -2.0356 -1.8740   61568.7  169006.4     291.7   211     nan
   61 3     -2 -1.8656 -1.9088   48233.4   79817.9    6234.4 -2.0498 -1.9103   44285.8  154967.4  -95805.6
        nan       nan      -nan       nan       nan       nan       nan       nan       nan       nan
   62 3     -1 -2.0318 -1.8228   54895.8   82752.5    3510.3 -2.0498 -1.9103   49869.6  160171.1  -98529.7
        nan       nan      -nan       nan       nan       nan       nan       nan       nan       nan
   63 5      0 -1.9300 -1.8312   57783.6   11476.9    2691.5 -2.0498 -1.9103   51548.0  161735.3  -99348.5
        nan       nan      -nan       nan       nan       nan       nan       nan       nan       nan
vertex track :        176   3  64    8308613  1.3541 -1.3552   59569.8  171145.4     294.7   211     nan
   61 3     -2  1.3249 -1.3897   69865.0   84389.3    6592.1  1.3781 -1.3619   63119.7  159882.0  -95444.9
        nan       nan      -nan       nan       nan       nan       nan       nan       nan       nan
   62 5     -1  1.3566 -1.3617   63743.3   10404.5    3718.0  1.3781 -1.3619   59158.9  163796.2  -98318.9
        nan       nan      -nan       nan       nan       nan       nan       nan       nan       nan
   63 3      0  1.3438 -1.3441   61453.9   85681.5    2866.7  1.3781 -1.3619   57985.7  164955.6  -99170.3
        nan       nan      -nan       nan       nan       nan       nan       nan       nan       nan
vertex track :        190   3  64    8334021  0.4008 -1.5841   60097.4  173592.8     297.6     0  1537.8
   61 3     -2  0.5785 -1.5617   62887.3   86315.4    6255.6  0.4134 -1.6004   57426.0  161392.5  -95779.5
      308.9      39.8   63031.9   86039.6   62938.8   86290.9   62953.2   86799.6   62957.3   86011.9
   62 5     -1  0.6492 -1.4668   62050.8   11657.3    3520.5  0.4134 -1.6004   56295.3  165769.8  -98514.6
      185.4      19.3   62143.5   11495.5   62129.7   11526.6   62168.8   12027.6   62108.2   11479.9
   63 5      0  0.3679 -1.5819   63352.9   16779.1    2704.5  0.4134 -1.6004   55958.0  167075.7  -99330.5
      151.5       9.1   63396.1   16633.6   63404.7   16596.6   63520.1   17133.1   63378.4   16629.5
vertex track :        202   3  64    8499664  3.3541 -4.0427   58603.7  172854.4     296.9     0 10001.0
   61 3     -2  3.5143 -4.0572   81251.3   69415.9    6583.0  3.4401 -4.0932   75083.8  144441.8  -95451.8
     2269.9      51.4   82776.3   67733.9   80542.1   70313.3   79939.9   71303.9   82698.6   67666.6
   62 3     -1  3.3240 -4.0572   70377.9   79334.3    3718.0  3.4401 -4.0932   65227.9  156169.0  -98316.8
     1262.6      26.9   71198.9   78374.6   70296.5   79476.0   69770.2   80499.9   71157.3   78340.5
   63 3      0  3.3695 -4.0227   65824.4   80194.4    2868.8  3.4401 -4.0932   62306.7  159644.8  -99166.0
      970.5      18.2   66461.5   79462.1   65922.7   80105.4   65400.7   81132.8   66433.7   79438.8
