groupid:    717, ntrk:  9
vertex track :          0   3  21    9745941  0.2237  0.4801  132513.7  123268.4     288.5    13   600.1
   22 4      1  0.2150  0.4834   16348.8   44705.7   -2862.8  0.2241  0.4739  129912.4  122146.0  -24596.9
       54.0      11.0   16360.7   44759.5   16362.0   44762.5   16547.2   44862.5   16380.8   44750.6
   23 4      2  0.2222  0.4813   16612.6   42601.7   -3715.4  0.2241  0.4739  129721.3  121742.0  -25449.5
       68.4      25.7   16617.9   42674.5   16607.3   42651.5   16817.5   42739.3   16664.6   42653.0
   24 4      3  0.2277  0.4788    9356.0   43641.7   -6583.8  0.2241  0.4739  129078.4  120382.6  -28317.9
      112.0      50.2    9358.7   43764.4    9310.4   43662.7    9563.4   43729.5    9449.4   43721.3
vertex track :         18   3  21    6892944 -1.0249 -0.1864  130795.2  122239.1     142.7   211     nan
   22 4      1 -1.0676 -0.2269    9828.5   43745.5   -2957.9 -1.0272 -0.1970  132080.7  123213.7  -24549.9
        nan       nan      -nan       nan       nan       nan       nan       nan       nan       nan
   23 4      2 -1.0136 -0.1844   10258.7   41666.9   -3793.5 -1.0272 -0.1970  132939.0  123378.3  -25385.4
        nan       nan      -nan       nan       nan       nan       nan       nan       nan       nan
   24 4      3 -0.9826 -0.1643   18637.4   41635.1   -6405.3 -1.0272 -0.1970  135621.9  123892.9  -27997.3
        nan       nan      -nan       nan       nan       nan       nan       nan       nan       nan
vertex track :         23   3  21    6893797 -1.8142  0.2667  127717.4  122677.7     144.6   211     nan
   22 4      1 -1.8230  0.2307   17574.0   44766.6   -2867.7 -1.8146  0.2496  131271.3  122270.9  -24455.9
        nan       nan      -nan       nan       nan       nan       nan       nan       nan       nan
   23 4      2 -1.8251  0.2515   19538.6   42859.1   -3714.9 -1.8146  0.2496  132808.6  122059.4  -25303.1
        nan       nan      -nan       nan       nan       nan       nan       nan       nan       nan
   24 4      3 -1.8100  0.2800   17676.5   44377.1   -6590.8 -1.8146  0.2496  138027.4  121341.5  -28179.0
        nan       nan      -nan       nan       nan       nan       nan       nan       nan       nan
vertex track :        324   3  22    5978903 -0.9498 -0.5046  136073.1  122675.9     399.5   211     nan
   19 4     -2 -0.9586 -0.5214    6864.7   38254.2    6587.0 -0.9509 -0.5103  123962.2  119003.0  -18232.1
        nan       nan      -nan       nan       nan       nan       nan       nan       nan       nan
   20 4     -1 -0.9367 -0.5139    9607.3   42707.6    3719.4 -0.9509 -0.5103  126688.8  120466.3  -21099.7
        nan       nan      -nan       nan       nan       nan       nan       nan       nan       nan
   21 4      0 -0.9480 -0.5071    8434.5   39026.9    2868.5 -0.9509 -0.5103  127498.0  120900.5  -21950.7
        nan       nan      -nan       nan       nan       nan       nan       nan       nan       nan
vertex track :        334   3  22    6002427 -1.7994 -0.5867  139180.1  124361.0     399.0   211     nan
   19 4     -2 -1.8228 -0.8230   10030.1   39945.9    6406.8 -1.8021 -0.5974  122133.3  120271.9  -18412.5
        nan       nan      -nan       nan       nan       nan       nan       nan       nan       nan
   20 4     -1 -1.7753 -0.4808   15928.4   41921.3    3731.6 -1.8021 -0.5974  126954.3  121870.0  -21087.8
        nan       nan      -nan       nan       nan       nan       nan       nan       nan       nan
   21 4      0 -1.8490 -0.6728   17631.3   42255.2    2926.6 -1.8021 -0.5974  128404.9  122350.9  -21892.7
        nan       nan      -nan       nan       nan       nan       nan       nan       nan       nan
vertex track :        348   3  22    6208689  1.7929  0.0180  132364.2  123838.0     407.5   211     nan
   19 4     -2  1.8242  0.0755   20701.0   42926.0    6583.7  1.8028  0.0287  137255.2  123471.7  -18239.0
        nan       nan      -nan       nan       nan       nan       nan       nan       nan       nan
   20 4     -1  1.7385  0.0357   16100.3   45890.6    3723.7  1.8028  0.0287  132099.1  123389.5  -21099.1
        nan       nan      -nan       nan       nan       nan       nan       nan       nan       nan
   21 4      0  1.7918  0.0190   12739.2   41724.5    2865.8  1.8028  0.0287  130552.6  123364.9  -21956.9
        nan       nan      -nan       nan       nan       nan       nan       nan       nan       nan
vertex track :        354   3  22    6415955  2.4859 -2.3149  136205.9  122691.7     399.5   211     nan
   19 4     -2  2.5572 -2.8398   35367.4   27026.7    6417.2  2.5130 -2.3030  145101.7  108318.0  -18402.0
        nan       nan      -nan       nan       nan       nan       nan       nan       nan       nan
   20 4     -1  2.2198 -2.2692   28986.1   33880.1    3696.3  2.5130 -2.3030  138264.1  114584.2  -21122.9
        nan       nan      -nan       nan       nan       nan       nan       nan       nan       nan
   21 4      0  2.5382 -2.8660   26996.9   35426.5    2897.8  2.5130 -2.3030  136257.2  116423.4  -21921.5
        nan       nan      -nan       nan       nan       nan       nan       nan       nan       nan
vertex track :        403   3  22    6882499 -1.9958  1.3813  137858.6  122008.7     396.3   211     nan
   19 3     -2 -1.9961  1.3669  121850.7   51683.2    6584.2 -1.9991  1.3582  119269.3  129911.6  -18234.0
        nan       nan      -nan       nan       nan       nan       nan       nan       nan       nan
   20 4     -1 -1.9334  1.3686    7370.6   49062.6    3719.2 -1.9991  1.3582  124996.6  126020.4  -21099.0
        nan       nan      -nan       nan       nan       nan       nan       nan       nan       nan
   21 4      0 -1.9987  1.3466    7119.1   43872.5    2867.4 -1.9991  1.3582  126699.5  124863.4  -21950.9
        nan       nan      -nan       nan       nan       nan       nan       nan       nan       nan
vertex track :        411   3  22    6883630  1.9495  0.8325  133726.5  122214.1     403.3   211     nan
   19 4     -2  1.8127  0.6427   28977.2   47108.2    6455.2  1.9567  0.8423  139334.0  126782.2  -18366.2
        nan       nan      -nan       nan       nan       nan       nan       nan       nan       nan
   20 4     -1  2.0073  0.9103   24470.5   44960.6    3741.6  1.9567  0.8423  134024.2  124496.5  -21079.8
        nan       nan      -nan       nan       nan       nan       nan       nan       nan       nan
   21 4      0  1.9406  0.8228   22785.0   44230.5    2934.3  1.9567  0.8423  132444.5  123816.5  -21887.1
        nan       nan      -nan       nan       nan       nan       nan       nan       nan       nan
