groupid:     81, ntrk:  7
vertex track :          0   3  29    6966255 -0.1501 -0.1584  142409.1  147913.4     421.1    13   716.0
   30 4      1 -0.1485 -0.1598   21505.3   69169.9   -2868.3 -0.1481 -0.1649  136397.5  146568.2  -39350.1
       25.6       7.9   21493.7   69145.7   21497.4   69149.7   21726.8   69404.0   21482.0   69156.6
   31 4      2 -0.1484 -0.1592   19596.1   67447.2   -3718.1 -0.1481 -0.1649  136523.3  146708.3  -40199.9
       34.7      18.8   19586.2   67409.0   19602.4   67426.4   19815.9   67695.3   19558.6   67434.6
   32 4      3 -0.1489 -0.1591   22972.0   69514.5   -6587.3 -0.1481 -0.1649  136948.1  147181.3  -43069.2
       58.8      36.3   22958.4   69446.7   23007.5   69499.2   23195.6   69792.1   22905.3   69496.3
vertex track :         11   3  29    6476781 -1.4736 -0.8884  141072.2  147080.2     422.9     0  9999.9
   30 4      1 -1.4716 -0.9032   25525.2   72362.2   -2438.3 -1.4723 -0.9233  138788.1  147806.5  -38923.1
      180.5       8.2   25375.7   72260.8   25374.3   72260.0   25883.3   72672.7   25367.1   72274.8
   31 4      2 -1.5431 -0.9701   29256.1   74878.5   -3269.7 -1.4723 -0.9233  140012.1  148574.0  -39754.4
      217.3      11.0   29078.0   74753.6   29121.8   74781.2   29642.6   75212.5   29066.3   74772.2
   32 4      3 -1.5288 -0.9982   32164.3   77097.9   -6684.0 -1.4723 -0.9233  145039.2  151726.4  -43168.8
      382.2      21.4   31855.9   76871.0   32175.0   77079.3   32681.1   77533.8   31832.5   76906.9
vertex track :         97   3  30    8260450 -0.9170  0.0027  142200.3  147884.4     423.8   211   184.3
   27 4     -2 -0.9435  0.0201   15772.0   68205.7    6581.9 -0.9199 -0.0072  131547.8  146142.2  -32352.5
      353.2     235.6   15413.9   67977.6   15922.0   67966.8   16339.2   68643.8   15423.9   68448.8
   28 4     -1 -0.9175  0.0001   19696.7   68949.5    3717.8 -0.9199 -0.0072  134182.5  146162.7  -35216.6
      175.5     109.8   19521.2   68839.7   19679.5   68839.7   20081.3   69269.3   19521.2   69059.3
   29 4      0 -0.9235  0.0096   20627.1   69914.5    2867.9 -0.9199 -0.0072  134964.4  146168.8  -36066.5
       95.1      39.9   20531.6   69875.6   20527.8   69875.6   20931.6   70163.4   20532.4   69955.4
vertex track :        112   3  30    8310975 -1.4480 -2.0900  142688.2  150332.5     425.6   211     nan
   27 4     -2 -1.6918 -1.8705   15266.6   59838.7    6633.3 -1.4464 -2.0956  128722.5  135632.0  -32299.3
        nan       nan      -nan       nan       nan       nan       nan       nan       nan       nan
   28 4     -1 -1.4648 -2.1178   16686.2   63512.6    3286.5 -1.4464 -2.0956  133563.2  142645.6  -35646.1
        nan       nan      -nan       nan       nan       nan       nan       nan       nan       nan
   29 4      0 -1.4380 -2.1325   17794.8   64428.6    2425.0 -1.4464 -2.0956  134809.3  144451.1  -36507.7
        nan       nan      -nan       nan       nan       nan       nan       nan       nan       nan
vertex track :        116   3  30    8904903 -2.0118  2.1019  145761.1  142571.3     412.3   211   130.1
   27 4     -2 -1.9717  2.0943   12024.6   76680.1    6583.2 -2.0013  2.0811  128439.9  153726.0  -32354.6
     4363.1    1396.2    8017.2   78899.8   13584.9   72986.0   16240.0   74672.4   10050.4   80813.9
   28 4     -1 -2.0189  2.1019   19645.9   70555.7    3716.8 -2.0013  2.0811  134176.5  147760.9  -35221.0
     2050.8     651.4   17755.4   71583.6   20172.8   69066.8   21744.3   69740.0   18695.0   72486.0
   29 4      0 -1.9889  2.1129   21532.1   69675.4    2868.2 -2.0013  2.0811  135874.9  145994.8  -36069.6
      806.5     237.1   20806.7   70100.2   21494.6   69369.4   22465.6   69462.8   21152.0   70425.2
vertex track :        131   3  30    9353880 -2.9952 -0.6738  146819.6  149081.2     423.0   211     nan
   27 4     -2 -3.0617 -0.9317    9299.4   67651.3    6602.6 -2.9823 -0.6785  123413.3  143205.7  -32338.2
        nan       nan      -nan       nan       nan       nan       nan       nan       nan       nan
   28 4     -1 -3.0484 -0.5677   15013.9   67479.3    3270.8 -2.9823 -0.6785  133349.7  145466.2  -35670.1
        nan       nan      -nan       nan       nan       nan       nan       nan       nan       nan
   29 4      0 -2.9216 -0.7389   17528.5   67289.0    2426.4 -2.9823 -0.6785  135868.0  146039.2  -36514.5
        nan       nan      -nan       nan       nan       nan       nan       nan       nan       nan
vertex track :        158   3  30    9610935  0.5339  3.4302  140690.0  145876.1     424.9   211   294.3
   27 6     -2  0.5569  3.4246   24045.2   10938.9    6623.4  0.5360  3.4227  139015.6  165373.6  -32314.5
     2364.6     587.2   23845.2   13367.1   23203.0    9418.4   24455.9    8724.1   25004.4   13178.6
   28 4     -1  0.5249  3.4268   22925.3   78204.9    3714.4  0.5360  3.4227  137456.4  155417.0  -35223.5
     1139.5     271.2   22829.7   79372.3   22594.9   77839.1   23231.4   77250.8   23366.0   79290.2
   29 4      0  0.5457  3.4319   22677.7   76207.2    2868.1  0.5360  3.4227  137002.8  152520.5  -36069.8
      577.8      98.9   22670.7   76793.3   22603.8   76372.8   22895.2   75834.5   22866.1   76762.2
