groupid:    897, ntrk:  7
vertex track :          0   3  33    7301797 -0.1455  0.5110  139558.1  119343.3     395.4    13   873.2
   34 4      1 -0.1477  0.5103   17438.3   38448.4   -2868.8 -0.1423  0.5018  135192.6  116483.5  -47012.6
       54.7       8.5   17414.9   38498.6   17414.3   38500.7   17671.5   38608.8   17431.2   38503.3
   35 4      2 -0.1500  0.5067   17693.3   35519.8   -3717.7 -0.1423  0.5018  135313.4  116057.5  -47861.6
       66.7      18.5   17656.6   35578.4   17663.0   35557.0   17939.8   35671.6   17692.1   35588.9
   36 4      3 -0.1486  0.5115   16775.8   37184.2   -6587.6 -0.1423  0.5018  135721.7  114617.4  -50731.4
      106.1      35.5   16712.1   37276.2   16740.1   37179.9   17049.3   37302.8   16780.3   37296.0
vertex track :          7   3  33    6213019  0.7516  0.2858  140872.0  119007.2     395.1   211     nan
   34 4      1  0.7914  0.3201   20338.9   40896.7   -2400.5  0.7564  0.2803  133933.8  117004.7  -46547.4
        nan       nan      -nan       nan       nan       nan       nan       nan       nan       nan
   35 4      2  0.7338  0.3019   19305.3   40652.0   -3217.3  0.7564  0.2803  133316.0  116775.7  -47364.2
        nan       nan      -nan       nan       nan       nan       nan       nan       nan       nan
   36 4      3  0.7454  0.2719   22370.1   37463.6   -6707.1  0.7564  0.2803  130676.4  115797.4  -50854.0
        nan       nan      -nan       nan       nan       nan       nan       nan       nan       nan
vertex track :         21   3  33    6409101 -0.1585 -0.8125  139551.3  117455.5     392.5   211   140.1
   34 4      1 -0.1557 -0.8127   17455.4   39743.3   -2868.7 -0.1615 -0.8169  135243.2  118905.6  -47018.0
      134.0      81.2   17509.9   39596.4   17527.7   39689.0   17610.7   40099.5   17350.4   39627.0
   35 4      2 -0.1516 -0.8146   17693.4   37900.6   -3717.8 -0.1615 -0.8169  135380.3  119599.2  -47867.1
      272.5     196.1   17836.3   37596.8   17904.2   37961.6   17760.2   38413.6   17450.7   37668.6
   36 4      3 -0.1526 -0.8126   16830.2   44156.0   -6585.8 -0.1615 -0.8169  135843.5  121942.2  -50735.1
      515.9     380.2   17108.7   43578.7   17267.1   44422.2   16761.6   44942.4   16361.4   43719.0
vertex track :         26   3  33    6634417  1.3141  0.8006  142469.0  119742.6     393.1   211   158.0
   34 4      1  1.3435  0.8414   20376.4   40192.7   -2402.9  1.3207  0.7918  133962.7  116306.3  -46546.0
      230.5      94.3   20521.8   40395.0   20413.1   40326.9   20442.4   40201.3   20621.8   40235.2
   35 4      2  1.2793  0.8035   18793.0   39466.4   -3219.0  1.3207  0.7918  132884.9  115660.1  -47362.0
      478.8     241.4   19070.0   39925.4   18527.8   39584.9   18727.2   39218.2   19326.8   39516.7
   36 4      3  1.2403  0.8192   20199.1   34591.7   -6703.2  1.3207  0.7918  128283.1  112901.2  -50846.3
     1061.5     551.3   20781.0   35636.7   19270.0   34638.7   19828.5   33757.4   21388.7   34716.7
vertex track :        102   3  34    7955381  1.7620 -1.1324  136348.7  118212.1     274.3   211     nan
   31 4     -2  1.7587 -1.1354   28659.3   31444.5    6576.0  1.7941 -1.1297  144724.4  111243.5  -39858.1
        nan       nan      -nan       nan       nan       nan       nan       nan       nan       nan
   32 4     -1  1.7683 -1.1582   25159.5   37075.2    3718.1  1.7941 -1.1297  139597.2  114471.9  -42715.9
        nan       nan      -nan       nan       nan       nan       nan       nan       nan       nan
   33 4      0  1.7600 -1.1321   22874.8   39348.2    2868.3  1.7941 -1.1297  138072.5  115432.0  -43565.8
        nan       nan      -nan       nan       nan       nan       nan       nan       nan       nan
vertex track :        111   3  34    8202410 -0.0890 -1.4785  137902.9  120934.7     271.1   211     nan
   31 4     -2 -0.0996 -1.4359   18315.0   31766.5    6915.2 -0.0872 -1.4866  134402.8  111205.4  -39506.7
        nan       nan      -nan       nan       nan       nan       nan       nan       nan       nan
   32 4     -1 -0.1071 -1.3436   16921.8   35620.9    3235.0 -0.0872 -1.4866  134723.7  116676.2  -43186.9
        nan       nan      -nan       nan       nan       nan       nan       nan       nan       nan
   33 4      0 -0.1136 -1.5572   15830.4   38055.6    2394.4 -0.0872 -1.4866  134797.0  117925.9  -44027.5
        nan       nan      -nan       nan       nan       nan       nan       nan       nan       nan
vertex track :        150   3  34    8840558  0.4877  1.5675  137079.7  115164.4     271.5  2212   802.1
   31 4     -2  0.4924  1.5652   20713.4   46874.5    6588.3  0.4897  1.5515  137247.8  125134.2  -39859.2
      392.7     120.1   20716.7   47285.2   20584.4   46864.6   20920.6   46675.4   20945.8   47213.1
   32 4     -1  0.4963  1.6395   21757.3   42704.4    3710.0  0.4897  1.5515  135838.3  120668.6  -42737.6
      220.9      57.2   21766.6   42932.4   21742.8   42853.8   21958.6   42688.0   21876.1   42899.3
   33 4      0  0.4894  1.5677   20551.0   42781.9    2868.0  0.4897  1.5515  135426.1  119362.3  -43579.5
      164.1      22.3   20578.6   42945.2   20583.6   42961.0   20733.8   42830.1   20621.1   42931.9
