groupid:   9056, ntrk: 24
vertex track :          0   3  35   11752584 -0.1333 -0.4152  152164.2  201813.2     233.8    13   563.7
   36 6      1 -0.1327 -0.4153   30282.2   49082.3   -2867.8 -0.1259 -0.4144  148843.1  204793.8  -49800.5
       45.0      10.7   30278.7   49036.2   30278.2   49034.7   30495.6   49338.0   30258.3   49042.7
   37 6      2 -0.1318 -0.4140   29880.3   50325.3   -3714.8 -0.1259 -0.4144  148949.7  205144.8  -50647.5
       58.3      25.4   29886.7   50262.1   29894.5   50286.3   30083.7   50598.2   29838.4   50277.4
   38 6      3 -0.1330 -0.4122   33691.4   51900.2   -6582.8 -0.1259 -0.4144  149310.7  206333.3  -53515.5
       97.3      49.9   33709.0   51792.3   33740.8   51890.9   33883.7   52217.7   33614.0   51822.9
vertex track :         37   3  35   11074981 -1.8647  1.4360  150097.3  203934.3     236.0   211     nan
   36 6      1 -2.1896  1.5318   40198.4   39501.8   -3342.2 -1.8554  1.3896  152999.3  200622.9  -50261.4
        nan       nan      -nan       nan       nan       nan       nan       nan       nan       nan
   37 6      2 -1.9062  1.3966   36973.8   42567.6   -4171.4 -1.8554  1.3896  154537.8  199470.6  -51090.6
        nan       nan      -nan       nan       nan       nan       nan       nan       nan       nan
   38 6      3 -1.7145  1.4346   43169.7   35970.5   -6797.1 -1.8554  1.3896  159409.3  195821.9  -53716.3
        nan       nan      -nan       nan       nan       nan       nan       nan       nan       nan
vertex track :         41   3  35   11132086  2.0936  1.4799  158873.9  207596.3     226.5   211     nan
   36 6      1  2.0933  1.4718   29536.0   48520.9   -2860.8  2.1072  1.4812  148638.3  204693.0  -49801.7
        nan       nan      -nan       nan       nan       nan       nan       nan       nan       nan
   37 6      2  2.0915  1.4867   27278.6   48191.3   -3714.2  2.1072  1.4812  146839.9  203428.9  -50655.1
        nan       nan      -nan       nan       nan       nan       nan       nan       nan       nan
   38 6      3  2.0892  1.4714   25113.1   44738.6   -6586.6  2.1072  1.4812  140787.2  199174.4  -53527.5
        nan       nan      -nan       nan       nan       nan       nan       nan       nan       nan
vertex track :         51   3  35   11136338 -2.0852  2.0552  148458.4  207055.4     239.8   211     nan
   36 6      1 -1.9190  2.1186   39072.7   41245.5   -3334.9 -2.0731  1.9878  152100.9  201567.6  -50241.6
        nan       nan      -nan       nan       nan       nan       nan       nan       nan       nan
   37 6      2 -2.1159  2.0486   36134.8   43358.0   -4172.9 -2.0731  1.9878  153838.1  199901.9  -51079.5
        nan       nan      -nan       nan       nan       nan       nan       nan       nan       nan
   38 6      3 -1.6748  2.1496   43177.2   35080.7   -6800.0 -2.0731  1.9878  159284.5  194679.7  -53706.7
        nan       nan      -nan       nan       nan       nan       nan       nan       nan       nan
vertex track :         52   3  35   11138146 -2.0371  2.0514  145423.8  209614.0     248.2     0 10001.0
   36 6      1 -2.0481  2.0465   29841.3   48614.6   -2871.3 -2.0186  2.0363  147927.2  204873.4  -49765.7
      412.7      13.0   29540.2   48897.2   29694.0   48743.4   30350.4   48544.1   29558.6   48915.6
   37 6      2 -2.0403  2.0469   31087.9   47865.8   -3717.5 -2.0186  2.0363  149635.2  203150.4  -50611.9
      507.0      17.5   30717.6   48212.5   31005.0   47924.1   31666.3   47731.1   30742.4   48237.3
   38 6      3 -2.0487  2.0436   39825.7   42952.0   -6584.8 -2.0186  2.0363  155423.0  197311.8  -53479.2
      839.3      30.9   39209.6   43522.9   39967.8   42766.6   40649.6   42593.3   39253.3   43566.7
vertex track :         64   3  35   11749904  0.8349 -0.9763  153221.3  201320.8     231.8   211   110.5
   36 6      1  0.8013 -0.9799   35776.4   44122.3   -3331.0  0.8565 -0.9703  146466.4  206484.3  -50268.1
      339.8     189.6   36138.2   43979.2   35876.3   44299.5   35625.3   44474.3   35844.7   43739.2
   37 6      2  0.6159 -0.9613   30519.5   49104.2   -4159.7  0.8565 -0.9703  145756.6  207288.4  -51096.8
      732.8     438.4   31283.9   48723.8   30622.6   49755.9   29965.7   49693.8   30545.7   48250.8
   38 6      3  0.8814 -1.0109   28724.1   49237.3   -6798.2  0.8565 -0.9703  143496.7  209848.6  -53735.3
     1318.3     795.3   30189.9   48766.4   28642.3   50541.3   27469.1   49917.2   28991.0   47721.0
vertex track :         67   3  35   11750137  1.0359 -0.2794  153087.7  201919.9     233.6   211     nan
   36 6      1  1.0348 -0.2811   27227.4   48666.9   -2864.5  1.0530 -0.2750  146116.7  204471.2  -49801.1
        nan       nan      -nan       nan       nan       nan       nan       nan       nan       nan
   37 6      2  1.0352 -0.2757   25927.1   49882.1   -3718.6  1.0530 -0.2750  145217.3  204706.1  -50655.2
        nan       nan      -nan       nan       nan       nan       nan       nan       nan       nan
   38 6      3  1.0347 -0.2750   26558.2   51075.7   -6580.0  1.0530 -0.2750  142204.2  205493.1  -53516.5
        nan       nan      -nan       nan       nan       nan       nan       nan       nan       nan
vertex track :         70   3  35   11750286  0.1371 -0.2504  152971.5  202303.0     232.7  2212   613.5
   36 6      1  0.1291 -0.2553   37511.2   43038.2   -3328.0  0.1446 -0.2501  148744.5  204887.9  -50262.0
       38.4      19.7   37546.2   43012.9   37538.6   43027.8   37686.4   43273.3   37510.9   42995.0
   37 6      2  0.1516 -0.2488   32411.7   47420.3   -4164.0  0.1446 -0.2501  148623.7  205096.9  -51098.0
       60.7      45.5   32482.1   47392.1   32450.8   47443.6   32551.4   47658.2   32404.4   47344.8
   38 6      3  0.1001 -0.2596   33166.6   45588.2   -6795.1  0.1446 -0.2501  148243.2  205754.9  -53729.1
      102.9      82.4   33280.4   45521.8   33227.4   45659.3   33262.8   45864.3   33126.7   45462.5
vertex track :        113   3  35   11978780  1.3565  1.8366  157094.6  209270.7     230.5   211     nan
   36 6      1  1.3560  1.8396   30156.5   48943.5   -2869.2  1.3638  1.8708  149122.5  205144.0  -49801.7
        nan       nan      -nan       nan       nan       nan       nan       nan       nan       nan
   37 6      2  1.3559  1.8304   28610.2   48413.1   -3722.4  1.3638  1.8708  147958.8  203547.7  -50655.0
        nan       nan      -nan       nan       nan       nan       nan       nan       nan       nan
   38 6      3  1.3567  1.8348   28296.5   43944.9   -6579.1  1.3638  1.8708  144062.8  198203.3  -53511.7
        nan       nan      -nan       nan       nan       nan       nan       nan       nan       nan
vertex track :        220   3  36   11972421  1.8751  2.0024  145103.8  202734.3     231.1   211     nan
   33 6     -2  1.9049  2.0511   43337.2   60077.2    6594.5  1.8520  1.9411  157333.2  213306.9  -43687.2
        nan       nan      -nan       nan       nan       nan       nan       nan       nan       nan
   34 6     -1  1.9140  2.0620   35349.1   48758.3    3714.5  1.8520  1.9411  151999.2  207716.4  -46567.3
        nan       nan      -nan       nan       nan       nan       nan       nan       nan       nan
   35 6      0  1.8577  1.9572   33606.6   51647.5    2871.4  1.8520  1.9411  150437.8  206079.9  -47410.4
        nan       nan      -nan       nan       nan       nan       nan       nan       nan       nan
vertex track :        229   3  36   12146914 -1.9855  1.6426  150020.2  204943.7     224.0   211     nan
   33 6     -2 -1.6321  1.9401   12240.6   60965.2    6805.0 -1.9677  1.5938  137531.3  213625.1  -43454.5
        nan       nan      -nan       nan       nan       nan       nan       nan       nan       nan
   34 6     -1 -2.3244  1.7077   18745.6   52556.6    4218.9 -1.9677  1.5938  142619.8  209503.4  -46040.6
        nan       nan      -nan       nan       nan       nan       nan       nan       nan       nan
   35 6      0 -2.1931  1.5104   19369.0   58066.4    3329.4 -1.9677  1.5938  144370.1  208085.6  -46930.2
        nan       nan      -nan       nan       nan       nan       nan       nan       nan       nan
vertex track :        235   3  36   12147763  0.8249 -0.4131  147391.1  206725.2     227.1   211     nan
   33 6     -2  0.8037 -0.4091   38432.9   47663.5    6583.7  0.8326 -0.4184  153130.2  202239.0  -43663.2
        nan       nan      -nan       nan       nan       nan       nan       nan       nan       nan
   34 6     -1  0.8222 -0.4170   33252.6   42732.7    3703.1  0.8326 -0.4184  150731.9  203444.2  -46543.8
        nan       nan      -nan       nan       nan       nan       nan       nan       nan       nan
   35 6      0  0.7963 -0.4197   32480.3   47630.7    2866.8  0.8326 -0.4184  150035.6  203794.1  -47380.1
        nan       nan      -nan       nan       nan       nan       nan       nan       nan       nan
vertex track :        249   3  36   12149149  0.7231  0.7656  146491.5  204192.9     230.1     0  3922.6
   33 6     -2  0.6472  0.7562   26283.7   54023.9    6836.7  0.7211  0.7441  151702.8  207311.6  -43433.1
      186.1      17.1   26391.7   54176.4   26285.6   54052.5   26386.3   54082.2   26417.7   54154.2
   34 6     -1  0.6586  0.7016   25175.4   48492.4    4199.2  0.7211  0.7441  149800.9  205349.1  -46070.6
      122.6       9.8   25252.1   48588.5   25222.6   48557.1   25309.3   48607.0   25266.5   48575.0
   35 6      0  0.8849  0.6618   23726.3   54714.0    3317.8  0.7211  0.7441  149165.3  204693.3  -46952.0
      103.2       6.7   23804.9   54781.1   23825.5   54796.6   23858.6   54857.5   23812.9   54770.4
vertex track :        253   3  36   12203078  1.5858 -1.8898  145331.6  209410.1     232.5   211    96.4
   33 6     -2  1.5628 -1.8916   41513.4   40265.3    6602.3  1.6219 -1.9075  156096.5  195403.3  -43627.5
     5103.2    1904.0   46231.6   37543.8   40059.1   45015.1   37006.7   43195.0   43295.8   35118.4
   34 6     -1  1.6173 -1.8869   34350.1   39200.6    3715.8  1.6219 -1.9075  151415.1  200909.1  -46513.9
     2441.7     907.9   36628.5   37937.5   33790.0   41249.1   32283.3   40671.8   35249.8   36755.8
   35 6      0  1.6180 -1.8952   32898.4   45367.4    2859.5  1.6219 -1.9075  150026.3  202542.4  -47370.2
      948.0     340.3   33772.7   44867.3   32881.4   45911.3   32235.6   46075.5   33255.1   44425.4
vertex track :        256   3  36   12204858  1.8289 -1.5319  142876.2  210319.7     238.3   211   707.7
   33 6     -2  1.5811 -1.2915   30100.0   45006.9    6797.1  1.8641 -1.5437  155524.9  198328.7  -43429.8
      687.5     144.3   30723.7   44683.8   29990.9   45282.4   29687.9   45538.8   30541.1   44460.3
   34 6     -1  2.0396 -1.2235   26013.7   45811.1    4206.9  1.8641 -1.5437  150696.6  202327.3  -46020.0
      418.2      77.2   26412.1   45662.2   26123.1   45835.5   25827.4   46168.8   26332.7   45529.8
   35 6      0  1.7026 -1.7048   23289.6   54222.5    3341.3  1.8641 -1.5437  149083.1  203663.5  -46885.5
      312.3      32.5   23533.3   54024.5   23449.4   54108.5   23257.6   54628.9   23487.3   53978.6
vertex track :        279   3  36   12833659 -1.9523 -1.3626  149174.1  207136.4     226.8   211     nan
   33 6     -2 -1.9635 -1.3644   21329.3   41721.4    6586.9 -1.9770 -1.3676  137053.7  196606.3  -43657.4
        nan       nan      -nan       nan       nan       nan       nan       nan       nan       nan
   34 6     -1 -1.9570 -1.3495   23238.4   39130.8    3719.0 -1.9770 -1.3676  142723.3  200528.3  -46525.3
        nan       nan      -nan       nan       nan       nan       nan       nan       nan       nan
   35 6      0 -1.9513 -1.3682   24875.7   44760.6    2872.3 -1.9770 -1.3676  144397.3  201686.3  -47372.1
        nan       nan      -nan       nan       nan       nan       nan       nan       nan       nan
vertex track :        282   3  36   12834359 -1.7296 -1.0543  151288.5  207861.3     223.8     0  3871.4
   33 6     -2 -1.8459 -1.0284   15238.2   45825.2    6798.2 -1.7475 -1.0574  140260.2  199067.9  -43438.4
      452.4      29.5   14857.3   45579.3   15260.1   45803.7   15827.2   46280.1   14828.6   45630.8
   34 6     -1 -1.7815 -0.9351   20801.2   45361.3    4227.7 -1.7475 -1.0574  144752.1  201785.9  -46008.9
      291.6      16.9   20550.8   45210.8   20693.1   45285.4   21259.7   45720.8   20535.1   45240.7
   35 6      0 -1.5904 -1.0641   21634.1   53114.3    3352.6 -1.7475 -1.0574  146281.4  202711.2  -46884.1
      239.6      10.9   21441.0   52972.0   21505.3   53015.0   22035.5   53465.5   21428.9   52990.2
vertex track :        288   3  36   12835532 -1.5205 -1.9916  148526.3  206817.2     227.0   211     nan
   33 6     -2 -1.5720 -1.9894   23507.4   37035.3    6579.2 -1.5463 -2.0065  139155.0  192243.2  -43667.5
        nan       nan      -nan       nan       nan       nan       nan       nan       nan       nan
   34 6     -1 -1.5426 -1.9771   24452.5   36197.6    3715.4 -1.5463 -2.0065  143583.3  197989.4  -46531.3
        nan       nan      -nan       nan       nan       nan       nan       nan       nan       nan
   35 6      0 -1.5604 -2.0121   25626.7   42294.4    2869.5 -1.5463 -2.0065  144891.3  199686.7  -47377.2
        nan       nan      -nan       nan       nan       nan       nan       nan       nan       nan
vertex track :        290   3  36   12835823 -1.7816  1.6543  148644.9  206404.3     225.8   211     nan
   33 6     -2 -1.8805  2.0388   12406.6   62406.4    6759.2 -1.7658  1.6052  137560.6  215067.8  -43489.7
        nan       nan      -nan       nan       nan       nan       nan       nan       nan       nan
   34 6     -1 -2.1131  1.9001   18210.1   53989.0    4208.4 -1.7658  1.6052  142064.7  210973.5  -46040.5
        nan       nan      -nan       nan       nan       nan       nan       nan       nan       nan
   35 6      0 -1.9058  1.7189   18633.6   59480.9    3302.7 -1.7658  1.6052  143664.0  209519.7  -46946.2
        nan       nan      -nan       nan       nan       nan       nan       nan       nan       nan
vertex track :        305   3  36   13039770  1.8562  1.3057  144738.1  203491.6     231.2   211     nan
   33 6     -2  1.8667  1.2771   42783.0   56035.0    6589.2  1.8446  1.2696  156907.6  209775.5  -43686.3
        nan       nan      -nan       nan       nan       nan       nan       nan       nan       nan
   34 6     -1  1.8637  1.2870   34898.9   46628.8    3703.8  1.8446  1.2696  151585.2  206112.2  -46571.7
        nan       nan      -nan       nan       nan       nan       nan       nan       nan       nan
   35 6      0  1.8544  1.2662   33090.7   49981.3    2867.3  1.8446  1.2696  150042.3  205050.4  -47408.2
        nan       nan      -nan       nan       nan       nan       nan       nan       nan       nan
vertex track :        307   3  36   13040127  2.1364  1.8573  142240.1  200477.1     232.9     0  3204.3
   33 6     -2  2.3877  2.1170   31231.8   57427.1    6808.2  2.1134  1.8019  156573.1  210573.2  -43491.9
      787.6      47.0   31789.9   57984.8   31112.7   57384.3   30886.0   57081.5   31852.3   57914.4
   34 6     -1  1.6230  1.8655   26327.9   48981.1    4164.1  2.1134  1.8019  150984.9  205808.7  -46136.0
      489.0      25.8   26629.4   49367.0   26328.3   49020.8   26238.1   48807.0   26668.4   49333.1
   35 6      0  2.3459  1.8561   23872.1   54182.5    3335.5  2.1134  1.8019  149233.7  204315.7  -46964.6
      397.6      15.0   24174.6   54440.9   24043.6   54337.3   23781.9   54135.8   24193.2   54417.4
vertex track :        310   3  36   13045941  1.9294 -1.4793  141244.7  209986.7     241.3   211   195.9
   33 6     -2  1.9143 -1.4835   39701.4   43722.3    6590.3  1.9656 -1.4906  154140.8  198661.4  -43641.4
     1732.7     621.3   41451.5   43152.0   39114.4   44963.2   38163.1   44501.0   40690.3   42169.8
   34 6     -1  1.9653 -1.4989   31689.7   41465.5    3723.9  1.9656 -1.4906  148506.6  202934.1  -46507.8
      852.2     297.3   32547.6   41185.1   31605.1   41903.9   31043.7   41954.4   32187.0   40712.3
   35 6      0  1.9047 -1.5423   29941.3   47217.1    2871.9  1.9656 -1.4906  146832.0  204204.1  -47359.7
      401.6     111.7   30323.8   47051.3   30099.6   47232.8   29770.8   47591.5   30183.1   46877.6
vertex track :        332   3  36   13274270 -4.3020 -3.5003  162876.2  216450.9     207.5     0  3971.1
   33 6     -2 -4.1187 -2.9763    9659.7   38570.5    6886.1 -4.4866 -3.6830  133421.2  190023.0  -43256.7
     2704.5      96.8    7524.3   36908.0   11043.5   39451.1   12001.0   40440.0    7410.9   37064.8
   34 6     -1 -3.9937 -2.9423   23161.3   44682.3    4241.3 -4.4866 -3.6830  145287.2  199763.7  -45901.5
     1649.3      53.2   21865.0   43661.2   23682.0   44999.9   24663.6   45910.5   21801.9   43746.9
   35 6      0 -3.5948 -3.3368   25969.1   54860.2    3312.1 -4.4866 -3.6830  149456.2  203186.0  -46830.7
     1276.2      28.3   25053.0   53971.2   26168.8   55006.9   27091.6   55955.8   25014.5   54012.7
vertex track :        373   3  36   13709450 -1.9270 -0.8797  153900.4  207850.0     217.8   211   133.7
   33 6     -2 -1.9218 -0.8736   26105.0   45615.7    6572.1 -1.9445 -0.8820  142015.4  200402.6  -43660.0
     2180.6     909.6   24496.3   43885.3   28063.0   45506.5   27921.8   47555.3   23743.5   45541.4
   34 6     -1 -1.9247 -0.8373   28109.9   41848.1    3712.1 -1.9445 -0.8820  147576.6  202925.1  -46520.0
     1059.0     436.4   27313.0   41025.5   28850.9   41694.5   29114.9   42879.9   26964.8   41825.9
   35 6      0 -1.8785 -0.8125   29663.5   47047.7    2873.9 -1.9445 -0.8820  149206.4  203664.4  -47358.2
      448.2     165.3   29317.7   46718.0   29745.9   46903.2   30217.3   47586.5   29186.5   47021.5
