groupid:   9125, ntrk: 11
vertex track :          0   3  31    6410777 -0.2046 -0.1222   94990.6  123793.3     158.8    13   693.8
   32 3      1 -0.2046 -0.1215   98583.5   46956.0   -2870.6 -0.2037 -0.1238   92805.8  124028.4  -42373.9
       26.0       7.4   98564.9   46936.4   98566.6   46937.4   98811.8   47185.6   98557.4   46949.2
   33 3      2 -0.2045 -0.1208   98642.0   47867.0   -3718.0 -0.2037 -0.1238   92978.4  124133.3  -43221.3
       35.0      18.2   98621.1   47833.5   98638.5   47843.8   98872.8   48110.4   98602.6   47864.9
   34 3      3 -0.2041 -0.1201   96637.0   46154.4   -6585.7 -0.2037 -0.1238   93562.6  124488.5  -46089.0
       60.2      36.1   96603.4   46092.7   96664.3   46128.5   96880.3   46425.9   96566.8   46155.0
vertex track :          8   3  31    5554431  0.1654 -0.0452   96101.0  124026.6     156.0   211   316.3
   32 3      1  0.1681 -0.0536   94081.7   45092.1   -3394.3  0.1659 -0.0462   92708.7  124052.5  -42895.1
       29.9      20.9   94116.5   45102.9   94094.9   45109.8   94257.1   45291.3   94103.8   45063.2
   33 3      2  0.1773 -0.0493   93610.3   45936.5   -4215.8  0.1659 -0.0462   92572.4  124090.4  -43716.6
       55.0      48.3   93676.2   45968.3   93607.6   45987.4   93754.6   46114.7   93650.4   45875.3
   34 3      3  0.1689 -0.0558   94575.3   46256.5   -6665.5  0.1659 -0.0462   92165.9  124203.6  -46166.3
       93.8      85.0   94691.0   46307.8   94548.3   46355.0   94669.7   46415.1   94637.7   46146.4
vertex track :         10   3  31    5554990  1.9592 -1.9427   99485.5  120040.1     151.9   211     nan
   32 3      1  1.9571 -1.9504   95769.9   49356.1   -2871.5  1.9685 -1.9485   90734.6  125797.1  -42375.2
        nan       nan      -nan       nan       nan       nan       nan       nan       nan       nan
   33 3      2  1.9494 -1.9532   94086.8   51748.6   -3716.9  1.9685 -1.9485   89070.5  127444.3  -43220.6
        nan       nan      -nan       nan       nan       nan       nan       nan       nan       nan
   34 3      3  1.9522 -1.9401   86830.6   54499.5   -6587.1  1.9685 -1.9485   83420.4  133036.9  -46090.8
        nan       nan      -nan       nan       nan       nan       nan       nan       nan       nan
vertex track :         34   3  31    5739747  1.6520  1.5105  101579.1  129601.4     156.6     0  2726.0
   32 3      1  1.6919  1.3512   95284.9   46155.1   -3392.4  1.6443  1.5131   92924.9  124106.7  -42890.0
      305.3      14.8   95514.2   46357.2   95392.4   46259.9   95267.3   46164.3   95532.7   46334.0
   33 3      2  1.8248  1.5549   93532.1   45717.5   -4213.1  1.6443  1.5131   91575.3  122864.8  -43710.7
      365.7      24.8   93794.4   45973.5   93620.9   45825.7   93481.7   45673.0   93826.6   45935.7
   34 3      3  1.6145  1.5486   90276.6   41667.8   -6673.6  1.6443  1.5131   87529.4  119141.9  -46171.2
      549.7      42.0   90644.3   42078.7   90189.9   41642.8   90120.6   41468.5   90702.5   42018.0
vertex track :         52   3  31    6409647  1.7917 -1.0755   97885.7  122422.0     153.8   211     nan
   32 3      1  1.7886 -1.0758   94744.6   48810.0   -2867.1  1.7971 -1.0768   89655.1  125539.2  -42368.7
        nan       nan      -nan       nan       nan       nan       nan       nan       nan       nan
   33 3      2  1.7884 -1.0800   93192.0   50509.2   -3723.5  1.7971 -1.0768   88116.0  126461.4  -43225.1
        nan       nan      -nan       nan       nan       nan       nan       nan       nan       nan
   34 3      3  1.7886 -1.0830   86322.2   51142.1   -6583.9  1.7971 -1.0768   82975.5  129541.5  -46085.5
        nan       nan      -nan       nan       nan       nan       nan       nan       nan       nan
vertex track :        192   3  32    4435382  0.0824  0.5102   96853.6  123569.0     266.6   211     nan
   29 3     -2  0.0927  0.5080   97988.6   48354.9    6580.2  0.0884  0.5050   92633.1  125463.3  -36434.7
        nan       nan      -nan       nan       nan       nan       nan       nan       nan       nan
   30 3     -1  0.0848  0.5085   97532.2   47757.2    3682.8  0.0884  0.5050   92377.0  124000.0  -39332.1
        nan       nan      -nan       nan       nan       nan       nan       nan       nan       nan
   31 3      0  0.0828  0.5098   95758.3   45693.7    2870.8  0.0884  0.5050   92305.2  123589.9  -40144.1
        nan       nan      -nan       nan       nan       nan       nan       nan       nan       nan
vertex track :        204   3  32    4480690  2.4271  2.0781   96899.6  124738.4     265.3     0  3025.5
   29 3     -2  2.2835  1.9164  112117.0   55878.5    6817.5  2.4432  2.0783  108131.7  137061.7  -36191.5
      971.7      56.5  112825.0   56546.5  111815.9   55699.6  111621.3   55422.5  112897.6   56459.9
   30 3     -1  2.5610  2.0443  106029.0   52818.8    4297.8  2.4432  2.0783  101975.4  131825.0  -38711.2
      615.0      31.8  106489.8   53227.4  106066.3   52889.3  105780.7   52622.3  106529.5   53177.7
   31 3      0  2.3330  1.8885  106919.7   53085.4    3425.3  2.4432  2.0783   99843.9  130011.8  -39583.6
      492.9      17.6  107291.8   53409.2  107015.4   53185.5  106759.9   52973.5  107313.9   53381.9
vertex track :        205   3  32    4480699  0.7310  1.1968   97225.9  124791.9     265.3   211     nan
   29 3     -2  0.7510  1.1816  102860.6   54087.4    6583.4  0.7369  1.1901   97105.2  131016.4  -36427.0
        nan       nan      -nan       nan       nan       nan       nan       nan       nan       nan
   30 3     -1  0.7157  1.2458  100709.2   51975.9    3716.8  0.7369  1.1901   94992.8  127604.9  -39293.6
        nan       nan      -nan       nan       nan       nan       nan       nan       nan       nan
   31 3      0  0.7353  1.2029   98369.1   49257.9    2868.3  0.7369  1.1901   94367.6  126595.1  -40142.1
        nan       nan      -nan       nan       nan       nan       nan       nan       nan       nan
vertex track :        206   3  32    4480878  1.9523 -0.0197   97396.3  125400.5     266.8     0 10001.0
   29 3     -2  1.8613  0.0568  109461.4   42717.5    6710.8  1.9756 -0.0274  105352.0  123929.2  -36299.4
      418.7      21.3  109879.3   42751.6  109433.1   42738.0  109255.4   42893.5  109880.6   42709.0
   30 3     -1  1.9209 -0.0089  104865.6   45755.6    4355.8  1.9756 -0.0274  100699.3  123993.7  -38654.4
      280.6      13.4  105146.3   45767.6  104988.4   45768.3  104796.8   45953.5  105146.2   45740.9
   31 3      0  1.8929  0.0101  105955.5   47687.9    3439.6  1.9756 -0.0274   98889.2  124018.8  -39570.6
      229.9      10.0  106185.3   47699.1  106123.1   47698.8  105937.6   47886.7  106185.4   47679.2
vertex track :        237   3  32    5526560 -3.7347  0.2958  107316.0  124273.6     265.7     0  1878.6
   29 3     -2 -3.7332  0.3736   82986.2   47837.7    6547.1 -3.6626  0.2896   79517.6  124783.5  -36514.7
     1269.8      98.8   81712.9   47865.9   83455.9   47691.5   84465.8   48019.9   81732.5   48062.4
   30 3     -1 -3.7415  0.3120   91679.8   47584.5    3713.4 -3.6626  0.2896   89896.2  123963.0  -39348.4
      715.3      48.1   90963.0   47596.0   91602.9   47542.7   92602.8   47783.2   90971.0   47691.8
   31 3      0 -3.7121  0.3316   93205.1   45687.8    2869.2 -3.6626  0.2896   92988.4  123718.5  -40192.6
      548.1      21.3   92657.3   45715.3   92969.7   45687.4   93959.3   45870.5   92661.1   45757.8
vertex track :        295   3  32    6010656 -1.2336 -2.6032   98406.8  127050.9     267.6     0  4272.3
   29 3     -2 -1.2142 -2.4649   89351.2   27415.4    6796.0 -1.2381 -2.6182   85550.9  108662.3  -36213.3
      802.7      39.8   89032.2   26677.7   89486.6   27600.2   89879.0   28360.5   88960.8   26712.9
   30 3     -1 -1.4140 -2.5326   93820.9   37882.4    4298.4 -1.2381 -2.6182   88643.2  115201.5  -38710.9
      513.2      23.0   93590.8   37423.0   93794.2   37787.4   94259.6   38549.2   93550.6   37445.5
   31 3      0 -1.1781 -2.5569   97863.6   42011.5    3440.8 -1.2381 -2.6182   89704.9  117446.8  -39568.5
      416.5      14.5   97702.5   41627.1   97803.7   41846.8   98233.6   42603.3   97676.2   41639.2
