groupid:   9314, ntrk: 28
vertex track :          0   3 113     554508 -0.1550 -0.1930   74204.1   78892.6     260.2    13  1601.9
  114 1      1 -0.1550 -0.1932   73746.9   78080.6   -2867.3 -0.1522 -0.1945   69707.6   77890.8 -194869.3
       26.5       3.8   73733.3   78057.5   73733.9   78058.3   73970.4   78313.4   73727.3   78062.3
  115 1      2 -0.1527 -0.1939   74876.3   78687.9   -3717.5 -0.1522 -0.1945   69837.0   78056.1 -195719.5
       32.4       8.4   74862.9   78657.3   74870.9   78667.5   75099.6   78928.4   74849.7   78667.7
  116 1      3 -0.1543 -0.1937   75459.0   80971.3   -6586.1 -0.1522 -0.1945   70273.7   78614.0 -198588.2
       52.3      16.3   75439.2   80920.2   75472.0   80961.4   75688.7   81232.2   75413.7   80940.5
vertex track :         20   3 113     554044 -0.8604  0.3172   72662.2   79992.5     266.8  2212   974.2
  114 1      1 -0.8969  0.2678   76244.5   80421.9   -3055.9 -0.8650  0.3248   70543.0   77325.1 -195060.9
       95.3      14.0   76149.3   80435.8   76143.5   80437.5   76548.9   80618.4   76157.3   80462.6
  115 1      2 -0.8589  0.2577   75107.6   80394.9   -3874.2 -0.8650  0.3248   71250.9   77059.3 -195879.2
      116.7      30.9   74986.9   80398.8   75030.1   80385.9   75437.3   80601.2   75004.7   80458.0
  116 1      3 -0.8658  0.3304   78248.2   76922.8   -6783.1 -0.8650  0.3248   73767.1   76114.5 -198788.1
      187.6      59.6   78051.7   76934.0   78220.3   76869.6   78653.8   77122.0   78094.2   77045.4
vertex track :         33   3 113     556073  1.9556  1.5724   75457.2   79933.5     263.9   211     nan
  114 1      1  1.9568  1.5708   68545.8   73737.1   -2868.3  1.9939  1.6163   64248.9   73278.3 -194880.5
        nan       nan      -nan       nan       nan       nan       nan       nan       nan       nan
  115 1      2  1.9477  1.5914   68006.2   72839.3   -3718.9  1.9939  1.6163   62553.0   71903.5 -195731.0
        nan       nan      -nan       nan       nan       nan       nan       nan       nan       nan
  116 1      3  1.9498  1.5665   62371.7   70053.9   -6585.7  1.9939  1.6163   56837.0   67270.0 -198597.8
        nan       nan      -nan       nan       nan       nan       nan       nan       nan       nan
vertex track :         73   3 113    1058431  1.6930 -1.3392   79479.4   75446.4     258.3   211     nan
  114 1      1  1.7971 -1.2074   75726.7   80606.3   -3055.6  1.7267 -1.3614   68854.5   78285.3 -195069.0
        nan       nan      -nan       nan       nan       nan       nan       nan       nan       nan
  115 1      2  1.6675 -1.3822   72493.0   81936.3   -3873.9  1.7267 -1.3614   67441.5   79399.4 -195887.3
        nan       nan      -nan       nan       nan       nan       nan       nan       nan       nan
  116 1      3  1.7834 -1.3936   68314.8   83407.7   -6796.1  1.7267 -1.3614   62395.6   83377.7 -198809.6
        nan       nan      -nan       nan       nan       nan       nan       nan       nan       nan
vertex track :         98   3 113    1172152  0.9641  0.9263   77272.6   82217.1     266.8     0 10000.9
  114 1      1  0.9615  0.9270   73390.6   77984.6   -2867.8  0.9797  0.9597   69249.4   77671.7 -194893.5
      137.6       7.6   73484.3   78085.6   73488.2   78089.3   73507.7   78094.6   73494.8   78074.7
  115 1      2  0.9571  0.9359   73631.4   77660.9   -3717.8  0.9797  0.9597   68416.6   76855.9 -195743.5
      163.2       9.9   73741.1   77782.1   73708.8   77750.4   73732.6   77750.6   73755.0   77767.9
  116 1      3  0.9613  0.9259   70920.2   76693.7   -6587.3  0.9797  0.9597   65605.2   74102.1 -198613.0
      257.3      17.2   71093.6   76884.6   70924.8   76722.0   70957.7   76713.7   71117.5   76859.8
vertex track :        124   3 113    1571766 -2.9803 -4.0550   68419.5   71115.9     254.5   211   185.3
  114 1      1 -3.2562 -4.1600   78033.5   84034.1   -3052.3 -2.9406 -4.0510   73138.4   82767.1 -195014.1
     2598.4     456.7   76791.6   81706.4   79311.0   84925.2   79482.3   86567.5   76072.4   82269.4
  115 3      2 -2.9084 -3.7934   79075.9    8814.6   -3866.9 -2.9406 -4.0510   75534.0   86067.3 -195828.7
     5734.9    1084.8   76447.4    3603.4   82815.4   11909.1   81911.5   14232.0   74725.7    4923.5
  116 3      3 -3.2014 -4.1288   87271.0   18679.1   -6786.3 -2.9406 -4.0510   84118.9   97893.8 -198748.1
    11110.4    2117.6   82136.4    8601.3   95080.2   25294.7   92612.5   28962.7   78789.5   11196.5
vertex track :        129   3 113    1592015  1.5983 -0.6395   76949.7   78200.7     261.9   211     nan
  114 1      1  1.5954 -0.6335   71132.5   78756.8   -2867.5  1.6292 -0.6543   66910.9   78622.6 -194880.0
        nan       nan      -nan       nan       nan       nan       nan       nan       nan       nan
  115 1      2  1.6064 -0.6281   70853.9   79686.4   -3718.9  1.6292 -0.6543   65523.8   79179.6 -195731.5
        nan       nan      -nan       nan       nan       nan       nan       nan       nan       nan
  116 1      3  1.6024 -0.6522   66300.2   83313.7   -6586.9  1.6292 -0.6543   60851.3   81056.1 -198599.5
        nan       nan      -nan       nan       nan       nan       nan       nan       nan       nan
vertex track :        161   3 113    2540769 -2.4345 -3.7033   67447.6   68320.3     250.7     0 10000.4
  114 1      1 -2.8106 -3.7499   75554.7   80287.8   -3055.7 -2.4062 -3.7093   70398.6   78790.5 -195005.3
      897.6      20.1   75032.4   79557.5   75518.9   80206.6   76284.2   81224.3   75000.3   79581.6
  115 1      2 -2.3634 -3.8336   75793.5   83570.7   -3870.9 -2.4062 -3.7093   72360.0   81814.1 -195820.4
     1102.4      27.4   75238.2   82617.9   75899.0   83689.7   76556.4   84729.7   75191.6   82646.6
  116 3      3 -2.4154 -3.9032   82814.9   13320.7   -6786.0 -2.4062 -3.7093   79374.4   92627.2 -198735.6
     1846.7      48.3   81884.2   11724.8   83320.5   14045.9   83953.1   15122.6   81802.0   11775.7
vertex track :        199   3 113    2629007  0.0418 -0.4122   74621.8   78420.9     261.0  2212   513.3
  114 1      1  0.0430 -0.4134   73555.5   78282.1   -2866.9  0.0473 -0.4178   69507.5   78108.8 -194870.5
       49.3      24.3   73584.8   78235.7   73583.6   78246.8   73736.2   78538.2   73536.4   78230.6
  115 1      2  0.0456 -0.4127   74560.0   79067.4   -3718.6  0.0473 -0.4178   69467.1   78464.6 -195722.2
       81.1      59.6   74628.1   78993.3   74619.8   79067.9   74701.9   79351.0   74509.7   78980.2
  116 1      3  0.0423 -0.4102   74547.5   81990.9   -6586.4  0.0473 -0.4178   69331.4   79662.8 -198590.0
      148.4     117.0   74679.2   81855.4   74657.6   82064.4   74625.9   82336.1   74446.3   81831.4
vertex track :        202   3 113    2629631 -1.0661 -1.4242   73056.8   77357.5     259.0   211     nan
  114 1      1 -0.9438 -1.3174   77109.9   82689.0   -3055.9 -1.0618 -1.4380   71597.5   80487.8 -195049.9
        nan       nan      -nan       nan       nan       nan       nan       nan       nan       nan
  115 1      2 -1.1205 -1.5116   76305.8   84175.9   -3869.3 -1.0618 -1.4380   72461.2   81657.5 -195863.4
        nan       nan      -nan       nan       nan       nan       nan       nan       nan       nan
  116 3      3 -0.9852 -1.3599   79508.6    7432.9   -6793.6 -1.0618 -1.4380   75566.2   85862.7 -198787.7
        nan       nan      -nan       nan       nan       nan       nan       nan       nan       nan
vertex track :        232   3 113    2671497 -1.9399  1.2418   72200.4   80490.9     268.1   211     nan
  114 1      1 -1.9344  1.2327   77179.7   75297.3   -2867.9 -1.9523  1.2620   73322.6   74954.5 -194873.3
        nan       nan      -nan       nan       nan       nan       nan       nan       nan       nan
  115 1      2 -1.9517  1.2256   79858.7   74773.9   -3717.9 -1.9523  1.2620   74982.1   73881.8 -195723.4
        nan       nan      -nan       nan       nan       nan       nan       nan       nan       nan
  116 1      3 -1.9323  1.2561   85523.3   72818.0   -6586.1 -1.9523  1.2620   80581.7   70262.0 -198591.6
        nan       nan      -nan       nan       nan       nan       nan       nan       nan       nan
vertex track :        263   3 113    6388951  2.0541 -1.2001   78580.0   76919.1     203.1   211     nan
  114 1      1  2.3198 -1.1603   73680.4   81629.4   -3056.3  2.0959 -1.2182   66830.5   79243.9 -195013.8
        nan       nan      -nan       nan       nan       nan       nan       nan       nan       nan
  115 1      2  2.0951 -1.2259   70242.3   83042.3   -3869.4  2.0959 -1.2182   65126.3   80234.4 -195826.9
        nan       nan      -nan       nan       nan       nan       nan       nan       nan       nan
  116 1      3  2.1195 -1.1202   65073.0   83890.6   -6793.4  2.0959 -1.2182   58997.8   83796.5 -198750.9
        nan       nan      -nan       nan       nan       nan       nan       nan       nan       nan
vertex track :        268   3 113    6389815 -0.4034  0.6787   73823.7   80248.7     211.0   211     nan
  114 1      1 -0.3991  0.6756   74119.2   76772.0   -2866.9 -0.4066  0.6930   70093.2   76530.8 -194820.7
        nan       nan      -nan       nan       nan       nan       nan       nan       nan       nan
  115 1      2 -0.4094  0.6748   75524.7   76673.2   -3717.3 -0.4066  0.6930   70439.0   75941.4 -195671.1
        nan       nan      -nan       nan       nan       nan       nan       nan       nan       nan
  116 1      3 -0.4020  0.6786   76763.2   76400.2   -6586.5 -0.4066  0.6930   71605.5   73953.0 -198540.4
        nan       nan      -nan       nan       nan       nan       nan       nan       nan       nan
vertex track :        307   3 113    7249032  1.0726  1.0676   77028.0   82158.4     212.8     0 10000.3
  114 1      1  1.2360  1.1166   75089.9   80445.9   -3055.8  1.0902  1.1064   68510.2   77002.1 -195026.5
      166.1       8.6   75207.4   80563.7   75220.4   80575.4   75183.6   80539.3   75219.0   80550.9
  115 1      2  1.0801  1.0716   72350.9   79746.9   -3867.6  1.0902  1.1064   67625.2   76103.9 -195838.3
      196.1      11.1   72482.3   79892.8   72430.8   79841.7   72430.6   79812.0   72497.9   79877.1
  116 1      3  1.1245  0.9465   69946.8   74259.5   -6792.6  1.0902  1.1064   64436.5   72867.7 -198763.3
      311.9      19.2   70173.0   74475.1   69932.0   74272.2   69931.7   74254.9   70197.8   74445.7
vertex track :        352   3 114     613628  1.2355  1.2385   71289.9   75673.4     217.7   211     nan
  111 1     -2  1.2129  1.2636   78799.0   81468.5    6582.7  1.2534  1.2703   75201.8   83504.7 -188431.3
        nan       nan      -nan       nan       nan       nan       nan       nan       nan       nan
  112 1     -1  1.2494  1.2329   75679.6   79754.4    3719.6  1.2534  1.2703   71613.3   79867.8 -191294.4
        nan       nan      -nan       nan       nan       nan       nan       nan       nan       nan
  113 1      0  1.1935  1.2372   76051.2   80890.6    2867.2  1.2534  1.2703   70544.8   78784.9 -192146.8
        nan       nan      -nan       nan       nan       nan       nan       nan       nan       nan
vertex track :        359   3 114     664655 -1.7009 -0.4711   78690.2   79016.7     209.3   211     nan
  111 1     -2 -1.4490 -0.4848   66134.5   79762.0    6345.2 -1.7036 -0.4893   64232.9   75845.5 -188689.9
        nan       nan      -nan       nan       nan       nan       nan       nan       nan       nan
  112 1     -1 -1.7362 -0.4127   73032.6   78193.5    4022.6 -1.7036 -0.4893   68189.8   76982.0 -191012.5
        nan       nan      -nan       nan       nan       nan       nan       nan       nan       nan
  113 1      0 -1.6631 -0.3952   72752.6   76331.8    3110.9 -1.7036 -0.4893   69742.9   77428.1 -191924.1
        nan       nan      -nan       nan       nan       nan       nan       nan       nan       nan
vertex track :        362   3 114     664906  1.2240  0.1963   71001.7   77302.4     215.4   211     nan
  111 1     -2  1.2199  0.2179   78584.6   76430.9    6600.8  1.2449  0.2030   74873.8   78372.7 -188412.6
        nan       nan      -nan       nan       nan       nan       nan       nan       nan       nan
  112 1     -1  1.2249  0.1711   75441.6   77176.5    3732.3  1.2449  0.2030   71302.7   77790.4 -191281.1
        nan       nan      -nan       nan       nan       nan       nan       nan       nan       nan
  113 1      0  1.2676  0.2023   75716.2   79328.3    2861.2  1.2449  0.2030   70218.2   77613.6 -192152.2
        nan       nan      -nan       nan       nan       nan       nan       nan       nan       nan
vertex track :        374   3 114     665380  0.4656 -1.7372   73189.0   79486.2     215.3   211     nan
  111 1     -2  0.4928 -1.7932   74940.2   71752.7    6413.3  0.4823 -1.7634   72112.9   68370.0 -188610.9
        nan       nan      -nan       nan       nan       nan       nan       nan       nan       nan
  112 1     -1  0.5658 -1.6843   75738.4   73758.3    4043.8  0.4823 -1.7634   70970.2   72548.3 -190980.4
        nan       nan      -nan       nan       nan       nan       nan       nan       nan       nan
  113 1      0  0.5930 -1.9148   73503.5   73177.2    3115.7  0.4823 -1.7634   70522.6   74185.0 -191908.6
        nan       nan      -nan       nan       nan       nan       nan       nan       nan       nan
vertex track :        384   3 114     666188  1.3076  0.3310   69164.9   76604.8     216.1   211     nan
  111 1     -2  1.3145  0.3411   77249.1   76546.8    6582.5  1.3298  0.3408   73537.7   78535.5 -188424.3
        nan       nan      -nan       nan       nan       nan       nan       nan       nan       nan
  112 1     -1  1.3092  0.3279   73834.5   77033.3    3711.9  1.3298  0.3408   69720.3   77557.1 -191294.9
        nan       nan      -nan       nan       nan       nan       nan       nan       nan       nan
  113 1      0  1.3125  0.3186   74123.4   79053.4    2869.1  1.3298  0.3408   68599.5   77269.8 -192137.7
        nan       nan      -nan       nan       nan       nan       nan       nan       nan       nan
vertex track :        400   3 114    1291151  2.0790  2.1164   70218.7   74421.3     213.7   211     nan
  111 3     -2  2.2148  2.2378   82647.6   14188.3    6305.8  2.1158  2.1789   79037.5   87418.8 -188698.6
        nan       nan      -nan       nan       nan       nan       nan       nan       nan       nan
  112 1     -1  1.7460  1.7868   78825.1   83019.4    4086.5  2.1158  2.1789   74342.0   82583.3 -190917.8
        nan       nan      -nan       nan       nan       nan       nan       nan       nan       nan
  113 1      0  1.8004  2.2115   75034.4   79198.0    3090.6  2.1158  2.1789   72234.9   80413.3 -191913.7
        nan       nan      -nan       nan       nan       nan       nan       nan       nan       nan
vertex track :        411   3 114    1376823  1.9801  0.0162   71609.8   77875.4     214.7   211     nan
  111 1     -2  1.9819  0.0586   84119.6   75934.1    6582.7  2.0181  0.0194   80387.3   77783.4 -188433.0
        nan       nan      -nan       nan       nan       nan       nan       nan       nan       nan
  112 1     -1  1.9696  0.0355   79040.9   76988.5    3680.1  2.0181  0.0194   74529.5   77727.0 -191335.6
        nan       nan      -nan       nan       nan       nan       nan       nan       nan       nan
  113 1      0  2.0087  0.0724   78637.5   79343.2    2862.7  2.0181  0.0194   72879.9   77711.1 -192153.0
        nan       nan      -nan       nan       nan       nan       nan       nan       nan       nan
vertex track :        494   3 114    2160628  0.5779  0.1992   72114.8   77306.6     214.4   211     nan
  111 1     -2  0.5456  0.2069   74471.1   82401.9    6385.9  0.5877  0.2051   71676.5   78346.8 -188630.3
        nan       nan      -nan       nan       nan       nan       nan       nan       nan       nan
  112 1     -1  0.5915  0.1296   75025.2   78906.9    4121.9  0.5877  0.2051   70345.8   77882.6 -190894.3
        nan       nan      -nan       nan       nan       nan       nan       nan       nan       nan
  113 1      0  0.5798  0.1714   72746.1   76542.9    3105.8  0.5877  0.2051   69748.7   77674.2 -191910.4
        nan       nan      -nan       nan       nan       nan       nan       nan       nan       nan
vertex track :        495   3 114    2160651 -0.3321  2.9706   73690.5   77303.2     211.4     0   798.5
  111 3     -2 -0.4074  2.9866   71044.8   15901.8    6593.4 -0.3489  3.0349   67415.4   96448.1 -188425.1
      982.0     167.2   70746.5   16852.2   70926.3   15533.4   71552.8   15164.4   71077.8   16897.4
  112 3     -1 -0.3862  3.0157   71418.2   10169.1    3715.1 -0.3489  3.0349   68419.6   87712.3 -191303.4
      541.8      80.4   71269.7   10696.3   71326.2   10254.8   71776.4    9854.9   71429.1   10716.8
  113 3      0 -0.3255  2.9245   72816.8    8667.5    2854.8 -0.3489  3.0349   68719.6   85101.6 -192163.6
      392.9      31.6   72741.9    9054.5   72760.5    8887.7   73101.3    8493.5   72804.7    9061.5
vertex track :        518   3 114    4277163  1.9651 -0.4914   70855.9   78531.6     165.0   211     nan
  111 1     -2  1.9034 -0.4193   82539.6   79126.3    6408.0  2.0037 -0.5001   79279.7   75204.8 -188556.5
        nan       nan      -nan       nan       nan       nan       nan       nan       nan       nan
  112 1     -1  2.7376 -0.5540   78976.7   77617.6    4110.2  2.0037 -0.5001   74675.7   76353.9 -190854.2
        nan       nan      -nan       nan       nan       nan       nan       nan       nan       nan
  113 1      0  1.9198 -0.5205   75406.1   75787.1    3093.3  2.0037 -0.5001   72638.2   76862.4 -191871.1
        nan       nan      -nan       nan       nan       nan       nan       nan       nan       nan
vertex track :        526   3 114    4278219  1.1585 -0.5967   69678.0   79264.7     167.2   211     nan
  111 1     -2  1.1558 -0.5792   77067.7   73279.9    6583.2  1.1836 -0.5967   73170.6   75243.2 -188380.7
        nan       nan      -nan       nan       nan       nan       nan       nan       nan       nan
  112 1     -1  1.1575 -0.5920   73716.1   75957.2    3721.7  1.1836 -0.5967   69783.7   76950.6 -191242.1
        nan       nan      -nan       nan       nan       nan       nan       nan       nan       nan
  113 1      0  1.1906 -0.5721   74169.7   78843.6    2870.5  1.1836 -0.5967   68776.2   77458.5 -192093.3
        nan       nan      -nan       nan       nan       nan       nan       nan       nan       nan
vertex track :        536   3 114    5187161  2.0564  0.2581   68828.0   77054.1     164.2   211     nan
  111 1     -2  2.1326  0.3400   80715.7   82599.6    6353.5  2.0959  0.2674   77700.6   78477.8 -188600.9
        nan       nan      -nan       nan       nan       nan       nan       nan       nan       nan
  112 1     -1  2.2496  0.3766   77257.0   78842.9    4185.7  2.0959  0.2674   73157.2   77898.0 -190768.8
        nan       nan      -nan       nan       nan       nan       nan       nan       nan       nan
  113 1      0  2.0559  0.2321   73690.1   76433.4    3102.2  2.0959  0.2674   70886.2   77608.2 -191852.3
        nan       nan      -nan       nan       nan       nan       nan       nan       nan       nan
vertex track :        544   3 114    5213635  1.7788 -1.8820   70881.0   80640.6     165.9   211     nan
  111 1     -2  1.8154 -1.8165   82382.9   66591.1    6592.0  1.8162 -1.9177   78455.9   68149.5 -188377.0
        nan       nan      -nan       nan       nan       nan       nan       nan       nan       nan
  112 1     -1  1.7573 -1.9131   77424.5   72090.3    3718.1  1.8162 -1.9177   73236.6   73660.6 -191250.8
        nan       nan      -nan       nan       nan       nan       nan       nan       nan       nan
  113 1      0  1.7259 -1.8636   77353.0   76208.6    2873.3  1.8162 -1.9177   71702.2   75280.8 -192095.7
        nan       nan      -nan       nan       nan       nan       nan       nan       nan       nan
vertex track :        547   3 114    6100472  2.5337 -1.3897   68520.4   80408.6     167.0   211     nan
  111 1     -2  2.7645 -1.4484   83705.8   75048.8    6398.5  2.5978 -1.4001   80589.3   71496.4 -188561.1
        nan       nan      -nan       nan       nan       nan       nan       nan       nan       nan
  112 1     -1  2.5945 -1.2462   78671.1   76062.3    4046.2  2.5978 -1.4001   74478.6   74789.8 -190913.3
        nan       nan      -nan       nan       nan       nan       nan       nan       nan       nan
  113 1      0  2.5496 -1.3237   74693.8   75114.5    3106.1  2.5978 -1.4001   72036.2   76106.1 -191853.5
        nan       nan      -nan       nan       nan       nan       nan       nan       nan       nan
