groupid:   9570, ntrk: 13
vertex track :          0   3  29    4696537 -0.1223  0.2812   84966.8  149426.4     289.5    13   771.7
   30 3      1 -0.1241  0.2804   83898.7   69337.2   -2868.7 -0.1210  0.2804   78745.8  145923.1  -39068.1
       32.7       7.4   83878.7   69364.1   83879.1   69363.2   84128.6   69520.6   83892.3   69370.2
   31 3      2 -0.1249  0.2804   82254.8   67422.1   -3718.6 -0.1210  0.2804   78848.6  145684.8  -39917.9
       41.9      17.5   82221.7   67453.2   82229.6   67435.6   82497.7   67601.2   82253.7   67467.5
   32 3      3 -0.1237  0.2793   84965.3   67740.0   -6588.1 -0.1210  0.2804   79195.9  144880.2  -42787.4
       69.3      34.2   84906.0   67789.5   84936.1   67721.4   85234.6   67900.8   84968.6   67817.2
vertex track :         70   3  29    5862735 -1.7014  1.6166   81011.2  152361.8     292.9     0 10001.0
   30 3      1 -1.6607  1.5705   85949.5   70703.5   -2540.5 -1.7066  1.5771   79195.3  145243.6  -38719.1
      275.2      10.2   85742.6   70885.2   85793.7   70836.8   86364.7   70733.3   85756.5   70899.9
   31 3      2 -1.7442  1.5828   90036.2   71250.0   -3353.6 -1.7066  1.5771   80582.8  143961.3  -39532.2
      335.4      13.7   89778.7   71465.3   89909.1   71346.9   90502.1   71246.3   89797.0   71485.6
   32 3      3 -1.7257  1.6616   92945.5   65953.4   -6638.7 -1.7066  1.5771   86189.0  138780.3  -42817.2
      595.7      26.5   92497.9   66347.5   92993.8   65870.0   93601.2   65771.0   92534.7   66385.7
vertex track :         71   3  29    5862840 -3.8591  3.0898   80629.8  152705.9     296.0   211   254.5
   30 3      1 -3.8818  3.0630   89010.7   65563.9   -2870.0 -3.8229  2.9686   86075.8  140653.2  -39049.3
     1743.4     276.7   87470.7   66426.6   89392.8   64910.0   90756.9   64914.3   87813.5   66861.0
   31 3      2 -3.8867  3.0386   90478.9   61379.1   -3717.2 -3.8229  2.9686   89314.7  138138.1  -39896.5
     3647.9     675.5   87189.0   63093.7   92120.5   59238.3   93974.9   59877.4   88021.1   64158.0
   32 3      3 -3.8890  3.0795  105848.3   52346.0   -6585.7 -3.8229  2.9686  100280.8  129622.7  -42765.0
     7024.5    1322.8   99520.1   55669.7  109717.5   47594.9  112382.6   49235.4  101162.4   57743.8
vertex track :         83   3  30    6013775 -0.9421 -0.6777   84447.0  148648.8     298.2   211     nan
   27 3     -2 -0.9419 -0.6800   77284.9   65582.1    6588.1 -0.9435 -0.6890   73418.3  142494.5  -32184.4
        nan       nan      -nan       nan       nan       nan       nan       nan       nan       nan
   28 3     -1 -0.9463 -0.6794   81768.0   67800.9    3707.4 -0.9435 -0.6890   76136.1  144479.3  -35065.1
        nan       nan      -nan       nan       nan       nan       nan       nan       nan       nan
   29 3      0 -0.9626 -0.6683   82634.2   67878.3    2869.7 -0.9435 -0.6890   76926.5  145056.6  -35902.8
        nan       nan      -nan       nan       nan       nan       nan       nan       nan       nan
vertex track :        109   3  30    6066797  1.9156 -1.8065   78712.1  153060.1     306.9   211     nan
   27 3     -2  1.9812 -1.9521   92704.1   65407.2    6516.9  1.9270 -1.8051   85558.1  140050.4  -32259.3
        nan       nan      -nan       nan       nan       nan       nan       nan       nan       nan
   28 3     -1  2.0415 -1.8919   85244.3   67712.4    3349.8  1.9270 -1.8051   79454.9  145767.3  -35426.4
        nan       nan      -nan       nan       nan       nan       nan       nan       nan       nan
   29 3      0  2.3778 -1.9304   83243.8   66396.5    2530.6  1.9270 -1.8051   77876.2  147246.1  -36245.6
        nan       nan      -nan       nan       nan       nan       nan       nan       nan       nan
vertex track :        111   3  30    6067421  1.4790 -1.1247   80259.9  151066.0     304.0   211   305.7
   27 3     -2  1.4819 -1.1210   88846.0   65138.4    6586.1  1.4869 -1.1213   84490.4  142219.1  -32187.6
      648.2     249.4   89513.4   64946.3   88790.7   65493.0   88390.1   65539.5   89212.5   64548.5
   28 3     -1  1.4481 -1.1369   85721.2   68741.0    3718.7  1.4869 -1.1213   80226.9  145434.3  -35055.0
      336.6     118.2   86059.0   68626.1   85833.6   68803.1   85594.9   69064.7   85913.0   68440.1
   29 3      0  1.4712 -1.1351   84620.7   69142.7    2865.4  1.4869 -1.1213   78958.1  146391.1  -35908.3
      207.1      44.2   84811.6   69051.2   84792.7   69065.8   84641.2   69443.0   84757.6   68981.2
vertex track :        118   3  30    6783817 -1.9579 -1.9633   84548.8  148823.1     298.2   211     nan
   27 3     -2 -1.9097 -1.9172   73009.4   60221.1    6557.0 -1.9625 -1.9946   67171.5  134521.3  -32215.4
        nan       nan      -nan       nan       nan       nan       nan       nan       nan       nan
   28 3     -1 -2.0200 -1.8786   76682.5   62991.2    3401.6 -1.9625 -1.9946   73364.0  140815.0  -35370.7
        nan       nan      -nan       nan       nan       nan       nan       nan       nan       nan
   29 3      0 -1.9587 -1.9929   77966.8   61783.0    2540.8 -1.9625 -1.9946   75053.4  142532.1  -36231.6
        nan       nan      -nan       nan       nan       nan       nan       nan       nan       nan
vertex track :        119   3  30    6783877 -1.8767  1.7366   84061.2  147678.2     295.5     0  2873.2
   27 3     -2 -1.8806  1.7275   70714.5   80363.5    6582.5 -1.8772  1.7484   67165.1  156837.1  -32188.3
      634.4      42.9   70218.3   80761.0   70757.8   80265.5   71418.9   80177.6   70276.4   80824.2
   28 3     -1 -1.8495  1.7354   78190.5   75010.1    3717.2 -1.8772  1.7484   72543.8  151827.5  -35053.5
      367.5      21.3   77907.9   75246.1   78055.5   75107.5   78681.2   74985.9   77937.0   75277.2
   29 3      0 -1.8601  1.7816   79976.5   73069.1    2868.5 -1.8772  1.7484   74137.1  150343.6  -35902.3
      292.7      11.5   79757.2   73263.3   79789.3   73232.5   80404.0   73086.8   79773.1   73279.9
vertex track :        121   3  30    6784030  1.6341  0.9570   80744.4  146736.0     297.2     0  3170.3
   27 3     -2  1.9990  0.7221   92920.6   77440.9    6583.2  1.6378  0.9702   85937.6  150984.8  -32188.3
      394.1      29.2   93281.3   77602.3   92959.9   77486.2   92771.9   77490.2   93301.2   77547.3
   28 3     -1  1.5565  0.9515   86345.1   71669.6    3342.8  1.6378  0.9702   80630.4  147840.9  -35428.7
      214.9      13.1   86521.7   71792.9   86481.8   71768.5   86380.1   71757.3   86535.3   71770.6
   29 3      0  1.5493  0.9743   84595.5   68011.1    2511.6  1.6378  0.9702   79268.9  147034.4  -36259.9
      174.2       7.4   84739.0   68110.1   84769.4   68129.2   84663.5   68123.0   84746.9   68097.5
vertex track :        128   3  30    6786109  1.5762  1.1781   79908.5  145918.2     295.2   211     nan
   27 3     -2  1.6031  1.1920   89166.4   74983.0    6596.7  1.5791  1.1936   84755.4  151578.0  -32173.4
        nan       nan      -nan       nan       nan       nan       nan       nan       nan       nan
   28 3     -1  1.5482  1.2245   85692.4   71339.8    3712.0  1.5791  1.1936   80200.3  148134.8  -35058.0
        nan       nan      -nan       nan       nan       nan       nan       nan       nan       nan
   29 3      0  1.5934  1.1529   84510.8   69757.5    2869.6  1.5791  1.1936   78870.1  147129.3  -35900.4
        nan       nan      -nan       nan       nan       nan       nan       nan       nan       nan
vertex track :        133   3  30    6883819  1.8581  1.8822   78768.7  143844.7     296.4   211   207.5
   27 3     -2  1.7299  1.7054   92433.1   80549.3    6530.9  1.8594  1.9054   85256.9  153834.3  -32242.1
     1898.0     630.0   93342.5   82330.4   91002.5   80023.6   91735.5   78979.9   94227.1   81433.1
   28 3     -1  1.7603  2.1001   85183.3   72273.6    3357.8  1.8594  1.9054   79356.8  147788.2  -35415.3
      832.2     267.0   85513.2   73082.9   84813.8   72248.4   85065.1   71676.5   85922.4   72739.9
   29 3      0  1.8118  1.7885   83255.1   67791.6    2509.2  1.8594  1.9054   77779.0  146171.3  -36263.8
      380.2      92.6   83460.7   68124.6   83300.0   67966.0   83261.4   67670.4   83590.8   67992.9
vertex track :        142   3  30    6896873  1.9173  1.4811   79056.8  145349.3     297.2     0  9361.7
   27 3     -2  1.9158  1.4929   90533.3   76385.2    6552.9  1.9202  1.5006   85963.9  152866.1  -32219.3
      570.4      24.7   90968.0   76755.3   90470.5   76367.6   90310.5   76226.6   90998.4   76716.3
   28 3     -1  1.8498  1.4836   85979.0   71788.8    3713.4  1.9202  1.5006   80511.5  148605.3  -35058.7
      334.4      13.2   86231.6   72008.3   86098.4   71901.5   85938.3   71780.8   86248.1   71987.7
   29 3      0  1.9366  1.4471   84517.3   69927.3    2868.1  1.9202  1.5006   78888.3  147336.9  -35904.0
      269.1       9.4   84727.2   70095.9   84702.8   70077.6   84519.3   69970.1   84738.5   70080.8
vertex track :        189   3  30    9800607  1.8845 -2.0072   79603.3  152697.1     258.2   211   155.0
   27 3     -2  1.7819 -1.8560   93359.6   63788.5    6505.6  1.8965 -2.0081   86334.9  138356.7  -32221.7
     3026.4    1004.9   96180.4   62301.4   92362.7   66277.8   90750.5   65483.8   94730.7   60909.5
   28 3     -1  2.0641 -2.1444   86026.6   66635.9    3357.8  1.8965 -2.0081   80365.1  144677.9  -35369.5
     1316.7     430.7   87250.0   65985.9   85857.2   67432.9   85015.2   67493.8   86629.4   65388.6
   29 3      0  1.8039 -2.0716   84214.3   65528.7    2498.8  1.8965 -2.0081   78735.9  146403.0  -36228.5
      528.3     149.5   84674.0   65228.5   84359.0   65590.2   83966.5   66036.9   84448.5   65032.2
