groupid:  10967, ntrk: 17
vertex track :          0   3 125     667981 -0.1502  0.1907   69041.6   58014.8     230.7    13  1206.4
  126 1      1 -0.1503  0.1903   68052.9   57310.7   -2868.7 -0.1496  0.1915   66326.3   54800.4 -215746.5
       26.1       4.7   68033.1   57328.2   68033.9   57327.3   68282.6   57503.3   68040.4   57334.0
  127 1      2 -0.1524  0.1889   68481.9   55554.3   -3717.4 -0.1496  0.1915   66453.2   54637.9 -216595.3
       32.5      10.8   68453.1   55572.8   68461.8   55561.9   68720.5   55746.0   68469.9   55586.4
  128 1      3 -0.1480  0.1905   70480.0   57003.7   -6584.3 -0.1496  0.1915   66882.0   54089.0 -219462.1
       53.2      21.2   70430.6   57032.7   70464.8   56988.7   70739.2   57184.9   70464.0   57058.7
vertex track :         16   3 125     575063 -2.0024 -2.1792   65537.3   53163.6     228.0     0 10001.0
  126 1      1 -2.0335 -2.1749   72729.2   59558.2   -2838.5 -2.0301 -2.1753   68531.6   57221.0 -215716.2
      423.0      13.0   72449.8   59240.3   72600.6   59401.6   73216.5   60083.9   72430.8   59258.1
  127 1      2 -2.1808 -2.0621   73492.8   63813.6   -3659.6 -2.0301 -2.1753   70198.5   59007.1 -216537.4
      518.5      17.5   73128.1   63444.6   73423.6   63724.0   74065.3   64390.5   73104.1   63470.1
  128 1      3 -1.7109 -2.3699   78894.2   66504.0   -6225.7 -2.0301 -2.1753   75407.8   64589.0 -219103.4
      828.1      29.7   78433.6   65815.1   79043.8   66660.4   79563.1   67400.5   78385.4   65849.9
vertex track :         23   3 125     577179 -2.0580 -2.3550   64492.9   51417.3     223.8   211   256.9
  126 1      1 -2.0573 -2.3610   68925.7   57951.4   -2866.4 -2.0855 -2.3614   67692.0   56098.5 -215741.6
      645.9     136.9   68604.6   57374.5   69021.2   57852.5   69454.8   58735.9   68398.2   57554.4
  127 1      2 -2.0280 -2.3838   70919.9   58313.1   -3718.5 -2.0855 -2.3614   69469.0   58110.6 -216593.7
     1249.1     338.1   70368.0   57142.5   71561.0   58544.8   71679.8   59691.2   69853.0   57580.7
  128 1      3 -2.0788 -2.3338   77899.6   66176.9   -6585.6 -2.0855 -2.3614   75448.5   64881.1 -219460.8
     2389.4     667.3   76808.7   63948.9   79550.6   67027.2   79198.5   68612.7   75812.1   64836.6
vertex track :         45   3 125     668892 -1.6159 -1.9966   68601.7   57356.6     228.8   211     nan
  126 1      1 -1.5991 -2.1318   74654.8   63219.8   -2827.6 -1.6395 -1.9950   70426.8   60833.8 -215703.9
        nan       nan      -nan       nan       nan       nan       nan       nan       nan       nan
  127 1      2 -1.3385 -2.1248   74961.8   67396.0   -3657.2 -1.6395 -1.9950   71787.0   62489.0 -216533.6
        nan       nan      -nan       nan       nan       nan       nan       nan       nan       nan
  128 1      3 -1.6286 -1.8889   79375.4   69440.1   -6211.9 -1.6395 -1.9950   75975.2   67585.4 -219088.3
        nan       nan      -nan       nan       nan       nan       nan       nan       nan       nan
vertex track :         57   3 125     722777 -1.3067  1.8969   66409.8   61917.7     237.4   211     nan
  126 1      1 -1.3073  1.8913   68710.8   56365.2   -2867.4 -1.3018  1.9265   67275.8   53368.5 -215747.9
        nan       nan      -nan       nan       nan       nan       nan       nan       nan       nan
  127 1      2 -1.3228  1.8874   70176.0   53175.7   -3716.7 -1.3018  1.9265   68381.5   51732.3 -216597.2
        nan       nan      -nan       nan       nan       nan       nan       nan       nan       nan
  128 1      3 -1.2919  1.9061   75043.5   50136.4   -6584.1 -1.3018  1.9265   72114.3   46208.2 -219464.6
        nan       nan      -nan       nan       nan       nan       nan       nan       nan       nan
vertex track :         76   3 125    1445199  1.8415 -2.1054   73230.3   53191.7     220.0   211   604.5
  126 1      1  1.8782 -2.0915   69363.5   59384.2   -2843.3  1.8528 -2.1365   64384.1   57065.0 -215718.9
      406.6      45.5   69669.0   59112.1   69520.2   59277.9   69269.9   59864.2   69601.3   59051.3
  127 1      2  1.9740 -2.0296   66739.6   63732.7   -3676.1  1.8528 -2.1365   62841.1   58844.3 -216551.7
      571.4     109.6   67216.6   63399.6   66834.4   63792.5   66474.6   64273.9   67059.4   63246.7
  128 1      3  1.7953 -2.1293   61201.1   66063.4   -6317.3  1.8528 -2.1365   57947.4   64487.4 -219192.9
      976.7     208.7   61990.2   65451.3   61108.2   66497.5   60623.8   66883.4   61671.1   65182.2
vertex track :         83   3 125    1448830 -1.6802 -2.2162   64522.5   51458.8     223.8   211     nan
  126 1      1 -1.6779 -2.2200   67885.9   57601.1   -2868.7 -1.7040 -2.2238   66546.9   55719.9 -215743.9
        nan       nan      -nan       nan       nan       nan       nan       nan       nan       nan
  127 1      2 -1.6495 -2.2379   69615.4   57805.0   -3717.4 -1.7040 -2.2238   67993.1   57607.3 -216592.6
        nan       nan      -nan       nan       nan       nan       nan       nan       nan       nan
  128 1      3 -1.6900 -2.1796   75587.4   65385.3   -6589.0 -1.7040 -2.2238   72886.1   63993.2 -219464.2
        nan       nan      -nan       nan       nan       nan       nan       nan       nan       nan
vertex track :        136   3 125    2248471  3.3189 -4.2940   77977.8   46817.6     209.5   211     nan
  126 1      1  3.3835 -4.2436   69884.2   59278.3   -2842.1  3.3480 -4.3683   64595.5   57415.6 -215717.7
        nan       nan      -nan       nan       nan       nan       nan       nan       nan       nan
  127 1      2  3.2519 -4.0965   65934.7   65407.8   -3674.3  3.3480 -4.3683   61809.0   61051.2 -216550.0
        nan       nan      -nan       nan       nan       nan       nan       nan       nan       nan
  128 1      3  3.3092 -4.4770   56324.9   74191.7   -6339.9  3.3480 -4.3683   52884.9   72695.0 -219215.5
        nan       nan      -nan       nan       nan       nan       nan       nan       nan       nan
vertex track :        177   3 126     310311  0.3792 -1.2152   67384.1   59137.4     220.2   211     nan
  123 1     -2  0.3837 -1.2150   68654.9   50809.6    6591.9  0.3764 -1.2285   68024.3   48871.7 -209117.2
        nan       nan      -nan       nan       nan       nan       nan       nan       nan       nan
  124 1     -1  0.3688 -1.2180   67045.9   53089.3    3723.6  0.3764 -1.2285   66944.7   52395.3 -211985.5
        nan       nan      -nan       nan       nan       nan       nan       nan       nan       nan
  125 1      0  0.3809 -1.2082   69870.0   55846.3    2865.8  0.3764 -1.2285   66621.8   53449.1 -212843.2
        nan       nan      -nan       nan       nan       nan       nan       nan       nan       nan
vertex track :        179   3 126     311221  1.6579 -0.8141   63572.7   59852.4     223.4   211     nan
  123 1     -2  1.6688 -0.8083   75628.0   54859.3    6728.5  1.6636 -0.8343   72612.0   52020.2 -208985.9
        nan       nan      -nan       nan       nan       nan       nan       nan       nan       nan
  124 1     -1  1.5995 -0.7272   71929.7   57866.8    3672.3  1.6636 -0.8343   67527.9   54570.0 -212042.1
        nan       nan      -nan       nan       nan       nan       nan       nan       nan       nan
  125 1      0  1.6153 -0.7403   66896.6   57349.7    2837.2  1.6636 -0.8343   66138.6   55266.7 -212877.2
        nan       nan      -nan       nan       nan       nan       nan       nan       nan       nan
vertex track :        188   3 126     674186 -1.0421  1.9104   69653.4   54244.5     214.4   211     nan
  123 1     -2 -1.0487  1.9072   61323.9   66895.7    6572.8 -1.0375  1.9161   61292.0   63953.3 -209140.5
        nan       nan      -nan       nan       nan       nan       nan       nan       nan       nan
  124 1     -1 -1.0227  1.9207   64140.2   59728.7    3701.9 -1.0375  1.9161   64270.4   58452.4 -212011.3
        nan       nan      -nan       nan       nan       nan       nan       nan       nan       nan
  125 1      0 -1.0476  1.9089   68107.7   59812.9    2868.7 -1.0375  1.9161   65134.9   56855.8 -212844.6
        nan       nan      -nan       nan       nan       nan       nan       nan       nan       nan
vertex track :        233   3 126    1793098 -2.8644  3.7770   75245.9   47145.0     199.2   211     nan
  123 1     -2 -2.9962  4.2022   57452.4   72454.3    6742.5 -2.8487  3.7845   54848.5   69364.6 -208968.3
        nan       nan      -nan       nan       nan       nan       nan       nan       nan       nan
  124 1     -1 -3.0343  3.6796   66884.9   62162.6    3679.5 -2.8487  3.7845   63574.2   57772.8 -212031.3
        nan       nan      -nan       nan       nan       nan       nan       nan       nan       nan
  125 1      0 -2.7760  4.1650   65627.3   57815.3    2836.9 -2.8487  3.7845   65974.4   54584.2 -212873.8
        nan       nan      -nan       nan       nan       nan       nan       nan       nan       nan
vertex track :        238   3 126    1832663 -2.2602  1.8314   73498.0   53113.4     206.5   211   678.4
  123 1     -2 -2.2655  1.8197   57025.9   65198.7    6572.1 -2.2629  1.8474   57351.8   62367.6 -209133.0
      980.2     189.5   56143.0   65664.7   57195.6   64819.2   58116.5   64944.4   56380.3   65960.3
  124 1     -1 -2.2498  1.9043   63473.0   58381.6    3716.0 -2.2629  1.8474   63814.7   57091.3 -211989.1
      537.6      91.4   63003.5   58659.2   63351.8   58364.4   64150.2   58316.0   63121.7   58798.7
  125 1      0 -2.2627  1.8515   68486.0   58470.6    2868.5 -2.2629  1.8474   65732.6   55525.5 -212836.6
      381.9      35.8   68167.8   58684.8   68283.8   58589.9   69012.0   58468.3   68213.1   58740.2
vertex track :        247   3 126    1835303  1.7454  1.8679   62603.9   52521.5     221.4   211     nan
  123 1     -2  1.8760  1.9237   75195.4   65208.6    6676.2  1.7619  1.8635   72152.4   62112.9 -209050.9
        nan       nan      -nan       nan       nan       nan       nan       nan       nan       nan
  124 1     -1  1.7040  1.8280   71310.8   60456.4    3669.5  1.7619  1.8635   66855.0   56510.0 -212057.6
        nan       nan      -nan       nan       nan       nan       nan       nan       nan       nan
  125 1      0  1.7391  2.0816   66196.2   57697.4    2837.4  1.7619  1.8635   65389.0   54959.4 -212889.7
        nan       nan      -nan       nan       nan       nan       nan       nan       nan       nan
vertex track :        249   3 126    1835938  4.1794  2.9435   63524.9   54547.4     220.5   211   157.3
  123 1     -2  4.0889  3.0205   90091.6   74177.4    6585.4  4.1817  2.8957   88332.3   70547.3 -209137.7
    12875.1    2436.6   98999.9   83787.2   79146.6   69121.6   81397.5   64780.6  101895.3   79867.6
  124 1     -1  4.1365  2.8478   77006.6   63642.9    3718.6  4.1817  2.8957   76344.1   62245.7 -212004.5
     6206.8    1168.4   81456.4   68124.9   72100.3   61683.7   72771.0   59373.7   82781.5   66200.1
  125 1      0  4.1632  2.9265   76729.8   63017.8    2868.1  4.1817  2.8957   72787.8   59783.1 -212855.0
     2481.4     440.6   78506.4   64805.3   75320.7   62565.8   75167.3   61443.3   79013.2   64084.4
vertex track :        265   3 126    1873658 -1.3841  1.0142   68789.5   56837.2     215.7   211     nan
  123 1     -2 -1.3994  1.0877   60693.3   64018.7    6755.8 -1.3883  1.0242   57950.9   61077.9 -208953.2
        nan       nan      -nan       nan       nan       nan       nan       nan       nan       nan
  124 1     -1 -1.3171  1.0014   65979.1   61581.9    3680.7 -1.3883  1.0242   62220.1   57928.5 -212028.2
        nan       nan      -nan       nan       nan       nan       nan       nan       nan       nan
  125 1      0 -1.4100  0.8528   63370.4   59672.9    2840.4 -1.3883  1.0242   63386.8   57067.8 -212868.6
        nan       nan      -nan       nan       nan       nan       nan       nan       nan       nan
vertex track :        280   3 126    1876428  4.1126 -0.2447   56492.5   58964.8     234.1   211     nan
  123 1     -2  4.1292 -0.2306   82667.5   57255.9    6559.0  4.1601 -0.2763   80971.6   54851.1 -209163.5
        nan       nan      -nan       nan       nan       nan       nan       nan       nan       nan
  124 1     -1  4.1154 -0.2758   69922.9   56535.5    3713.7  4.1601 -0.2763   69134.9   55637.1 -212008.8
        nan       nan      -nan       nan       nan       nan       nan       nan       nan       nan
  125 1      0  4.0945 -0.2330   69564.1   58428.8    2871.8  4.1601 -0.2763   65632.6   55869.7 -212850.7
        nan       nan      -nan       nan       nan       nan       nan       nan       nan       nan
