groupid:  10029, ntrk:  9
vertex track :          0   3  93    4684906 -0.3938 -0.2069  191432.8   49451.8     302.1    13  3697.9
   94 2      1 -0.3924 -0.2094   70005.6   49537.5   -2867.9 -0.4060 -0.2090  190695.4   47866.3 -156577.4
       45.1       3.9   69967.6   49512.8   69964.9   49511.3   70253.2   49772.0   69963.9   49519.7
   95 2      2 -0.3945 -0.2062   72061.8   51635.4   -3720.0 -0.4060 -0.2090  191041.4   48044.3 -157429.5
       53.5       6.0   72017.2   51605.3   72029.1   51611.6   72316.0   51875.3   72011.6   51615.9
   96 2      3 -0.3925 -0.2090   73026.4   51696.1   -6587.6 -0.4060 -0.2090  192205.6   48643.7 -160297.0
       83.8      10.9   72957.5   51647.1   73023.0   51682.0   73304.9   51954.9   72947.3   51666.3
vertex track :        133   3  94    2672094 -2.2841 -0.6228  189642.4   50093.9     215.1     0  3504.7
   91 2     -2 -2.2325 -0.6170   56720.6   46160.2    6575.9 -2.3399 -0.6157  176622.6   44110.0 -149998.9
      561.2      35.1   56189.0   45976.8   56802.1   46146.3   57460.0   46553.0   56170.3   46044.6
   92 2     -1 -2.2837 -0.6600   62236.9   46684.1    3716.5 -2.3399 -0.6157  183313.3   45870.6 -152858.3
      330.4      17.9   61924.5   46575.1   62079.7   46620.0   62757.0   47002.4   61914.5   46609.6
   93 2      0 -2.2872 -0.6208   65750.0   48662.1    2866.1 -2.3399 -0.6157  185303.2   46394.3 -153708.7
      265.9      10.6   65496.1   48582.2   65529.0   48591.1   66211.5   48951.3   65490.6   48602.6
vertex track :        136   3  94    2672597 -1.9691 -0.1225  191625.3   49724.9     212.0   211     nan
   91 2     -2 -1.9577 -0.2323   52425.7   48520.4    7185.0 -2.0056 -0.1097  179500.1   46875.7 -149374.2
        nan       nan      -nan       nan       nan       nan       nan       nan       nan       nan
   92 2     -1 -2.0504 -0.2018   63294.6   49186.4    3767.1 -2.0056 -0.1097  186355.1   47250.7 -152792.1
        nan       nan      -nan       nan       nan       nan       nan       nan       nan       nan
   93 2      0 -1.9754 -0.2198   61322.2   48834.5    2949.0 -2.0056 -0.1097  187995.8   47340.5 -153610.2
        nan       nan      -nan       nan       nan       nan       nan       nan       nan       nan
vertex track :        138   3  94    2673848  1.6452  2.0648  188330.7   49344.8     211.2   211     nan
   91 2     -2  1.6487  2.0571   83252.3   64342.6    6604.4  1.6297  2.0046  200605.5   60106.7 -149978.2
        nan       nan      -nan       nan       nan       nan       nan       nan       nan       nan
   92 2     -1  1.6509  2.0701   75750.1   56117.2    3717.5  1.6297  2.0046  195900.8   54319.5 -152865.1
        nan       nan      -nan       nan       nan       nan       nan       nan       nan       nan
   93 2      0  1.6518  2.0579   76099.8   55878.5    2868.5  1.6297  2.0046  194517.3   52617.7 -153714.1
        nan       nan      -nan       nan       nan       nan       nan       nan       nan       nan
vertex track :        164   3  94    3605287 -1.3313 -0.4958  189235.1   49996.2     214.9     0  3073.7
   91 2     -2 -1.2518 -0.4644   54201.8   46256.0    7136.5 -1.3585 -0.4918  181695.2   44529.0 -149441.2
      283.9      25.3   53944.5   46133.5   54213.9   46233.5   54668.0   46588.0   53926.9   46181.0
   92 2     -1 -1.3810 -0.6068   63291.5   47960.6    3763.9 -1.3585 -0.4918  186276.7   46187.5 -152813.8
      162.7      12.0   63147.3   47884.1   63155.2   47887.6   63644.2   48246.5   63137.6   47906.2
   93 2      0 -1.4391 -0.3933   60720.7   48020.6    2946.5 -1.3585 -0.4918  187387.2   46589.5 -153631.3
      136.2       7.5   60591.3   47977.5   60551.9   47966.7   61058.7   48273.4   60587.3   47991.9
vertex track :        175   3  94    3784097  0.9734 -0.9413  184793.4   51994.1     222.6   211     nan
   91 2     -2  0.9861 -0.9592   75065.1   45808.2    6585.1  0.9546 -0.9469  192749.9   43936.7 -150022.7
        nan       nan      -nan       nan       nan       nan       nan       nan       nan       nan
   92 2     -1  0.9770 -0.9347   69638.8   47371.8    3716.5  0.9546 -0.9469  190011.6   46653.0 -152891.3
        nan       nan      -nan       nan       nan       nan       nan       nan       nan       nan
   93 2      0  0.9729 -0.9439   70525.4   49581.6    2869.5  0.9546 -0.9469  189203.0   47455.0 -153738.4
        nan       nan      -nan       nan       nan       nan       nan       nan       nan       nan
vertex track :        192   3  94    3997336  1.5248  1.1948  187653.0   49031.9     214.1   211   153.7
   91 2     -2  1.6537  1.4853   71473.5   56657.5    7095.2  1.5130  1.1651  199916.1   55000.9 -149495.8
     1634.2     722.3   72206.6   58286.9   70122.3   56414.8   70952.0   55239.6   73171.9   57212.2
   92 2     -1  1.8377  1.1555   72190.2   53116.2    3792.6  1.5130  1.1651  194919.5   51153.1 -152798.4
      749.5     324.4   72652.0   53789.8   71769.0   53234.6   71940.2   52653.8   72997.3   53240.5
   93 2      0  1.6843  1.0953   67125.7   51977.8    2964.4  1.5130  1.1651  193666.4   50188.1 -153626.6
      341.3     125.3   67343.5   52268.9   67125.0   52126.8   67119.6   51897.8   67480.1   52058.8
vertex track :        218   3  94    4461065 -4.0014 -0.0578  193677.0   49807.3     208.2     0  1459.5
   91 2     -2 -4.0050 -0.0520   48268.1   49871.6    6590.3 -4.1244 -0.0263  169215.1   47536.9 -149950.5
     1498.8     139.4   46771.3   49712.8   48927.6   49740.8   49971.0   50240.4   46767.7   49991.5
   92 2     -1 -3.9946 -0.0755   59837.9   48496.7    3718.3 -4.1244 -0.0263  181060.2   47612.5 -152822.4
      835.0      67.5   59004.3   48413.5   59835.1   48429.2   60877.5   48789.9   59001.7   48548.4
   93 2      0 -4.0118 -0.0708   64731.6   50012.4    2864.5 -4.1244 -0.0263  184581.9   47634.9 -153676.3
      627.0      28.2   64105.2   49973.1   64516.5   49980.4   65564.0   50261.6   64104.2   50029.6
vertex track :        240   3  94    4484518 -2.8549 -1.6621  191445.9   51497.6     213.7     0  4545.2
   91 2     -2 -3.2282 -1.5195   46632.8   40211.8    7185.6 -2.9554 -1.6797  172719.5   37700.5 -149370.2
     1085.0      48.2   45671.6   39706.1   46957.1   40311.2   47800.7   40926.0   45630.5   39793.4
   92 2     -1 -2.9361 -1.7316   59662.9   45204.9    3750.8 -2.9554 -1.6797  182870.7   43469.8 -152805.0
      575.4      22.6   59178.7   44893.1   59553.5   45114.1   60354.2   45724.9   59155.8   44932.0
   93 2      0 -2.8532 -1.7463   58437.1   46257.1    2937.1 -2.9554 -1.6797  185275.6   44836.6 -153618.7
      459.3      13.8   58052.6   46005.5   58236.9   46118.4   59028.8   46716.9   58038.2   46029.1
