groupid:  10062, ntrk:  4
vertex track :          0   3  65    4860416 -0.0379 -0.3753  163654.3  116417.6     361.6    13  1977.3
   66 4      1 -0.0371 -0.3743   42063.1   37234.4   -2866.5 -0.0409 -0.3734  162259.1  115243.2 -106058.5
       39.2       4.2   42063.4   37195.0   42063.4   37194.5   42272.7   37483.5   42055.0   37195.8
   67 4      2 -0.0399 -0.3748   45386.1   39379.5   -3716.7 -0.0409 -0.3734  162293.8  115560.7 -106908.7
       46.8       8.1   45389.1   39332.1   45390.7   39346.5   45593.0   39636.5   45373.1   39333.8
   68 4      3 -0.0389 -0.3729   43768.0   39629.3   -4287.1 -0.0409 -0.3734  162317.1  115773.7 -107479.1
       52.0       9.7   43772.3   39576.6   43774.9   39601.8   43973.7   39891.7   43752.9   39578.6
vertex track :          2   3  65    4859827 -0.5904 -0.0911  163110.7  116694.5     361.6   211     nan
   66 4      1 -0.5783 -0.0881   48342.2   38529.4   -2616.5 -0.5929 -0.0817  163349.6  114565.1 -105807.5
        nan       nan      -nan       nan       nan       nan       nan       nan       nan       nan
   67 4      2 -0.6001 -0.0850   43604.4   38550.6   -3417.0 -0.5929 -0.0817  163824.3  114630.6 -106608.1
        nan       nan      -nan       nan       nan       nan       nan       nan       nan       nan
   68 4      3 -0.5737 -0.0966   45371.3   39722.3   -4880.1 -0.5929 -0.0817  164691.8  114750.1 -108071.1
        nan       nan      -nan       nan       nan       nan       nan       nan       nan       nan
vertex track :          8   3  65    4860378 -0.6081  0.2468  162309.9  117879.5     365.6     0   812.8
   66 4      1 -0.6074  0.2457   42195.3   37097.4   -2867.3 -0.6073  0.2527  162753.3  114691.8 -106059.2
       66.1       9.8   42130.3   37113.1   42125.3   37115.2   42469.6   37292.0   42137.6   37131.3
   67 4      2 -0.6048  0.2500   45974.7   38699.2   -3720.1 -0.6073  0.2527  163271.2  114476.3 -106912.0
       80.6      21.6   45892.0   38710.1   45914.0   38700.9   46266.9   38898.6   45908.5   38750.0
   68 4      3 -0.6062  0.2484   45191.3   38053.0   -4286.7 -0.6073  0.2527  163615.3  114333.1 -107478.6
       90.0      26.3   45098.0   38062.8   45137.3   38046.7   45494.0   38253.5   45118.0   38111.5
vertex track :         11   3  65    4884293 -0.4459  0.9178  162944.7  119359.9     364.1   211   341.0
   66 4      1 -0.4138  0.8736   47771.2   38307.6   -2612.4 -0.4380  0.9119  162744.5  114248.3 -105799.7
      104.1      26.2   47702.9   38390.5   47705.1   38385.7   48049.1   38435.6   47750.3   38413.0
   67 4      2 -0.4329  0.9435   42849.1   37484.6   -3411.2 -0.4380  0.9119  163094.4  113519.9 -106598.5
      145.8      64.0   42730.1   37590.4   42760.8   37523.5   43177.6   37589.7   42846.4   37643.8
   68 4      3 -0.4150  0.9502   44510.5   37970.3   -4889.5 -0.4380  0.9119  163742.0  112171.8 -108076.8
      203.0      98.3   44339.1   38117.0   44414.5   37944.5   44891.4   38034.6   44519.3   38195.7
