groupid:  10681, ntrk: 25
vertex track :          0   3 125     834170  0.0485 -0.1827   50426.3   72348.9     267.6    13  1840.6
  126 1      1  0.0484 -0.1830   48881.2   72726.4   -2865.9  0.0494 -0.1856   47050.9   70571.2 -215742.8
       21.1       3.2   48889.6   72706.8   48889.0   72709.1   49082.8   72955.8   48883.5   72705.2
  127 1      2  0.0506 -0.1825   48953.4   71036.6   -3716.3  0.0494 -0.1856   47008.9   70729.0 -216593.2
       26.0       7.1   48967.2   71013.5   48963.9   71025.2   49149.7   71269.6   48953.5   71009.7
  128 1      3  0.0461 -0.1842   50789.7   73905.8   -6581.8  0.0494 -0.1856   46867.3   71260.8 -219458.7
       42.3      13.8   50813.4   73868.2   50802.6   73911.5   50976.1   74153.3   50786.5   73861.5
vertex track :         15   3 125     783270 -2.0088 -1.9268   46106.8   68864.1     266.8   211     nan
  126 1      1 -1.8540 -1.8873   53349.8   74554.7   -2855.5 -2.0278 -1.9272   49168.9   72521.3 -215727.0
        nan       nan      -nan       nan       nan       nan       nan       nan       nan       nan
  127 1      2 -1.9339 -1.9262   53950.2   78543.3   -3685.7 -2.0278 -1.9272   50852.3   74121.2 -216557.2
        nan       nan      -nan       nan       nan       nan       nan       nan       nan       nan
  128 1      3 -2.0738 -2.0083   59470.4   80523.1   -6336.2 -2.0278 -1.9272   56227.0   79229.3 -219207.8
        nan       nan      -nan       nan       nan       nan       nan       nan       nan       nan
vertex track :         44   3 125     834232 -1.8534  2.1283   48055.5   75222.7     276.4     0 10001.0
  126 1      1 -1.8480  2.1213   51946.8   68988.0   -2868.6 -1.8411  2.1499   50628.1   66145.7 -215747.9
      399.4      12.9   51674.7   69280.7   51811.3   69123.9   52427.0   68907.5   51694.2   69297.6
  127 1      2 -1.8763  2.1115   53680.9   65433.1   -3717.4 -1.8411  2.1499   52190.8   64320.9 -216596.7
      489.8      17.3   53342.6   65787.8   53599.3   65498.9   54227.3   65290.6   53368.5   65810.8
  128 1      3 -1.8292  2.1353   60339.4   62023.7   -6589.7 -1.8411  2.1499   57479.0   58145.8 -219469.0
      808.3      30.4   59790.4   62617.8   60458.0   61838.4   61096.6   61641.8   59836.6   62657.4
vertex track :         94   3 125    1673556 -1.9658  2.0703   47910.4   75396.1     275.4   211   202.8
  126 1      1 -2.0282  2.0950   54997.7   69540.2   -2858.5 -1.9538  2.0922   50815.7   66526.6 -215736.3
      646.0     166.7   54428.6   69888.4   54901.4   69400.1   55774.8   69404.1   54668.1   70120.3
  127 1      2 -2.0507  2.0317   55688.2   70279.8   -3685.9 -1.9538  2.0922   52432.4   64795.4 -216563.8
     1325.4     406.7   54460.4   70923.7   55912.9   69484.7   57124.0   69847.9   55032.9   71501.6
  128 1      3 -2.0362  2.0969   60941.1   60797.9   -6325.7 -1.9538  2.0922   57590.0   59272.4 -219203.6
     2459.7     770.1   58675.1   62026.0   61674.6   58937.1   63415.1   59781.8   59780.1   63099.0
vertex track :        110   3 125    1715799 -1.6249  1.9838   47575.3   76450.8     278.2   211     nan
  126 1      1 -1.6275  1.9860   50815.9   70628.2   -2868.8 -1.6141  2.0042   49441.4   67843.0 -215748.0
        nan       nan      -nan       nan       nan       nan       nan       nan       nan       nan
  127 1      2 -1.6524  1.9593   52363.0   67158.0   -3717.1 -1.6141  2.0042   50810.6   66142.9 -216596.3
        nan       nan      -nan       nan       nan       nan       nan       nan       nan       nan
  128 1      3 -1.5998  1.9942   58450.3   64158.7   -6588.8 -1.6141  2.0042   55445.8   60387.4 -219468.0
        nan       nan      -nan       nan       nan       nan       nan       nan       nan       nan
vertex track :        131   3 125    2045435  1.9465  0.4794   52660.6   73038.8     266.7     0  2600.7
  126 1      1  1.9651  0.4378   48518.7   71765.6   -2865.9  1.9694  0.4703   43289.3   69196.6 -215745.2
      236.6      11.9   48747.0   71828.7   48697.8   71817.7   48502.3   71913.0   48752.2   71805.4
  127 1      2  1.9092  0.4867   45854.6   73827.1   -3698.2  1.9694  0.4703   41650.2   68805.1 -216577.5
      286.2      20.5   46126.9   73917.6   45973.1   73878.4   45794.2   73947.0   46137.0   73877.9
  128 1      3  1.8974  0.3828   39943.6   69001.2   -6471.0  1.9694  0.4703   36189.4   67501.1 -219350.3
      458.7      37.9   40385.7   69129.1   39884.9   69028.0   39713.3   69083.6   40400.7   69054.7
vertex track :        139   3 125    2059158 -3.4964  2.0817   40900.2   78365.1     288.1   211     nan
  126 1      1 -3.4797  2.0927   49489.8   72271.6   -2867.4 -3.4652  2.0868   48589.1   69525.6 -215738.5
        nan       nan      -nan       nan       nan       nan       nan       nan       nan       nan
  127 1      2 -3.4985  2.0648   52591.6   68697.1   -3718.2 -3.4652  2.0868   51537.0   67750.3 -216589.2
        nan       nan      -nan       nan       nan       nan       nan       nan       nan       nan
  128 1      3 -3.4800  2.1206   63519.2   65474.8   -6586.4 -3.4652  2.0868   61475.9   61765.0 -219457.4
        nan       nan      -nan       nan       nan       nan       nan       nan       nan       nan
vertex track :        141   3 125    2072750 -4.4186  3.4279   38172.1   81928.3     297.2     0 10001.0
  126 1      1 -3.9619  3.3800   52361.1   72188.7   -2858.4 -4.3580  3.4184   48682.1   68924.8 -215727.4
     1312.3      23.8   51347.3   73022.3   52512.1   72028.7   53580.9   71568.4   51378.2   73058.5
  127 1      2 -4.6853  3.6558   54983.2   71832.7   -3686.0 -4.3580  3.4184   52288.9   66095.6 -216555.0
     1638.5      33.6   53670.8   72814.1   55270.4   71566.0   56501.0   71064.9   53712.1   72867.1
  128 1      3 -4.9086  3.9234   67403.8   58405.2   -6288.5 -4.3580  3.4184   63630.4   57199.2 -219157.5
     2674.2      57.8   65278.8   60029.8   68425.9   57514.4   69733.9   56994.6   65350.9   60120.0
vertex track :        175   3 125    2598943 -3.7536 -0.3500   44579.8   71869.2     276.5   211   451.5
  126 1      1 -3.7608 -0.3441   53891.1   72717.2   -2868.1 -3.7545 -0.3248   53125.3   70569.3 -215744.1
      744.1      95.8   53158.8   72554.0   53851.0   72617.3   54829.6   73090.1   53141.4   72744.8
  127 1      2 -3.7599 -0.4015   57204.2   71213.0   -3717.5 -3.7545 -0.3248   56314.5   70845.2 -216593.6
     1209.3     233.0   56026.5   70852.9   57641.9   71025.4   58588.2   71782.7   55977.0   71316.3
  128 1      3 -3.7538 -0.3053   68780.4   74233.9   -6584.0 -3.7545 -0.3248   67076.7   71776.2 -219460.1
     2225.7     456.9   66599.0   73598.1   70247.4   73894.9   71167.9   75079.4   66525.0   74508.9
vertex track :        187   3 125    2651734 -4.4355  3.3045   39305.3   80789.9     295.1   211   202.2
  126 1      1 -4.4305  3.3468   53450.3   71409.8   -2859.7 -4.3760  3.2964   49869.1   68160.9 -215730.8
     2775.0     438.2   50972.0   72732.9   54470.1   70090.4   56134.2   70300.1   51500.2   73432.1
  127 1      2 -4.7178  3.5515   56166.3   71146.1   -3685.6 -4.3760  3.2964   53483.1   65438.5 -216556.7
     6197.0    1065.4   50574.6   74021.9   59485.8   67313.7   61963.3   68483.8   51856.1   75724.3
  128 1      3 -4.3719  3.1542   68703.2   58061.1   -6276.2 -4.3760  3.2964   64819.5   56898.8 -219147.3
    11513.4    1995.7   58198.5   63178.9   75954.5   50368.7   79413.5   53156.4   60533.7   66415.8
vertex track :        188   3 125    2651823 -3.3270  1.7633   40247.9   78052.7     288.4     0  1306.3
  126 1      1 -3.3260  1.7560   48363.9   72873.3   -2863.7 -3.3011  1.7702   47401.6   70218.4 -215733.8
      657.9      35.2   47765.8   73149.3   48230.8   72903.8   49168.8   72809.0   47798.6   73211.5
  127 1      2 -3.3479  1.7114   51386.3   69526.1   -3717.5 -3.3011  1.7702   50220.1   68706.9 -216587.6
      856.5      79.6   50587.4   69845.0   51409.6   69424.8   52391.7   69418.9   50659.9   69986.8
  128 1      3 -3.3128  1.7985   61825.4   67171.9   -6587.6 -3.3011  1.7702   59694.5   63626.2 -219457.6
     1463.8     154.9   60465.1   67734.1   62342.3   66715.0   63392.5   66821.4   60612.9   68006.4
vertex track :        202   3 125    6062959  0.9152  1.0511   52857.2   75809.9     211.2   211     nan
  126 1      1  0.8673  1.1038   51787.3   72890.9   -2857.4  0.9298  1.0541   46820.1   70230.5 -215679.3
        nan       nan      -nan       nan       nan       nan       nan       nan       nan       nan
  127 1      2  0.9453  1.0516   49781.3   74567.3   -3698.7  0.9298  1.0541   46037.8   69343.7 -216520.6
        nan       nan      -nan       nan       nan       nan       nan       nan       nan       nan
  128 1      3  0.9116  1.0324   46884.6   67903.2   -6400.8  0.9298  1.0541   43525.3   66495.6 -219222.7
        nan       nan      -nan       nan       nan       nan       nan       nan       nan       nan
vertex track :        247   3 126     777865 -1.4622 -1.2189   52336.6   75139.5     249.0   211     nan
  123 1     -2 -1.4553 -1.2270   41160.1   66728.6    6594.3 -1.4738 -1.2178   41217.4   65210.2 -209136.7
        nan       nan      -nan       nan       nan       nan       nan       nan       nan       nan
  124 1     -1 -1.5093 -1.1751   45318.4   69308.5    3714.8 -1.4738 -1.2178   45461.1   68717.0 -212016.3
        nan       nan      -nan       nan       nan       nan       nan       nan       nan       nan
  125 1      0 -1.4697 -1.2348   49542.2   71795.1    2869.7 -1.4738 -1.2178   46706.5   69746.1 -212861.4
        nan       nan      -nan       nan       nan       nan       nan       nan       nan       nan
vertex track :        259   3 126    1180434  4.2328  4.2188   36809.8   61069.0     267.9   211     nan
  123 3     -2  4.0638  4.0313   65713.3   10731.3    6725.3  4.3035  4.2525   62661.5   86306.6 -209006.0
        nan       nan      -nan       nan       nan       nan       nan       nan       nan       nan
  124 1     -1  3.9553  4.2613   54819.9   77736.7    3713.1  4.3035  4.2525   49698.7   73497.5 -212018.2
        nan       nan      -nan       nan       nan       nan       nan       nan       nan       nan
  125 1      0  4.2175  4.5735   47500.3   73102.3    2861.8  4.3035  4.2525   46035.1   69877.2 -212869.5
        nan       nan      -nan       nan       nan       nan       nan       nan       nan       nan
vertex track :        267   3 126    1218100  3.8196  2.5835   41736.8   66917.8     260.3   211   118.0
  123 1     -2  3.8125  2.5845   65945.3   84111.6    6585.1  3.8757  2.5929   64373.9   81113.7 -209144.4
    15407.7    3243.6   76878.7   95441.9   52172.4   78693.6   55225.6   72993.8   80518.8   90072.3
  124 1     -1  3.8406  2.5373   54287.4   75036.7    3723.7  3.8757  2.5929   53284.1   73694.4 -212005.8
     7380.3    1549.7   59591.0   80397.9   48081.9   72794.4   49197.6   69888.1   61299.4   77811.9
  125 1      0  3.8325  2.5622   54056.7   74458.8    2868.0  3.8757  2.5929   49967.4   71475.5 -212861.6
     2841.2     579.3   56096.7   76519.5   52177.6   73899.4   52230.5   72610.7   56740.6   75556.3
vertex track :        277   3 126    1235623 -1.2220  1.0167   49064.9   72521.0     251.3   211   420.3
  123 1     -2 -1.2178  1.0126   42127.8   79542.9    6746.2 -1.2204  1.0317   39337.1   77018.6 -208983.2
      420.7     151.1   41707.7   79695.7   42099.0   79370.4   42756.6   79601.1   41900.9   79928.0
  124 1     -1 -1.2850  1.0045   46839.8   77341.1    3716.4 -1.2204  1.0317   43034.6   73892.8 -212013.0
      226.5      70.1   46618.2   77425.4   46705.3   77357.3   47270.2   77467.8   46704.5   77535.9
  125 1      0 -1.2025  0.9284   44098.9   75317.0    2870.0 -1.2204  1.0317   44067.5   73019.6 -212859.4
      160.8      26.9   43955.2   75393.9   43957.3   75392.3   44451.5   75450.9   43988.1   75436.6
vertex track :        296   3 126    1884003  3.2109  5.2001   40401.6   58963.2     257.9   211   141.9
  123 3     -2  3.2010  5.2043   60480.7   15113.0    6566.0  3.2346  5.1752   58878.0   89346.2 -209160.4
    22953.9    3674.5   69376.4   36589.7   45997.6   -1420.7   51798.3   -6148.5   75636.1   32739.6
  124 1     -1  3.2533  5.1795   50748.0   76868.3    3718.3  3.2346  5.1752   49666.8   74608.9 -212008.1
    11023.7    1759.3   55121.6   87139.0   44078.0   69556.7   46587.6   66812.7   58101.2   85267.5
  125 1      0  3.2511  5.2055   50983.1   73986.3    2867.9  3.2346  5.1752   46916.0   70207.8 -212858.5
     4281.2     659.2   52691.8   77966.6   48838.9   71797.5   49487.6   70221.1   53810.0   77268.2
vertex track :        330   3 126    2002777  0.6731 -2.5634   48075.3   75544.0     257.2   211   483.5
  123 1     -2  0.5244 -2.6782   53653.8   59073.1    6774.3  0.6646 -2.5921   50616.1   56479.9 -208959.7
      974.8     244.7   54081.2   58163.5   53816.8   59514.4   53436.9   60190.1   53601.0   58069.5
  124 1     -1  0.8656 -2.6359   52796.3   66990.6    3648.5  0.6646 -2.5921   48538.6   64582.4 -212085.5
      493.5     110.4   53055.2   66556.2   52929.0   66940.4   52748.3   67632.4   52845.3   66487.2
  125 1      0  0.7460 -2.5695   48534.4   68128.4    2863.0  0.6646 -2.5921   48016.5   66618.5 -212871.0
      333.4      43.0   48668.6   67820.2   48639.3   67921.0   48610.9   68644.1   48586.1   67796.2
vertex track :        343   3 126    2003657 -1.5811  0.1925   48805.2   72755.2     253.3   211     nan
  123 1     -2 -1.5767  0.1951   36793.7   73789.3    6585.5 -1.5850  0.2039   36966.7   71846.7 -209145.6
        nan       nan      -nan       nan       nan       nan       nan       nan       nan       nan
  124 1     -1 -1.5575  0.1670   41360.7   72205.2    3719.1 -1.5850  0.2039   41509.9   71262.4 -212011.9
        nan       nan      -nan       nan       nan       nan       nan       nan       nan       nan
  125 1      0 -1.5734  0.1973   45663.8   73450.1    2867.5 -1.5850  0.2039   42859.7   71088.8 -212863.5
        nan       nan      -nan       nan       nan       nan       nan       nan       nan       nan
vertex track :        350   3 126    2004525  1.8509 -1.5104   44884.3   75697.2     263.0     0 10001.0
  123 1     -2  1.8963 -1.6953   58198.8   66264.4    6695.0  1.8591 -1.5390   55033.2   63649.4 -209040.8
      571.8      24.9   58641.7   65901.8   58187.3   66308.0   57967.8   66835.2   58608.5   65864.7
  124 1     -1  1.7510 -1.4303   54085.8   71012.6    3671.7  1.8591 -1.5390   49412.6   68302.3 -212064.1
      326.4      12.9   54346.8   70816.1   54208.8   70928.7   54036.5   71417.6   54330.4   70796.0
  125 1      0  1.8923 -1.5040   48723.6   71289.0    2859.0  1.8591 -1.5390   47901.8   69553.0 -212876.8
      265.3       9.4   48937.2   71131.3   48919.2   71145.6   48722.0   71655.2   48925.5   71116.6
vertex track :        363   3 126    4703055 -1.9706 -1.9153   52543.5   75899.8     184.7   211     nan
  123 1     -2 -1.9449 -1.8738   37983.2   62797.0    6590.3 -1.9870 -1.9145   38053.4   61439.4 -209076.6
        nan       nan      -nan       nan       nan       nan       nan       nan       nan       nan
  124 1     -1 -1.9169 -1.9004   43653.7   67605.0    3707.6 -1.9870 -1.9145   43781.1   66958.3 -211959.3
        nan       nan      -nan       nan       nan       nan       nan       nan       nan       nan
  125 1      0 -1.9670 -1.9254   48277.6   70546.6    2871.9 -1.9870 -1.9145   45441.7   68558.4 -212795.0
        nan       nan      -nan       nan       nan       nan       nan       nan       nan       nan
vertex track :        365   3 126    4703223 -1.9373 -2.2701   52346.5   76343.0     184.7   211     nan
  123 1     -2 -1.9653 -2.2134   40685.1   61660.8    6716.4 -1.9556 -2.2719   37812.0   59312.4 -208950.4
        nan       nan      -nan       nan       nan       nan       nan       nan       nan       nan
  124 1     -1 -1.8775 -2.2604   47429.8   68895.4    3656.1 -1.9556 -2.2719   43796.7   66264.9 -212010.6
        nan       nan      -nan       nan       nan       nan       nan       nan       nan       nan
  125 1      0 -2.0199 -2.3429   45373.9   69686.9    2869.2 -1.9556 -2.2719   45335.5   68052.6 -212797.5
        nan       nan      -nan       nan       nan       nan       nan       nan       nan       nan
vertex track :        372   3 126    5184680 -2.2015 -2.1186   52562.7   75857.6     184.7   211     nan
  123 1     -2 -2.1880 -2.1307   36507.4   61418.3    6574.4 -2.2191 -2.1170   36620.4   60133.5 -209092.5
        nan       nan      -nan       nan       nan       nan       nan       nan       nan       nan
  124 1     -1 -2.1370 -2.1014   42785.0   66825.5    3713.4 -2.2191 -2.1170   42969.5   66190.3 -211953.6
        nan       nan      -nan       nan       nan       nan       nan       nan       nan       nan
  125 1      0 -2.1977 -2.1155   47634.5   69921.1    2870.6 -2.2191 -2.1170   44839.7   67974.4 -212796.4
        nan       nan      -nan       nan       nan       nan       nan       nan       nan       nan
vertex track :        377   3 126    5185389 -0.0197 -1.8960   49031.5   76965.0     188.8   211     nan
  123 1     -2 -0.0303 -1.8315   50110.4   65013.4    6684.5 -0.0292 -1.9122   47065.0   62378.9 -208982.1
        nan       nan      -nan       nan       nan       nan       nan       nan       nan       nan
  124 1     -1 -0.1312 -1.7721   51244.9   70901.0    3682.0 -0.0292 -1.9122   47152.6   68120.3 -211984.6
        nan       nan      -nan       nan       nan       nan       nan       nan       nan       nan
  125 1      0 -0.0144 -1.8186   47530.9   71414.1    2864.8 -0.0292 -1.9122   47176.4   69683.1 -212801.9
        nan       nan      -nan       nan       nan       nan       nan       nan       nan       nan
vertex track :        378   3 126    5185824  0.2584 -1.7353   48437.1   75821.8     190.8   211     nan
  123 1     -2  0.2663 -1.7030   48809.8   63968.9    6579.3  0.2516 -1.7525   48257.7   62455.0 -209088.7
        nan       nan      -nan       nan       nan       nan       nan       nan       nan       nan
  124 1     -1  0.2474 -1.7421   47714.5   68168.0    3721.6  0.2516 -1.7525   47538.6   67463.2 -211946.4
        nan       nan      -nan       nan       nan       nan       nan       nan       nan       nan
  125 1      0  0.2709 -1.7350   50571.0   71018.9    2867.3  0.2516 -1.7525   47323.6   68960.4 -212800.7
        nan       nan      -nan       nan       nan       nan       nan       nan       nan       nan
