groupid:  10841, ntrk: 19
vertex track :          0   3 125     489846 -0.1216  0.2417  115727.7   47094.0     196.1    13  1109.5
  126 1      1 -0.1215  0.2419  114658.6   46220.2   -2867.6 -0.1215  0.2432  113114.7   43369.6 -215714.2
       28.4       5.1  114641.4   46243.3  114641.4   46243.3  114885.8   46407.3  114650.4   46247.8
  127 1      2 -0.1255  0.2376  115200.9   45022.7   -3715.4 -0.1215  0.2432  113217.7   43163.4 -216562.0
       35.4      11.8  115173.9   45048.5  115180.6   45035.8  115437.7   45207.1  115194.7   45059.5
  128 1      3 -0.1189  0.2419  116860.8   45304.2   -6587.5 -0.1215  0.2432  113566.6   42465.0 -219434.2
       58.0      23.2  116814.4   45346.0  116840.7   45292.6  117117.1   45472.5  116856.0   45366.5
vertex track :         70   3 125    1330342  1.8891 -2.0549  118305.9   43993.2     189.3   211     nan
  126 1      1  1.7633 -1.7989  114301.4   50078.8   -2814.6  1.8835 -2.0774  109655.2   47221.9 -215654.3
        nan       nan      -nan       nan       nan       nan       nan       nan       nan       nan
  127 1      2  1.7522 -2.1487  111804.2   54278.1   -3631.6  1.8835 -2.0774  108116.6   48919.0 -216471.2
        nan       nan      -nan       nan       nan       nan       nan       nan       nan       nan
  128 1      3  1.7766 -2.0095  105870.0   56706.5   -6139.4  1.8835 -2.0774  103393.2   54128.6 -218979.0
        nan       nan      -nan       nan       nan       nan       nan       nan       nan       nan
vertex track :         76   3 125    1330988 -2.0986 -1.9921  112873.9   43856.3     188.1   211     nan
  126 1      1 -2.1009 -2.0004  117359.3   49265.2   -2869.2 -2.1193 -1.9950  116345.2   46976.6 -215711.4
        nan       nan      -nan       nan       nan       nan       nan       nan       nan       nan
  127 1      2 -2.0759 -2.0139  119472.3   49936.9   -3717.9 -2.1193 -1.9950  118143.7   48669.6 -216560.0
        nan       nan      -nan       nan       nan       nan       nan       nan       nan       nan
  128 2      3 -2.1174 -1.9728    6170.6   55523.8   -6587.9 -2.1193 -1.9950  124226.1   54395.1 -219430.0
        nan       nan      -nan       nan       nan       nan       nan       nan       nan       nan
vertex track :         91   3 125    1374957 -1.6673  1.7130  112687.0   49792.7     197.1     0 10001.0
  126 1      1 -1.4662  1.5875  118902.4   45042.2   -2816.2 -1.6649  1.7321  114722.9   41626.8 -215664.4
      296.4      10.9  118693.3   45252.5  118787.6   45150.4  119320.1   45043.4  118709.4   45267.3
  127 1      2 -1.6586  1.5792  119398.2   46058.1   -3644.2 -1.6649  1.7321  116101.3   40192.6 -216492.4
      360.6      14.6  119126.9   46296.2  119301.0   46130.5  119877.8   46031.6  119147.1   46317.4
  128 1      3 -1.5893  1.6128  123586.7   37635.0   -6168.9 -1.6649  1.7321  120304.6   35819.5 -219017.1
      566.9      24.6  123171.3   38021.5  123633.3   37552.6  124210.6   37460.1  123206.4   38056.0
vertex track :        108   3 125    1524794 -1.9506 -2.2698  110575.1   39735.7     181.5   211     nan
  126 1      1 -1.9486 -2.2602  114660.1   45944.0   -2866.3 -1.9719 -2.2758  113551.2   43685.1 -215705.3
        nan       nan      -nan       nan       nan       nan       nan       nan       nan       nan
  127 1      2 -1.9161 -2.3379  116711.7   46793.0   -3719.9 -1.9719 -2.2758  115234.4   45627.7 -216558.9
        nan       nan      -nan       nan       nan       nan       nan       nan       nan       nan
  128 1      3 -1.9666 -2.2410  122990.8   53290.3   -6583.9 -1.9719 -2.2758  120882.1   52145.5 -219422.9
        nan       nan      -nan       nan       nan       nan       nan       nan       nan       nan
vertex track :        179   3 125    2639773 -2.0977 -2.1899  110256.6   40676.6     183.5     0  5312.8
  126 1      1 -2.1001 -2.2529  117807.8   47031.3   -2814.9 -2.1195 -2.1946  113581.5   44277.0 -215655.7
      432.5      13.7  117523.0   46705.6  117671.8   46865.2  118300.6   47564.8  117502.9   46724.3
  127 1      2 -2.2804 -2.0070  118553.0   51438.1   -3633.5 -2.1195 -2.1946  115316.6   46073.5 -216474.3
      532.8      20.8  118166.7   51070.5  118487.8   51353.0  119146.9   52013.7  118139.3   51101.7
  128 1      3 -2.1062 -2.0059  124067.9   54341.8   -6128.7 -2.1195 -2.1946  120605.2   51549.4 -218969.5
      848.7      36.3  123478.3   53730.3  124265.2   54479.6  124865.3   55161.4  123428.3   53782.8
vertex track :        195   3 126      18811  0.4948  1.2871  114221.9   45514.3     181.8   211     nan
  123 1     -2  0.4810  1.2909  116242.3   54190.5    6586.3  0.4993  1.2837  115847.6   50952.1 -209064.6
        nan       nan      -nan       nan       nan       nan       nan       nan       nan       nan
  124 1     -1  0.5008  1.2599  114238.7   48193.3    3717.6  0.4993  1.2837  114415.2   47269.5 -211933.3
        nan       nan      -nan       nan       nan       nan       nan       nan       nan       nan
  125 1      0  0.4875  1.2902  117008.0   49300.2    2868.6  0.4993  1.2837  113991.2   46179.6 -212782.3
        nan       nan      -nan       nan       nan       nan       nan       nan       nan       nan
vertex track :        201   3 126     238114 -1.7353 -1.5175  117494.3   49249.7     181.5   211     nan
  123 1     -2 -1.6966 -1.4823  107188.1   39569.0    6763.4 -1.7761 -1.5335  104265.6   36376.1 -208873.2
        nan       nan      -nan       nan       nan       nan       nan       nan       nan       nan
  124 1     -1 -1.7170 -1.4479  113259.2   44656.4    3621.9 -1.7761 -1.5335  109845.2   41193.6 -212014.7
        nan       nan      -nan       nan       nan       nan       nan       nan       nan       nan
  125 1      0 -1.6737 -1.4855  111048.0   44778.5    2821.6 -1.7761 -1.5335  111266.5   42420.8 -212815.0
        nan       nan      -nan       nan       nan       nan       nan       nan       nan       nan
vertex track :        203   3 126     238882  2.1241 -2.1985  110980.2   50218.4     189.2   211     nan
  123 1     -2  2.1332 -2.1957  124140.4   35451.8    6585.6  2.1283 -2.2334  123031.7   33192.9 -209063.4
        nan       nan      -nan       nan       nan       nan       nan       nan       nan       nan
  124 1     -1  2.1168 -2.1820  116834.1   40289.2    3720.1  2.1283 -2.2334  116933.1   39592.6 -211928.9
        nan       nan      -nan       nan       nan       nan       nan       nan       nan       nan
  125 1      0  2.1344 -2.1997  118374.6   44200.9    2867.4  2.1283 -2.2334  115118.3   41497.0 -212781.6
        nan       nan      -nan       nan       nan       nan       nan       nan       nan       nan
vertex track :        205   3 126     239027 -0.0525 -1.1259  114506.1   48778.3     182.7   211     nan
  123 1     -2 -0.0432 -1.0325  115246.9   41788.8    6731.7 -0.0589 -1.1380  112563.9   38558.5 -208911.1
        nan       nan      -nan       nan       nan       nan       nan       nan       nan       nan
  124 1     -1 -0.0138 -1.1503  116520.3   45537.1    3644.2 -0.0589 -1.1380  112745.7   42071.9 -211998.6
        nan       nan      -nan       nan       nan       nan       nan       nan       nan       nan
  125 1      0 -0.0421 -1.1497  112869.4   45393.7    2815.9 -0.0589 -1.1380  112794.5   43014.5 -212826.9
        nan       nan      -nan       nan       nan       nan       nan       nan       nan       nan
vertex track :        213   3 126     239794 -1.7451 -2.0705  114891.6   46577.7     178.5   211     nan
  123 1     -2 -1.7368 -2.0715  101834.0   32550.6    6586.9 -1.7742 -2.0900  101956.7   30402.6 -209057.2
        nan       nan      -nan       nan       nan       nan       nan       nan       nan       nan
  124 1     -1 -1.7521 -2.0423  106659.7   37200.5    3715.0 -1.7742 -2.0900  107052.0   36404.9 -211929.1
        nan       nan      -nan       nan       nan       nan       nan       nan       nan       nan
  125 1      0 -1.7430 -2.0723  111370.6   40905.9    2869.3 -1.7742 -2.0900  108552.6   38172.6 -212774.9
        nan       nan      -nan       nan       nan       nan       nan       nan       nan       nan
vertex track :        244   3 126     486171  2.0637 -0.5466  110926.8   47508.7     187.3   211     nan
  123 2     -2  2.0470 -0.5195    4163.4   44379.5    6719.9  2.0659 -0.5633  122848.5   41074.5 -208934.4
        nan       nan      -nan       nan       nan       nan       nan       nan       nan       nan
  124 1     -1  1.9331 -0.4814  121052.4   46511.8    3657.9  2.0659 -0.5633  116522.7   42799.2 -211996.4
        nan       nan      -nan       nan       nan       nan       nan       nan       nan       nan
  125 1      0  2.0770 -0.4467  115401.8   45703.5    2806.3  2.0659 -0.5633  114763.3   43278.9 -212848.0
        nan       nan      -nan       nan       nan       nan       nan       nan       nan       nan
vertex track :        252   3 126     486779 -1.8677 -2.0991  114751.1   46345.8     178.5   211     nan
  123 1     -2 -1.8483 -2.0879  100821.2   32074.7    6612.9 -1.8985 -2.1187  100968.5   29931.3 -209032.0
        nan       nan      -nan       nan       nan       nan       nan       nan       nan       nan
  124 1     -1 -1.8368 -2.0708  106027.9   36845.2    3714.5 -1.8985 -2.1187  106471.2   36072.1 -211930.4
        nan       nan      -nan       nan       nan       nan       nan       nan       nan       nan
  125 1      0 -1.8659 -2.1018  110883.5   40593.2    2869.0 -1.8985 -2.1187  108076.6   37863.6 -212776.0
        nan       nan      -nan       nan       nan       nan       nan       nan       nan       nan
vertex track :        260   3 126     665777  1.3750 -1.9665  110284.4   52630.7     187.2   211     nan
  123 1     -2  1.6902 -2.3022  120495.1   40038.5    6722.1  1.3751 -1.9953  117717.4   36868.3 -208919.0
        nan       nan      -nan       nan       nan       nan       nan       nan       nan       nan
  124 1     -1  1.2977 -1.9364  117677.4   46118.0    3641.1  1.3751 -1.9953  113480.8   43015.9 -212000.0
        nan       nan      -nan       nan       nan       nan       nan       nan       nan       nan
  125 1      0  1.4750 -2.1241  112757.3   46876.9    2812.7  1.3751 -1.9953  112341.5   44669.0 -212828.5
        nan       nan      -nan       nan       nan       nan       nan       nan       nan       nan
vertex track :        273   3 126    1127760 -3.6091  0.0986  123395.3   46542.1     173.9     0   730.3
  123 1     -2 -3.6094  0.0874   97864.5   47187.4    6592.4 -3.6618  0.1133   98382.5   44446.2 -209034.7
     1465.3     239.9   96393.8   46983.1   98565.7   46930.5   99541.6   47601.8   96405.4   47462.7
  124 1     -1 -3.5575  0.0610  108361.0   45073.1    3717.4 -3.6618  0.1133  108910.1   44120.3 -211909.6
      793.3     115.8  107565.9   44970.9  108405.1   44956.5  109362.6   45385.4  107569.8   45202.5
  125 1      0 -3.6292  0.1003  114662.4   47003.7    2866.0 -3.6618  0.1133  112027.7   44023.8 -212761.0
      550.7      45.4  114110.7   46973.6  114449.5   46964.2  115420.5   47243.9  114113.2   47064.3
vertex track :        293   3 126    1315198 -3.6599  3.6251  124596.7   36877.9     166.2   211     nan
  123 1     -2 -3.6186  3.5895  101587.1   61328.1    6695.2 -3.6482  3.6429   99208.6   57775.3 -208951.9
        nan       nan      -nan       nan       nan       nan       nan       nan       nan       nan
  124 1     -1 -3.9022  3.9962  113252.9   51276.6    3603.4 -3.6482  3.6429  110488.0   46512.4 -212043.7
        nan       nan      -nan       nan       nan       nan       nan       nan       nan       nan
  125 1      0 -3.8766  4.0038  112615.6   47186.7    2812.3 -3.6482  3.6429  113374.1   43630.5 -212834.8
        nan       nan      -nan       nan       nan       nan       nan       nan       nan       nan
vertex track :        304   3 126    1555674 -3.5984  3.3885  118038.6   42916.0     174.1   211   111.1
  123 1     -2 -3.6392  3.3296   92731.2   65451.2    6589.7 -3.5763  3.4054   93523.4   61944.8 -209056.7
    20461.4    4037.1   74909.8   76284.7  104338.1   49359.9  110759.0   54831.0   80360.1   82241.8
  124 1     -1 -3.4405  3.5607  103006.9   53511.7    3730.4 -3.5763  3.4054  103748.8   52207.9 -211916.0
     9922.1    1954.0   94707.2   59289.4  107773.7   45766.3  111513.2   47947.6   97517.6   62004.9
  125 1      0 -3.6051  3.3789  109327.2   52622.7    2866.8 -3.5763  3.4054  106837.5   49266.8 -212779.6
     3838.0     739.8  106021.0   54707.6  110864.5   50167.9  112839.7   50751.3  107032.7   55787.1
vertex track :        323   3 126    1754241  3.6174  3.6351  104070.4   36580.1     173.8   211     nan
  123 2     -2  4.6950  4.8610    7572.3   60993.0    6641.7  3.5970  3.5846  125689.5   56988.6 -209035.1
        nan       nan      -nan       nan       nan       nan       nan       nan       nan       nan
  124 1     -1  3.3890  3.3893  119943.3   51086.6    3644.1  3.5970  3.5846  114906.9   46243.3 -212032.8
        nan       nan      -nan       nan       nan       nan       nan       nan       nan       nan
  125 1      0  4.0415  3.6123  112980.7   46887.4    2811.2  3.5970  3.5846  111911.0   43257.8 -212865.7
        nan       nan      -nan       nan       nan       nan       nan       nan       nan       nan
vertex track :        338   3 126    1780729  2.4946 -2.1805  114208.7   46684.5     181.5   211     nan
  123 2     -2  2.5015 -2.1949    8258.7   32128.5    6589.6  2.5005 -2.2163  128665.4   29704.6 -209057.8
        nan       nan      -nan       nan       nan       nan       nan       nan       nan       nan
  124 1     -1  2.4332 -2.1487  121406.5   36746.8    3699.6  2.5005 -2.2163  121438.9   36109.9 -211947.9
        nan       nan      -nan       nan       nan       nan       nan       nan       nan       nan
  125 1      0  2.4967 -2.1844  122654.6   40719.0    2867.6  2.5005 -2.2163  119358.4   37953.9 -212779.9
        nan       nan      -nan       nan       nan       nan       nan       nan       nan       nan
