groupid:  10946, ntrk:  3
vertex track :          0   3  19     850807  0.2197 -0.3426  115425.7   82934.1     200.9    13  1011.7
   20 3      1  0.2196 -0.3432  114452.1    9052.9   -2867.9  0.2220 -0.3441  114353.2   83412.2  -20979.7
       41.0       6.3  114479.5    9021.8  114481.4    9018.8  114635.0    9293.7  114468.9    9015.0
   21 3      2  0.2238 -0.3400  113107.4    8402.5   -3717.4  0.2220 -0.3441  114164.6   83704.5  -21829.2
       50.2      14.0  113146.7    8368.2  113138.6    8380.7  113278.4    8646.3  113123.3    8352.8
   22 3      3  0.2190 -0.3428  114904.6   10170.7   -6580.5  0.2220 -0.3441  113528.9   84689.6  -24692.3
       80.9      27.5  114971.3   10117.3  114930.2   10181.7  115048.1   10433.8  114925.0   10087.7
vertex track :         82   3  19    2486568 -0.7988 -0.1377  112420.1   83564.9     201.7  2212   467.8
   20 1      1 -0.8455 -0.1303  114774.4   82669.3   -3040.8 -0.7950 -0.1394  114609.2   83436.7  -21146.7
       95.6      39.6  114686.0   82615.6  114697.3   82617.4  115072.0   82933.0  114673.9   82694.0
   21 1      2 -0.8311 -0.1522  115716.1   84562.4   -3870.0 -0.7950 -0.1394  115268.4   83552.3  -21975.9
      154.3      94.8  115581.4   84441.4  115710.4   84465.0  116060.0   84893.3  115547.2   84627.8
   22 1      3 -0.8853 -0.1593  116897.3   83010.0   -6804.8 -0.7950 -0.1394  117601.5   83961.5  -24910.7
      281.7     186.4  116653.1   82776.7  117021.7   82843.0  117350.7   83453.2  116587.1   83143.6
vertex track :        182   3  20    1918765  2.4363 -0.5759  113707.2   85754.9     248.8   211     nan
   17 2     -2  2.4293 -0.5484    7795.9   80536.2    6586.4  2.4516 -0.5898  129163.3   79728.5  -14601.8
        nan       nan      -nan       nan       nan       nan       nan       nan       nan       nan
   18 1     -1  2.4413 -0.5502  123308.9   84617.5    3717.4  2.4516 -0.5898  122129.7   81420.8  -17470.8
        nan       nan      -nan       nan       nan       nan       nan       nan       nan       nan
   19 1      0  2.4330 -0.5900  121370.6   82260.0    2868.1  2.4516 -0.5898  120047.6   81921.7  -18320.1
        nan       nan      -nan       nan       nan       nan       nan       nan       nan       nan
