groupid:  10818, ntrk:  7
vertex track :          0   3  37    5840173  0.1877 -0.1504  113749.5   96240.7     223.7    13  1582.6
   38 3      1  0.1924 -0.1441  108670.0   20208.2   -2868.3  0.1918 -0.1436  110581.8   96293.1  -54297.4
       25.6       3.7  108692.8   20195.8  108692.1   20196.3  108857.4   20430.4  108688.3   20189.8
   39 3      2  0.1898 -0.1478  110605.4   20491.8   -3718.5  0.1918 -0.1436  110418.8   96415.1  -55147.6
       31.4       8.3  110635.3   20479.1  110625.6   20486.7  110785.6   20714.4  110625.1   20465.9
   40 3      3  0.1902 -0.1495  112528.7   20585.7   -6583.5  0.1918 -0.1436  109869.4   96826.4  -58012.6
       51.0      16.3  112578.9   20567.0  112538.7   20598.6  112688.8   20814.2  112558.7   20541.4
vertex track :         15   3  37    5264714  0.5280  1.1404  114132.4   97788.8     225.9     0   874.8
   38 3      1  0.4836  1.1696  114340.5   20051.4   -3176.5  0.5047  1.1398  109806.1   93505.6  -54611.4
      136.2      15.4  114378.3   20183.2  114375.8   20177.0  114513.2   20130.8  114406.8   20171.4
   39 3      2  0.5879  1.1865  111971.8   16732.7   -3997.8  0.5047  1.1398  109391.6   92569.4  -55432.7
      165.4      32.8  112015.8   16895.5  111992.4   16848.2  112138.4   16781.1  112074.7   16866.3
   40 3      3  0.5079  1.1117  109202.4   11157.7   -6811.5  0.5047  1.1398  107971.7   89362.3  -58246.5
      260.7      61.7  109254.6   11420.5  109144.6   11179.7  109360.7   11106.0  109366.9   11369.2
vertex track :         17   3  37    5265187 -1.4328  0.1726  109206.5   97141.2     221.8     0   857.7
   38 3      1 -1.4353  0.1269  109276.1   20009.9   -2867.9 -1.4225  0.1492  111034.6   96205.2  -54287.7
      152.1      15.7  109123.2   20007.6  109124.9   20007.5  109637.6   20222.3  109126.0   20039.0
   39 3      2 -1.4355  0.1473  112502.5   20067.1   -3715.6 -1.4225  0.1492  112240.5   96078.8  -55135.4
      188.5      35.3  112311.5   20051.1  112384.9   20043.6  112902.2   20293.1  112318.7   20121.5
   40 3      3 -1.4336  0.1467  118957.9   19415.4   -6586.1 -1.4225  0.1492  116323.7   95650.6  -58005.9
      307.4      69.2  118645.0   19377.8  118955.7   19346.0  119479.4   19663.1  118659.1   19515.6
vertex track :         32   3  37    5810357 -1.5431 -1.1988  108108.8   92699.5     213.2     0 10001.0
   38 3      1 -1.6446 -1.2212  114399.3   21755.9   -3177.7 -1.4991 -1.1998  110724.2   96331.6  -54578.5
      241.9      10.7  114211.5   21603.1  114254.6   21635.2  114795.6   22117.5  114198.7   21620.3
   39 3      2 -1.4601 -1.1175  113634.3   20394.0   -4000.4 -1.4991 -1.1998  111957.6   97318.8  -55401.2
      288.0      13.8  113413.9   20207.9  113564.7   20323.4  114063.2   20788.8  113397.2   20229.8
   40 3      3 -1.4332 -1.2362  116741.6   21553.3   -6785.8 -1.4991 -1.1998  116133.1  100660.7  -58186.5
      452.6      23.2  116414.1   21240.1  116798.5   21571.7  117277.7   22075.2  116383.8   21275.3
vertex track :         92   3  37    6328229 -3.8688  0.3107  104371.8   97324.4     223.5     0  1857.0
   38 3      1 -3.8651  0.1877  112183.4   19763.0   -2868.2 -3.8284  0.2602  113655.0   95974.2  -54278.5
      675.5      27.5  111507.3   19768.3  112045.1   19742.1  113065.6   19967.9  111509.9   19823.3
   39 3      2 -3.8713  0.2712  117380.0   19689.2   -3717.0 -3.8284  0.2602  116904.3   95753.3  -55127.3
      862.3      59.0  116515.6   19690.6  117423.1   19627.0  118450.5   19898.1  116523.9   19808.3
   40 4      3 -3.8648  0.2706    9682.1   19608.8   -6585.3 -3.8284  0.2602  127885.5   95007.0  -57995.6
     1468.9     114.9    8208.8   19596.7   10327.7   19448.4   11361.5   19831.1    8224.8   19826.0
vertex track :        129   3  38    5669679 -0.8479  1.1946  109590.9   96158.9     140.2     0  5774.6
   35 3     -2 -0.8002  1.1944  107601.9   28918.4    6597.2 -0.8443  1.1882  105660.0  103246.8  -47917.3
      277.0      18.9  107432.0   29137.9  107572.3   28928.6  107981.0   28910.0  107463.4   29159.0
   36 3     -1 -0.8361  1.2138  107013.1   23074.2    3719.1 -0.8443  1.1882  108089.9   99826.9  -50795.5
      170.0      10.2  106908.3   23208.4  106925.5   23183.4  107327.0   23151.2  106925.0   23220.0
   37 3      0 -0.8541  1.1890  109632.5   22722.3    2868.7 -0.8443  1.1882  108807.8   98816.5  -51645.8
      141.4       7.1  109544.2   22833.0  109529.9   22853.0  109930.0   22822.8  109555.8   22841.4
vertex track :        200   3  38    6588444 -2.5510 -3.0618  109620.4   97447.9     142.1     0  1787.8
   35 1     -2 -2.5639 -3.0583   88858.5   75619.1    7087.6 -2.4976 -2.9669   93792.4   76239.9  -47432.8
     1579.2     126.3   87940.7   74327.7   89431.5   76105.9   89983.7   77117.4   87747.1   74490.0
   36 3     -1 -2.7106 -2.8756  100188.5   10220.0    3997.1 -2.4976 -2.9669  101511.2   85409.1  -50523.3
      888.5      61.8   99624.1    9531.1  100273.7   10220.2  100960.3   11116.0   99534.1    9615.8
   37 3      0 -2.5823 -3.3020   99172.1    9232.5    3164.6 -2.4976 -2.9669  103590.5   87879.1  -51355.8
      693.7      28.4   98767.1    8668.5   99079.6    9068.1   99784.5   10003.2   98722.4    8703.5
