groupid:  10401, ntrk:  5
vertex track :          0   3  55    6327533  0.1033 -0.1940  114207.5  104465.1     240.0    13   596.4
   56 3      1  0.1045 -0.1931  113751.6   27443.7   -2867.4  0.1036 -0.1916  111880.5  102827.0  -88120.6
       25.2       8.8  113771.4   27425.7  113769.3   27429.5  113942.0   27671.4  113755.8   27417.3
   57 3      2  0.1045 -0.1930  114223.9   26226.1   -3718.8  0.1036 -0.1916  111792.3  102990.1  -88972.0
       35.7      21.5  114259.8   26205.0  114247.8   26227.3  114398.0   26457.1  114221.9   26184.4
   58 3      3  0.1063 -0.1921  112972.5   28443.5   -6586.8  0.1036 -0.1916  111495.3  103539.5  -91840.0
       62.4      42.4  113039.8   28409.5  113001.7   28478.3  113115.3   28687.4  112965.5   28368.4
vertex track :         57   3  56    5193106  0.2654 -0.4905  114117.7  106465.4     242.4  2212   352.8
   53 3     -2  0.2654 -0.4904  114465.5   24549.8    6597.0  0.2699 -0.4859  113445.0  100155.1  -80791.7
      287.9     237.6  114811.5   24409.8  114593.2   24813.1  114329.7   24899.4  114393.5   24183.6
   54 3     -1  0.2864 -0.4909  114053.1   24866.7    3716.9  0.2699 -0.4859  112667.5  101554.6  -83671.8
      142.3     113.3  114222.8   24800.8  114139.4   24943.6  114093.8   25142.0  114027.0   24686.6
   55 3      0  0.2655 -0.4908  112968.8   26560.1    2869.6  0.2699 -0.4859  112438.8  101966.3  -84519.1
       69.5      42.7  113039.5   26519.3  113029.1   26538.5  113108.5   26810.4  112964.3   26478.6
vertex track :         58   3  56    5193559  1.0208 -0.6328  114552.9  105800.4     242.6   211     nan
   53 3     -2  1.0489 -0.7498  123000.5   24037.8    6298.7  1.0329 -0.6190  118425.8   98844.1  -81093.3
        nan       nan      -nan       nan       nan       nan       nan       nan       nan       nan
   54 3     -1  0.9841 -0.6101  118142.3   30389.7    2946.9  1.0329 -0.6190  114963.6  100918.9  -84445.2
        nan       nan      -nan       nan       nan       nan       nan       nan       nan       nan
   55 3      0  0.9899 -0.5735  116989.1   26632.4    2145.0  1.0329 -0.6190  114135.3  101415.3  -85247.1
        nan       nan      -nan       nan       nan       nan       nan       nan       nan       nan
vertex track :         73   3  56    5930643  0.6422  1.2959  114066.4  105024.4     242.8   211     nan
   53 3     -2  0.6578  1.3004  116784.6   34321.5    6589.7  0.6365  1.2697  115724.5  109883.0  -80806.1
        nan       nan      -nan       nan       nan       nan       nan       nan       nan       nan
   54 3     -1  0.6238  1.3350  115026.7   28668.0    3715.0  0.6365  1.2697  113894.7  106232.9  -83680.8
        nan       nan      -nan       nan       nan       nan       nan       nan       nan       nan
   55 3      0  0.6407  1.2970  113716.4   28926.0    2870.8  0.6365  1.2697  113357.3  105160.9  -84525.0
        nan       nan      -nan       nan       nan       nan       nan       nan       nan       nan
vertex track :         96   3  56    6787753  0.9909  1.1656  114317.2  105805.1     242.6   211     nan
   53 3     -2  1.1163  1.2634  122710.8   35763.1    6278.0  0.9863  1.1467  117886.0  109516.1  -81113.9
        nan       nan      -nan       nan       nan       nan       nan       nan       nan       nan
   54 3     -1  1.1493  1.2151  117701.5   37098.9    2925.6  0.9863  1.1467  114579.5  105671.8  -84466.4
        nan       nan      -nan       nan       nan       nan       nan       nan       nan       nan
   55 3      0  1.0166  1.1436  116610.8   31856.8    2127.5  0.9863  1.1467  113792.3  104756.6  -85264.5
        nan       nan      -nan       nan       nan       nan       nan       nan       nan       nan
