groupid:  11589, ntrk: 23
vertex track :          0   3 125    3167532 -0.0533 -0.0154  187643.4   47745.1     287.2    13  2530.8
  126 2      1 -0.0532 -0.0155   65895.7   46974.7   -2868.1 -0.0555 -0.0167  185344.8   44461.8 -215673.2
       11.7       2.0   65885.1   46969.5   65896.3   46972.8   66116.3   47189.9   65884.0   46973.4
  127 2      2 -0.0531 -0.0159   66183.0   47157.5   -3717.6 -0.0555 -0.0167  185391.9   44476.0 -216522.7
       15.2       4.9   66169.9   47148.5   66187.8   47153.8   66406.1   47376.5   66167.1   47157.8
  128 2      3 -0.0534 -0.0154   68373.6   46843.7   -6586.5 -0.0555 -0.0167  185551.2   44523.8 -219391.6
       26.0       9.6   68351.3   46827.3   68390.0   46838.4   68605.9   47070.1   68346.0   46845.8
vertex track :          2   3 125    3115369  1.5383 -0.6778  191871.2   45870.6     284.6     0 10001.0
  126 2      1  1.3979 -0.7327   68373.4   47345.0   -2858.6  1.5369 -0.6884  184575.9   44669.8 -215655.9
      186.5       8.9   68542.7   47266.3   68506.0   47285.6   68415.6   47633.0   68534.5   47250.6
  127 2      2  1.5244 -0.5518   65928.2   50590.5   -3681.2  1.5369 -0.6884  183311.5   45236.1 -216478.5
      222.2      11.6   66141.1   50525.7   66043.3   50561.1   65926.9   50864.6   66133.2   50503.9
  128 2      3  1.4987 -0.7739   61663.5   49738.1   -6276.7  1.5369 -0.6884  179322.5   47022.9 -219073.9
      342.8      19.4   61977.0   49598.1   61682.6   49750.1   61561.6   50087.3   61959.2   49563.6
vertex track :         14   3 125    3118682  1.7962 -1.8785  189480.1   45893.7     284.6   211     nan
  126 2      1  1.8026 -1.8715   62465.6   50414.3   -2871.3  1.7907 -1.8960  181352.7   48524.2 -215673.1
        nan       nan      -nan       nan       nan       nan       nan       nan       nan       nan
  127 2      2  1.8178 -1.8493   61197.3   52060.0   -3719.2  1.7907 -1.8960  179834.4   50131.8 -216521.0
        nan       nan      -nan       nan       nan       nan       nan       nan       nan       nan
  128 2      3  1.7719 -1.8811   58742.9   56674.1   -6584.3  1.7907 -1.8960  174703.7   55564.1 -219386.2
        nan       nan      -nan       nan       nan       nan       nan       nan       nan       nan
vertex track :         18   3 125    3119923 -2.1300 -1.8219  182041.1   43082.3     287.5   211   280.9
  126 2      1 -2.0305 -1.9189   68954.3   47899.7   -2858.5 -2.1679 -1.8338  186332.0   45521.3 -215681.5
      508.0     108.1   68659.3   47472.2   68971.4   47767.1   69457.2   48535.3   68510.8   47629.4
  127 2      2 -2.3059 -1.6020   69754.9   52251.2   -3675.3 -2.1679 -1.8338  188102.7   47019.1 -216498.3
      914.5     261.9   69153.4   51514.3   70171.2   52221.4   70564.2   53196.5   68854.5   51944.6
  128 2      3 -1.8445 -1.6009   75976.5   54395.2   -6347.4 -2.1679 -1.8338  193895.5   51919.3 -219170.4
     1670.9     498.6   75041.4   52923.4   77177.9   54777.7   77119.7   56075.4   74387.7   53676.5
vertex track :         43   3 125    3169744 -1.1302  0.2203  184470.8   48450.6     290.4     0 10000.9
  126 2      1 -1.1311  0.2130   65798.4   47005.3   -2867.3 -1.1383  0.2257  185580.1   44420.6 -215680.5
      115.3       6.9   65683.8   47019.8   65672.9   47021.9   66121.9   47201.0   65686.3   47033.4
  127 2      2 -1.1349  0.2061   66983.1   46975.5   -3716.9 -1.1383  0.2257  186547.3   44228.9 -216530.2
      136.1       9.0   66847.6   46990.9   66877.0   46985.6   67327.5   47170.2   66850.8   47008.6
  128 2      3 -1.1279  0.2253   72014.3   46015.2   -6584.5 -1.1383  0.2257  189811.4   43581.8 -219397.8
      212.7      15.6   71802.7   46041.6   71982.9   46005.6   72434.7   46199.1   71808.8   46072.2
vertex track :        123   3 125    4666522  1.1756 -0.2323  191160.5   46853.5     283.6   211     nan
  126 2      1  1.1663 -0.3106   68671.2   47009.1   -2860.1  1.1759 -0.2400  185001.7   44251.1 -215656.4
        nan       nan      -nan       nan       nan       nan       nan       nan       nan       nan
  127 2      2  1.2745 -0.1788   66491.3   50018.6   -3669.8  1.1759 -0.2400  184049.6   44445.4 -216466.1
        nan       nan      -nan       nan       nan       nan       nan       nan       nan       nan
  128 2      3  1.1641 -0.1483   63271.5   47860.2   -6304.0  1.1759 -0.2400  180952.0   45077.6 -219100.3
        nan       nan      -nan       nan       nan       nan       nan       nan       nan       nan
vertex track :        179   3 125    5297164  0.8821 -3.2014  189926.3   38652.2     269.2   211   314.2
  126 2      1  0.8927 -3.1924   65505.3   46980.3   -2867.0  0.8679 -3.2318  184686.8   45399.7 -215663.4
      663.1     119.3   65798.7   46373.8   65629.0   46980.6   65422.7   47793.6   65569.0   46309.5
  127 2      2  0.9040 -3.2046   65031.3   49684.4   -3717.0  0.8679 -3.2318  183949.0   48146.7 -216513.4
     1197.8     292.0   65637.4   48610.9   65176.9   50243.5   64636.0   50964.7   65075.5   48452.4
  128 2      3  0.8638 -3.1868   64828.2   57813.2   -6590.1  0.8679 -3.2318  181455.4   57431.9 -219386.5
     2257.3     573.9   65972.6   55784.7   64972.9   59472.8   63894.6   60048.6   64864.8   55484.4
vertex track :        192   3 126    2437851  1.8941  1.2743  182938.3   45306.1     217.2   211     nan
  123 2     -2  1.9089  1.2606   72666.6   53888.7    6587.1  1.9004  1.2613  193935.4   50221.2 -209008.6
        nan       nan      -nan       nan       nan       nan       nan       nan       nan       nan
  124 2     -1  1.8602  1.2795   67975.1   49500.2    3701.8  1.9004  1.2613  188452.1   46581.9 -211893.9
        nan       nan      -nan       nan       nan       nan       nan       nan       nan       nan
  125 2      0  1.8870  1.2733   68728.8   49376.1    2867.7  1.9004  1.2613  186867.1   45530.0 -212727.9
        nan       nan      -nan       nan       nan       nan       nan       nan       nan       nan
vertex track :        195   3 126    2438431  2.2498  2.0298  181428.3   43221.8     220.9   211     nan
  123 2     -2  2.7879  2.0196   75726.3   56661.5    6594.2  2.2542  2.0091  194666.5   52904.2 -209013.1
        nan       nan      -nan       nan       nan       nan       nan       nan       nan       nan
  124 2     -1  2.2499  1.8843   71866.6   53881.6    3710.9  2.2542  2.0091  188167.0   47111.2 -211896.4
        nan       nan      -nan       nan       nan       nan       nan       nan       nan       nan
  125 2      0  2.7327  2.0199   65352.4   49097.0    2856.5  2.2542  2.0091  186241.0   45394.6 -212750.9
        nan       nan      -nan       nan       nan       nan       nan       nan       nan       nan
vertex track :        201   3 126    2439330  1.6524  1.8348  182267.1   43104.5     216.2   211     nan
  123 2     -2  1.6327  1.9236   70336.6   55313.1    6576.5  1.6591  1.8195  191695.2   51549.9 -209026.0
        nan       nan      -nan       nan       nan       nan       nan       nan       nan       nan
  124 2     -1  1.6015  1.8584   66473.3   49439.9    3729.0  1.6591  1.8195  186970.8   46368.9 -211873.6
        nan       nan      -nan       nan       nan       nan       nan       nan       nan       nan
  125 2      0  1.6301  1.8707   67369.8   48758.6    2867.8  1.6591  1.8195  185542.1   44802.2 -212734.7
        nan       nan      -nan       nan       nan       nan       nan       nan       nan       nan
vertex track :        212   3 126    2486483 -2.0352 -0.2280  190374.7   48055.3     211.9   211     nan
  123 2     -2 -2.0786 -0.0700   56630.9   46896.0    6574.6 -2.0525 -0.2233  176263.3   43493.9 -209001.6
        nan       nan      -nan       nan       nan       nan       nan       nan       nan       nan
  124 2     -1 -1.8317 -0.3413   64911.3   50344.9    3703.9 -2.0525 -0.2233  182155.2   44134.8 -211872.3
        nan       nan      -nan       nan       nan       nan       nan       nan       nan       nan
  125 2      0 -1.9345 -0.2063   62131.1   47296.1    2851.3 -2.0525 -0.2233  183905.1   44325.2 -212724.9
        nan       nan      -nan       nan       nan       nan       nan       nan       nan       nan
vertex track :        217   3 126    2487539  0.8848  0.3734  184727.8   46897.1     218.7   211     nan
  123 2     -2  0.8853  0.3729   67795.8   49539.2    6585.8  0.8894  0.3670  189301.2   46114.2 -209004.7
        nan       nan      -nan       nan       nan       nan       nan       nan       nan       nan
  124 2     -1  0.8333  0.3805   66023.1   47793.5    3720.9  0.8894  0.3670  186753.2   45062.7 -211869.6
        nan       nan      -nan       nan       nan       nan       nan       nan       nan       nan
  125 2      0  0.8816  0.3902   67641.8   48380.0    2868.0  0.8894  0.3670  185994.6   44749.6 -212722.6
        nan       nan      -nan       nan       nan       nan       nan       nan       nan       nan
vertex track :        222   3 126    2488305  1.2474 -0.9382  185379.6   48270.5     219.9   211     nan
  123 2     -2  1.0990 -0.7248   73182.6   42207.8    6601.9  1.2510 -0.9545  192285.5   39063.1 -208984.8
        nan       nan      -nan       nan       nan       nan       nan       nan       nan       nan
  124 2     -1  1.3083 -0.8320   72178.4   47866.7    3707.9  1.2510 -0.9545  188665.1   41825.3 -211878.8
        nan       nan      -nan       nan       nan       nan       nan       nan       nan       nan
  125 2      0  1.0871 -0.8568   66679.3   45809.8    2858.4  1.2510 -0.9545  187602.4   42636.1 -212728.3
        nan       nan      -nan       nan       nan       nan       nan       nan       nan       nan
vertex track :        242   3 126    3136144 -0.8664  1.2089  187444.4   46012.9     215.2     0  2621.3
  123 2     -2 -0.8838  1.1854   58969.8   54145.8    6583.6 -0.8618  1.2114  180876.4   50590.8 -209004.6
      281.4      26.4   58780.4   54355.6   58931.2   54153.3   59368.2   54147.1   58822.7   54387.1
  124 2     -1 -0.8745  1.2080   62221.4   49969.4    3723.2 -0.8618  1.2114  183341.4   47125.6 -211865.1
      171.7      13.4   62109.9   50100.6   62127.6   50076.2   62542.1   50049.5   62131.6   50116.4
  125 2      0 -0.8715  1.1954   65342.5   49842.4    2869.4 -0.8618  1.2114  184077.2   46091.2 -212718.9
      141.9       7.8   65252.6   49952.5   65236.8   49974.2   65641.5   49943.5   65265.2   49961.7
vertex track :        254   3 126    3177778 -1.2260 -1.2663  186822.9   48099.8     219.7   211     nan
  123 2     -2 -1.0752 -1.4987   58398.9   40020.9    6617.4 -1.2469 -1.2766  177774.5   36808.5 -208968.7
        nan       nan      -nan       nan       nan       nan       nan       nan       nan       nan
  124 2     -1 -1.2055 -1.3063   64515.5   46425.1    3713.0 -1.2469 -1.2766  181396.0   40516.3 -211873.1
        nan       nan      -nan       nan       nan       nan       nan       nan       nan       nan
  125 2      0 -1.2242 -1.2583   61118.8   44352.9    2856.5 -1.2469 -1.2766  182464.0   41609.8 -212729.6
        nan       nan      -nan       nan       nan       nan       nan       nan       nan       nan
vertex track :        259   3 126    3178752  2.0031 -1.9210  183449.0   50360.8     224.9   211     nan
  123 2     -2  2.1244 -1.8574   73875.5   37890.8    6594.6  2.0127 -1.9536  195192.6   34820.3 -208991.3
        nan       nan      -nan       nan       nan       nan       nan       nan       nan       nan
  124 2     -1  2.0216 -1.9583   68937.3   42728.3    3719.7  2.0127 -1.9536  189406.4   40436.8 -211866.2
        nan       nan      -nan       nan       nan       nan       nan       nan       nan       nan
  125 2      0  2.0141 -1.8967   69608.4   45293.0    2867.3  2.0127 -1.9536  187690.8   42102.1 -212718.6
        nan       nan      -nan       nan       nan       nan       nan       nan       nan       nan
vertex track :        260   3 126    3178853  2.1337 -0.9137  182965.7   48975.5     222.9   211     nan
  123 2     -2  2.1372 -0.8725   76497.5   43147.5    6638.4  2.1429 -0.9334  195626.5   39886.4 -208950.5
        nan       nan      -nan       nan       nan       nan       nan       nan       nan       nan
  124 2     -1  2.2469 -0.8273   73006.0   48731.1    3703.5  2.1429 -0.9334  189337.3   42625.7 -211885.4
        nan       nan      -nan       nan       nan       nan       nan       nan       nan       nan
  125 2      0  2.4079 -0.9903   66759.1   46506.8    2859.0  2.1429 -0.9334  187527.5   43414.0 -212730.0
        nan       nan      -nan       nan       nan       nan       nan       nan       nan       nan
vertex track :        263   3 126    3179830  0.9950 -0.0728  183751.4   47721.6     220.9   211     nan
  123 2     -2  0.9782 -0.0616   67558.9   47399.5    6587.8  0.9989 -0.0812  189021.2   44093.3 -209002.8
        nan       nan      -nan       nan       nan       nan       nan       nan       nan       nan
  124 2     -1  0.9738 -0.0636   65399.7   46998.6    3718.8  0.9989 -0.0812  186155.4   44326.4 -211871.8
        nan       nan      -nan       nan       nan       nan       nan       nan       nan       nan
  125 2      0  0.9960 -0.0568   66981.1   47919.7    2867.6  0.9989 -0.0812  185305.2   44395.6 -212723.0
        nan       nan      -nan       nan       nan       nan       nan       nan       nan       nan
vertex track :        287   3 126    3779063  1.3061 -0.4012  182611.5   48694.6     224.7   211     nan
  123 2     -2  1.1848 -0.4681   70907.5   46353.8    6581.1  1.3108 -0.4130  189853.3   42968.6 -209010.7
        nan       nan      -nan       nan       nan       nan       nan       nan       nan       nan
  124 2     -1  1.2470 -0.2988   69517.1   50178.2    3716.8  1.3108 -0.4130  186098.6   44151.5 -211875.1
        nan       nan      -nan       nan       nan       nan       nan       nan       nan       nan
  125 2      0  1.2478 -0.3228   63865.2   47457.3    2858.4  1.3108 -0.4130  184973.4   44506.0 -212733.4
        nan       nan      -nan       nan       nan       nan       nan       nan       nan       nan
vertex track :        290   3 126    3779364  1.5506 -0.2889  182044.8   48375.8     224.2   211     nan
  123 2     -2  1.5537 -0.2811   69473.3   46642.9    6566.2  1.5566 -0.3010  190821.3   43367.1 -209026.6
        nan       nan      -nan       nan       nan       nan       nan       nan       nan       nan
  124 2     -1  1.5565 -0.2696   65773.3   46857.0    3715.5  1.5566 -0.3010  186384.0   44225.1 -211877.3
        nan       nan      -nan       nan       nan       nan       nan       nan       nan       nan
  125 2      0  1.5543 -0.2626   66860.7   47954.2    2868.4  1.5566 -0.3010  185065.3   44480.1 -212724.5
        nan       nan      -nan       nan       nan       nan       nan       nan       nan       nan
vertex track :        305   3 126    3976119  4.8587  4.0734  175078.8   38677.2     221.1     0  2191.4
  123 2     -2  4.7131  3.9131   86838.5   65619.8    6547.8  4.8259  3.9995  204421.8   60865.5 -209079.3
     3444.5     182.7   89371.9   67960.7   85061.4   64381.8   84519.8   63492.8   89605.4   67679.5
  124 2     -1  5.4765  4.0884   75250.5   56869.8    3736.7  4.8259  3.9995  190855.8   49622.7 -211890.4
     1915.9      89.8   76732.1   58087.8   74811.6   56654.1   73984.4   55865.8   76839.5   57944.0
  125 2      0  4.8774  3.5379   66614.9   50340.6    2858.6  4.8259  3.9995  186618.3   46110.9 -212768.5
     1415.1      38.2   67738.0   51202.4   66471.3   50283.6   65706.7   49692.4   67782.8   51140.6
vertex track :        313   3 126    3991119  0.7180  1.4043  185474.2   45783.8     216.2   211     nan
  123 2     -2  0.7225  1.4083   67418.6   55143.9    6572.3  0.7255  1.3972  188993.8   51535.9 -209019.0
        nan       nan      -nan       nan       nan       nan       nan       nan       nan       nan
  124 2     -1  0.7018  1.3795   66036.4   50577.9    3713.6  0.7255  1.3972  186919.8   47541.5 -211877.8
        nan       nan      -nan       nan       nan       nan       nan       nan       nan       nan
  125 2      0  0.7074  1.4119   67897.7   50207.1    2867.8  0.7255  1.3972  186306.2   46359.9 -212723.5
        nan       nan      -nan       nan       nan       nan       nan       nan       nan       nan
vertex track :        331   3 126    4231976 -1.7796 -1.2352  189242.2   49625.9     218.8   211     nan
  123 2     -2 -1.9213 -0.8946   57220.7   41835.2    6566.8 -1.8066 -1.2429  176724.7   38608.1 -209011.7
        nan       nan      -nan       nan       nan       nan       nan       nan       nan       nan
  124 2     -1 -1.6754 -1.2312   64753.0   47923.9    3733.8 -1.8066 -1.2429  181842.8   42129.4 -211844.8
        nan       nan      -nan       nan       nan       nan       nan       nan       nan       nan
  125 2      0 -1.6435 -1.2103   61812.2   45988.6    2857.4 -1.8066 -1.2429  183426.0   43218.6 -212721.1
        nan       nan      -nan       nan       nan       nan       nan       nan       nan       nan
