groupid:  11190, ntrk: 15
vertex track :          0   3  51    9939444  0.3174 -0.1663  155078.5  195839.5     431.2    13  1108.7
   52 6      1  0.3196 -0.1639   28425.2   40551.7   -2867.4  0.3228 -0.1661  151599.9  194737.2  -79815.1
       38.3       6.1   28462.0   40539.7   28461.0   40540.2   28598.7   40773.6   28456.5   40528.9
   53 6      2  0.3196 -0.1639   31231.9   42191.6   -3716.5  0.3228 -0.1661  151325.8  194878.3  -80664.2
       46.7      13.3   31279.4   42182.1   31263.5   42190.2   31394.6   42410.9   31267.3   42158.5
   54 6      3  0.3209 -0.1626   30573.4   41040.4   -6585.7  0.3228 -0.1661  150399.6  195354.8  -83533.4
       74.4      25.4   30651.3   41029.4   30585.9   41062.5   30705.9   41261.2   30628.3   40984.2
vertex track :          5   3  51    9939701 -0.5695 -0.4008  153235.4  195360.4     434.3     0  1190.8
   52 6      1 -0.5389 -0.4041   37695.3   46121.3   -3400.9 -0.5686 -0.4041  152994.1  195252.9  -80351.2
       78.3       9.6   37638.4   46066.6   37650.6   46075.7   37961.7   46385.5   37626.9   46081.9
   53 6      2 -0.5962 -0.5057   37019.7   41188.4   -4224.5 -0.5686 -0.4041  153462.4  195585.7  -81174.8
       92.3      18.3   36961.2   41114.8   36976.7   41128.0   37287.7   41471.5   36937.5   41142.6
   54 6      3 -0.5122 -0.2771   36506.7   46287.1   -7386.1 -0.5686 -0.4041  155260.2  196863.2  -84336.4
      145.6      34.4   36395.0   46187.5   36543.6   46267.9   36827.8   46596.4   36362.2   46248.1
vertex track :          8   3  51    9940393 -0.2859 -0.0610  153811.4  196060.4     433.8   211   599.0
   52 6      1 -0.2861 -0.0624   29224.5   40362.1   -2868.2 -0.2864 -0.0649  152331.4  194615.5  -79816.7
       33.1      10.0   29194.3   40345.2   29198.9   40346.2   29464.4   40588.8   29190.0   40364.8
   53 6      2 -0.2865 -0.0632   32481.9   41930.6   -3718.5 -0.2864 -0.0649  152574.9  194670.7  -80666.9
       44.6      23.6   32443.5   41898.0   32470.3   41903.9   32730.0   42173.2   32433.3   41944.1
   54 6      3 -0.2857 -0.0664   33794.2   40488.4   -6589.1 -0.2864 -0.0649  153396.9  194857.0  -83537.5
       75.0      45.5   33731.5   40427.1   33817.6   40447.1   34066.7   40759.6   33710.9   40515.7
vertex track :         36   3  51   10402525  1.0556  1.3422  157845.1  200675.7     435.0   211   217.5
   52 6      1  1.0813  1.4675   37835.0   46629.6   -3398.5  1.0465  1.3318  151385.6  193899.6  -80339.3
      300.9     103.6   37930.0   46933.3   37800.2   46757.0   37951.1   46537.4   38096.9   46810.3
   53 6      2  0.8141  1.2476   35547.2   40212.0   -4221.9  1.0465  1.3318  150524.0  192802.9  -81162.7
      525.8     231.5   35640.6   40778.8   35236.9   40160.2   35664.6   39856.4   36028.4   40525.7
   54 6      3  1.3251  2.0350   29973.9   40479.3   -7426.7  1.0465  1.3318  147170.3  188534.8  -84367.5
      977.9     448.1   30132.0   41543.3   29343.0   40331.7   30027.1   39627.4   30883.0   41054.3
vertex track :         37   3  51   10402536  1.8771  1.2381  159995.3  200552.0     435.1   211     nan
   52 6      1  1.8665  1.2542   28086.8   40373.1   -2867.7  1.8677  1.2336  151388.6  194819.7  -79809.2
        nan       nan      -nan       nan       nan       nan       nan       nan       nan       nan
   53 6      2  1.8695  1.2616   29523.7   40874.3   -3717.3  1.8677  1.2336  149801.8  193771.7  -80658.8
        nan       nan      -nan       nan       nan       nan       nan       nan       nan       nan
   54 6      3  1.8656  1.2535   23963.4   35182.3   -6585.7  1.8677  1.2336  144444.4  190233.1  -83527.2
        nan       nan      -nan       nan       nan       nan       nan       nan       nan       nan
vertex track :        112   3  51   11037944  0.7552  1.4751  156784.8  201813.6     437.9   211   412.1
   52 6      1  0.3557  1.7675   37502.0   47542.7   -3395.5  0.7426  1.4607  151469.5  194528.8  -80335.2
      230.0      47.4   37500.8   47777.6   37484.8   47697.8   37713.5   47519.7   37593.9   47758.8
   53 6      2  0.7374  1.4207   35337.2   40919.2   -4215.6  0.7426  1.4607  150860.6  193330.9  -81155.2
      318.9     104.4   35391.4   41250.4   35252.4   40982.6   35493.7   40799.5   35576.8   41154.2
   54 6      3  0.8140  1.4997   30959.1   40875.1   -7421.8  0.7426  1.4607  148479.6  188647.7  -84361.4
      555.0     202.0   31046.4   41459.3   30687.8   40798.6   31082.7   40502.5   31401.4   41266.6
vertex track :        178   3  52   11267487  1.9044  1.9699  147813.2  193473.9     240.4   211     nan
   49 6     -2  1.9033  1.9654   43864.6   52844.1    6578.6  1.9138  1.9357  162839.0  205894.2  -73594.0
        nan       nan      -nan       nan       nan       nan       nan       nan       nan       nan
   50 6     -1  1.8606  1.9090   38043.2   43269.3    3739.7  1.9138  1.9357  157406.0  200398.9  -76432.8
        nan       nan      -nan       nan       nan       nan       nan       nan       nan       nan
   51 6      0  1.9161  1.9268   37595.4   43313.0    2868.2  1.9138  1.9357  155738.1  198711.8  -77304.4
        nan       nan      -nan       nan       nan       nan       nan       nan       nan       nan
vertex track :        183   3  52   11267728 -1.4168  0.1745  148894.5  194544.9     238.4   211     nan
   49 6     -2 -1.4480  0.1815   17135.5   36286.3    6283.0 -1.4225  0.1758  143200.4  195745.7  -73885.7
        nan       nan      -nan       nan       nan       nan       nan       nan       nan       nan
   50 6     -1 -1.4285  0.1681   18221.8   34482.1    4268.4 -1.4225  0.1758  146066.1  195391.5  -75900.3
        nan       nan      -nan       nan       nan       nan       nan       nan       nan       nan
   51 6      0 -1.4273  0.1359   19866.4   33030.4    3385.3 -1.4225  0.1758  147322.3  195236.2  -76783.4
        nan       nan      -nan       nan       nan       nan       nan       nan       nan       nan
vertex track :        205   3  52   11895569  0.7809  1.2021  147122.1  190190.9     242.7   211     nan
   49 6     -2  0.7839  1.2201   35827.4   44411.3    6571.1  0.7863  1.1827  154988.6  197854.6  -73613.8
        nan       nan      -nan       nan       nan       nan       nan       nan       nan       nan
   50 6     -1  0.7517  1.1646   32592.6   36781.6    3724.1  0.7863  1.1827  152750.1  194487.5  -76460.8
        nan       nan      -nan       nan       nan       nan       nan       nan       nan       nan
   51 6      0  0.7892  1.2353   33106.5   37395.2    2867.2  0.7863  1.1827  152076.4  193474.1  -77317.6
        nan       nan      -nan       nan       nan       nan       nan       nan       nan       nan
vertex track :        207   3  52   11896720  2.0353  1.6909  144004.7  190127.3     245.5     0  4280.0
   49 6     -2  2.0310  1.3266   35050.6   41611.8    6392.4  2.0477  1.6611  159457.5  200531.9  -73790.7
      654.1      34.0   35579.5   41997.9   34910.9   41561.2   34733.6   41436.9   35616.8   41940.9
   50 6     -1  2.1550  1.3838   26338.8   35717.1    4250.9  2.0477  1.6611  155072.5  196974.7  -75932.1
      442.4      20.9   26699.7   35973.7   26407.7   35786.2   26190.0   35671.8   26722.4   35938.5
   51 6      0  1.9364  1.8901   24551.0   32616.3    3387.3  2.0477  1.6611  153304.0  195540.2  -76795.7
      359.7      13.3   24799.1   32877.1   24690.9   32771.5   24514.9   32567.4   24817.7   32858.0
vertex track :        256   3  52   12178243 -0.2164 -1.4722  150224.0  197744.6     237.0     0  3145.7
   49 6     -2 -0.2206 -1.4657   32550.6   35162.5    6591.4 -0.2174 -1.4703  151756.9  188509.4  -73567.2
      280.3      23.7   32532.4   34881.8   32569.5   35128.3   32778.7   35651.7   32485.5   34888.9
   50 6     -1 -0.2129 -1.4822   31390.8   32967.8    3699.9 -0.2174 -1.4703  152385.6  192760.8  -76458.6
      169.9      12.1   31378.6   32797.9   31382.2   32823.0   31612.8   33346.2   31354.7   32801.3
   51 6      0 -0.2349 -1.4786   32829.1   35809.1    2867.7 -0.2174 -1.4703  152566.5  193984.4  -77290.8
      141.2       7.4   32814.3   35668.5   32809.3   35636.9   33053.7   36158.2   32799.6   35670.8
vertex track :        291   3  52   12365136 -1.4202 -0.8100  149212.6  194838.2     238.4     0  1992.9
   49 6     -2 -1.3839 -0.7398   17564.0   30013.1    6286.0 -1.4305 -0.8011  143468.1  190127.7  -73882.2
      310.1      32.9   17306.1   29837.9   17562.4   29974.9   18030.6   30397.7   17275.0   29896.0
   50 6     -1 -1.5108 -0.7975   18820.5   31085.1    4292.7 -1.4305 -0.8011  146319.6  191724.6  -75875.5
      219.7      20.4   18635.8   30964.6   18707.0   31002.2   19213.7   31414.9   18616.7   31000.6
   51 6      0 -1.5312 -0.7665   19930.1   30475.6    3392.9 -1.4305 -0.8011  147606.7  192445.4  -76775.2
      180.4      11.0   19773.7   30385.0   19774.8   30385.5   20294.9   30775.4   19763.9   30404.7
vertex track :        332   3  52   12632445 -3.0876 -2.2734  159883.1  201900.2     228.7   211   138.8
   49 6     -2 -3.1486 -2.3710   24244.1   34287.7    6588.2 -3.1178 -2.2448  143019.6  187648.6  -73559.1
     7750.7    1929.2   19213.0   28084.1   30934.9   36911.1   29481.9   40698.9   16892.0   31166.4
   50 6     -1 -3.0496 -2.3331   28716.1   33619.7    3716.5 -3.1178 -2.2448  151973.1  194095.1  -76430.8
     3728.8     923.0   26315.4   30620.9   31598.0   34662.4   31323.7   36826.1   25193.8   32087.0
   51 6      0 -3.0828 -2.2923   32760.6   37188.4    2867.8 -3.1178 -2.2448  154619.1  196000.3  -77279.5
     1490.6     347.6   31771.8   36020.0   33516.7   37317.5   33956.2   38564.4   31357.0   36577.9
vertex track :        345   3  52   12659635 -0.9429 -3.5740  152253.0  205851.8     238.5     0 10001.0
   49 6     -2 -1.3768 -4.0521   23741.0   22820.8    6208.4 -0.9586 -3.5840  149459.7  184492.6  -73927.4
     1132.9      33.9   23408.6   21737.2   23848.4   23031.7   24282.0   24110.4   23344.4   21759.0
   50 6     -1 -0.6444 -3.6661   23491.8   31678.7    4304.1 -0.9586 -3.5840  151285.2  191317.5  -75831.7
      788.2      22.6   23377.6   30898.4   23515.2   31681.2   23815.4   32665.2   23333.1   30906.2
   51 6      0 -0.6837 -4.3589   24220.6   33718.1    3394.8 -0.9586 -3.5840  152156.9  194576.6  -76741.0
      627.2      16.2   24139.4   33096.0   24190.2   33419.9   24511.0   34545.9   24107.3   33101.0
vertex track :        375   3  52   12992281  3.5555  2.5368  141675.9  188743.9     248.7     0 10001.0
   49 6     -2  3.5010  2.5314   48444.7   51796.5    6585.6  3.5744  2.4904  167173.6  204740.5  -73601.6
     1623.0      42.7   49734.9   52782.0   47839.7   51411.7   47368.0   51023.5   49784.9   52712.8
   50 6     -1  3.7162  2.2741   38883.3   40967.3    3713.0  3.5744  2.4904  156906.0  197586.6  -76474.2
      913.6      22.6   39650.8   41463.4   38872.6   40987.2   38329.5   40683.4   39674.3   41424.9
   51 6      0  3.6065  2.4770   37067.4   40252.2    2865.3  3.5744  2.4904  153876.0  195475.4  -77321.9
      710.4      15.6   37644.2   40667.3   37230.4   40383.0   36704.3   40049.7   37661.9   40641.6
