groupid:  11777, ntrk: 24
vertex track :          0   3 125     572807  0.0193 -0.1510   73098.4   53130.7     222.2    13 10000.6
  126 1      1  0.0193 -0.1510   71626.2   53394.8   -2867.0  0.0194 -0.1528   69866.4   50932.1 -215744.8
       17.4       1.3   71629.7   53377.7   71629.4   53380.6   71832.7   53621.8   71627.1   53377.4
  127 1      2  0.0212 -0.1509   71957.5   51958.0   -3716.5  0.0194 -0.1528   69849.8   51061.9 -216594.3
       21.0       2.0   71962.4   51937.5   71961.0   51947.4   72162.6   52188.4   71958.4   51937.0
  128 1      3  0.0183 -0.1517   73444.7   54237.1   -6589.6  0.0194 -0.1528   69794.0   51500.9 -219467.4
       34.0       3.6   73452.4   54203.8   73448.1   54239.4   73647.1   54480.2   73445.2   54202.9
vertex track :          7   3 125     509601  2.5318 -2.5116   78883.7   47997.9     209.4     0  1331.7
  126 1      1  2.5697 -2.5076   73049.8   55292.4   -2843.6  2.5515 -2.5535   67941.0   53059.4 -215718.6
      582.1      31.0   73488.0   54908.1   73194.5   55194.5   72824.2   55884.3   73444.8   54863.8
  127 1      2  2.3320 -2.5861   69871.7   59983.3   -3673.2  2.5515 -2.5535   65824.3   55177.7 -216548.2
      752.0      70.0   70427.3   59471.7   69909.8   60045.6   69528.5   60702.4   70323.4   59378.0
  128 1      3  2.4250 -2.4524   62330.7   63547.2   -6319.0  2.5515 -2.5535   59073.5   61933.6 -219193.9
     1251.8     132.7   63305.3   62750.4   62054.2   64015.7   61568.6   64551.5   63116.5   62563.7
vertex track :         16   3 125     513353 -1.7008 -1.7977   69525.2   49574.6     218.6     0  9998.4
  126 1      1 -1.7020 -1.8029   72947.3   54519.0   -2871.6 -1.7236 -1.7939   71633.4   52461.1 -215746.9
      319.0      11.5   72736.7   54279.1   72817.2   54364.4   73366.2   54967.0   72720.0   54294.9
  127 1      2 -1.6839 -1.8238   74697.1   54472.2   -3717.7 -1.7236 -1.7939   73091.7   53979.0 -216593.0
      389.2      15.4   74444.4   54175.8   74618.8   54364.8   75158.2   54976.8   74421.8   54196.7
  128 1      3 -1.7094 -1.7879   80639.0   60820.5   -6588.0 -1.7236 -1.7939   78038.8   59128.1 -219463.3
      639.8      27.1   80216.5   60339.3   80741.8   60888.8   81269.8   61509.9   80177.3   60376.8
vertex track :         31   3 125     515346 -1.5123 -1.5639   68299.7   48814.2     218.3   211     nan
  126 1      1 -1.5370 -1.5715   74097.3   53404.3   -2847.3 -1.5321 -1.5603   69765.3   50946.8 -215722.2
        nan       nan      -nan       nan       nan       nan       nan       nan       nan       nan
  127 1      2 -1.4857 -1.6958   74340.6   57291.4   -3674.0 -1.5321 -1.5603   71031.9   52236.8 -216548.9
        nan       nan      -nan       nan       nan       nan       nan       nan       nan       nan
  128 1      3 -1.6199 -1.6240   78282.4   58154.5   -6237.8 -1.5321 -1.5603   74959.9   56237.2 -219112.7
        nan       nan      -nan       nan       nan       nan       nan       nan       nan       nan
vertex track :         32   3 125     569795  1.5409 -0.4747   77484.9   52195.0     214.1   211     nan
  126 1      1  1.5422 -0.4783   71681.7   53383.1   -2868.7  1.5538 -0.4901   69552.2   50998.3 -215742.7
        nan       nan      -nan       nan       nan       nan       nan       nan       nan       nan
  127 1      2  1.5405 -0.4617   70789.9   52176.6   -3717.8  1.5538 -0.4901   68232.9   51414.5 -216591.8
        nan       nan      -nan       nan       nan       nan       nan       nan       nan       nan
  128 1      3  1.5354 -0.4823   68283.9   55374.9   -6586.1  1.5538 -0.4901   63776.0   52820.3 -219460.1
        nan       nan      -nan       nan       nan       nan       nan       nan       nan       nan
vertex track :         41   3 125     572869 -0.5668  1.7574   72761.3   54325.8     223.1   211   126.3
  126 1      1 -0.6677  1.7564   75841.7   49564.2   -2852.8 -0.5603  1.7632   71316.1   46238.8 -215730.0
      441.3     185.5   75511.5   49910.8   75684.9   49454.6   76381.2   49429.3   75858.3   50042.6
  127 1      2 -0.4627  1.7125   75421.1   50462.8   -3682.2 -0.5603  1.7632   71780.7   44776.5 -216559.3
      991.7     457.1   74721.1   51300.9   75141.3   49745.9   76330.6   49836.4   75603.7   51539.4
  128 1      3 -0.6080  1.7377   76455.5   41839.7   -6282.7 -0.5603  1.7632   73237.7   40191.3 -219159.8
     1857.0     864.9   75025.9   43306.9   76124.8   40166.1   78094.6   40584.2   76658.6   43878.2
vertex track :         42   3 125     573199 -2.5285  2.3812   71920.9   54312.5     222.1   211   222.7
  126 1      1 -2.5301  2.3811   77708.8   47363.5   -2867.4 -2.5240  2.3976   76543.9   44247.8 -215743.0
      881.0     190.1   76937.0   47828.8   77688.8   47121.3   78688.1   47110.5   77197.5   48105.7
  127 1      2 -2.5525  2.3491   80309.7   43886.5   -3718.1 -2.5240  2.3976   78691.0   42208.3 -216593.6
     1830.3     469.8   78644.8   44780.3   80802.4   42794.7   82182.0   43205.0   79281.0   45471.6
  128 1      3 -2.4906  2.4224   88031.4   39428.6   -6592.2 -2.5240  2.3976   85945.3   35317.4 -219467.7
     3545.9     928.5   84842.2   41235.3   89402.9   36799.5   91428.2   37834.4   86136.9   42566.5
vertex track :         49   3 125     573800  1.8495  1.2281   75486.4   55132.6     223.2   211     nan
  126 1      1  1.7321  1.2527   71668.0   51625.4   -2852.8  1.8710  1.2177   66588.0   48705.9 -215731.2
        nan       nan      -nan       nan       nan       nan       nan       nan       nan       nan
  127 1      2  1.7335  1.2217   68936.3   53190.1   -3681.8  1.8710  1.2177   65036.8   47696.3 -216560.3
        nan       nan      -nan       nan       nan       nan       nan       nan       nan       nan
  128 1      3  1.8171  1.2701   63343.0   46158.6   -6328.3  1.8710  1.2177   60085.2   44473.7 -219206.7
        nan       nan      -nan       nan       nan       nan       nan       nan       nan       nan
vertex track :         56   3 125     574496 -1.6634 -0.0888   69654.8   53439.6     225.1     0  1656.2
  126 1      1 -1.6621 -0.0898   72972.5   53527.2   -2869.3 -1.6741 -0.0775   71638.1   51036.1 -215747.1
      182.8      11.9   72790.6   53505.4   72806.6   53506.3   73362.7   53758.8   72789.3   53529.2
  127 1      2 -1.6753 -0.1033   74776.9   52022.8   -3718.1 -1.6741 -0.0775   73059.0   51101.8 -216595.8
      221.8      23.1   74557.0   51986.1   74647.9   51991.7   75205.2   52269.5   74554.1   52032.3
  128 1      3 -1.6557 -0.0762   80496.4   54037.8   -6579.7 -1.6741 -0.0775   77849.8   51323.5 -219457.5
      358.0      44.4   80140.8   53977.0   80508.3   53993.9   81060.3   54308.5   80136.7   54065.6
vertex track :         75   3 125     669166 -2.1159  1.7831   68293.8   57911.2     230.0   211   314.6
  126 1      1 -2.0210  1.5618   75826.6   53029.9   -2843.8 -2.1151  1.7985   71609.9   49767.1 -215720.5
      461.6      90.2   75406.2   53240.8   75712.3   53004.3   76454.9   53030.6   75516.4   53383.5
  127 1      2 -2.1966  1.6157   76536.4   54006.1   -3674.4 -2.1151  1.7985   73366.8   48273.3 -216551.1
      798.0     221.2   75762.5   54300.8   76586.9   53694.4   77518.1   53923.1   76024.6   54657.2
  128 1      3 -2.1211  1.9581   82232.3   45061.6   -6253.9 -2.1151  1.7985   78822.7   43634.0 -219130.6
     1429.6     416.8   80899.2   45725.1   82554.6   44196.9   83773.3   44610.1   81464.6   46337.6
vertex track :         83   3 125    1389804  1.9644 -1.9460   75824.2   50388.4     215.6   211   245.7
  126 1      1  1.9657 -1.9506   68820.6   55768.2   -2867.1  1.9777 -1.9766   66562.9   53779.8 -215743.3
      520.8     121.7   69276.0   55487.8   68949.5   55811.8   68577.1   56256.7   69104.5   55315.0
  127 1      2  1.9797 -1.9436   67593.7   55703.9   -3718.4  1.9777 -1.9766   64879.2   55462.6 -216594.6
      999.2     300.9   68517.5   55218.6   67507.3   56210.5   66881.9   56397.3   68095.9   54789.2
  128 1      3  1.9538 -1.9680   64008.3   62859.4   -6584.5  1.9777 -1.9766   59210.8   61127.7 -219460.7
     1908.7     594.3   65774.9   61923.6   63495.6   64219.3   62453.8   64003.2   64931.4   61086.1
vertex track :        106   3 125    1394746 -2.2296 -1.8689   69807.1   50623.3     218.4   211   225.8
  126 1      1 -2.2336 -1.9117   77682.8   56157.7   -2835.1 -2.2565 -1.8609   73486.9   53650.3 -215709.3
      601.0     143.5   77319.5   55657.9   77763.6   56038.0   78253.9   56865.5   77132.9   55875.9
  127 1      2 -2.1533 -2.1333   78560.3   60170.8   -3656.0 -2.2565 -1.8609   75339.3   55177.9 -216530.2
     1196.0     353.3   77959.3   59078.2   79206.3   60313.6   79369.1   61471.4   77462.0   59580.1
  128 1      3 -2.4501 -1.6256   84511.0   62063.0   -6194.8 -2.2565 -1.8609   81067.9   59902.1 -219069.0
     2189.1     663.2   83053.5   60300.2   86187.2   62379.3   86176.0   64034.3   82320.2   61405.4
vertex track :        107   3 125    1394749 -1.3011 -1.4497   70138.0   50385.9     218.4     0  4722.1
  126 1      1 -1.3013 -1.4460   72428.7   54351.6   -2865.9 -1.3187 -1.4473   70996.2   52191.1 -215740.6
      224.5      10.1   72286.1   54178.0   72313.2   54208.1   72780.1   54733.9   72271.0   54191.5
  127 1      2 -1.2699 -1.4706   73945.1   53927.5   -3718.3 -1.3187 -1.4473   72120.1   53424.7 -216593.0
      271.7      14.9   73778.8   53712.2   73867.3   53814.6   74320.1   54351.4   73756.3   53731.6
  128 1      3 -1.3113 -1.4321   78771.0   59473.5   -6584.7 -1.3187 -1.4473   75899.9   57573.2 -219459.4
      440.0      27.0   78493.8   59130.8   78812.7   59479.1   79256.9   60024.8   78454.0   59167.3
vertex track :        140   3 125    1484887  1.4260  2.1324   77216.8   59849.5     229.1   211     nan
  126 1      1  1.3832  2.0678   74605.9   53858.9   -2845.4  1.4531  2.1479   69643.8   50571.2 -215726.0
        nan       nan      -nan       nan       nan       nan       nan       nan       nan       nan
  127 1      2  1.5380  2.1314   72222.8   54682.9   -3675.1  1.4531  2.1479   68438.2   48789.1 -216555.6
        nan       nan      -nan       nan       nan       nan       nan       nan       nan       nan
  128 1      3  1.3959  2.1169   67912.0   44835.2   -6311.3  1.4531  2.1479   64607.5   43126.9 -219191.9
        nan       nan      -nan       nan       nan       nan       nan       nan       nan       nan
vertex track :        178   3 125    2248471  3.3189 -4.2940   77977.8   46817.6     209.5   211     nan
  126 1      1  3.3090 -4.2899   67121.7   58870.9   -2869.2  3.3480 -4.3683   64504.7   57534.0 -215744.8
        nan       nan      -nan       nan       nan       nan       nan       nan       nan       nan
  127 1      2  3.3831 -4.2384   64737.9   60714.4   -3718.8  3.3480 -4.3683   61660.1   61245.5 -216594.5
        nan       nan      -nan       nan       nan       nan       nan       nan       nan       nan
  128 1      3  3.2662 -4.2949   57680.0   74233.7   -6585.5  3.3480 -4.3683   52062.4   73768.1 -219461.2
        nan       nan      -nan       nan       nan       nan       nan       nan       nan       nan
vertex track :        276   3 126     310215  0.8223 -1.5593   69653.6   56850.7     217.3   211     nan
  123 1     -2  0.8329 -1.5496   73978.9   46140.7    6586.5  0.8227 -1.5788   73141.4   44331.5 -209123.3
        nan       nan      -nan       nan       nan       nan       nan       nan       nan       nan
  124 1     -1  0.8489 -1.5776   70928.1   49541.6    3717.8  0.8227 -1.5788   70781.3   48860.6 -211992.1
        nan       nan      -nan       nan       nan       nan       nan       nan       nan       nan
  125 1      0  0.8158 -1.5667   73399.2   52588.1    2863.0  0.8227 -1.5788   70078.1   50210.2 -212846.9
        nan       nan      -nan       nan       nan       nan       nan       nan       nan       nan
vertex track :        287   3 126     495938 -1.8961  2.1391   73984.2   50523.2     204.9   211     nan
  123 1     -2 -2.2132  2.2725   62502.4   64918.8    6722.0 -1.8937  2.1509   59892.6   62020.6 -208987.4
        nan       nan      -nan       nan       nan       nan       nan       nan       nan       nan
  124 1     -1 -1.5203  2.1360   69198.1   59503.1    3675.5 -1.8937  2.1509   65661.6   55467.9 -212033.9
        nan       nan      -nan       nan       nan       nan       nan       nan       nan       nan
  125 1      0 -1.8492  1.9558   67097.7   56472.8    2836.4 -1.8937  2.1509   67250.5   53663.2 -212872.9
        nan       nan      -nan       nan       nan       nan       nan       nan       nan       nan
vertex track :        289   3 126     496194 -1.6426  1.7825   75363.9   49061.1     200.0   211     nan
  123 1     -2 -1.6463  1.7754   62936.8   60968.2    6603.4 -1.6421  1.7936   63101.7   58010.3 -209103.5
        nan       nan      -nan       nan       nan       nan       nan       nan       nan       nan
  124 1     -1 -1.6262  1.7962   67548.1   54103.8    3719.7 -1.6421  1.7936   67837.0   52838.2 -211987.1
        nan       nan      -nan       nan       nan       nan       nan       nan       nan       nan
  125 1      0 -1.6416  1.7880   72108.0   54295.3    2870.3 -1.6421  1.7936   69231.8   51314.7 -212836.5
        nan       nan      -nan       nan       nan       nan       nan       nan       nan       nan
vertex track :        293   3 126     672987 -1.2395  1.1243   72469.6   52477.6     209.5     0  2353.4
  123 1     -2 -1.3843  0.9918   65405.0   60350.3    6765.8 -1.2419  1.1333   62574.8   57406.2 -208944.6
      344.1      32.7   65106.2   60524.1   65374.9   60331.5   65912.4   60387.5   65144.3   60577.3
  124 1     -1 -1.3774  1.1121   70071.8   57663.0    3673.6 -1.2419  1.1333   66415.2   53901.9 -212036.8
      200.3      15.7   69906.1   57776.6   69928.5   57758.4   70446.2   57760.5   69925.9   57801.1
  125 1      0 -1.3320  1.0361   67466.5   55571.8    2840.4 -1.2419  1.1333   67449.9   52957.7 -212870.0
      164.8       8.7   67331.1   55666.1   67311.5   55681.3   67810.6   55688.5   67341.8   55679.8
vertex track :        296   3 126     673356 -1.8335  0.1024   74608.8   53022.5     206.6   211     nan
  123 1     -2 -1.8326  0.0935   60987.0   53552.3    6576.5 -1.8495  0.1132   61093.8   51229.8 -209128.1
        nan       nan      -nan       nan       nan       nan       nan       nan       nan       nan
  124 1     -1 -1.8384  0.1223   66079.5   51885.1    3710.3 -1.8495  0.1132   66394.8   50905.4 -211994.2
        nan       nan      -nan       nan       nan       nan       nan       nan       nan       nan
  125 1      0 -1.8377  0.0976   70794.0   53485.7    2866.9 -1.8495  0.1132   67954.8   50809.9 -212837.7
        nan       nan      -nan       nan       nan       nan       nan       nan       nan       nan
vertex track :        323   3 126    1135733  2.0210  1.5717   65637.7   48231.8     212.8   211   117.1
  123 1     -2  1.8005  1.5293   79981.9   59033.5    6758.8  2.0387  1.5661   77160.4   56008.9 -208968.7
     4146.0    1489.8   82177.4   62853.0   76235.5   57806.2   77998.2   55425.6   84106.4   60582.0
  124 1     -1  2.2487  1.7090   75425.0   55056.9    3702.8  2.0387  1.5661   70930.1   51222.9 -212024.7
     1931.5     689.7   76545.4   56774.7   73942.1   54796.2   74516.8   53550.8   77380.1   55676.4
  125 1      0  1.9712  1.6494   69987.5   52674.0    2849.8  2.0387  1.5661   69191.1   49887.0 -212877.7
      771.8     259.2   70413.0   53368.1   69643.2   52723.9   69773.9   52191.6   70745.7   52970.5
vertex track :        347   3 126    1155771  1.7802 -1.4724   68876.3   55500.6     214.6   211     nan
  123 1     -2  1.7931 -1.4645   79688.3   45425.3    6599.5  1.7895 -1.4965   78537.6   43481.8 -209111.5
        nan       nan      -nan       nan       nan       nan       nan       nan       nan       nan
  124 1     -1  1.7219 -1.5087   73634.4   48544.5    3721.4  1.7895 -1.4965   73387.2   47788.9 -211989.6
        nan       nan      -nan       nan       nan       nan       nan       nan       nan       nan
  125 1      0  1.7701 -1.4764   75329.9   51483.6    2866.7  1.7895 -1.4965   71857.7   49068.0 -212844.3
        nan       nan      -nan       nan       nan       nan       nan       nan       nan       nan
vertex track :        385   3 126    1832248 -1.0831 -0.4660   73992.4   54038.8     205.8   211     nan
  123 1     -2 -1.0389 -0.4638   67995.9   51424.4    6748.4 -1.0963 -0.4638   65086.3   48499.0 -208953.5
        nan       nan      -nan       nan       nan       nan       nan       nan       nan       nan
  124 1     -1 -1.1554 -0.5013   72239.4   53183.7    3691.6 -1.0963 -0.4638   68437.5   49916.8 -212010.3
        nan       nan      -nan       nan       nan       nan       nan       nan       nan       nan
  125 1      0 -1.0391 -0.4851   69456.5   52625.7    2851.2 -1.0963 -0.4638   69358.8   50306.6 -212850.7
        nan       nan      -nan       nan       nan       nan       nan       nan       nan       nan
vertex track :        400   3 126    1834365  0.9970 -0.9068   70309.5   54401.7     212.7   211     nan
  123 1     -2  0.9507 -0.8787   75831.3   48105.9    6590.7  1.0007 -0.9212   74933.0   46048.1 -209119.9
        nan       nan      -nan       nan       nan       nan       nan       nan       nan       nan
  124 1     -1  0.9449 -0.9073   72188.5   49569.3    3733.6  1.0007 -0.9212   72073.8   48679.9 -211977.0
        nan       nan      -nan       nan       nan       nan       nan       nan       nan       nan
  125 1      0  0.9902 -0.9102   74544.5   51989.7    2867.1  1.0007 -0.9212   71206.7   49478.1 -212843.5
        nan       nan      -nan       nan       nan       nan       nan       nan       nan       nan
