groupid:  11435, ntrk:  9
vertex track :          0   3  39   11901693  0.6750 -0.4292  174475.2  174837.0     371.7    13  1379.8
   40 6      1  0.6733 -0.4318   55405.9   20980.9   -2867.6  0.6724 -0.4363  172923.4  173799.8  -58384.1
       80.3       7.8   55477.7   20944.2   55483.9   20940.2   55544.7   21227.2   55469.2   20931.0
   41 6      2  0.6744 -0.4274   50981.9   19645.3   -3717.7  0.6724 -0.4363  172351.8  174170.8  -59234.2
       95.5      15.1   51070.7   19607.0   51051.0   19619.5   51103.8   19893.2   51054.5   19581.4
   42 6      3  0.6711 -0.4393   48302.7   22270.4   -6584.2  0.6724 -0.4363  170424.5  175421.5  -62100.7
      149.3      28.6   48443.3   22212.5   48334.4   22283.8   48372.8   22537.7   48411.9   22164.6
vertex track :         27   3  39   12358878 -2.0300  0.5028  172640.6  175472.0     374.7     0 10001.0
   40 6      1 -2.0023  0.5434   57274.7   17481.4   -2644.5 -2.0454  0.5151  179438.0  171478.5  -58166.7
      243.8      10.0   57036.8   17535.6   57086.9   17522.0   57720.6   17637.7   57042.1   17554.8
   41 6      2 -1.8467  0.6173   59833.4   19567.9   -3464.9 -2.0454  0.5151  181116.1  171055.9  -58987.1
      294.1      13.2   59550.3   19648.6   59720.3   19591.8   60324.6   19697.8   59558.6   19673.6
   42 6      3 -1.9108  0.4047   68261.9   14412.7   -6335.6 -2.0454  0.5151  186988.0  169577.2  -61857.8
      481.5      23.4   67785.9   14489.6   68326.8   14375.0   68945.9   14546.3   67795.6   14535.4
vertex track :         46   3  39   12545165  1.3480  1.3174  175593.5  178536.6     377.8     0  5664.2
   40 6      1  1.3510  1.3147   54750.0   20074.9   -2867.7  1.3448  1.2961  171885.7  171883.3  -58379.5
      222.9      10.2   54902.6   20237.6   54866.8   20202.9   54808.8   20123.4   54916.8   20223.0
   41 6      2  1.3434  1.3243   49783.3   17314.9   -3718.4  1.3448  1.2961  170741.7  170780.7  -59230.2
      267.8      14.3   49964.0   17513.0   49864.7   17415.2   49814.0   17328.0   49984.1   17492.7
   42 6      3  1.3490  1.3085   45130.7   14969.4   -6585.5  1.3448  1.2961  166885.9  167064.6  -62097.3
      428.1      25.2   45420.4   15285.5   45089.2   14964.2   45052.4   14864.5   45455.6   15249.3
vertex track :        142   3  40   11446579 -1.2991 -0.1780  177713.6  176314.5     376.6   211     nan
   37 6     -2 -1.2653 -0.2003   47667.4   18442.2    6585.8 -1.3085 -0.1791  167975.2  172069.0  -51584.8
        nan       nan      -nan       nan       nan       nan       nan       nan       nan       nan
   38 6     -1 -1.3034 -0.1835   49067.6   16367.2    3719.9 -1.3085 -0.1791  171725.2  172582.3  -54450.7
        nan       nan      -nan       nan       nan       nan       nan       nan       nan       nan
   39 6      0 -1.3010 -0.2024   51617.6   19820.3    2869.6 -1.3085 -0.1791  172837.8  172734.6  -55301.0
        nan       nan      -nan       nan       nan       nan       nan       nan       nan       nan
vertex track :        163   3  40   12044587 -4.5369  1.7960  184596.8  172482.1     366.9     0  1600.1
   37 6     -2 -5.1428  1.7296   32903.1   31080.9    6561.3 -4.5009  1.8146  155092.3  180537.3  -51614.0
     2099.9     163.9   30860.5   31595.0   33761.2   30619.4   35150.5   30778.6   30965.0   31905.6
   38 6     -1 -4.4675  1.9847   51506.6   24372.9    3433.7 -4.5009  1.8146  169169.2  174862.1  -54741.6
     1051.9      70.8   50516.5   24735.3   51501.0   24297.9   52702.2   24222.5   50574.0   24864.7
   39 6      0 -4.1551  1.5505   53017.6   23582.7    2618.8 -4.5009  1.8146  172837.1  173383.4  -55556.5
      767.1      27.9   52289.1   23824.7   52854.0   23613.9   53951.9   23552.2   52308.6   23877.0
vertex track :        167   3  40   12045619 -1.0830  0.1530  175188.4  176598.0     377.3   211     nan
   37 6     -2 -1.1091  0.1679   46595.6   20836.6    6582.1 -1.0876  0.1525  166815.0  174418.9  -51589.0
        nan       nan      -nan       nan       nan       nan       nan       nan       nan       nan
   38 6     -1 -1.0861  0.1465   47289.7   17779.4    3717.4 -1.0876  0.1525  169930.7  173982.1  -54453.7
        nan       nan      -nan       nan       nan       nan       nan       nan       nan       nan
   39 6      0 -1.1026  0.1584   49643.2   20947.6    2865.8 -1.0876  0.1525  170856.9  173852.2  -55305.3
        nan       nan      -nan       nan       nan       nan       nan       nan       nan       nan
vertex track :        199   3  40   12090467  0.3590 -1.5160  175653.9  179356.2     383.2   211     nan
   37 6     -2  0.4820 -1.5355   56675.4   16726.4    6597.0  0.3542 -1.5355  176247.7  166697.4  -51568.5
        nan       nan      -nan       nan       nan       nan       nan       nan       nan       nan
   38 6     -1 -0.0785 -1.5699   60877.0   19016.8    3463.8  0.3542 -1.5355  175137.8  171508.5  -54701.7
        nan       nan      -nan       nan       nan       nan       nan       nan       nan       nan
   39 6      0  0.2011 -1.3510   57999.1   20806.3    2627.1  0.3542 -1.5355  174841.4  172793.2  -55538.4
        nan       nan      -nan       nan       nan       nan       nan       nan       nan       nan
vertex track :        215   3  40   12094336  4.0302 -2.3429  166463.4  181486.7     396.1     0  3279.3
   37 4     -2  4.0440 -2.3513   71708.2   86455.3    6587.8  4.0827 -2.4140  190111.3  163472.5  -51579.4
     1818.8      81.6   73321.5   85611.6   71026.1   86946.2   70308.9   87506.6   73239.5   85470.6
   38 6     -1  4.0173 -2.3279   56307.4   14033.0    3717.6  4.0827 -2.4140  178392.9  170401.3  -54449.6
      999.7      39.4   57192.1   13565.8   56305.8   14079.4   55636.7   14707.8   57152.6   13497.7
   39 6      0  4.1611 -2.2170   54373.0   19317.7    2870.8  4.0827 -2.4140  174935.7  172445.5  -55296.4
      760.7      19.5   55053.5   18977.2   54584.7   19227.0   53906.7   19866.0   55035.2   18942.8
vertex track :        219   3  40   12295858  0.0234 -4.4508  175025.9  178089.1     382.2     0   895.8
   37 4     -2  0.5573 -4.2201   54665.4   73037.7    6674.0 -0.0013 -4.5526  173400.3  146325.3  -51495.8
     2031.2     257.6   55186.7   71057.7   54771.9   74198.8   54354.7   75223.4   54676.0   70990.2
   38 4     -1 -0.1625 -4.6447   58353.0   86133.9    3486.5 -0.0013 -4.5526  173404.4  160836.6  -54683.3
      987.0     110.0   58428.5   85143.6   58463.4   86141.1   58487.4   87329.5   58208.5   85151.3
   39 6      0 -0.7692 -4.4754   56478.4   11152.0    2631.0 -0.0013 -4.5526  173405.5  164731.6  -55538.9
      667.9      40.0   56404.7   10486.9   56469.4   10863.6   56761.4   12022.5   56325.9   10500.5
