groupid:  12515, ntrk: 13
vertex track :          0   3  47    9496261 -0.1291 -0.4118   54163.2  195784.1     329.8    13  1143.3
   48 5      1 -0.1299 -0.4116   53611.3   40656.6   -2864.2 -0.1286 -0.4149   54628.2  195302.4  -72982.1
       44.4       6.2   53603.8   40612.4   53603.3   40610.6   53828.6   40910.4   53592.0   40616.1
   49 5      2 -0.1301 -0.4112   56053.2   41584.2   -3714.4 -0.1286 -0.4149   54737.5  195655.1  -73832.3
       53.7      13.2   56049.6   41529.0   56054.7   41545.1   56266.6   41849.0   56024.3   41536.9
   50 5      3 -0.1315 -0.4127   54972.4   36759.8   -6582.6 -0.1286 -0.4149   55106.4  196845.1  -76700.5
       85.5      25.5   54970.7   36670.6   54995.0   36746.8   55184.0   37058.6   54922.2   36686.0
vertex track :          9   3  47    9496701  0.0793  0.0131   54268.4  195995.9     331.8  2212   545.4
   48 5      1  0.0770  0.0090   54576.8   41960.6   -2890.0  0.0852  0.0077   54050.7  194162.9  -73009.6
       24.0      20.0   54598.3   41983.2   54566.8   41979.5   54765.4   42148.0   54602.9   41943.5
   49 5      2  0.0768  0.0092   55038.7   39162.5   -3741.0  0.0852  0.0077   53978.2  194156.4  -73860.5
       51.4      48.6   55083.9   39216.8   54998.0   39206.5   55203.6   39318.1   55095.5   39120.4
   50 5      3  0.0833  0.0153   52075.8   37225.0   -6061.4  0.0852  0.0077   53780.5  194138.6  -76180.9
       89.7      85.9   52148.5   37325.8   51989.5   37296.5   52213.2   37334.3   52179.6   37156.7
vertex track :         24   3  47    9548731 -1.3245  1.2409   52078.1  199039.4     335.7     0  9998.9
   48 5      1 -1.3254  1.2452   54993.4   39117.7   -2867.3 -1.2907  1.2296   56292.3  193302.5  -72963.4
      209.8       9.6   54834.0   39254.4   54861.4   39228.6   55361.5   39192.3   54847.1   39268.3
   49 5      2 -1.3187  1.2423   58432.5   38655.5   -3720.4 -1.2907  1.2296   57393.5  192253.5  -73816.5
      251.9      12.5   58240.6   38819.1   58330.3   38734.5   58833.1   38703.1   58257.8   38837.3
   50 5      3 -1.3175  1.2441   60030.6   30057.9   -6584.1 -1.2907  1.2296   61089.6  188732.3  -76680.2
      402.5      21.7   59723.0   30318.5   60031.7   30027.0   60546.8   30008.6   59752.8   30350.1
vertex track :         27   3  47    9549072 -0.0906  1.1381   54210.3  197962.4     331.4   211     nan
   48 5      1 -0.0921  1.0891   55099.9   40676.2   -2899.9 -0.0742  1.1230   54525.6  192518.7  -73009.2
        nan       nan      -nan       nan       nan       nan       nan       nan       nan       nan
   49 5      2  0.0503  1.2200   55667.7   37061.6   -3752.1 -0.0742  1.1230   54588.9  191561.8  -73861.3
        nan       nan      -nan       nan       nan       nan       nan       nan       nan       nan
   50 5      3 -0.0047  1.1071   53079.1   31995.8   -6062.9 -0.0742  1.1230   54760.3  188966.8  -76172.2
        nan       nan      -nan       nan       nan       nan       nan       nan       nan       nan
vertex track :         73   3  47   10830183 -2.5274  0.7115   46551.6  199154.9     340.4     0  9999.1
   48 5      1 -2.5229  0.7200   52942.9   40781.1   -2866.0 -2.4755  0.7170   54556.2  195111.6  -72934.4
      360.8      12.5   52592.5   40868.1   52756.7   40821.3   53500.8   40904.8   52599.3   40892.1
   49 5      2 -2.5257  0.7219   57385.8   40758.0   -3726.2 -2.4755  0.7170   56685.6  194494.9  -73794.6
      441.1      16.7   56957.1   40863.2   57274.9   40772.3   58022.0   40863.5   56966.3   40895.2
   50 5      3 -2.5211  0.7221   61664.0   33362.0   -6592.1 -2.4755  0.7170   63780.1  192440.0  -76660.4
      720.0      29.0   60963.9   33532.4   61818.7   33287.6   62571.6   33402.4   60979.9   33588.1
vertex track :        129   3  48   10821561 -0.7786  0.3382   54066.7  195401.3     179.2   211     nan
   45 5     -2 -0.7910  0.3474   48500.1   37979.3    6592.6 -0.7716  0.3298   50028.5  196916.8  -66256.6
        nan       nan      -nan       nan       nan       nan       nan       nan       nan       nan
   46 5     -1 -0.7462  0.3403   50700.4   40720.9    3715.6 -0.7716  0.3298   52248.4  195968.0  -69133.6
        nan       nan      -nan       nan       nan       nan       nan       nan       nan       nan
   47 5      0 -0.7677  0.3352   52806.6   42178.9    2870.3 -0.7716  0.3298   52900.7  195689.2  -69978.9
        nan       nan      -nan       nan       nan       nan       nan       nan       nan       nan
vertex track :        137   3  48   10822464  0.8764  1.1852   53816.1  195919.6     180.3   211   129.6
   45 5     -2  0.9091  1.1115   61605.7   43284.1    6800.4  0.8885  1.1505   60613.0  202936.5  -66043.4
     1203.9     656.9   61859.5   44631.8   60526.0   43001.5   61562.9   42147.4   62876.4   43800.1
   46 5     -1  0.9117  1.2281   57565.8   46612.4    3737.6  0.8885  1.1505   57891.8  199412.7  -69106.2
      571.8     306.5   57660.5   47254.2   57170.3   46594.0   57682.0   46181.8   58152.8   46888.8
   47 5      0  0.9389  1.1873   56024.8   42695.2    2902.2  0.8885  1.1505   57149.5  198451.6  -69941.6
      252.8     117.5   56089.5   42966.4   55973.0   42819.2   56171.2   42635.3   56273.8   42820.6
vertex track :        143   3  48   10822990 -0.1385  0.7077   53641.7  195091.9     182.1   211     nan
   45 5     -2 -0.1124  0.7242   52405.9   40159.5    6585.8 -0.1271  0.6892   53732.0  198910.0  -66268.5
        nan       nan      -nan       nan       nan       nan       nan       nan       nan       nan
   46 5     -1 -0.1276  0.7124   52669.6   41825.1    3718.0 -0.1271  0.6892   54096.6  196933.6  -69136.3
        nan       nan      -nan       nan       nan       nan       nan       nan       nan       nan
   47 5      0 -0.1169  0.6962   54304.3   42947.1    2862.6 -0.1271  0.6892   54205.4  196344.1  -69991.7
        nan       nan      -nan       nan       nan       nan       nan       nan       nan       nan
vertex track :        153   3  48   10863568  0.9720 -1.2714   52339.6  196818.4     182.9   211     nan
   45 5     -2  0.8404 -1.1069   60760.1   27984.9    6842.3  0.9774 -1.3140   59768.3  187480.1  -65989.8
        nan       nan      -nan       nan       nan       nan       nan       nan       nan       nan
   46 5     -1  0.9703 -1.2831   56481.8   38259.1    3798.4  0.9774 -1.3140   56793.1  191479.8  -69033.6
        nan       nan      -nan       nan       nan       nan       nan       nan       nan       nan
   47 5      0  1.1093 -1.3130   54682.8   36457.6    2941.1  0.9774 -1.3140   55955.1  192606.3  -69891.0
        nan       nan      -nan       nan       nan       nan       nan       nan       nan       nan
vertex track :        157   3  48   10864936 -0.2745 -1.0425   53764.1  196345.6     181.2   211     nan
   45 5     -2 -0.3161 -1.0409   51533.8   29488.9    6590.6 -0.2885 -1.0594   52834.9  188954.8  -66249.1
        nan       nan      -nan       nan       nan       nan       nan       nan       nan       nan
   46 5     -1 -0.2561 -1.0247   52276.4   36477.3    3720.2 -0.2885 -1.0594   53663.0  191995.7  -69119.6
        nan       nan      -nan       nan       nan       nan       nan       nan       nan       nan
   47 5      0 -0.2477 -1.0734   53989.0   39067.1    2869.9 -0.2885 -1.0594   53908.3  192896.5  -69969.9
        nan       nan      -nan       nan       nan       nan       nan       nan       nan       nan
vertex track :        165   3  48   11925035  0.9633 -0.1333   52570.6  195526.1     181.1   211     nan
   45 5     -2  0.8701 -0.0256   60975.0   33938.6    6860.7  0.9711 -0.1561   59960.9  193895.0  -65984.6
        nan       nan      -nan       nan       nan       nan       nan       nan       nan       nan
   46 5     -1  0.8261 -0.1241   56612.8   41245.3    3787.0  0.9711 -0.1561   56975.9  194374.9  -69058.4
        nan       nan      -nan       nan       nan       nan       nan       nan       nan       nan
   47 5      0  1.0153 -0.1630   54821.8   38518.0    2932.5  0.9711 -0.1561   56146.1  194508.3  -69912.8
        nan       nan      -nan       nan       nan       nan       nan       nan       nan       nan
vertex track :        176   3  48   11925914 -0.6702 -0.3616   55088.6  195700.4     178.3   211     nan
   45 5     -2 -0.7095 -0.3610   50272.5   33518.5    6575.8 -0.6768 -0.3672   51678.3  192742.9  -66272.1
        nan       nan      -nan       nan       nan       nan       nan       nan       nan       nan
   46 5     -1 -0.6671 -0.3728   52063.1   38363.5    3721.6 -0.6768 -0.3672   53610.1  193790.8  -69126.4
        nan       nan      -nan       nan       nan       nan       nan       nan       nan       nan
   47 5      0 -0.6788 -0.3517   54127.5   40440.4    2867.2 -0.6768 -0.3672   54188.4  194104.5  -69980.8
        nan       nan      -nan       nan       nan       nan       nan       nan       nan       nan
vertex track :        185   3  48   11977596 -0.6540 -1.0490   54220.3  196443.8     180.8   211     nan
   45 5     -2 -0.5698 -1.0534   52023.5   28990.0    6843.5 -0.6737 -1.0619   50654.8  188764.2  -65996.1
        nan       nan      -nan       nan       nan       nan       nan       nan       nan       nan
   46 5     -1 -0.7506 -1.0940   52371.5   39035.4    3800.2 -0.6737 -1.0619   52705.3  191995.9  -69039.4
        nan       nan      -nan       nan       nan       nan       nan       nan       nan       nan
   47 5      0 -0.4054 -1.2310   51963.5   36795.8    2953.1 -0.6737 -1.0619   53276.0  192895.4  -69886.5
        nan       nan      -nan       nan       nan       nan       nan       nan       nan       nan
