groupid:  12299, ntrk:  9
vertex track :          0   3  87    6653379 -0.1990  0.3920  161335.8   49856.8     257.7    13   641.4
   88 2      1 -0.1996  0.3914   44221.4   50103.2   -2868.3 -0.2009  0.3952  162302.5   46457.6 -145068.9
       45.3       9.6   44192.3   50139.1   44191.5   50140.7   44460.3   50277.6   44209.4   50147.8
   89 2      2 -0.1996  0.3914   42986.2   48015.4   -3720.2 -0.2009  0.3952  162473.6   46120.9 -145920.8
       57.6      22.5   42940.0   48056.4   42950.4   48036.0   43242.2   48184.7   42980.1   48076.9
   90 2      3 -0.1972  0.3921   43891.3   46669.5   -6582.7 -0.2009  0.3952  163048.6   44989.6 -148783.2
       94.7      44.1   43809.4   46734.3   43853.1   46647.5   44183.1   46815.1   43888.2   46773.9
vertex track :          3   3  87    4891090 -0.1173  0.9987  161352.2   50553.4     258.7  2212   374.0
   88 2      1 -0.0885  0.9899   39546.9   45080.3   -2489.9 -0.1156  1.0025  162012.4   45635.2 -144691.6
      121.3      56.3   39480.0   45196.2   39483.0   45162.3   39823.7   45175.5   39592.2   45206.2
   89 2      2 -0.1042  0.9574   40697.2   47793.4   -3302.5 -0.1156  1.0025  162106.4   44820.6 -145504.2
      231.5     144.6   40528.4   48007.9   40556.6   47748.7   41075.9   47789.9   40815.9   48039.2
   90 2      3 -0.1558  1.0800   39254.6   45259.9   -6603.2 -0.1156  1.0025  162488.1   41511.8 -148804.9
      492.1     322.5   38865.2   45700.8   38973.0   44953.6   39853.9   45030.0   39503.5   45793.0
vertex track :         32   3  87    6408576 -4.0853 -4.7373  152646.4   37980.9     259.4     0 10000.9
   88 2      1 -4.0747 -4.7389   45179.9   50955.4   -2865.9 -4.1711 -4.7425  165910.0   50709.4 -145085.4
     1601.7      26.2   44155.5   49723.8   45388.3   51157.6   46410.2   52392.2   44115.8   49758.0
   89 2      2 -4.0793 -4.7426   47061.5   53007.7   -3715.0 -4.1711 -4.7425  169452.0   54736.6 -145934.6
     2018.6      37.8   45773.8   51452.6   47549.9   53517.5   48555.1   54768.0   45716.5   51502.0
   90 2      3 -4.1077 -4.7435   60715.9   68420.5   -6587.3 -4.1711 -4.7425  181432.4   68358.3 -148806.8
     3439.6      68.1   58515.8   65775.7   62156.5   69980.0   63122.0   71270.6   58412.7   65864.9
vertex track :         66   3  88    4678409 -1.5312 -0.3977  165587.7   51443.1     324.4     0  9999.6
   85 2     -2 -1.5206 -0.4195   33065.3   46733.8    6580.1 -1.5510 -0.3909  153899.8   45045.7 -138172.9
      300.0      17.7   32780.7   46636.9   33039.9   46708.4   33558.3   47040.2   32771.3   46671.0
   86 2     -1 -1.5221 -0.4034   38699.1   48050.6    3714.9 -1.5510 -0.3909  158343.6   46165.6 -141038.0
      181.1       9.5   38526.4   47995.1   38556.9   48003.1   39080.2   48315.7   38521.6   48013.4
   87 2      0 -1.5204 -0.4071   39720.6   48225.4    2869.6 -1.5510 -0.3909  159654.7   46496.0 -141883.3
      149.7       6.9   39577.8   48180.0   39547.7   48172.0   40071.9   48480.3   39574.2   48193.3
vertex track :         74   3  88    4681669  0.7773  0.1509  163921.0   50691.0     324.5   211     nan
   85 2     -2  0.7280  0.0958   50757.6   51774.0    6286.6  0.7802  0.1394  166573.2   47583.5 -138472.3
        nan       nan      -nan       nan       nan       nan       nan       nan       nan       nan
   86 2     -1  0.7746  0.2368   47164.6   52501.9    3302.7  0.7802  0.1394  164245.0   47167.5 -141456.3
        nan       nan      -nan       nan       nan       nan       nan       nan       nan       nan
   87 2      0  0.7641  0.1378   48805.5   52690.0    2474.1  0.7802  0.1394  163598.5   47052.0 -142284.8
        nan       nan      -nan       nan       nan       nan       nan       nan       nan       nan
vertex track :         81   3  88    6056037 -1.1019  0.1238  164069.2   50569.6     323.5     0  1529.5
   85 2     -2 -1.1258  0.1217   34213.8   49153.6    6584.2 -1.1117  0.1294  155110.2   47439.3 -138174.1
      191.3      29.5   34020.4   49144.9   34164.4   49129.3   34616.1   49372.5   34026.7   49203.5
   86 2     -1 -1.1059  0.1189   38563.0   48925.8    3717.7 -1.1117  0.1294  158296.9   47068.5 -141040.6
      117.4      14.4   38444.8   48924.0   38446.0   48923.9   38890.2   49137.6   38447.9   48952.6
   87 2      0 -1.1012  0.1202   39279.3   48645.6    2865.9 -1.1117  0.1294  159243.8   46958.3 -141892.4
       97.6       7.1   39181.6   48649.1   39144.4   48653.2   39586.0   48852.1   39183.1   48663.2
vertex track :         84   3  88    6056406  0.4174 -1.0746  164026.8   50985.0     327.6   211     nan
   85 2     -2  0.3714 -1.0508   48676.8   44080.1    6344.5  0.4165 -1.0892  164535.1   40492.6 -138416.0
        nan       nan      -nan       nan       nan       nan       nan       nan       nan       nan
   86 2     -1  0.4249 -1.0364   45947.2   48344.3    3322.3  0.4165 -1.0892  163276.3   43784.2 -141438.2
        nan       nan      -nan       nan       nan       nan       nan       nan       nan       nan
   87 2      0  0.4307 -1.0176   47866.0   49592.5    2494.1  0.4165 -1.0892  162931.4   44686.2 -142266.4
        nan       nan      -nan       nan       nan       nan       nan       nan       nan       nan
vertex track :        118   3  88    6888945 -0.1822 -4.3271  164228.7   50291.4     322.8     0  1002.1
   85 2     -2 -0.1118 -4.2298   40679.4   20428.4    6585.0 -0.2054 -4.4253  160943.4   18636.9 -138173.5
     1848.9     220.1   40850.6   18574.4   40924.8   21382.6   40718.0   22488.3   40410.4   18586.0
   86 2     -1 -0.1270 -4.3466   41899.9   33667.9    3716.3 -0.2054 -4.4253  161532.6   31331.9 -141042.3
      992.9     104.4   41975.3   32672.4   42006.6   33744.5   42034.4   34869.1   41766.5   32678.5
   87 2      0 -0.2173 -4.3600   41726.4   37118.3    2867.2 -0.2054 -4.4253  161707.0   35089.5 -141891.4
      703.7      40.6   41731.9   36413.4   41756.3   36903.5   41930.6   38028.8   41650.8   36417.4
vertex track :        119   3  88    6889068 -3.3934 -4.1053  164257.1   50728.8     323.5   211     nan
   85 2     -2 -3.3504 -4.0547   23603.8   23657.7    6465.8 -3.5172 -4.1855  140656.0   21078.9 -138291.5
        nan       nan      -nan       nan       nan       nan       nan       nan       nan       nan
   86 2     -1 -3.6640 -3.7224   31830.7   36800.3    3344.0 -3.5172 -4.1855  151636.0   34144.9 -141413.2
        nan       nan      -nan       nan       nan       nan       nan       nan       nan       nan
   87 2      0 -3.5461 -4.0399   37095.9   40414.0    2514.6 -3.5172 -4.1855  154553.2   37616.3 -142242.6
        nan       nan      -nan       nan       nan       nan       nan       nan       nan       nan
