groupid:    127, ntrk: 33
vertex track :          0   3 125     524967  0.0075 -0.1680   47584.8   47544.3     236.0    13  1722.1
  126 1      1  0.0075 -0.1682   46153.5   47881.7   -2867.8  0.0085 -0.1709   44185.3   45546.1 -215740.3
       19.1       3.2   46157.5   47862.8   46157.4   47865.6   46359.4   48110.5   46151.1   47862.5
  127 1      2  0.0094 -0.1679   46566.1   46141.9   -3717.9  0.0085 -0.1709   44178.0   45691.4 -216590.3
       23.8       7.4   46574.9   46118.5   46574.2   46130.9   46767.4   46375.1   46560.1   46117.7
  128 1      3  0.0058 -0.1678   47974.1   49041.5   -6586.3  0.0085 -0.1709   44153.6   46181.7 -219458.7
       39.2      14.5   47989.9   49002.8   47988.4   49046.0   48168.2   49290.0   47960.9   49001.8
vertex track :         13   3 125     461048 -1.7211 -1.7084   45649.6   45908.1     235.2     0  2019.8
  126 1      1 -1.6939 -1.7562   52039.7   50880.6   -2861.1 -1.7383 -1.7080   47639.1   48672.1 -215732.3
      310.7      15.5   51835.1   50646.3   51910.8   50724.7   52452.6   51323.3   51812.9   50667.7
  127 1      2 -1.6040 -1.6552   52456.0   54917.6   -3693.0 -1.7383 -1.7080   49085.2   50093.0 -216564.2
      382.1      29.9   52211.6   54622.4   52406.6   54823.6   52908.9   55421.2   52168.6   54664.0
  128 1      3 -1.9209 -1.8319   57010.3   56149.1   -6360.0 -1.7383 -1.7080   53721.4   54648.4 -219231.2
      614.0      55.7   56604.4   55685.0   57089.7   56147.9   57624.3   56821.3   56527.5   55765.6
vertex track :         14   3 125     461617 -1.8897 -2.3812   45527.5   45055.2     233.2   211     nan
  126 1      1 -1.8900 -2.3887   49523.4   51720.0   -2868.1 -1.9128 -2.3858   48062.1   49925.6 -215738.6
        nan       nan      -nan       nan       nan       nan       nan       nan       nan       nan
  127 1      2 -1.8673 -2.4055   51470.0   51864.3   -3718.3 -1.9128 -2.3858   49688.4   51954.0 -216588.8
        nan       nan      -nan       nan       nan       nan       nan       nan       nan       nan
  128 1      3 -1.9120 -2.3488   58071.7   60494.3   -6583.6 -1.9128 -2.3858   55169.3   58790.1 -219454.1
        nan       nan      -nan       nan       nan       nan       nan       nan       nan       nan
vertex track :         20   3 125     464054 -1.9261 -2.1188   42734.2   42296.1     233.2   211     nan
  126 1      1 -1.8641 -1.9825   49698.6   48474.5   -2863.0 -1.9527 -2.1239   45349.3   46346.8 -215735.4
        nan       nan      -nan       nan       nan       nan       nan       nan       nan       nan
  127 1      2 -1.8223 -2.2109   50361.3   52765.3   -3694.9 -1.9527 -2.1239   46973.7   48113.6 -216567.3
        nan       nan      -nan       nan       nan       nan       nan       nan       nan       nan
  128 1      3 -1.9183 -2.2187   55388.8   55265.5   -6371.1 -1.9527 -2.1239   52199.5   53797.8 -219243.6
        nan       nan      -nan       nan       nan       nan       nan       nan       nan       nan
vertex track :         34   3 125     465602 -1.7992 -1.7464   42173.6   43342.7     236.3     0  2470.0
  126 1      1 -1.7999 -1.7415   45914.8   48200.4   -2869.2 -1.8217 -1.7484   44401.4   46257.1 -215741.9
      327.7      14.7   45689.5   47962.0   45782.6   48052.1   46348.4   48647.1   45669.1   47983.1
  127 1      2 -1.7679 -1.7666   47856.3   47772.0   -3717.3 -1.8217 -1.7484   45946.4   47739.9 -216590.0
      403.5      27.0   47590.0   47467.7   47789.5   47667.2   48330.9   48284.5   47551.8   47505.9
  128 1      3 -1.8090 -1.6988   54138.8   54824.4   -6588.4 -1.8217 -1.7484   51176.6   52759.6 -219461.1
      666.1      51.4   53688.3   54331.0   54279.6   54886.2   54797.4   55526.1   53618.0   54405.8
vertex track :         67   3 125     584253  1.9419  1.7385   51633.8   51533.6     237.9   211   173.8
  126 1      1  1.9229  1.7945   47517.6   46668.5   -2862.4  1.9645  1.7335   42214.2   43624.9 -215736.7
      609.1     179.7   47840.3   47215.4   47353.5   46761.1   47406.8   46333.3   48085.5   46952.7
  127 1      2  1.8982  1.8281   44778.0   47733.0   -3691.1  1.9645  1.7335   40586.3   42188.4 -216565.4
     1300.8     440.9   45409.1   48952.9   43933.9   47532.2   44358.9   46724.9   46020.8   48317.7
  128 1      3  1.9365  1.6073   39027.1   39117.0   -6467.9  1.9645  1.7335   35131.3   37375.1 -219342.1
     2491.6     858.2   40396.2   41368.6   36968.4   38523.5   37869.9   37076.9   41492.4   40047.9
vertex track :        155   3 125    1457497 -2.7508  2.7015   41232.0   53683.5     251.7     0 10001.0
  126 1      1 -2.7537  2.7060   47699.0   45803.2   -2868.2 -2.7277  2.7096   46357.1   42783.9 -215734.1
      667.4      16.7   47211.3   46259.1   47585.1   45891.8   48394.0   45560.0   47234.6   46282.9
  127 1      2 -2.8005  2.6684   50517.2   41682.5   -3717.6 -2.7277  2.7096   48674.1   40482.4 -216583.5
      830.2      22.9   49900.4   42238.5   50514.3   41653.5   51341.3   41339.1   49932.1   42271.7
  128 1      3 -2.7199  2.7404   59044.1   36790.8   -6590.9 -2.7277  2.7096   56511.7   32697.0 -219456.9
     1394.3      40.7   58033.0   37751.7   59426.3   36348.0   60262.5   36042.7   58090.8   37809.1
vertex track :        164   3 125    1458378 -1.8453  1.7656   42034.6   53252.4     249.6   211   187.7
  126 1      1 -1.8855  1.8490   48768.6   48330.9   -2863.5 -1.8354  1.7763   44366.5   45268.0 -215729.6
      547.7     157.8   48267.0   48601.8   48653.2   48223.0   49478.3   48272.0   48488.1   48827.2
  127 1      2 -1.9053  1.8440   49281.2   49265.9   -3696.5 -1.8354  1.7763   45895.3   43788.4 -216562.6
     1137.2     387.0   48194.9   49778.6   49429.1   48584.2   50575.6   48964.9   48733.1   50334.8
  128 1      3 -1.8329  1.7556   54231.7   40599.3   -6378.8 -1.8354  1.7763   50818.4   39023.8 -219244.9
     2131.0     739.5   52181.2   41539.3   54874.2   38959.9   56490.3   39871.1   53204.2   42607.4
vertex track :        171   3 125    1459274 -1.8696  2.1486   43082.0   52915.4     245.0   211     nan
  126 1      1 -1.8677  2.1443   47024.9   46619.8   -2868.3 -1.8566  2.1577   45485.2   43733.7 -215732.1
        nan       nan      -nan       nan       nan       nan       nan       nan       nan       nan
  127 1      2 -1.8756  2.1164   49118.5   42940.9   -3717.8 -1.8566  2.1577   47062.5   41900.6 -216581.7
        nan       nan      -nan       nan       nan       nan       nan       nan       nan       nan
  128 1      3 -1.8506  2.1621   55353.5   39542.5   -6586.6 -1.8566  2.1577   52388.6   35710.6 -219450.4
        nan       nan      -nan       nan       nan       nan       nan       nan       nan       nan
vertex track :        185   3 125    1799181 -1.2197 -0.6480   44402.5   46424.3     235.9   211     nan
  126 1      1 -1.2162 -0.5891   49344.3   48394.9   -2863.2 -1.2301 -0.6451   44816.0   45910.9 -215732.0
        nan       nan      -nan       nan       nan       nan       nan       nan       nan       nan
  127 1      2 -1.2009 -0.6217   49176.8   51468.3   -3694.8 -1.2301 -0.6451   45839.0   46447.4 -216563.7
        nan       nan      -nan       nan       nan       nan       nan       nan       nan       nan
  128 1      3 -1.2354 -0.6511   52479.2   49754.2   -6375.9 -1.2301 -0.6451   49136.9   48176.9 -219244.8
        nan       nan      -nan       nan       nan       nan       nan       nan       nan       nan
vertex track :        186   3 125    1799859 -3.3642 -0.1204   40413.0   48033.4     244.2     0 10001.0
  126 1      1 -3.3725 -0.1199   48635.0   48234.5   -2867.4 -3.3739 -0.0987   47492.8   45866.3 -215736.3
      529.1      14.7   48106.7   48201.0   48456.0   48213.4   49369.8   48477.9   48105.6   48230.5
  127 1      2 -3.3931 -0.1473   51943.0   46451.9   -3717.9 -3.3739 -0.0987   50362.3   45950.3 -216586.8
      655.1      20.1   51289.4   46403.4   51885.9   46429.3   52803.3   46710.3   51287.6   46443.6
  128 1      3 -3.3720 -0.0775   62144.3   49021.4   -6585.0 -3.3739 -0.0987   60035.4   46233.4 -219453.9
     1093.4      35.6   61052.0   48960.7   62530.1   48994.7   63443.2   49292.0   61050.4   49031.8
vertex track :        226   3 125    2452640 -1.2001 -0.1659   47071.1   47594.7     236.5     0  2457.6
  126 1      1 -1.1734 -0.1888   52008.0   48122.7   -2859.5 -1.2046 -0.1597   47424.4   45564.3 -215731.4
      121.1       8.0   51889.8   48095.5   51882.4   48094.4   52335.1   48359.6   51887.2   48111.3
  127 1      2 -1.2898 -0.1940   51865.1   50833.4   -3695.5 -1.2046 -0.1597   48431.5   45697.8 -216567.5
      143.5      13.2   51725.2   50799.0   51738.1   50801.0   52213.7   51077.6   51721.3   50825.1
  128 1      3 -1.2935 -0.1680   54927.3   47692.0   -6362.7 -1.2046 -0.1597   51644.2   46123.7 -219234.6
      220.4      23.9   54711.9   47639.9   54877.3   47661.4   55351.5   47954.0   54705.7   47687.4
vertex track :        239   3 125    2481711 -3.4418  2.4101   41218.3   52484.0     249.8     0   934.0
  126 1      1 -3.4324  2.3981   49656.7   45443.0   -2867.1 -3.4213  2.4247   48491.3   42473.0 -215733.5
      804.8      53.8   48966.2   45859.8   49564.8   45441.6   50553.8   45238.6   49027.8   45948.0
  127 1      2 -3.5227  2.3493   53108.4   41570.0   -3718.2 -3.4213  2.4247   51403.0   40409.3 -216584.6
     1107.3     127.5   52116.5   42078.3   53219.1   41342.9   54306.8   41274.0   52257.9   42290.4
  128 1      3 -3.4174  2.4563   63404.9   37416.0   -6586.5 -3.4213  2.4247   61216.3   33454.4 -219452.9
     1944.6     250.2   61679.8   38347.8   64120.2   36593.7   65336.5   36696.6   61971.8   38754.0
vertex track :        252   3 126     224227  2.2568  1.6830   39868.0   42763.9     247.6     0  4371.1
  123 1     -2  2.1892  1.6716   53796.5   53976.5    6583.9  2.2927  1.6830   52378.3   51068.7 -209159.4
      749.2      37.1   54369.4   54460.7   53638.3   53902.4   53435.8   53704.1   54414.5   54401.7
  124 1     -1  2.3222  1.7679   46273.4   47518.2    3711.3  2.2927  1.6830   45792.2   46234.0 -212032.0
      432.7      18.9   46606.2   47795.3   46405.3   47642.4   46152.9   47452.8   46629.1   47765.2
  125 1      0  2.2600  1.6815   47741.3   47734.8    2867.7  2.2927  1.6830   43858.0   44814.2 -212875.6
      344.5      11.5   48010.8   47949.7   47932.6   47891.5   47684.0   47731.5   48024.6   47931.2
vertex track :        255   3 126     255706 -1.0515  0.6776   46802.1   47339.7     238.7   211     nan
  123 1     -2 -0.9929  0.5989   40970.6   52143.5    6706.0 -1.0505  0.6847   38063.3   49393.6 -209032.5
        nan       nan      -nan       nan       nan       nan       nan       nan       nan       nan
  124 1     -1 -1.0490  0.6725   45146.8   50835.9    3675.3 -1.0505  0.6847   41246.9   47318.5 -212063.2
        nan       nan      -nan       nan       nan       nan       nan       nan       nan       nan
  125 1      0 -1.0451  0.6708   42333.6   49181.4    2861.7 -1.0505  0.6847   42101.6   46761.5 -212876.8
        nan       nan      -nan       nan       nan       nan       nan       nan       nan       nan
vertex track :        272   3 126     472205  1.9263  2.0523   44369.1   45852.9     242.8   211     nan
  123 1     -2  1.9220  2.0545   56073.7   59570.1    6573.6  1.9452  2.0467   54717.0   56442.6 -209169.1
        nan       nan      -nan       nan       nan       nan       nan       nan       nan       nan
  124 1     -1  1.8008  2.0155   49681.7   52022.9    3742.6  1.9452  2.0467   49210.3   50648.4 -212000.0
        nan       nan      -nan       nan       nan       nan       nan       nan       nan       nan
  125 1      0  1.9184  2.0643   51292.8   51882.1    2868.5  1.9452  2.0467   47510.0   48859.3 -212874.2
        nan       nan      -nan       nan       nan       nan       nan       nan       nan       nan
vertex track :        274   3 126     500169  0.1345  1.4775   46000.5   46772.8     241.5   211     nan
  123 1     -2  0.1005  1.5129   48006.6   56996.2    6779.9  0.1430  1.4794   44983.3   54073.1 -208961.6
        nan       nan      -nan       nan       nan       nan       nan       nan       nan       nan
  124 1     -1  0.1170  1.5154   48756.2   53223.9    3662.8  0.1430  1.4794   44537.4   49461.7 -212078.7
        nan       nan      -nan       nan       nan       nan       nan       nan       nan       nan
  125 1      0  0.1135  1.4238   44974.0   50889.7    2859.5  0.1430  1.4794   44422.5   48273.3 -212882.0
        nan       nan      -nan       nan       nan       nan       nan       nan       nan       nan
vertex track :        275   3 126     500179 -1.8790  1.1459   47635.1   46881.7     237.6   211     nan
  123 1     -2 -1.8763  1.1377   33680.5   54338.6    6605.8 -1.8748  1.1576   33753.8   51871.1 -209133.6
        nan       nan      -nan       nan       nan       nan       nan       nan       nan       nan
  124 1     -1 -1.8980  1.1523   38864.1   49854.0    3716.7 -1.8748  1.1576   39170.2   48526.7 -212022.7
        nan       nan      -nan       nan       nan       nan       nan       nan       nan       nan
  125 1      0 -1.8790  1.1614   43677.0   50309.0    2865.4 -1.8748  1.1576   40766.3   47541.2 -212874.0
        nan       nan      -nan       nan       nan       nan       nan       nan       nan       nan
vertex track :        277   3 126     500378 -1.8880 -2.0221   47499.5   49181.3     238.6   211   102.0
  123 1     -2 -2.1409 -1.5993   36264.8   36153.8    6688.0 -1.9108 -2.0277   33244.1   33736.3 -209047.6
     6065.1    2046.7   32630.7   30884.3   41899.1   37807.9   40106.8   41631.7   30180.9   34163.9
  124 1     -1 -1.9885 -1.9766   42753.0   42566.0    3683.9 -1.9108 -2.0277   38984.1   39827.6 -212051.7
     2826.4     950.4   41418.4   39899.4   45010.0   43469.4   44295.5   45440.7   40078.4   41247.5
  125 1      0 -1.8116 -1.9616   40628.5   43231.4    2854.9 -1.9108 -2.0277   40568.1   41508.6 -212880.7
     1106.5     358.7   40141.3   42175.2   41262.3   43389.0   41323.9   44495.7   39614.3   42661.9
vertex track :        278   3 126     500394 -1.7263 -1.8212   47478.1   49145.2     238.6   211     nan
  123 1     -2 -1.6943 -1.7989   34630.0   36665.6    6585.8 -1.7465 -1.8259   34459.9   35188.2 -209149.9
        nan       nan      -nan       nan       nan       nan       nan       nan       nan       nan
  124 1     -1 -1.7378 -1.8129   39225.9   41166.8    3715.9 -1.7465 -1.8259   39472.2   40428.3 -212019.7
        nan       nan      -nan       nan       nan       nan       nan       nan       nan       nan
  125 1      0 -1.7221 -1.8254   43955.1   44089.7    2866.2 -1.7465 -1.8259   40956.4   41979.9 -212869.5
        nan       nan      -nan       nan       nan       nan       nan       nan       nan       nan
vertex track :        289   3 126     501152  0.7254 -0.8362   44945.3   48964.2     241.6   211     nan
  123 1     -2  0.7462 -0.8604   50820.7   43903.3    6758.2  0.7288 -0.8501   47746.3   41071.8 -208977.6
        nan       nan      -nan       nan       nan       nan       nan       nan       nan       nan
  124 1     -1  0.7477 -0.8382   49922.5   46775.8    3712.4  0.7288 -0.8501   45526.5   43661.2 -212023.5
        nan       nan      -nan       nan       nan       nan       nan       nan       nan       nan
  125 1      0  0.6913 -0.8163   45565.9   46474.1    2864.8  0.7288 -0.8501   44908.7   44381.7 -212871.1
        nan       nan      -nan       nan       nan       nan       nan       nan       nan       nan
vertex track :        299   3 126    1118208 -3.9034  3.1734   54223.8   41596.1     220.8   211     nan
  123 1     -2 -4.0198  3.2402   26693.7   62608.7    6575.5 -3.8852  3.1833   27607.5   59370.5 -209164.8
        nan       nan      -nan       nan       nan       nan       nan       nan       nan       nan
  124 1     -1 -3.8479  3.2219   37984.6   52105.7    3717.6 -3.8852  3.1833   38711.1   50272.9 -212022.7
        nan       nan      -nan       nan       nan       nan       nan       nan       nan       nan
  125 1      0 -3.9107  3.1899   44487.7   50809.8    2867.5 -3.8852  3.1833   42013.8   47566.9 -212872.8
        nan       nan      -nan       nan       nan       nan       nan       nan       nan       nan
vertex track :        336   3 126    1576583 -1.5390  1.7595   49692.0   43470.6     230.0   211     nan
  123 1     -2 -1.5123  1.7254   40591.0   55374.6    6716.6 -1.5302  1.7685   37820.2   52525.6 -209024.6
        nan       nan      -nan       nan       nan       nan       nan       nan       nan       nan
  124 1     -1 -1.5581  1.7342   46264.5   51005.0    3651.2 -1.5302  1.7685   42510.8   47104.5 -212090.1
        nan       nan      -nan       nan       nan       nan       nan       nan       nan       nan
  125 1      0 -1.5837  1.8301   43834.5   48405.8    2869.0 -1.5302  1.7685   43707.6   45721.2 -212872.2
        nan       nan      -nan       nan       nan       nan       nan       nan       nan       nan
vertex track :        339   3 126    1577288 -0.9678  1.7875   48563.2   42956.2     231.8   211     nan
  123 1     -2 -0.9871  1.8082   40766.4   54712.0    6582.4 -0.9593  1.7940   40516.0   51936.8 -209160.3
        nan       nan      -nan       nan       nan       nan       nan       nan       nan       nan
  124 1     -1 -0.9695  1.8578   43146.7   48192.8    3712.6 -0.9593  1.7940   43268.8   46788.5 -212030.1
        nan       nan      -nan       nan       nan       nan       nan       nan       nan       nan
  125 1      0 -0.9586  1.7758   47190.1   48240.1    2869.6 -0.9593  1.7940   44077.5   45276.2 -212873.0
        nan       nan      -nan       nan       nan       nan       nan       nan       nan       nan
vertex track :        343   3 126    1579078  3.8099  3.1392   42296.5   44437.9     244.9   211     nan
  123 1     -2  3.5495  2.9792   68511.7   65578.3    6709.6  3.8759  3.1472   65365.5   62420.3 -209033.9
        nan       nan      -nan       nan       nan       nan       nan       nan       nan       nan
  124 1     -1  3.9234  3.4229   58748.4   57076.4    3675.3  3.8759  3.1472   53604.4   52870.5 -212068.3
        nan       nan      -nan       nan       nan       nan       nan       nan       nan       nan
  125 1      0  3.9648  3.2148   51822.7   53323.6    2856.4  3.8759  3.1472   50430.4   50293.3 -212887.2
        nan       nan      -nan       nan       nan       nan       nan       nan       nan       nan
vertex track :        347   3 126    1579562  3.0308  2.0111   42182.7   45079.8     245.8   211     nan
  123 1     -2  3.0372  2.0293   61118.6   58342.0    6564.3  3.0807  2.0120   59662.8   55433.8 -209179.0
        nan       nan      -nan       nan       nan       nan       nan       nan       nan       nan
  124 1     -1  3.0834  1.9024   51600.5   51216.8    3719.9  3.0807  2.0120   50899.9   49710.8 -212023.5
        nan       nan      -nan       nan       nan       nan       nan       nan       nan       nan
  125 1      0  3.0413  2.0113   52265.3   50985.9    2869.6  3.0807  2.0120   48280.6   48000.2 -212873.7
        nan       nan      -nan       nan       nan       nan       nan       nan       nan       nan
vertex track :        350   3 126    1738171  3.0331  3.9331   37980.1   35967.9     245.6   211   201.2
  123 1     -2  2.4776  3.4414   59128.4   62415.9    6734.0  3.0854  3.9423   55928.4   59156.6 -209013.0
     8801.0    1687.3   62901.2   70544.3   53137.3   56981.9   55568.2   54501.0   65639.9   68572.7
  124 1     -1  3.0763  3.9928   51593.1   51478.2    3718.9  3.0854  3.9423   46625.4   47270.0 -212028.1
     4139.9     785.1   53497.9   55236.8   49090.5   49516.4   49901.4   47933.6   54741.7   54278.5
  125 1      0  3.0341  3.9149   45249.8   47133.7    2868.5  3.0854  3.9423   44001.7   43917.6 -212878.5
     1738.1     294.8   46081.5   48688.1   44589.2   46762.6   44631.2   45793.2   46547.5   48326.9
vertex track :        357   3 126    1800671 -2.5641 -1.9811   47269.3   48637.1     240.5   211     nan
  123 1     -2 -2.5559 -1.9912   28828.9   35006.3    6589.1 -2.5894 -1.9802   28893.9   33696.3 -209149.1
        nan       nan      -nan       nan       nan       nan       nan       nan       nan       nan
  124 1     -1 -2.5732 -1.9365   35988.2   40248.1    3701.4 -2.5894 -1.9802   36371.4   39414.5 -212036.9
        nan       nan      -nan       nan       nan       nan       nan       nan       nan       nan
  125 1      0 -2.5484 -2.0130   41354.8   43118.0    2868.3 -2.5894 -1.9802   38528.6   41064.1 -212869.9
        nan       nan      -nan       nan       nan       nan       nan       nan       nan       nan
vertex track :        368   3 126    1802377  3.6310 -2.9218   43057.6   50232.4     248.4     0 10001.0
  123 1     -2  3.4062 -2.6898   68151.6   31604.9    6777.8  3.6780 -2.9961   65119.2   28337.2 -208959.9
     1883.8      47.1   69659.2   30474.4   67417.7   32244.5   66857.4   32942.7   69600.8   30400.4
  124 1     -1  3.6683 -3.1135   58838.0   40246.1    3716.6  3.6780 -2.9961   53860.1   37508.8 -212021.2
     1027.8      24.1   59637.2   39599.4   58840.3   40275.7   58252.4   41099.7   59606.0   39562.6
  125 1      0  3.5474 -2.8472   52011.5   41705.9    2864.1  3.6780 -2.9961   50724.6   40063.1 -212873.7
      795.8      16.5   52642.5   41220.7   52146.2   41619.0   51594.1   42398.3   52621.8   41194.9
vertex track :        377   3 126    1804071  3.5894  0.1213   39343.9   47531.7     250.7     0 10001.0
  123 1     -2  3.5847  0.1343   62376.1   48179.1    6592.8  3.6499  0.0998   60498.3   45838.8 -209145.3
     1141.1      35.1   63515.1   48256.9   61987.3   48199.7   61450.7   48311.5   63517.7   48186.8
  124 1     -1  3.4789 -0.0077   50738.3   46677.3    3724.5  3.6499  0.0998   50029.2   45552.4 -212013.7
      650.3      18.7   51388.7   46694.6   50818.7   46695.8   50301.5   46870.1   51388.6   46657.2
  125 1      0  3.5967  0.1233   51022.0   48031.0    2864.7  3.6499  0.0998   46891.2   45466.5 -212873.4
      509.1      13.1   51530.3   48061.5   51268.0   48052.5   50727.2   48210.6   51531.2   48035.4
vertex track :        381   3 126    1805417  2.7530  0.0940   38430.8   47572.8     250.7   211     nan
  123 1     -2  2.6682  0.0388   57687.4   48701.3    6736.7  2.7946  0.0771   54556.4   45752.2 -208999.3
        nan       nan      -nan       nan       nan       nan       nan       nan       nan       nan
  124 1     -1  2.7969  0.1468   50994.1   48754.9    3708.9  2.7946  0.0771   46094.8   45518.9 -212027.0
        nan       nan      -nan       nan       nan       nan       nan       nan       nan       nan
  125 1      0  2.7667  0.1064   44897.9   47725.5    2869.7  2.7946  0.0771   43749.4   45454.2 -212866.3
        nan       nan      -nan       nan       nan       nan       nan       nan       nan       nan
vertex track :        389   3 126    1841951  1.6521 -2.5834   41310.0   54893.9     256.0   211     nan
  123 1     -2  1.6525 -2.5364   51258.3   37167.9    6580.5  1.6629 -2.6308   49885.2   35962.6 -209153.3
        nan       nan      -nan       nan       nan       nan       nan       nan       nan       nan
  124 1     -1  1.6767 -2.5784   45505.3   44070.8    3720.1  1.6629 -2.6308   45128.7   43487.7 -212013.7
        nan       nan      -nan       nan       nan       nan       nan       nan       nan       nan
  125 1      0  1.6461 -2.5635   47456.8   47638.6    2870.4  1.6629 -2.6308   43715.7   45723.1 -212863.4
        nan       nan      -nan       nan       nan       nan       nan       nan       nan       nan
vertex track :        392   3 126    1844092  3.5499 -1.6976   36891.8   51794.2     258.2     0  2370.2
  123 1     -2  3.3199 -1.6813   61294.3   40967.7    6813.9  3.6086 -1.7496   58560.0   38039.8 -208919.8
     1426.0      90.4   62607.3   40404.0   60760.1   41339.5   60194.6   41739.7   62525.7   40242.8
  124 1     -1  3.4909 -1.4908   52470.8   46242.1    3682.0  3.6086 -1.7496   47258.4   43519.3 -212051.7
      766.4      41.9   53192.0   45979.6   52515.5   46268.5   51963.0   46713.1   53159.2   45902.6
  125 1      0  3.4868 -1.6474   45633.6   46814.9    2867.5  3.6086 -1.7496   44319.3   44944.3 -212866.2
      595.2      19.8   46180.2   46578.5   45836.2   46741.1   45300.5   47259.5   46163.3   46542.7
