groupid:  12302, ntrk:  5
vertex track :          0   3  37    8385310  0.3240 -0.0438   84029.7  195025.0     311.6    13  1910.5
   38 5      1  0.3249 -0.0377   76312.3   36791.5   -2867.3  0.3288 -0.0414   78937.6  194405.8  -54197.3
       34.1       3.9   76346.6   36791.4   76347.2   36791.4   76488.4   37001.5   76345.7   36783.7
   39 5      2  0.3251 -0.0337   77560.7   40360.7   -3719.4  0.3288 -0.0414   78657.5  194441.1  -55049.4
       40.9       7.8   77602.1   40364.2   77589.1   40365.6   77729.5   40567.1   77600.5   40348.7
   40 5      3  0.3250 -0.0366   79303.6   41418.9   -6585.7  0.3288 -0.0414   77714.9  194559.8  -57915.7
       64.8      14.9   79369.7   41426.4   79309.1   41433.3   79447.9   41621.3   79366.3   41396.9
vertex track :         24   3  37    8412419 -1.9492  2.0124   79989.2  198325.0     315.1     0 10001.0
   38 5      1 -1.9309  1.9818   87061.3   36834.6   -3047.7 -1.9597  1.9547   82475.3  190932.1  -54361.8
      417.1      13.7   86760.4   37123.8   86937.1   36942.5   87570.3   36757.4   86780.1   37143.0
   39 5      2 -1.7976  1.8332   86516.5   36290.4   -3876.2 -1.9597  1.9547   84099.0  189312.5  -55190.4
      504.9      18.1   86150.0   36638.3   86479.6   36302.2   87091.1   36154.4   86175.9   36663.6
   40 5      3 -2.1192  2.1026   90752.3   29413.6   -6588.7 -1.9597  1.9547   89414.8  184010.3  -57902.9
      802.3      30.4   90161.4   29957.0   90855.4   29268.5   91551.2   29082.3   90204.2   30000.3
vertex track :        161   3  38    9489921  0.5536 -1.0907   76669.2  196685.0     151.7   211     nan
   35 5     -2  0.5957 -1.0672   84612.7   31251.9    6583.7  0.5567 -1.1036   82308.0  189330.7  -47615.9
        nan       nan      -nan       nan       nan       nan       nan       nan       nan       nan
   36 5     -1  0.5458 -1.0879   79751.2   32021.9    3720.5  0.5567 -1.1036   80714.0  192490.7  -50479.1
        nan       nan      -nan       nan       nan       nan       nan       nan       nan       nan
   37 5      0  0.5496 -1.0936   82099.3   38327.0    2863.0  0.5567 -1.1036   80236.7  193437.1  -51336.6
        nan       nan      -nan       nan       nan       nan       nan       nan       nan       nan
vertex track :        162   3  38    9490004  0.7593  0.1879   76474.9  194326.2     151.7   211     nan
   35 5     -2  0.7503  0.1812   79479.6   34206.0    7170.3  0.7672  0.1749   83902.9  195314.0  -47041.4
        nan       nan      -nan       nan       nan       nan       nan       nan       nan       nan
   36 5     -1  0.7730  0.1995   79557.5   36751.5    3850.6  0.7672  0.1749   81356.0  194733.2  -50361.1
        nan       nan      -nan       nan       nan       nan       nan       nan       nan       nan
   37 5      0  0.7316  0.2447   74279.9   37363.2    3040.4  0.7672  0.1749   80734.4  194591.5  -51171.2
        nan       nan      -nan       nan       nan       nan       nan       nan       nan       nan
vertex track :        216   3  38   10152025 -3.9768  0.8677   77143.3  194621.1     149.7   211     nan
   35 5     -2 -3.9617  0.8678   52680.1   43199.7    6595.3 -3.9044  0.8757   54024.0  200018.0  -47615.3
        nan       nan      -nan       nan       nan       nan       nan       nan       nan       nan
   36 5     -1 -4.0019  0.9164   62823.9   37616.2    3715.9 -3.9044  0.8757   65266.2  197496.4  -50494.6
        nan       nan      -nan       nan       nan       nan       nan       nan       nan       nan
   37 5      0 -3.9719  0.8859   68861.9   42131.4    2868.1 -3.9044  0.8757   68576.4  196754.0  -51342.4
        nan       nan      -nan       nan       nan       nan       nan       nan       nan       nan
