groupid:  12367, ntrk: 11
vertex track :          0   3  97    6718608  0.3670  0.1519   52846.5  140756.0     210.3    13  3601.0
   98 3      1  0.3674  0.1518   52774.8   64128.8   -2866.3  0.3738  0.1464   52343.4  140694.9 -164102.9
       39.8       3.5   52810.2   64147.2   52813.9   64148.7   52949.7   64320.6   52812.9   64140.8
   99 3      2  0.3702  0.1443   56594.4   64953.4   -3715.9  0.3738  0.1464   52025.8  140570.6 -164952.5
       47.2       5.5   56636.5   64975.7   56626.2   64971.7   56762.8   65141.3   56640.4   64965.5
  100 3      3  0.3671  0.1456   51363.0   63219.4   -6587.2  0.3738  0.1464   50952.5  140150.3 -167823.7
       74.6      10.1   51428.6   63256.3   51367.0   63231.8   51507.7   63392.6   51436.1   63237.4
vertex track :         43   3  97    6668710 -2.1340 -2.0456   47689.7  136579.5     217.4   211     nan
   98 3      1 -2.1529 -2.0933   54280.0   60775.4   -2475.4 -2.1746 -2.0296   54093.3  142480.8 -163711.4
        nan       nan      -nan       nan       nan       nan       nan       nan       nan       nan
   99 3      2 -2.2163 -2.0914   53278.8   62480.6   -3300.9 -2.1746 -2.0296   55888.4  144156.2 -164536.9
        nan       nan      -nan       nan       nan       nan       nan       nan       nan       nan
  100 3      3 -2.3704 -2.0251   61066.2   69573.0   -5903.2 -2.1746 -2.0296   61547.5  149438.1 -167139.2
        nan       nan      -nan       nan       nan       nan       nan       nan       nan       nan
vertex track :         66   3  97    7145593 -3.6498 -0.2672   44669.5  140208.1     224.1     0  1037.7
   98 3      1 -3.6583 -0.2638   54553.4   64619.4   -2866.3 -3.6496 -0.2354   56542.7  141410.7 -164101.1
      621.3      40.0   53936.7   64534.8   54407.8   64568.8   55376.6   64913.7   53930.9   64614.6
   99 3      2 -3.6433 -0.2000   61820.3   65590.6   -3714.1 -3.6496 -0.2354   59636.8  141610.2 -164948.8
      827.9      93.6   60998.8   65451.7   61887.0   65500.5   62848.2   65939.2   60988.5   65638.7
  100 3      3 -3.6534 -0.2288   66824.9   65031.3   -6584.3 -3.6496 -0.2354   70111.8  142285.8 -167819.0
     1436.4     184.1   65402.8   64757.8   67502.8   64889.3   68453.4   65514.6   65379.8   65125.2
vertex track :         81   3  97    7353500 -3.5255 -1.6321   47382.3  138046.3     217.5     0 10001.0
   98 3      1 -3.4151 -1.6573   57759.9   60948.6   -2489.8 -3.5532 -1.5990   57573.5  142819.0 -163724.3
      598.1      14.5   57228.1   60674.4   57587.2   60848.7   58498.2   61431.2   57215.5   60700.6
   99 3      2 -3.3828 -1.7841   57926.3   62386.6   -3329.3 -3.5532 -1.5990   60556.6  144161.5 -164563.9
      759.0      20.6   57264.5   62014.3   57896.9   62347.9   58794.7   62967.2   57245.3   62050.8
  100 3      3 -3.5912 -1.4886   69854.0   68374.3   -5853.0 -3.5532 -1.5990   69523.5  148196.8 -167087.5
     1258.5      36.2   68705.3   67858.9   70276.4   68510.2   71209.2   69098.2   68677.5   67925.9
vertex track :         92   3  97    7381125 -2.6794  0.4142   46200.9  141625.1     221.1     0  1925.3
   98 3      1 -2.6835  0.4158   53687.1   64352.2   -2865.2 -2.6717  0.4361   55074.0  140745.7 -164098.7
      370.3      17.7   53318.5   64391.4   53486.7   64365.4   54263.0   64523.5   53323.9   64426.4
   99 3      2 -2.6671  0.4602   60174.2   64683.6   -3715.9 -2.6717  0.4361   57346.9  140374.7 -164949.4
      461.4      35.7   59713.5   64726.9   60062.7   64666.6   60842.3   64850.8   59725.6   64797.2
  100 3      3 -2.6679  0.4246   62682.1   62455.5   -6586.6 -2.6717  0.4361   65016.7  139122.6 -167820.1
      769.3      69.0   61911.5   62508.3   62870.7   62355.6   63660.0   62613.1   61933.2   62644.5
vertex track :        109   3  98    5401042 -1.1594  0.0722   55704.1  143281.0     313.1   211   371.2
   95 3     -2 -1.1594  0.0753   49118.9   65900.2    6582.0 -1.1500  0.0854   48684.1  141454.5 -157255.0
      271.3     121.8   48840.3   65796.2   49138.3   65776.9   49606.4   66214.2   48856.0   66039.3
   96 3     -1 -1.1865  0.0726   53363.0   64012.7    3721.2 -1.1500  0.0854   51974.1  141210.3 -160115.7
      150.8      57.8   53208.9   63964.2   53260.8   63961.1   53725.8   64271.3   53216.0   64079.7
   97 3      0 -1.1894  0.0723   53143.6   62069.9    2866.8 -1.1500  0.0854   52956.7  141137.3 -160970.1
      107.7      21.9   53034.7   62054.6   53000.0   62056.8   53461.2   62295.3   53037.3   62098.3
vertex track :        119   3  98    5403219 -0.9944  1.0077   52916.2  142738.0     313.0   211     nan
   95 3     -2 -1.0913  0.9578   45972.2   71626.5    6726.8 -0.9712  1.0178   46858.9  146936.6 -157096.2
        nan       nan      -nan       nan       nan       nan       nan       nan       nan       nan
   96 3     -1 -1.1526  0.9730   48097.5   67046.7    3308.7 -0.9712  1.0178   50178.5  143457.8 -160514.3
        nan       nan      -nan       nan       nan       nan       nan       nan       nan       nan
   97 3      0 -0.9939  0.9859   50844.4   69833.7    2447.6 -0.9712  1.0178   51014.9  142581.4 -161375.5
        nan       nan      -nan       nan       nan       nan       nan       nan       nan       nan
vertex track :        133   3  98    6078206 -1.2118 -0.0841   54577.6  143412.0     311.2   211     nan
   95 3     -2 -1.2122 -0.0802   47669.0   64963.5    6585.9 -1.2045 -0.0703   47207.3  140624.6 -157243.0
        nan       nan      -nan       nan       nan       nan       nan       nan       nan       nan
   96 3     -1 -1.2112 -0.0840   52067.8   63617.9    3717.0 -1.2045 -0.0703   50662.9  140826.2 -160111.9
        nan       nan      -nan       nan       nan       nan       nan       nan       nan       nan
   97 3      0 -1.2127 -0.0877   51907.9   61827.9    2867.5 -1.2045 -0.0703   51686.1  140885.9 -160961.4
        nan       nan      -nan       nan       nan       nan       nan       nan       nan       nan
vertex track :        151   3  98    6434849  0.3072 -2.0521   52457.7  147241.0     319.8   211     nan
   95 3     -2  0.2370 -2.0846   54183.4   56104.5    6736.6  0.2867 -2.0703   54533.3  131657.5 -157083.9
        nan       nan      -nan       nan       nan       nan       nan       nan       nan       nan
   96 3     -1  0.2141 -1.9667   52402.5   60125.5    3336.2  0.2867 -2.0703   53558.5  138697.4 -160484.2
        nan       nan      -nan       nan       nan       nan       nan       nan       nan       nan
   97 3      0  0.3044 -2.0532   54088.9   65546.6    2465.3  0.2867 -2.0703   53308.8  140500.4 -161355.1
        nan       nan      -nan       nan       nan       nan       nan       nan       nan       nan
vertex track :        152   3  98    6434859 -0.7347 -3.0158   53624.5  146790.9     317.7   211   501.8
   95 3     -2 -0.6557 -3.1147   49937.7   48715.9    6584.3 -0.7770 -3.0282   48989.1  125499.7 -157240.8
     1258.0     278.9   49951.5   47427.4   50332.1   49235.3   50133.2   50211.2   49405.6   47542.3
   96 3     -1 -0.7296 -3.0149   52674.7   57219.0    3724.8 -0.7770 -3.0282   51211.0  134158.9 -160100.3
      658.8     132.4   52648.4   56547.5   52805.1   57195.1   52910.2   58097.5   52391.1   56609.8
   97 3      0 -0.7330 -3.0274   52153.9   57996.0    2867.5 -0.7770 -3.0282   51877.2  136755.2 -160957.7
      424.5      49.7   52102.3   57571.6   52148.2   57761.1   52414.7   58627.3   52005.7   57595.0
vertex track :        165   3  98    6908569 -1.5116 -1.1468   54057.1  144316.1     314.0   211     nan
   95 3     -2 -1.7934 -1.2334   43724.1   59060.1    6735.4 -1.5191 -1.1288   44501.3  134733.3 -157092.2
        nan       nan      -nan       nan       nan       nan       nan       nan       nan       nan
   96 3     -1 -1.4615 -1.0243   47311.9   60683.2    3319.5 -1.5191 -1.1288   49690.5  138589.1 -160508.1
        nan       nan      -nan       nan       nan       nan       nan       nan       nan       nan
   97 3      0 -1.5337 -1.0994   50531.9   65222.7    2455.4 -1.5191 -1.1288   51003.1  139564.4 -161372.2
        nan       nan      -nan       nan       nan       nan       nan       nan       nan       nan
