groupid:   1345, ntrk:  8
vertex track :          0   3  33    7802110  0.6975 -0.2564  150712.2   87700.1     245.4    13   506.7
   34 4      1  0.6961 -0.2551   31273.5   10648.7   -2869.7  0.6979 -0.2619  149160.5   87359.2  -46607.2
       74.5      14.8   31348.6   10637.0   31354.9   10634.7   31409.2   10870.2   31338.4   10609.2
   35 4      2  0.6984 -0.2523   30272.4   12877.5   -3716.8  0.6979 -0.2619  148569.3   87581.1  -47454.3
       95.4      35.0   30374.1   12878.1   30341.3   12889.9   30381.5   13086.8   30350.3   12812.2
   36 4      3  0.6974 -0.2576   25430.2   10762.2   -6587.4  0.6979 -0.2619  146565.9   88332.9  -50324.8
      157.5      68.7   25601.8   10772.0   25452.7   10827.1   25469.3   10962.0   25554.2   10643.1
vertex track :        119   3  33    7438633 -2.0277 -1.7613  149060.6   86788.7     248.3   211     nan
   34 4      1 -1.9854 -1.7764   33432.5   10882.9   -3357.8 -2.0620 -1.7706  157104.3   92020.4  -47101.6
        nan       nan      -nan       nan       nan       nan       nan       nan       nan       nan
   35 4      2 -1.9315 -1.7577   34196.7   13480.3   -4178.5 -2.0620 -1.7706  158796.5   93473.5  -47922.3
        nan       nan      -nan       nan       nan       nan       nan       nan       nan       nan
   36 4      3 -1.9447 -1.5219   43200.7   21814.9   -6951.3 -2.0620 -1.7706  164514.1   98382.9  -50695.1
        nan       nan      -nan       nan       nan       nan       nan       nan       nan       nan
vertex track :        129   3  33    7460261 -0.8810  1.2390  145765.0   92592.5     256.1     0 10001.0
   34 4      1 -0.8799  1.2350   31602.4   10541.0   -2865.4 -0.8764  1.2420  149131.3   87592.9  -46609.3
      161.9       8.2   31501.8   10668.1   31504.9   10663.7   31912.2   10625.1   31515.2   10677.6
   35 4      2 -0.8891  1.2348   31878.9   11574.4   -3715.4 -0.8764  1.2420  149876.3   86537.2  -47459.3
      193.2      10.8   31757.3   11724.8   31796.3   11670.6   32209.7   11635.2   31774.8   11737.4
   36 2      3 -0.8895  1.2412   30927.8   82486.2   -6586.0 -0.8764  1.2420  152392.1   82971.9  -50329.9
      307.3      18.8   30733.6   82725.0   30904.7   82486.2   31331.2   82458.7   30764.2   82747.0
vertex track :        180   3  33    7838451 -0.7966  1.7936  146008.8   94377.6     257.9   211   308.3
   34 4      1 -0.7260  1.9208   26842.3    8219.1   -3330.3 -0.7871  1.7952  149476.9   86818.2  -47072.4
      299.7      72.8   26668.2    8473.7   26727.7    8316.4   27225.7    8176.5   26804.5    8525.2
   35 4      2 -0.7910  1.8146   26428.7    7926.5   -4145.0 -0.7871  1.7952  150118.2   85355.6  -47887.2
      472.7     166.2   26087.5    8293.4   26299.1    7807.8   26979.1    7771.4   26392.2    8426.2
   36 2      3 -0.7723  1.8099   31866.9   83614.8   -6879.0 -0.7871  1.7952  152270.1   80447.5  -50621.1
      816.2     305.8   31265.3   84245.4   31743.7   83124.1   32677.7   83195.9   31827.8   84485.5
vertex track :        264   3  34    6539195  1.9057  1.9308  150213.5   89145.4     335.4   211     nan
   31 4     -2  1.8970  1.9066   43551.3   23159.7    6586.7  1.9382  1.9477  160624.2   98799.0  -40575.7
        nan       nan      -nan       nan       nan       nan       nan       nan       nan       nan
   32 4     -1  1.9202  1.9010   39100.8   17992.4    3718.1  1.9382  1.9477  155064.2   93211.8  -43444.3
        nan       nan      -nan       nan       nan       nan       nan       nan       nan       nan
   33 4      0  1.9151  1.9244   34441.8   15281.6    2868.1  1.9382  1.9477  153416.6   91556.1  -44294.3
        nan       nan      -nan       nan       nan       nan       nan       nan       nan       nan
vertex track :        276   3  34    6560768 -2.0810 -1.6656  152306.2   90715.9     336.0   211     nan
   31 2     -2 -2.1836 -1.4227   17226.2   78403.3    6400.0 -2.0868 -1.6627  137964.5   78116.5  -40768.9
        nan       nan      -nan       nan       nan       nan       nan       nan       nan       nan
   32 2     -1 -1.9214 -1.7288   24937.3   83951.2    4124.6 -2.0868 -1.6627  142712.8   81899.8  -43044.3
        nan       nan      -nan       nan       nan       nan       nan       nan       nan       nan
   33 4      0 -1.9620 -1.7434   28465.2    8703.0    3329.6 -2.0868 -1.6627  144371.8   83221.6  -43839.3
        nan       nan      -nan       nan       nan       nan       nan       nan       nan       nan
vertex track :        283   3  34    6954035 -1.6855  0.3395  150522.6   89980.9     337.4     0  1361.5
   31 4     -2 -1.6947  0.3437   20868.5   13656.4    6588.5 -1.6794  0.3381  138323.8   89575.1  -40576.4
      351.3      49.3   20514.5   13677.9   20847.1   13610.4   21430.9   13845.2   20534.1   13774.5
   32 4     -1 -1.6851  0.3432   24359.6   12277.0    3717.7 -1.6794  0.3381  143145.1   88604.6  -43447.2
      207.4      23.7   24151.6   12295.2   24204.2   12284.5   24775.9   12469.2   24161.1   12341.7
   33 4      0 -1.6813  0.3515   22715.9   10769.3    2867.6 -1.6794  0.3381  144572.8   88317.2  -44297.3
      167.3      10.7   22550.0   10793.0   22524.5   10798.3   23090.2   10955.9   22554.4   10814.0
vertex track :        355   3  34    7415531 -0.8314 -2.7440  155422.4   97121.9     344.7     0  2751.9
   31 2     -2 -0.9261 -2.6847   28461.0   77570.0    6392.8 -0.8435 -2.7514  148677.5   77988.8  -40791.1
      746.6      48.5   28263.4   76848.4   28555.8   77696.1   28867.6   78498.9   28171.6   76880.0
   32 4     -1 -1.0376 -2.9423   32886.9    7506.7    4163.1 -0.8435 -2.7514  150558.3   84123.5  -43020.8
      488.5      28.1   32751.0    7036.6   32858.0    7340.1   33231.8    8183.7   32697.9    7055.3
   33 4      0 -0.6203 -2.8958   35185.2   11934.1    3362.5 -0.8435 -2.7514  151233.6   86326.4  -43821.5
      397.2      15.5   35117.2   11542.4   35153.3   11711.2   35462.7   12532.9   35086.9   11548.9
