groupid:   1454, ntrk: 12
vertex track :          0   3 125    6304462 -0.0486  0.0062   45005.6  102346.1     260.8    13  4875.2
  126 3      1 -0.0486  0.0061   43851.3   23535.8   -2868.2 -0.0453  0.0045   42057.8  100186.4 -215674.1
       11.1       1.1   43840.1   23536.1   43852.0   23534.7   44072.4   23745.5   43840.4   23538.3
  127 3      2 -0.0486  0.0057   43279.5   21774.2   -3719.0 -0.0453  0.0045   42096.3  100182.5 -216524.9
       14.1       2.6   43265.2   21773.3   43283.0   21771.2   43503.8   21985.1   43265.7   21778.4
  128 3      3 -0.0486  0.0071   45938.2   23636.0   -6583.6 -0.0453  0.0045   42226.0  100169.5 -219389.5
       24.1       5.0   45913.7   23634.5   45951.1   23629.0   46172.7   23847.4   45915.1   23644.4
vertex track :          6   3 125    5505836 -2.3053 -1.9949   39212.0   96889.3     258.8   211   302.0
  126 3      1 -2.1014 -2.1531   47415.0   24000.1   -2918.4 -2.3263 -1.9968   43446.8  101095.4 -215717.1
      581.7     112.8   47089.4   23504.9   47460.7   23885.4   47948.4   24703.0   46927.9   23662.6
  127 3      2 -2.3124 -2.0849   48098.7   28359.8   -3751.5 -2.3263 -1.9968   45384.9  102758.8 -216550.2
     1039.0     273.3   47510.1   27461.0   48567.8   28414.7   48895.0   29466.4   47144.0   27867.0
  128 3      3 -2.4461 -1.9719   54149.5   29878.5   -6416.5 -2.3263 -1.9968   51584.7  108080.3 -219215.2
     1884.9     517.0   53006.5   28293.0   55427.8   30244.9   55500.0   31672.1   52357.5   29098.1
vertex track :          9   3 125    5506086 -1.4226 -1.5893   41087.9   97519.8     257.8   211     nan
  126 3      1 -1.4173 -1.5991   43949.9   23373.4   -2869.3 -1.4382 -1.5949   42444.6  100365.0 -215670.2
        nan       nan      -nan       nan       nan       nan       nan       nan       nan       nan
  127 3      2 -1.4098 -1.6031   44541.3   22935.4   -3717.8 -1.4382 -1.5949   43664.8  101718.2 -216518.6
        nan       nan      -nan       nan       nan       nan       nan       nan       nan       nan
  128 3      3 -1.4381 -1.5697   50942.6   29028.7   -6583.0 -1.4382 -1.5949   47785.7  106288.0 -219383.8
        nan       nan      -nan       nan       nan       nan       nan       nan       nan       nan
vertex track :         15   3 125    5608112  2.4923 -2.4964   51712.8   96311.0     247.0   211     nan
  126 3      1  2.5242 -2.5911   46196.8   24829.5   -2923.5  2.5355 -2.5608   40598.8  102215.7 -215752.0
        nan       nan      -nan       nan       nan       nan       nan       nan       nan       nan
  127 3      2  2.4373 -2.3471   42739.1   29740.0   -3778.1  2.5355 -2.5608   38431.9  104404.2 -216606.6
        nan       nan      -nan       nan       nan       nan       nan       nan       nan       nan
  128 3      3  2.1573 -2.4628   35166.2   32737.9   -6585.8  2.5355 -2.5608   31312.8  111594.1 -219414.4
        nan       nan      -nan       nan       nan       nan       nan       nan       nan       nan
vertex track :        120   3 125    6786261 -3.4480 -3.4661   37943.7   95811.3     258.9     0 10001.0
  126 3      1 -3.4361 -3.4779   46706.9   27150.5   -2867.3 -3.4860 -3.4725   45671.5  104528.8 -215665.6
     1017.5      20.7   46006.5   26412.1   46715.2   27129.4   47613.8   28095.4   45977.0   26441.2
  127 3      2 -3.4260 -3.4702   48989.0   28279.7   -3717.4 -3.4860 -3.4725   48634.7  107480.5 -216515.6
     1275.0      29.2   48114.0   27352.0   49186.1   28437.8   50070.6   29414.0   48072.5   27392.9
  128 3      3 -3.4933 -3.4040   60694.3   38978.8   -6580.7 -3.4860 -3.4725   58616.3  117423.6 -219379.0
     2155.4      52.0   59186.8   37437.3   61540.7   39730.9   62408.2   40726.8   59114.2   37511.8
vertex track :        172   3 126    4787674  2.0534  1.9328   39909.0   98674.9     218.3   211     nan
  123 3     -2  2.1149  1.8748   52257.8   33013.8    6593.3  2.0835  1.9404   51463.1  109048.8 -209097.2
        nan       nan      -nan       nan       nan       nan       nan       nan       nan       nan
  124 3     -1  2.1024  1.8819   45087.2   26641.5    3718.6  2.0835  1.9404   45473.6  103470.8 -211971.9
        nan       nan      -nan       nan       nan       nan       nan       nan       nan       nan
  125 3      0  2.0664  1.9228   46630.3   26835.0    2869.2  2.0835  1.9404   43703.9  101822.7 -212821.3
        nan       nan      -nan       nan       nan       nan       nan       nan       nan       nan
vertex track :        208   3 126    5284126  0.6960  0.0352   42341.2  102177.6     214.2     0  1645.7
  123 3     -2  0.6955  0.0156   48005.6   24327.2    6684.5  0.7002  0.0306   45176.8  100382.4 -209001.5
      120.6      21.2   48125.7   24351.1   48030.6   24349.0   48096.2   24513.4   48126.6   24308.8
  124 3     -1  0.6953  0.0718   45886.5   25451.8    3746.6  0.7002  0.0306   43119.8  100292.4 -211939.3
       74.3      10.4   45959.4   25469.8   45957.5   25469.6   46024.4   25643.8   45961.6   25449.0
  125 3      0  0.6855  0.0489   42220.3   24634.8    2909.2  0.7002  0.0306   42533.5  100266.8 -212776.8
       62.4       5.4   42282.2   24644.6   42301.7   24646.0   42369.2   24835.0   42283.0   24633.8
vertex track :        209   3 126    5284149  1.1507  0.0887   42366.4  102058.8     214.2   211     nan
  123 3     -2  1.1271  0.0984   48613.2   23920.4    6594.9  1.1578  0.0815   48058.8  100584.6 -209091.1
        nan       nan      -nan       nan       nan       nan       nan       nan       nan       nan
  124 3     -1  1.1272  0.0923   44183.6   23122.5    3720.4  1.1578  0.0815   44730.8  100350.4 -211965.7
        nan       nan      -nan       nan       nan       nan       nan       nan       nan       nan
  125 3      0  1.1532  0.0835   46448.8   24863.2    2865.5  1.1578  0.0815   43741.0  100280.8 -212820.5
        nan       nan      -nan       nan       nan       nan       nan       nan       nan       nan
vertex track :        220   3 126    5684141  3.7642  4.3747   32447.1   90149.9     227.5   211     nan
  123 3     -2  4.2605  5.0119   58288.5   40787.6    6649.6  3.8305  4.4034   55221.8  116413.8 -209041.8
        nan       nan      -nan       nan       nan       nan       nan       nan       nan       nan
  124 3     -1  3.8815  4.5998   47406.1   29635.5    3747.8  3.8305  4.4034   44106.4  103636.1 -211943.6
        nan       nan      -nan       nan       nan       nan       nan       nan       nan       nan
  125 3      0  3.7886  4.2866   41167.0   25025.9    2916.1  3.8305  4.4034   40920.3   99973.6 -212775.4
        nan       nan      -nan       nan       nan       nan       nan       nan       nan       nan
vertex track :        229   3 126    5716248 -4.1288 -0.0051   47079.5  102180.7     207.3   211     nan
  123 3     -2 -4.0953 -0.0637   17821.9   23370.7    6587.6 -4.1616  0.0199   18863.3  100285.2 -209089.9
        nan       nan      -nan       nan       nan       nan       nan       nan       nan       nan
  124 3     -1 -4.1230 -0.0271   28847.7   22798.4    3713.7 -4.1616  0.0199   30823.5  100228.0 -211963.8
        nan       nan      -nan       nan       nan       nan       nan       nan       nan       nan
  125 3      0 -4.1297  0.0255   35668.6   24750.1    2871.3 -4.1616  0.0199   34329.2  100211.2 -212806.2
        nan       nan      -nan       nan       nan       nan       nan       nan       nan       nan
vertex track :        236   3 126    5717409  0.9585 -1.0455   43603.9  102305.1     214.2   211     nan
  123 3     -2  0.9957 -1.0638   50996.9   17539.3    6724.0  0.9595 -1.0560   48164.3   93430.2 -208961.5
        nan       nan      -nan       nan       nan       nan       nan       nan       nan       nan
  124 3     -1  0.9900 -1.0514   48233.7   21668.8    3762.5  0.9595 -1.0560   45322.7   96557.5 -211923.0
        nan       nan      -nan       nan       nan       nan       nan       nan       nan       nan
  125 3      0  0.9373 -1.1351   44200.4   21606.1    2897.8  0.9595 -1.0560   44493.0   97470.6 -212787.7
        nan       nan      -nan       nan       nan       nan       nan       nan       nan       nan
vertex track :        296   3 126    6158968  3.2200 -1.0639   35596.3  104518.8     229.1     0  1877.6
  123 3     -2  3.1585 -1.1142   55891.9   18585.9    6595.0  3.2472 -1.0831   54538.8   95673.3 -209103.5
     1073.9      87.6   56933.8   18311.3   55571.6   18791.8   55063.2   19069.5   56875.5   18146.1
  124 3     -1  3.2725 -0.9618   45149.4   21216.9    3720.2  3.2472 -1.0831   45203.4   98787.0 -211978.4
      608.0      42.6   45744.8   21086.3   45265.3   21227.3   44767.3   21556.5   45720.7   21004.6
  125 3      0  3.2117 -1.0848   45688.7   23982.7    2867.9  3.2472 -1.0831   42436.0   99710.0 -212830.6
      469.7      19.2   46139.9   23850.6   45924.4   23923.4   45450.8   24323.7   46127.6   23814.2
