groupid:   1526, ntrk: 27
vertex track :          0   3 125     511176 -0.1334 -0.1496   74218.8   47179.4     209.6    13  3835.6
  126 1      1 -0.1336 -0.1493   73181.9   47441.2   -2868.9 -0.1345 -0.1502   71439.3   44939.9 -215741.4
       21.7       2.1   73168.9   47423.6   73169.8   47424.6   73404.7   47668.6   73165.8   47426.4
  127 1      2 -0.1320 -0.1505   73716.9   46021.9   -3716.9 -0.1345 -0.1502   71553.3   45067.3 -216589.4
       26.2       3.8   73702.5   45999.7   73709.3   46007.4   73941.1   46253.9   73696.8   46004.8
  128 1      3 -0.1351 -0.1478   75471.6   48238.4   -6586.6 -0.1345 -0.1502   71939.2   45498.5 -219459.1
       42.1       7.3   75448.6   48202.4   75477.0   48233.5   75704.5   48484.2   75437.9   48212.3
vertex track :          5   3 125     444992  2.0049 -1.8906   79305.6   43199.6     201.7   211     nan
  126 1      1  2.1569 -1.7924   74998.7   48797.3   -2854.8  2.0189 -1.9210   69960.7   46315.4 -215727.7
        nan       nan      -nan       nan       nan       nan       nan       nan       nan       nan
  127 1      2  2.0461 -1.9114   72351.0   52851.6   -3680.5  2.0189 -1.9210   68293.7   47901.6 -216553.4
        nan       nan      -nan       nan       nan       nan       nan       nan       nan       nan
  128 1      3  1.9596 -1.8566   66190.7   54714.6   -6303.1  2.0189 -1.9210   62998.8   52939.7 -219176.0
        nan       nan      -nan       nan       nan       nan       nan       nan       nan       nan
vertex track :         61   3 125     652134  2.3535 -2.3895   81205.7   40503.8     199.2   211     nan
  126 1      1  2.3481 -2.3903   73060.7   47169.0   -2869.7  2.3554 -2.4180   70800.4   45143.6 -215740.7
        nan       nan      -nan       nan       nan       nan       nan       nan       nan       nan
  127 1      2  2.3806 -2.3716   71529.4   47567.9   -3718.5  2.3554 -2.4180   68801.2   47196.0 -216589.5
        nan       nan      -nan       nan       nan       nan       nan       nan       nan       nan
  128 1      3  2.3363 -2.4111   66872.1   55761.9   -6586.2  2.3554 -2.4180   62046.6   54130.2 -219457.2
        nan       nan      -nan       nan       nan       nan       nan       nan       nan       nan
vertex track :         64   3 125    1132492  2.0427 -1.9765   80844.5   41475.4     199.8   211     nan
  126 1      1  1.9810 -2.1307   76494.5   47362.6   -2853.6  2.0447 -2.0008   71427.7   44810.0 -215724.8
        nan       nan      -nan       nan       nan       nan       nan       nan       nan       nan
  127 1      2  2.1268 -1.9862   73770.0   51469.1   -3681.8  2.0447 -2.0008   69734.1   46467.2 -216553.1
        nan       nan      -nan       nan       nan       nan       nan       nan       nan       nan
  128 1      3  2.0919 -1.9841   67542.3   53539.0   -6293.3  2.0447 -2.0008   64394.4   51692.2 -219164.5
        nan       nan      -nan       nan       nan       nan       nan       nan       nan       nan
vertex track :         65   3 125    1132529  1.9480 -2.0636   80792.8   41716.0     200.8   211     nan
  126 1      1  1.9409 -2.0661   73809.1   47444.2   -2867.7  1.9490 -2.0877   71639.7   45349.0 -215739.9
        nan       nan      -nan       nan       nan       nan       nan       nan       nan       nan
  127 1      2  1.9690 -2.0428   72636.3   47572.4   -3720.1  1.9490 -2.0877   69978.5   47128.4 -216592.2
        nan       nan      -nan       nan       nan       nan       nan       nan       nan       nan
  128 1      3  1.9235 -2.0797   69028.0   54880.3   -6585.4  1.9490 -2.0877   64393.9   53110.4 -219457.6
        nan       nan      -nan       nan       nan       nan       nan       nan       nan       nan
vertex track :         70   3 125    1346484  2.2848 -2.1677   77888.9   43952.7     202.7   211     nan
  126 1      1  2.1188 -1.9332   72803.5   50217.6   -2854.5  2.3019 -2.2035   67670.5   47947.0 -215726.4
        nan       nan      -nan       nan       nan       nan       nan       nan       nan       nan
  127 1      2  2.2204 -1.8618   69665.1   54779.9   -3680.1  2.3019 -2.2035   65770.2   49766.0 -216552.0
        nan       nan      -nan       nan       nan       nan       nan       nan       nan       nan
  128 1      3  2.1932 -2.0281   62956.4   57275.2   -6315.6  2.3019 -2.2035   59703.6   55573.4 -219187.5
        nan       nan      -nan       nan       nan       nan       nan       nan       nan       nan
vertex track :         84   3 125    1349764 -1.9672 -2.0739   72191.7   44815.5     210.9   211   302.1
  126 1      1 -1.9717 -2.0806   76376.7   50550.6   -2867.1 -1.9938 -2.0695   75107.5   48489.9 -215742.0
      498.9      99.0   76105.3   50120.3   76377.6   50407.7   76856.0   51188.7   75961.6   50256.5
  127 1      2 -1.9426 -2.0971   78423.7   50739.4   -3717.3 -1.9938 -2.0695   76802.8   50249.5 -216592.2
      887.5     244.2   77999.8   49922.3   78798.1   50784.2   79055.8   51764.4   77641.4   50254.3
  128 1      3 -1.9744 -2.0502   84897.6   57691.2   -6584.6 -1.9938 -2.0695   82519.6   56183.4 -219459.4
     1672.9     482.8   84084.9   56151.3   85991.2   58130.8   85918.4   59439.1   83389.4   56821.1
vertex track :        138   3 125    2207774 -3.6508 -4.1027   64451.4   36168.0     200.8   211   161.3
  126 1      1 -3.6256 -3.7758   76438.6   48165.6   -2852.5 -3.7046 -4.1182   72448.6   46049.0 -215723.3
     3408.5     569.9   74488.8   45312.3   78449.1   49436.6   78594.7   51225.2   73666.7   46101.7
  127 1      2 -3.6630 -4.2207   78416.4   54126.1   -3670.6 -3.7046 -4.1182   75479.2   49417.9 -216541.3
     7979.1    1402.8   74246.0   47180.5   83936.5   58346.4   82793.2   61277.5   72127.1   49019.5
  128 1      3 -3.3548 -4.4191   88666.1   62147.7   -6182.9 -3.7046 -4.1182   84786.3   59763.9 -219053.6
    14843.3    2621.5   81778.9   48740.1   99024.6   71457.1   95759.9   75760.8   77603.0   51910.3
vertex track :        149   3 125    2233034 -4.4291 -2.4300   63173.6   41783.4     211.0     0  1439.9
  126 1      1 -4.4197 -2.3972   74387.9   48544.3   -2867.4 -4.4721 -2.4216   73643.3   46580.3 -215740.9
     1086.2      46.9   73455.4   47985.3   74436.9   48517.6   75526.0   49311.0   73410.8   48067.6
  127 1      2 -4.4025 -2.4816   78501.7   49013.2   -3721.1 -4.4721 -2.4216   77461.2   48647.6 -216594.6
     1442.9     108.1   77297.8   48210.5   78887.3   49106.5   79911.2   50023.5   77191.7   48398.9
  128 1      3 -4.4492 -2.3735   91065.6   56762.8   -6587.7 -4.4721 -2.4216   90280.8   55589.3 -219461.2
     2511.8     212.2   88949.4   55393.4   92447.3   57259.4   93387.4   58339.9   88749.6   55767.8
vertex track :        207   3 126      29249  1.8206  1.7513   67730.7   42091.8     204.2   211     nan
  123 1     -2  1.7831  1.7293   78675.5   53803.5    6582.5  1.8373  1.7467   77613.9   50715.4 -209147.9
        nan       nan      -nan       nan       nan       nan       nan       nan       nan       nan
  124 1     -1  1.7923  1.7101   72668.3   46957.5    3706.4  1.8373  1.7467   72329.5   45691.7 -212024.1
        nan       nan      -nan       nan       nan       nan       nan       nan       nan       nan
  125 1      0  1.8130  1.7192   74346.7   47269.2    2869.6  1.8373  1.7467   70792.0   44230.0 -212860.9
        nan       nan      -nan       nan       nan       nan       nan       nan       nan       nan
vertex track :        219   3 126     249820 -0.6334 -1.2035   74363.6   49986.0     202.8   211     nan
  123 1     -2 -0.6545 -1.3136   71269.1   42498.7    6742.1 -0.6468 -1.2107   68384.1   39544.0 -208966.2
        nan       nan      -nan       nan       nan       nan       nan       nan       nan       nan
  124 1     -1 -0.6448 -1.1716   74220.3   46478.3    3666.3 -0.6468 -1.2107   70373.3   43267.8 -212041.9
        nan       nan      -nan       nan       nan       nan       nan       nan       nan       nan
  125 1      0 -0.6109 -1.1916   71137.6   46415.7    2856.7 -0.6468 -1.2107   70897.0   44247.9 -212851.5
        nan       nan      -nan       nan       nan       nan       nan       nan       nan       nan
vertex track :        222   3 126     250001 -1.1551 -0.3880   74391.2   47723.5     200.8   211     nan
  123 1     -2 -1.1296 -0.3666   65338.0   44989.6    6597.1 -1.1684 -0.3848   65156.7   42727.6 -209114.4
        nan       nan      -nan       nan       nan       nan       nan       nan       nan       nan
  124 1     -1 -1.1674 -0.3634   68305.9   44775.8    3721.8 -1.1684 -0.3848   68516.3   43833.9 -211989.7
        nan       nan      -nan       nan       nan       nan       nan       nan       nan       nan
  125 1      0 -1.1544 -0.3847   72505.5   46795.3    2869.4 -1.1684 -0.3848   69512.2   44161.9 -212842.1
        nan       nan      -nan       nan       nan       nan       nan       nan       nan       nan
vertex track :        223   3 126     250108  1.7090  2.1792   72810.2   47045.4     204.9   211     nan
  123 1     -2  1.5581  2.2320   85132.3   61886.5    6636.9  1.7203  2.1605   82099.4   58414.8 -209081.6
        nan       nan      -nan       nan       nan       nan       nan       nan       nan       nan
  124 1     -1  1.6059  1.9822   81502.7   56221.9    3624.1  1.7203  2.1605   76916.3   51905.6 -212094.4
        nan       nan      -nan       nan       nan       nan       nan       nan       nan       nan
  125 1      0  1.7522  2.3315   76223.0   53107.8    2845.6  1.7203  2.1605   75577.2   50223.8 -212872.8
        nan       nan      -nan       nan       nan       nan       nan       nan       nan       nan
vertex track :        224   3 126     250113  2.1910  2.1627   72733.6   47045.1     204.9   211     nan
  123 1     -2  2.1799  2.1701   86084.6   61475.3    6567.7  2.2021  2.1400   84968.4   58135.2 -209150.8
        nan       nan      -nan       nan       nan       nan       nan       nan       nan       nan
  124 1     -1  2.1415  2.1596   78925.3   53324.0    3704.4  2.2021  2.1400   78663.3   52007.8 -212014.1
        nan       nan      -nan       nan       nan       nan       nan       nan       nan       nan
  125 1      0  2.1878  2.1626   80344.9   53336.5    2868.5  2.2021  2.1400   76822.5   50218.9 -212850.0
        nan       nan      -nan       nan       nan       nan       nan       nan       nan       nan
vertex track :        251   3 126     466450  2.1862  2.0437   70680.6   45126.9     205.0   211     nan
  123 1     -2  1.9724  2.0420   86222.6   58995.9    6700.5  2.1974  2.0220   83152.4   55740.1 -209024.3
        nan       nan      -nan       nan       nan       nan       nan       nan       nan       nan
  124 1     -1  2.0954  1.8625   81150.2   53755.0    3672.9  2.1974  2.0220   76499.7   49618.4 -212051.8
        nan       nan      -nan       nan       nan       nan       nan       nan       nan       nan
  125 1      0  2.1102  2.1063   75463.9   50749.6    2838.7  2.1974  2.0220   74666.7   47931.7 -212886.0
        nan       nan      -nan       nan       nan       nan       nan       nan       nan       nan
vertex track :        252   3 126     466882  0.1536  1.2448   72584.8   44335.4     200.2   211     nan
  123 1     -2  0.1480  1.2439   72323.3   52616.8    6563.5  0.1595  1.2429   71808.9   49707.1 -209156.9
        nan       nan      -nan       nan       nan       nan       nan       nan       nan       nan
  124 1     -1  0.2042  1.2507   71308.4   47382.4    3709.0  0.1595  1.2429   71353.7   46159.5 -212011.4
        nan       nan      -nan       nan       nan       nan       nan       nan       nan       nan
  125 1      0  0.1483  1.2451   74431.3   48053.7    2866.4  0.1595  1.2429   71219.3   45112.3 -212854.0
        nan       nan      -nan       nan       nan       nan       nan       nan       nan       nan
vertex track :        260   3 126     467887  1.7758  1.4345   70128.2   44943.4     205.1     0 10001.0
  123 1     -2  1.7988  1.5859   83001.3   54902.4    6744.3  1.7867  1.4194   80005.7   51707.5 -208981.4
      538.8      24.4   83389.3   55277.0   82958.8   54897.5   82825.1   54739.4   83421.6   55240.4
  124 1     -1  1.5667  1.6329   79018.2   51299.4    3683.3  1.7867  1.4194   74536.7   47362.9 -212042.3
      309.1      12.8   79223.0   51531.3   79124.0   51428.1   79025.0   51279.2   79241.4   51513.6
  125 1      0  1.7109  1.3354   73716.4   48917.9    2845.0  1.7867  1.4194   73038.7   46172.9 -212880.7
      250.9       9.3   73908.5   49079.6   73872.3   49051.3   73736.1   48967.6   73919.9   49065.0
vertex track :        268   3 126     495489 -0.9812 -1.5772   74697.8   50047.0     202.8   211     nan
  123 1     -2 -0.9781 -1.5875   66792.4   39227.2    6588.0 -1.0014 -1.5867   66556.5   37388.7 -209119.9
        nan       nan      -nan       nan       nan       nan       nan       nan       nan       nan
  124 1     -1 -1.0547 -1.5848   69160.0   42689.5    3717.8 -1.0014 -1.5867   69430.6   41942.8 -211990.1
        nan       nan      -nan       nan       nan       nan       nan       nan       nan       nan
  125 1      0 -0.9752 -1.5861   73309.7   45726.2    2864.9 -1.0014 -1.5867   70284.7   43296.1 -212843.0
        nan       nan      -nan       nan       nan       nan       nan       nan       nan       nan
vertex track :        284   3 126     496518  1.7680 -0.3413   68123.4   47898.5     211.9   211     nan
  123 1     -2  1.7236 -0.3032   81014.1   46057.7    6796.4  1.7779 -0.3571   78022.9   43056.1 -208930.5
        nan       nan      -nan       nan       nan       nan       nan       nan       nan       nan
  124 1     -1  1.7845 -0.3013   77033.1   47481.6    3666.1  1.7779 -0.3571   72457.7   44174.0 -212060.8
        nan       nan      -nan       nan       nan       nan       nan       nan       nan       nan
  125 1      0  1.6793 -0.3163   71761.3   46826.3    2854.2  1.7779 -0.3571   71014.2   44463.9 -212872.7
        nan       nan      -nan       nan       nan       nan       nan       nan       nan       nan
vertex track :        297   3 126    1114533 -2.7126  2.4591   78291.3   42309.1     192.4     0  1453.1
  123 1     -2 -2.7312  2.4391   58753.6   58640.9    6565.3 -2.7112  2.4804   59254.4   55532.0 -209147.7
     1268.0     123.3   57725.7   59393.6   59043.7   58216.5   59988.8   58100.7   57890.0   59577.5
  124 1     -1 -2.5884  2.5292   66382.1   49970.5    3726.5 -2.7112  2.4804   66951.0   48490.6 -211986.4
      716.2      60.3   65827.7   50427.8   66308.6   49957.9   67143.9   49725.6   65912.0   50514.1
  125 1      0 -2.7213  2.4731   71927.8   49524.4    2871.5 -2.7112  2.4804   69269.0   46369.9 -212841.4
      542.7      25.5   71509.0   49870.6   71740.8   49659.9   72553.9   49390.8   71543.3   49908.3
vertex track :        329   3 126    1325736  3.1029  3.8287   65625.9   37926.8     202.5   211     nan
  123 1     -2  2.4390  3.4412   87311.3   63594.7    6718.9  3.1260  3.8141   84127.7   60251.9 -209015.8
        nan       nan      -nan       nan       nan       nan       nan       nan       nan       nan
  124 1     -1  3.0687  3.5219   79470.9   53135.0    3691.2  3.1260  3.8141   74663.2   48703.9 -212043.5
        nan       nan      -nan       nan       nan       nan       nan       nan       nan       nan
  125 1      0  3.0381  3.6779   73059.9   48795.8    2846.5  3.1260  3.8141   72022.9   45482.3 -212888.2
        nan       nan      -nan       nan       nan       nan       nan       nan       nan       nan
vertex track :        334   3 126    1568225 -4.2477  3.6190   78260.9   42959.4     191.5     0 10001.0
  123 1     -2 -4.2805  3.5855   48491.9   66930.2    6580.2 -4.2429  3.6504   49399.6   63699.1 -209130.6
     2584.9      55.8   46474.5   68547.3   49538.7   65980.6   50715.0   65526.8   46546.2   68632.9
  124 1     -1 -4.1687  3.6414   60736.9   54927.9    3716.0 -4.2429  3.6504   61551.9   53243.7 -211994.7
     1452.3      29.6   59623.7   55861.1   60935.8   54714.9   62055.9   54208.4   59662.6   55905.6
  125 1      0 -4.2856  3.6119   67531.7   53452.1    2873.6 -4.2429  3.6504   65126.0   50168.6 -212837.1
     1124.8      20.1   66658.7   54161.7   67478.9   53470.4   68610.5   52956.2   66684.5   54192.4
vertex track :        359   3 126    1790866 -1.1186 -1.4587   75870.6   51063.9     205.8   211     nan
  123 1     -2 -1.1445 -1.5638   69703.4   41931.4    6727.0 -1.1396 -1.4659   66705.5   38974.0 -208980.6
        nan       nan      -nan       nan       nan       nan       nan       nan       nan       nan
  124 1     -1 -1.0947 -1.4246   74025.1   46541.9    3697.0 -1.1396 -1.4659   70158.4   43415.6 -212010.6
        nan       nan      -nan       nan       nan       nan       nan       nan       nan       nan
  125 1      0 -1.0885 -1.5175   71256.0   46778.7    2854.7 -1.1396 -1.4659   71118.2   44650.2 -212852.8
        nan       nan      -nan       nan       nan       nan       nan       nan       nan       nan
vertex track :        362   3 126    1791818 -2.1612 -2.4710   76399.6   51092.8     201.0     0  1570.5
  123 1     -2 -2.1543 -2.4981   60429.9   34050.0    6588.7 -2.2064 -2.4876   60576.1   32668.3 -209113.6
     1032.2      98.9   59830.7   33203.7   60726.5   34242.4   61236.9   35103.7   59680.9   33332.9
  124 1     -1 -2.0913 -2.5580   66483.0   40586.3    3716.9 -2.2064 -2.4876   66912.5   39812.3 -211985.4
      585.0      48.1   66150.0   40103.0   66451.3   40471.5   67023.9   41277.1   66075.5   40163.9
  125 1      0 -2.1614 -2.4872   71636.4   44193.7    2866.4 -2.2064 -2.4876   68789.1   41928.1 -212835.9
      450.2      20.9   71356.9   43840.2   71493.5   43997.4   72123.7   44754.7   71325.3   43867.6
vertex track :        370   3 126    1792789  1.1527 -1.4857   73032.4   47652.7     201.9   211     nan
  123 1     -2  1.1718 -1.4259   81773.7   38335.9    6764.4  1.1565 -1.5063   78850.6   35241.7 -208949.4
        nan       nan      -nan       nan       nan       nan       nan       nan       nan       nan
  124 1     -1  1.0977 -1.4730   79673.0   43011.3    3685.3  1.1565 -1.5063   75289.7   39879.8 -212028.5
        nan       nan      -nan       nan       nan       nan       nan       nan       nan       nan
  125 1      0  1.2099 -1.5693   74889.8   43244.9    2857.1  1.1565 -1.5063   74331.8   41127.4 -212856.7
        nan       nan      -nan       nan       nan       nan       nan       nan       nan       nan
vertex track :        381   3 126    1793809 -1.4705 -1.6378   73473.7   47754.8     202.2   211     nan
  123 1     -2 -1.5170 -1.6347   62201.8   36344.9    6609.1 -1.4975 -1.6452   62111.5   34685.7 -209104.5
        nan       nan      -nan       nan       nan       nan       nan       nan       nan       nan
  124 1     -1 -1.4634 -1.6571   66088.5   40302.0    3719.7 -1.4975 -1.6452   66438.4   39439.3 -211993.8
        nan       nan      -nan       nan       nan       nan       nan       nan       nan       nan
  125 1      0 -1.4904 -1.6559   70682.7   43232.0    2868.0 -1.4975 -1.6452   67713.9   40840.6 -212845.6
        nan       nan      -nan       nan       nan       nan       nan       nan       nan       nan
vertex track :        382   3 126    1793810 -0.5750 -0.6010   73265.1   47524.4     202.2   211     nan
  123 1     -2 -0.5880 -0.5787   70649.1   44012.6    6744.0 -0.5840 -0.6031   67674.7   41051.1 -208970.3
        nan       nan      -nan       nan       nan       nan       nan       nan       nan       nan
  124 1     -1 -0.5845 -0.6527   73529.5   46144.8    3684.2 -0.5840 -0.6031   69461.5   42896.4 -212030.1
        nan       nan      -nan       nan       nan       nan       nan       nan       nan       nan
  125 1      0 -0.5581 -0.5958   70233.5   45669.0    2858.6 -0.5840 -0.6031   69943.6   43394.3 -212855.6
        nan       nan      -nan       nan       nan       nan       nan       nan       nan       nan
