groupid:   1655, ntrk: 16
vertex track :          0   3 125     563311 -0.1134 -0.0236   92428.8   51677.9     205.3    13 10000.6
  126 1      1 -0.1135 -0.0234   91333.4   51567.6   -2868.6 -0.1144 -0.0236   89737.2   48928.9 -215734.9
       14.9       1.0   91319.0   51563.6   91324.4   51564.7   91557.7   51781.6   91318.6   51565.6
  127 1      2 -0.1131 -0.0249   91798.2   50279.8   -3715.0 -0.1144 -0.0236   89834.0   48948.9 -216581.3
       18.2       1.7   91780.8   50274.2   91792.6   50276.8   92025.5   50495.3   91780.0   50277.5
  128 1      3 -0.1138 -0.0227   93572.4   51764.9   -6586.7 -0.1144 -0.0236   90162.6   49016.8 -219453.0
       30.0       3.2   93543.6   51755.9   93578.5   51762.9   93811.1   51983.8   93542.4   51762.1
vertex track :         23   3 125     502468  1.1529 -0.5849   93988.7   50856.9     205.6     0 10001.0
  126 1      1  1.1530 -0.6101   92119.2   52612.4   -2825.4  1.1540 -0.5946   87450.0   49824.7 -215691.7
      129.1       7.2   92236.7   52558.3   92250.6   52551.0   92212.9   52875.8   92230.0   52545.7
  127 1      2  1.1281 -0.5568   90162.2   55684.9   -3649.0  1.1540 -0.5946   86499.6   50314.4 -216515.3
      152.5       9.4   90303.0   55625.8   90266.5   55643.8   90232.4   55953.4   90294.8   55609.0
  128 1      3  1.2021 -0.6729   86429.7   53883.5   -6201.4  1.1540 -0.5946   83554.1   51832.0 -219067.7
      231.6      15.7   86639.4   53784.1   86487.7   53869.0   86431.1   54192.2   86624.1   53756.7
vertex track :         50   3 125     565286 -1.9944  1.3683   87494.4   55322.8     215.2   211     nan
  126 1      1 -1.9952  1.3740   91716.9   51277.5   -2868.8 -2.0002  1.3886   90611.1   48268.5 -215745.2
        nan       nan      -nan       nan       nan       nan       nan       nan       nan       nan
  127 1      2 -2.0109  1.3436   93772.5   48846.4   -3718.9 -2.0002  1.3886   92311.6   47088.0 -216595.3
        nan       nan      -nan       nan       nan       nan       nan       nan       nan       nan
  128 1      3 -1.9836  1.3902  100221.9   46724.0   -6582.3 -2.0002  1.3886   98039.0   43111.9 -219458.7
        nan       nan      -nan       nan       nan       nan       nan       nan       nan       nan
vertex track :         64   3 125    1381150  2.1757 -2.3792   98031.8   46260.4     196.7   211     nan
  126 1      1  2.1216 -2.2062   93232.5   53155.7   -2821.6  2.1739 -2.4044   88425.1   50637.8 -215679.6
        nan       nan      -nan       nan       nan       nan       nan       nan       nan       nan
  127 1      2  2.0747 -2.1360   90272.2   57740.8   -3641.4  2.1739 -2.4044   86643.0   52608.9 -216499.4
        nan       nan      -nan       nan       nan       nan       nan       nan       nan       nan
  128 1      3  2.1300 -2.2873   83721.2   61009.5   -6204.3  2.1739 -2.4044   81071.5   58771.3 -219062.3
        nan       nan      -nan       nan       nan       nan       nan       nan       nan       nan
vertex track :         78   3 125    1383935 -1.8896 -2.2565   91727.0   50814.0     207.7   211     nan
  126 1      1 -1.8911 -2.2549   95618.2   56973.0   -2869.5 -1.9189 -2.2558   94582.0   54933.7 -215739.0
        nan       nan      -nan       nan       nan       nan       nan       nan       nan       nan
  127 1      2 -1.8575 -2.2707   97478.7   57542.5   -3717.8 -1.9189 -2.2558   96209.8   56847.2 -216587.3
        nan       nan      -nan       nan       nan       nan       nan       nan       nan       nan
  128 1      3 -1.9091 -2.2327  103875.1   64471.6   -6590.9 -1.9189 -2.2558  101723.0   63328.3 -219460.4
        nan       nan      -nan       nan       nan       nan       nan       nan       nan       nan
vertex track :         82   3 125    1385181 -2.1106 -1.7546   89138.9   49011.1     200.8     0  3723.4
  126 1      1 -2.1726 -1.8138   96595.1   54131.4   -2811.7 -2.1386 -1.7489   92504.5   51470.7 -215676.4
      369.0      13.6   96320.5   53884.5   96430.8   53976.6   97077.5   54586.5   96303.1   53905.3
  127 1      2 -2.1868 -1.8458   97313.0   58239.6   -3626.7 -2.1386 -1.7489   94247.5   52896.1 -216491.4
      452.6      22.2   96981.5   57930.6   97214.0   58126.9   97852.3   58756.7   96952.8   57964.6
  128 1      3 -2.1852 -1.9004  103109.9   59698.2   -6140.7 -2.1386 -1.7489   99624.2   57292.9 -219005.4
      718.9      39.6  102593.4   59196.6  103219.4   59741.0  103834.2   60407.9  102541.4   59256.3
vertex track :        202   3 126     245999  1.3434  0.7939   87302.0   49342.0     189.1   211     nan
  123 1     -2  1.3407  0.8019   95063.1   54691.0    6589.0  1.3504  0.7833   94280.1   51738.6 -209095.0
        nan       nan      -nan       nan       nan       nan       nan       nan       nan       nan
  124 1     -1  1.4115  0.7230   90483.8   50500.6    3716.2  1.3504  0.7833   90400.6   49488.2 -211967.8
        nan       nan      -nan       nan       nan       nan       nan       nan       nan       nan
  125 1      0  1.3482  0.7909   92512.8   51769.8    2869.4  1.3504  0.7833   89257.0   48824.9 -212814.6
        nan       nan      -nan       nan       nan       nan       nan       nan       nan       nan
vertex track :        204   3 126     246122  1.6704  0.4960   87670.9   50486.1     191.3   211     nan
  123 1     -2  1.7199  0.5342   99772.2   54224.4    6712.4  1.6773  0.4830   96952.6   51021.7 -208970.9
        nan       nan      -nan       nan       nan       nan       nan       nan       nan       nan
  124 1     -1  1.7429  0.5193   96074.8   53342.1    3642.7  1.6773  0.4830   91804.0   49539.0 -212040.5
        nan       nan      -nan       nan       nan       nan       nan       nan       nan       nan
  125 1      0  1.7068  0.4954   91032.5   51787.9    2829.3  1.6773  0.4830   90439.6   49146.1 -212854.0
        nan       nan      -nan       nan       nan       nan       nan       nan       nan       nan
vertex track :        206   3 126     275547 -0.1339 -1.9111   91361.8   55219.3     192.7   211     nan
  123 1     -2 -0.1260 -1.9067   89206.6   42257.8    6618.6 -0.1448 -1.9320   88816.2   40190.9 -209050.0
        nan       nan      -nan       nan       nan       nan       nan       nan       nan       nan
  124 1     -1 -0.1491 -1.9092   89066.8   46483.0    3718.9 -0.1448 -1.9320   89236.1   45793.3 -211949.8
        nan       nan      -nan       nan       nan       nan       nan       nan       nan       nan
  125 1      0 -0.1312 -1.9186   92388.7   49992.8    2868.5 -0.1448 -1.9320   89359.2   47436.3 -212800.2
        nan       nan      -nan       nan       nan       nan       nan       nan       nan       nan
vertex track :        234   3 126     491775  2.0064  1.8895   89850.3   50244.1     190.1   211     nan
  123 1     -2  1.9789  1.6938  104181.3   62990.6    6702.5  2.0149  1.8696  101328.7   59789.8 -208977.5
        nan       nan      -nan       nan       nan       nan       nan       nan       nan       nan
  124 1     -1  2.0845  1.8935   99546.6   58161.7    3624.2  2.0149  1.8696   95126.1   54034.5 -212055.8
        nan       nan      -nan       nan       nan       nan       nan       nan       nan       nan
  125 1      0  1.9575  2.0002   94089.9   55637.9    2810.1  2.0149  1.8696   93485.8   52512.4 -212869.9
        nan       nan      -nan       nan       nan       nan       nan       nan       nan       nan
vertex track :        237   3 126     492215  1.5834  0.4057   87370.9   50518.4     191.3   211     nan
  123 1     -2  1.5841  0.4151   96695.5   53230.6    6592.3  1.5900  0.3933   95890.9   50423.7 -209091.2
        nan       nan      -nan       nan       nan       nan       nan       nan       nan       nan
  124 1     -1  1.5537  0.3386   91378.9   50260.0    3724.9  1.5900  0.3933   91331.7   49296.0 -211958.6
        nan       nan      -nan       nan       nan       nan       nan       nan       nan       nan
  125 1      0  1.5870  0.4022   93262.3   51847.7    2869.0  1.5900  0.3933   89970.8   48959.4 -212814.5
        nan       nan      -nan       nan       nan       nan       nan       nan       nan       nan
vertex track :        261   3 126    1113834  3.4900  4.1057   83250.4   41663.9     187.7   211     nan
  123 1     -2  3.2181  4.0609  107146.9   69285.7    6660.4  3.4876  4.0447  104093.3   65222.5 -209043.5
        nan       nan      -nan       nan       nan       nan       nan       nan       nan       nan
  124 1     -1  3.4817  4.0064   98438.9   57836.6    3634.3  3.4876  4.0447   93539.7   52983.1 -212069.6
        nan       nan      -nan       nan       nan       nan       nan       nan       nan       nan
  125 1      0  3.3600  4.2911   91821.0   53341.1    2827.9  3.4876  4.0447   90727.5   49721.6 -212876.0
        nan       nan      -nan       nan       nan       nan       nan       nan       nan       nan
vertex track :        288   3 126    1566636  3.0373  3.6577   83270.6   41677.1     187.7   211     nan
  123 1     -2  3.0182  3.6216  102144.0   66022.1    6598.6  3.0399  3.6089  101028.5   62192.2 -209105.3
        nan       nan      -nan       nan       nan       nan       nan       nan       nan       nan
  124 1     -1  3.0899  3.6302   92579.0   53298.6    3719.9  3.0399  3.6089   92277.3   51803.0 -211984.0
        nan       nan      -nan       nan       nan       nan       nan       nan       nan       nan
  125 1      0  3.0601  3.6515   93280.8   52211.5    2870.0  3.0399  3.6089   89693.9   48736.1 -212833.8
        nan       nan      -nan       nan       nan       nan       nan       nan       nan       nan
vertex track :        291   3 126    1785209 -3.7884  3.9997   95762.8   46393.9     187.2   211     nan
  123 1     -2 -3.3654  3.5678   71819.3   73170.5    6706.8 -3.7742  4.0225   69521.7   69937.7 -208970.7
        nan       nan      -nan       nan       nan       nan       nan       nan       nan       nan
  124 1     -1 -3.4249  3.7847   83963.2   62185.7    3656.1 -3.7742  4.0225   81035.7   57666.1 -212021.4
        nan       nan      -nan       nan       nan       nan       nan       nan       nan       nan
  125 1      0 -3.9057  4.0021   83435.1   57748.4    2812.8 -3.7742  4.0225   84218.2   54274.2 -212864.6
        nan       nan      -nan       nan       nan       nan       nan       nan       nan       nan
vertex track :        314   3 126    1826284  1.0354  0.4328   91311.1   51512.0     189.8   211     nan
  123 1     -2  1.0344  0.4410   97028.2   54421.9    6608.2  1.0369  0.4264   96335.6   51616.2 -209066.6
        nan       nan      -nan       nan       nan       nan       nan       nan       nan       nan
  124 1     -1  1.0533  0.4574   93275.7   51357.1    3715.5  1.0369  0.4264   93336.1   50382.9 -211959.3
        nan       nan      -nan       nan       nan       nan       nan       nan       nan       nan
  125 1      0  1.0307  0.4315   95649.8   52908.6    2870.4  1.0369  0.4264   92459.7   50022.6 -212804.4
        nan       nan      -nan       nan       nan       nan       nan       nan       nan       nan
vertex track :        315   3 126    1826294  2.2542  1.3962   91273.6   51469.7     189.8     0  3764.1
  123 1     -2  2.2482  1.5107  107195.9   61102.2    6669.3  2.2519  1.3803  104233.5   57780.7 -209005.7
      691.1      38.8  107747.9   61519.9  107072.7   61066.2  106856.1   60896.1  107791.2   61455.5
  124 1     -1  2.4424  1.5060  101929.8   57638.0    3603.0  2.2519  1.3803   97328.6   53548.5 -212071.9
      387.7      18.9  102249.9   57857.5  102102.7   57766.8  101822.1   57629.9  102269.7   57825.4
  125 1      0  2.2967  1.3647   96349.5   55313.5    2806.9  2.2519  1.3803   95535.7   52449.5 -212868.1
      313.3      11.3   96613.1   55483.3   96556.7   55449.8   96298.3   55355.1   96624.6   55463.9
