groupid:   1604, ntrk: 19
vertex track :          0   3 125    1497065  0.0452 -0.1750   49801.4   60338.9     251.6    13  1357.5
  126 1      1  0.0450 -0.1750   48264.9   60690.1   -2866.5  0.0461 -0.1778   46359.1   58427.6 -215736.2
       20.4       4.0   48273.8   60671.4   48273.1   60674.2   48466.0   60918.7   48266.1   60669.4
  127 1      2  0.0472 -0.1740   48485.0   58993.6   -3718.1  0.0461 -0.1778   46319.8   58578.9 -216587.8
       25.8       9.4   48500.8   58971.1   48497.2   58984.4   48679.2   59225.8   48482.7   58966.2
  128 1      3  0.0428 -0.1759   50065.9   61850.9   -6587.8  0.0461 -0.1778   46187.4   59089.1 -219457.5
       42.8      18.4   50094.0   61813.7   50082.7   61859.9   50248.0   62097.9   50058.2   61805.0
vertex track :         29   3 125     678061  0.2985 -1.6547   50217.2   57920.7     249.8   211   228.6
  126 1      1  0.2765 -1.5944   50807.2   62740.3   -2864.1  0.2955 -1.6744   45988.7   60648.6 -215736.2
      232.5      72.3   50918.2   62523.5   50896.8   62646.9   50906.5   63165.4   50775.7   62498.8
  127 1      2  0.2735 -1.6621   49541.7   66595.4   -3693.4  0.2955 -1.6744   45743.7   62037.1 -216565.5
      409.8     176.7   49782.6   66219.8   49707.0   66679.4   49511.1   67179.4   49433.9   66162.4
  128 1      3  0.2650 -1.6271   48368.1   67815.5   -6415.9  0.2955 -1.6744   44939.2   66595.8 -219288.0
      749.8     340.1   48824.3   67130.1   48638.9   68268.5   48122.2   68709.2   48153.0   67020.8
vertex track :         60   3 125     733433 -0.5414  0.3919   48501.2   61594.5     254.5   211     nan
  126 1      1 -0.5406  0.3944   48642.9   60322.9   -2865.3 -0.5400  0.3982   46886.9   57907.7 -215734.6
        nan       nan      -nan       nan       nan       nan       nan       nan       nan       nan
  127 1      2 -0.5435  0.3835   49385.2   58153.8   -3716.9 -0.5400  0.3982   47346.8   57568.6 -216586.2
        nan       nan      -nan       nan       nan       nan       nan       nan       nan       nan
  128 1      3 -0.5372  0.3988   52493.3   59460.7   -6594.2 -0.5400  0.3982   48900.5   56422.9 -219463.5
        nan       nan      -nan       nan       nan       nan       nan       nan       nan       nan
vertex track :         61   3 125     734846 -2.3016  1.9537   45007.1   64262.8     262.2   211     nan
  126 1      1 -2.2571  2.0287   53083.4   58787.7   -2861.3 -2.2896  1.9766   48854.0   55694.3 -215730.1
        nan       nan      -nan       nan       nan       nan       nan       nan       nan       nan
  127 1      2 -2.2487  2.0458   54001.2   59542.6   -3691.5 -2.2896  1.9766   50754.9   54053.2 -216560.4
        nan       nan      -nan       nan       nan       nan       nan       nan       nan       nan
  128 1      3 -2.3012  1.8482   60308.4   50398.1   -6338.1 -2.2896  1.9766   56814.5   48822.0 -219207.0
        nan       nan      -nan       nan       nan       nan       nan       nan       nan       nan
vertex track :         79   3 125    1458546 -2.1111 -2.1073   43555.6   54333.3     249.7   211     nan
  126 1      1 -2.1080 -2.1027   48191.5   60218.3   -2867.3 -2.1328 -2.1066   46836.2   58440.2 -215734.2
        nan       nan      -nan       nan       nan       nan       nan       nan       nan       nan
  127 1      2 -2.0741 -2.1483   50239.6   60117.7   -3717.5 -2.1328 -2.1066   48649.5   60231.2 -216584.4
        nan       nan      -nan       nan       nan       nan       nan       nan       nan       nan
  128 1      3 -2.1233 -2.0882   57562.2   68000.9   -6588.4 -2.1328 -2.1066   54772.4   66278.8 -219455.3
        nan       nan      -nan       nan       nan       nan       nan       nan       nan       nan
vertex track :        107   3 125    1584070  1.0825  0.3163   52978.4   61727.5     253.2   211     nan
  126 1      1  1.1002  0.3565   51344.3   60936.1   -2861.9  1.0948  0.3110   46298.4   58282.9 -215737.6
        nan       nan      -nan       nan       nan       nan       nan       nan       nan       nan
  127 1      2  1.0867  0.2877   49263.2   63200.1   -3694.7  1.0948  0.3110   45386.7   58023.9 -216570.4
        nan       nan      -nan       nan       nan       nan       nan       nan       nan       nan
  128 1      3  1.0421  0.3485   45914.8   58725.0   -6430.0  1.0948  0.3110   42392.2   57173.3 -219305.8
        nan       nan      -nan       nan       nan       nan       nan       nan       nan       nan
vertex track :        138   3 125    2000669 -3.4780 -0.5541   41280.9   59175.7     257.4   211     nan
  126 1      1 -3.4653 -0.5551   49823.4   60613.6   -2867.7 -3.4833 -0.5314   48807.3   58422.4 -215729.6
        nan       nan      -nan       nan       nan       nan       nan       nan       nan       nan
  127 1      2 -3.4575 -0.5923   53036.0   59242.3   -3717.4 -3.4833 -0.5314   51767.1   58873.9 -216579.3
        nan       nan      -nan       nan       nan       nan       nan       nan       nan       nan
  128 1      3 -3.4905 -0.5015   63774.0   62895.2   -6590.4 -3.4833 -0.5314   61774.5   60400.5 -219452.3
        nan       nan      -nan       nan       nan       nan       nan       nan       nan       nan
vertex track :        162   3 125    2511613  3.5095  3.6329   50370.8   61028.7     253.6     0 10001.0
  126 1      1  3.5710  3.6889   41757.2   50735.0   -2861.4  3.5669  3.6514   35969.6   47191.5 -215733.5
     1075.9      21.3   42490.3   51522.9   41743.5   50751.5   41237.7   50160.9   42520.9   51493.3
  127 1      2  3.4973  3.6984   37679.7   50270.4   -3689.8  3.5669  3.6514   33014.7   44166.5 -216562.0
     1343.3      29.9   38580.9   51267.0   37469.5   50091.6   36992.0   49487.6   38624.4   51225.9
  128 1      3  3.2826  3.4091   27446.0   36179.2   -6549.5  3.5669  3.6514   22814.7   33724.8 -219421.6
     2279.1      53.5   28988.3   37858.0   26516.0   35290.5   26117.1   34713.7   29065.4   37783.7
vertex track :        182   3 125    2541440 -1.0299  1.2284   48213.2   62632.9     255.4     0 10001.0
  126 1      1 -1.0341  1.2302   49746.7   58969.5   -2868.0 -1.0243  1.2429   48118.0   56317.9 -215736.9
      173.9       8.5   49628.3   59097.1   49634.9   59089.2   50074.1   59053.1   49641.4   59108.1
  127 1      2 -1.0230  1.2048   51002.2   56085.2   -3718.1 -1.0243  1.2429   48988.8   55261.1 -216587.1
      208.0      11.2   50859.0   56236.5   50913.4   56172.4   51354.4   56145.1   50876.1   56251.0
  128 1      3 -1.0270  1.2367   55260.8   55111.5   -6590.2 -1.0243  1.2429   51930.5   51691.4 -219459.1
      332.0      19.6   55033.7   55354.4   55242.2   55103.3   55697.0   55079.8   55063.8   55379.4
vertex track :        184   3 125    2568101  3.0739  3.3773   56977.0   68800.1     256.0     0 10001.0
  126 1      1  3.0896  3.4137   49620.9   59210.3   -2861.7  3.1238  3.3940   44037.0   55779.2 -215741.3
      897.7      19.4   50208.9   59888.9   49652.9   59274.6   49246.0   58745.1   50237.6   59862.9
  127 1      2  3.1370  3.3109   45904.7   58861.9   -3694.5  3.1238  3.3940   41435.7   52952.9 -216574.1
     1118.5      27.0   46654.4   59692.5   45774.5   58763.8   45368.1   58244.7   46693.6   59655.3
  128 1      3  3.1168  3.4139   36775.0   45720.4   -6487.5  3.1238  3.3940   32710.7   43473.3 -219367.1
     1872.3      47.7   38002.1   47135.3   36131.9   45086.8   35760.9   44519.0   38072.5   47071.0
vertex track :        192   3 126     313079 -1.7763  2.0534   51312.9   56867.4     242.0   211     nan
  123 1     -2 -1.7898  1.9898   38040.1   70379.6    6580.9 -1.7647  2.0622   38253.3   67594.1 -209147.3
        nan       nan      -nan       nan       nan       nan       nan       nan       nan       nan
  124 1     -1 -1.7588  2.1009   43140.7   63053.5    3712.6 -1.7647  2.0622   43314.9   61679.0 -212015.6
        nan       nan      -nan       nan       nan       nan       nan       nan       nan       nan
  125 1      0 -1.7825  2.0565   47629.6   62883.9    2868.5 -1.7647  2.0622   44804.5   59938.3 -212859.7
        nan       nan      -nan       nan       nan       nan       nan       nan       nan       nan
vertex track :        193   3 126     313670 -1.5362  0.2680   49209.3   60432.0     246.9   211     nan
  123 1     -2 -1.6537  0.2362   40202.6   62439.0    6721.5 -1.5395  0.2796   37373.5   59935.0 -209004.2
        nan       nan      -nan       nan       nan       nan       nan       nan       nan       nan
  124 1     -1 -1.5112  0.2259   45834.8   62418.8    3672.0 -1.5395  0.2796   42068.3   59082.3 -212053.7
        nan       nan      -nan       nan       nan       nan       nan       nan       nan       nan
  125 1      0 -1.5660  0.2063   43355.9   61077.3    2854.2 -1.5395  0.2796   43327.3   58853.6 -212871.5
        nan       nan      -nan       nan       nan       nan       nan       nan       nan       nan
vertex track :        223   3 126     702573 -0.9912  1.2700   49153.5   59439.5     243.9   211     nan
  123 1     -2 -0.9931  1.2630   41170.5   67683.9    6560.0 -0.9875  1.2856   41042.5   65243.9 -209162.6
        nan       nan      -nan       nan       nan       nan       nan       nan       nan       nan
  124 1     -1 -0.9470  1.2574   43872.2   62736.3    3707.2 -0.9875  1.2856   43859.6   61576.3 -212015.5
        nan       nan      -nan       nan       nan       nan       nan       nan       nan       nan
  125 1      0 -0.9907  1.2710   47713.8   63218.2    2867.2 -0.9875  1.2856   44689.1   60496.4 -212855.4
        nan       nan      -nan       nan       nan       nan       nan       nan       nan       nan
vertex track :        228   3 126     728340  1.9087 -1.3276   45357.7   62412.4     253.7   211     nan
  123 1     -2  1.6015 -1.2077   59007.9   54083.4    6736.2  1.9185 -1.3546   55914.7   51365.1 -208991.3
        nan       nan      -nan       nan       nan       nan       nan       nan       nan       nan
  124 1     -1  2.0872 -1.3997   54733.6   58408.1    3676.0  1.9185 -1.3546   50043.7   55510.6 -212051.6
        nan       nan      -nan       nan       nan       nan       nan       nan       nan       nan
  125 1      0  1.7811 -1.4427   49405.9   58467.7    2856.9  1.9185 -1.3546   48472.3   56620.1 -212870.6
        nan       nan      -nan       nan       nan       nan       nan       nan       nan       nan
vertex track :        232   3 126    1140908  3.1954  3.3465   38797.5   50361.9     254.4   211   619.3
  123 1     -2  3.0899  3.3406   58869.9   72676.9    6579.9  3.2498  3.3546   57372.5   69276.1 -209156.5
     2605.6     400.1   60345.5   74861.4   57455.8   71737.3   57607.5   70705.8   60932.9   74318.0
  124 1     -1  3.2223  3.3117   48907.3   61356.2    3719.9  3.2498  3.3546   48078.1   59682.0 -212016.5
     1355.1     191.5   49715.1   62461.0   48501.7   61213.9   48312.7   60464.7   49989.5   62193.9
  125 1      0  3.1907  3.3610   49322.8   60068.3    2868.7  3.2498  3.3546   45311.9   56826.7 -212867.7
      854.4      72.9   49858.1   60738.1   49351.7   60204.7   49000.6   59611.8   49963.9   60637.7
vertex track :        278   3 126    1844412  2.9438  1.6718   40205.3   55786.0     258.2   211     nan
  123 1     -2  2.7837  1.7528   60502.1   67311.6    6694.8  2.9711  1.6614   57385.0   64199.4 -209038.0
        nan       nan      -nan       nan       nan       nan       nan       nan       nan       nan
  124 1     -1  3.0439  1.7351   53418.2   62992.5    3668.4  2.9711  1.6614   48393.3   59171.3 -212064.4
        nan       nan      -nan       nan       nan       nan       nan       nan       nan       nan
  125 1      0  2.9353  1.7471   47247.4   60481.6    2858.4  2.9711  1.6614   45986.7   57825.5 -212874.4
        nan       nan      -nan       nan       nan       nan       nan       nan       nan       nan
vertex track :        321   3 126    1918931  0.3196 -1.6939   47690.7   63620.7     248.8   211     nan
  123 1     -2  0.3769 -1.7315   48517.0   52077.6    6584.9  0.3135 -1.7113   47817.8   50507.3 -209140.6
        nan       nan      -nan       nan       nan       nan       nan       nan       nan       nan
  124 1     -1  0.3135 -1.7451   47096.5   56108.6    3741.2  0.3135 -1.7113   46926.3   55373.8 -211984.4
        nan       nan      -nan       nan       nan       nan       nan       nan       nan       nan
  125 1      0  0.3241 -1.6999   50008.6   58934.2    2867.1  0.3135 -1.7113   46652.3   56869.6 -212858.4
        nan       nan      -nan       nan       nan       nan       nan       nan       nan       nan
vertex track :        351   3 126    1960894  3.7045 -2.9466   39082.4   67483.6     264.1     0  7081.5
  123 1     -2  4.1875 -3.1595   64597.2   48517.0    6775.4  3.7283 -2.9882   61468.4   45841.4 -208955.0
     1937.6      54.2   66176.5   47393.2   63962.4   49063.8   63232.0   49847.6   66111.3   47306.7
  124 1     -1  3.4494 -2.6477   55234.5   57454.2    3664.4  3.7283 -2.9882   49869.9   55137.5 -212066.0
     1039.4      26.7   56075.2   56842.4   55150.5   57552.2   54607.1   58273.3   56042.8   56800.1
  125 1      0  3.6594 -3.1101   48291.8   58963.9    2854.1  3.7283 -2.9882   46849.0   57558.7 -212876.3
      811.2      17.2   48921.0   58451.7   48453.3   58849.2   47876.3   59683.0   48898.8   58425.5
vertex track :        352   3 126    1961970  3.6936 -2.5230   38746.2   66494.1     266.5     0  1366.4
  123 1     -2  3.6008 -2.4631   62504.5   49228.4    6585.8  3.7195 -2.5605   60353.9   48122.3 -209146.6
     1855.1     172.0   64132.8   48323.0   61826.7   49900.5   61089.9   50341.3   63938.6   48039.0
  124 1     -1  3.6950 -2.5588   50478.1   55900.4    3716.0  3.7195 -2.5605   49679.4   55470.6 -212016.4
     1016.7      82.5   51360.8   55389.4   50465.1   56009.7   49809.0   56618.9   51266.9   55253.8
  125 1      0  3.7005 -2.5289   50706.8   59436.1    2870.3  3.7195 -2.5605   46534.0   57635.9 -212862.1
      749.8      33.6   51344.8   59040.8   50883.8   59355.8   50282.5   60038.9   51306.9   58985.3
