groupid:   1778, ntrk: 20
vertex track :          0   3  47     755752 -0.2534 -0.1566   76353.4   62063.0     239.4    13   748.2
   48 1      1 -0.2530 -0.1574   76533.3   61362.7   -2867.0 -0.2523 -0.1558   76157.9   59938.2  -73416.3
       31.6       7.4   76510.4   61339.7   76510.9   61340.0   76765.9   61595.5   76502.5   61352.3
   49 1      2 -0.2538 -0.1564   77467.8   62983.6   -3717.6 -0.2523 -0.1558   76372.5   60070.7  -74266.9
       40.8      17.7   77442.4   62947.1   77458.6   62957.1   77703.0   63230.0   77423.8   62977.3
   50 1      3 -0.2533 -0.1559   78826.9   61387.2   -6585.4 -0.2523 -0.1558   77096.2   60517.6  -77134.8
       68.0      34.8   78787.2   61321.9   78849.9   61360.5   79076.3   61662.4   78750.7   61381.2
vertex track :          7   3  47     716275  0.4508 -0.8268   78620.4   59712.6     234.9     0 10001.0
   48 1      1  0.4396 -0.8384   77772.4   63326.3   -2995.4  0.4562 -0.8264   76157.5   59683.1  -73549.5
       94.6       6.2   77821.9   63245.4   77826.3   63237.0   77933.4   63616.4   77810.8   63239.6
   49 1      2  0.4435 -0.7678   76883.0   62278.0   -3826.5  0.4562 -0.8264   75778.3   60369.9  -74380.6
      110.9       8.0   76945.4   62185.9   76927.5   62216.8   77031.0   62579.3   76931.5   62177.9
   50 1      3  0.4328 -0.8655   74709.4   66725.7   -5975.3  0.4562 -0.8264   74798.0   62145.6  -76529.4
      156.6      12.4   74790.5   66591.2   74741.3   66689.5   74838.8   67069.3   74768.4   66580.1
vertex track :          9   3  47     716430  0.0281 -1.9411   76630.0   60257.5     236.6     0     nan
   48 1      1  0.0333 -1.9397   75962.7   64912.4   -2867.0  0.0080 -1.9868   75604.7   63765.2  -73413.3
        nan       nan      -nan       nan       nan       nan       nan       nan       nan       nan
   49 1      2  0.0221 -1.9442   76681.0   68032.2   -3718.4  0.0080 -1.9868   75597.9   65456.8  -74264.7
        nan       nan      -nan       nan       nan       nan       nan       nan       nan       nan
   50 1      3  0.0266 -1.9409   77424.1   70187.3   -6580.6  0.0080 -1.9868   75574.9   71143.4  -77127.0
        nan       nan      -nan       nan       nan       nan       nan       nan       nan       nan
vertex track :         32   3  47    1578067  2.2977 -1.8928   83781.4   56930.9     225.1     0   318.0
   48 1      1  2.2973 -1.9388   77637.9   63608.8   -2995.5  2.3360 -1.9277   75300.5   60388.4  -73562.9
      551.5     104.7   78126.9   63333.1   77766.4   63637.3   77361.3   64092.6   77991.9   63173.1
   49 1      2  2.2480 -1.9868   75181.6   63417.0   -3830.5  2.3360 -1.9277   73350.1   61997.9  -74397.8
      958.4     252.0   76066.6   62971.1   75102.4   63823.3   74508.8   64070.9   75732.8   62593.5
   50 1      3  2.3013 -1.9165   67846.7   70960.3   -6012.3  2.3360 -1.9277   68253.3   66203.9  -76579.7
     1585.9     435.1   69343.8   70279.8   67389.8   71907.1   66562.0   71848.9   68786.9   69611.1
vertex track :         78   3  47    2271387  0.0165 -2.6743   76642.9   56155.3     231.0     0  2702.3
   48 1      1  0.0217 -2.6790   76016.7   63001.2   -2867.5  0.0082 -2.6431   75593.1   61706.8  -73404.3
      362.4      15.0   76034.6   62638.9   76033.3   62801.1   76208.7   63570.8   76004.6   62638.7
   49 1      2  0.0124 -2.6812   76735.7   66735.1   -3716.9  0.0082 -2.6431   75586.2   63951.7  -74253.6
      447.4      27.2   76765.0   66287.8   76763.4   66619.6   76916.4   67389.8   76710.5   66287.6
   50 1      3  0.0158 -2.6730   77503.5   70442.2   -6579.4  0.0082 -2.6431   75562.8   71517.8  -77116.2
      740.8      51.7   77559.6   69701.7   77554.1   70621.9   77657.5   71389.9   77456.2   69701.1
vertex track :         86   3  47    2293803  0.2945 -2.3035   77767.9   57206.1     230.5     0 10001.0
   48 1      1  0.2332 -2.3405   77401.9   65096.6   -2998.3  0.2904 -2.2846   75821.1   61918.6  -73541.3
      299.0      11.5   77443.0   64800.2   77432.7   64903.8   77571.1   65600.7   77420.1   64797.9
   49 1      2  0.2471 -2.2874   76609.5   65231.5   -3832.6  0.2904 -2.2846   75578.9   63824.6  -74375.6
      361.1      15.1   76663.4   64874.1   76637.7   65111.8   76765.9   65796.7   76633.3   64870.9
   50 1      3  0.2356 -2.3187   74961.5   73899.2   -5949.4  0.2904 -2.2846   74964.3   68660.7  -76492.4
      525.6      23.4   75037.9   73378.6   74981.1   73937.6   75095.3   74627.5   74991.4   73373.9
vertex track :         88   3  47    2294017  0.4019 -1.9374   77962.9   58078.7     233.7     0 10001.0
   48 1      1  0.4038 -1.9392   76184.4   62714.5   -2867.2  0.4008 -1.9254   75717.0   61374.4  -73415.2
      230.2       9.8   76240.9   62491.1   76231.9   62534.6   76338.2   63145.9   76221.6   62487.1
   49 1      2  0.3973 -1.9353   76576.1   65826.2   -3719.3  0.4008 -1.9254   75375.5   63015.1  -74267.3
      278.1      13.0   76644.8   65556.3   76616.4   65694.9   76717.8   66304.1   76619.3   65551.1
   50 1      3  0.4017 -1.9359   76528.0   68020.4   -6586.4  0.4008 -1.9254   74226.4   68535.3  -77134.4
      450.0      22.8   76641.8   67584.4   76543.2   68059.1   76624.6   68664.4   76597.1   67575.1
vertex track :        128   3  48     461253  2.2503  2.1930   69335.3   54717.2     203.8     0   156.7
   45 1     -2  2.2727  2.1870   83558.9   70003.6    6579.5  2.3208  2.1651   83610.9   67163.9  -66899.1
     4105.4    1214.6   85674.9   73725.5   80235.8   68491.4   81655.3   66493.9   87359.3   71975.2
   46 1     -1  2.2566  2.1895   77444.7   62059.4    3719.2  2.3208  2.1651   76972.5   60971.0  -69759.4
     1996.5     584.4   78470.6   63869.1   76078.8   61548.4   76631.1   60461.9   79284.5   63030.2
   47 1      0  2.1379  2.1154   76692.1   62507.3    2872.1  2.3208  2.1651   75006.5   59136.9  -70606.5
      839.2     221.3   77133.0   63254.9   76388.9   62518.6   76463.3   61971.9   77444.3   62940.3
vertex track :        135   3  48     509500 -2.3807  1.6913   81765.7   57110.8     192.5     0   926.4
   45 1     -2 -2.3209  1.6779   67716.0   67453.2    6842.7 -2.3666  1.7030   65634.6   66847.9  -66683.8
      942.7     146.5   66866.2   67886.7   67906.7   67134.5   68773.5   67231.3   67037.9   68124.1
   46 1     -1 -2.5915  1.7593   73555.5   64410.0    3848.9 -2.3666  1.7030   72719.8   61749.4  -69677.7
      525.0      70.5   73081.6   64646.6   73406.1   64426.3   74236.9   64385.2   73160.8   64763.2
   47 1      0 -2.3955  1.6987   74566.6   60614.0    2982.9 -2.3666  1.7030   74769.2   60274.6  -70543.7
      392.0      28.8   74230.2   60817.2   74366.6   60720.5   75110.6   60622.4   74263.5   60864.2
vertex track :        148   3  48     512568  2.3474  1.4041   71453.4   58402.4     207.3     0     nan
   45 1     -2  2.3552  1.3901   86407.3   68282.7    6583.9  2.4130  1.3704   86363.1   65714.1  -66912.9
        nan       nan      -nan       nan       nan       nan       nan       nan       nan       nan
   46 1     -1  2.3568  1.4054   79942.7   62721.4    3719.1  2.4130  1.3704   79450.2   61788.1  -69777.7
        nan       nan      -nan       nan       nan       nan       nan       nan       nan       nan
   47 1      0  2.3030  1.3827   79129.0   63808.5    2870.2  2.4130  1.3704   77401.8   60624.8  -70626.7
        nan       nan      -nan       nan       nan       nan       nan       nan       nan       nan
vertex track :        158   3  48     513907  0.7982  0.9695   75057.7   59751.0     204.3     0     nan
   45 1     -2  0.7435  1.0735   82048.6   65571.3    6858.7  0.8287  0.9883   80145.5   64866.4  -66653.4
        nan       nan      -nan       nan       nan       nan       nan       nan       nan       nan
   46 1     -1  0.8026  0.9348   78620.6   64382.2    3826.6  0.8287  0.9883   77632.9   61869.6  -69685.5
        nan       nan      -nan       nan       nan       nan       nan       nan       nan       nan
   47 1      0  0.7425  0.9595   76915.4   61203.1    3009.0  0.8287  0.9883   76955.4   61061.6  -70503.0
        nan       nan      -nan       nan       nan       nan       nan       nan       nan       nan
vertex track :        160   3  48     514060  2.0671  1.9135   71984.6   57327.7     204.4     0     nan
   45 1     -2  2.0772  1.9040   85046.0   70781.4    6585.7  2.1289  1.8852   85090.2   67931.9  -66909.2
        nan       nan      -nan       nan       nan       nan       nan       nan       nan       nan
   46 1     -1  2.0449  1.9034   79360.1   63576.6    3721.9  2.1289  1.8852   78993.5   62533.1  -69772.9
        nan       nan      -nan       nan       nan       nan       nan       nan       nan       nan
   47 1      0  2.0336  1.8994   78817.9   64257.6    2865.3  2.1289  1.8852   77169.8   60918.2  -70629.5
        nan       nan      -nan       nan       nan       nan       nan       nan       nan       nan
vertex track :        197   3  48    1196223  0.3104  0.4509   75772.1   60589.5     204.5     0     nan
   45 1     -2  0.3117  0.4838   79578.9   62982.8    6806.5  0.3252  0.4601   77511.5   62176.2  -66710.2
        nan       nan      -nan       nan       nan       nan       nan       nan       nan       nan
   46 1     -1  0.3180  0.4334   77497.9   63331.4    3850.0  0.3252  0.4601   76550.1   60816.0  -69666.6
        nan       nan      -nan       nan       nan       nan       nan       nan       nan       nan
   47 1      0  0.2843  0.4470   76250.3   60552.0    3000.8  0.3252  0.4601   76274.0   60425.2  -70515.8
        nan       nan      -nan       nan       nan       nan       nan       nan       nan       nan
vertex track :        216   3  48    1243550  0.3837 -1.8277   76187.4   62643.3     203.9     0  2863.4
   45 1     -2  0.3716 -1.8380   77397.3   50403.0    6572.1  0.3637 -1.8800   78130.8   49268.3  -66948.8
      391.5      31.1   77505.3   50025.4   77428.2   50406.9   77499.6   50988.7   77444.4   50013.1
   46 1     -1  0.3904 -1.8476   77089.4   54559.9    3716.7  0.3637 -1.8800   77092.3   54636.5  -69804.3
      234.9      15.8   77153.5   54333.3   77138.3   54405.0   77235.8   54994.6   77122.5   54326.8
   47 1      0  0.3787 -1.8292   77929.0   58334.4    2866.0  0.3637 -1.8800   76782.9   56235.9  -70655.0
      191.7       9.1   77976.8   58148.5   77978.6   58139.8   78091.6   58728.4   77958.9   58144.8
vertex track :        218   3  48    1243605 -1.8100 -1.9052   77789.7   62724.5     201.0     0     nan
   45 1     -2 -1.8149 -1.7737   67469.0   49436.7    6781.1 -1.8306 -1.9036   65387.2   48771.0  -66744.3
        nan       nan      -nan       nan       nan       nan       nan       nan       nan       nan
   46 1     -1 -1.9289 -1.7772   71739.4   56596.6    3818.6 -1.8306 -1.9036   70810.4   54410.4  -69706.8
        nan       nan      -nan       nan       nan       nan       nan       nan       nan       nan
   47 1      0 -2.0519 -1.9873   72110.5   55926.1    2998.7 -1.8306 -1.9036   72311.4   55971.2  -70526.7
        nan       nan      -nan       nan       nan       nan       nan       nan       nan       nan
vertex track :        219   3  48    1243608 -2.1952 -1.7556   77996.1   62555.2     201.0     0     nan
   45 1     -2 -2.2023 -1.7318   61715.1   50976.7    6602.9 -2.2096 -1.7426   63493.0   49963.9  -66923.2
        nan       nan      -nan       nan       nan       nan       nan       nan       nan       nan
   46 1     -1 -2.1938 -1.7530   69039.6   54770.5    3714.9 -2.2096 -1.7426   69874.3   54996.4  -69811.2
        nan       nan      -nan       nan       nan       nan       nan       nan       nan       nan
   47 1      0 -2.1241 -1.7217   72017.6   58472.4    2863.9 -2.2096 -1.7426   71754.7   56479.3  -70662.2
        nan       nan      -nan       nan       nan       nan       nan       nan       nan       nan
vertex track :        227   3  48    1245440  1.6753 -2.2584   74225.8   63935.5     204.3     0    91.4
   45 1     -2  1.4352 -2.1838   87002.9   48363.9    6903.0  1.6679 -2.3558   85027.7   46819.7  -66611.4
     7918.7    2640.4   93558.5   43196.6   85161.8   55973.0   80658.7   53739.1   89145.4   40296.3
   46 1     -1  1.6827 -2.2462   81142.4   56608.4    3793.6  1.6679 -2.3558   79841.5   54144.8  -69720.8
     3691.3    1228.0   84338.4   54390.4   80265.4   59827.3   78158.1   59034.2   82372.8   52917.9
   47 1      0  1.6868 -2.1353   78527.0   56168.9    2996.9  1.6679 -2.3558   78512.7   56021.7  -70517.5
     1483.8     482.4   79825.3   55303.5   78340.0   57183.8   77440.4   57242.1   79068.3   54705.5
vertex track :        272   3  48    2042371  1.7170  3.8072   70675.3   49197.7     198.9     0   421.5
   45 1     -2  1.7626  3.8166   81292.0   75714.1    6586.1  1.7863  3.7945   81538.0   72104.8  -66885.9
     2708.9     525.8   81950.4   78393.9   80049.0   74276.8   80845.2   73248.2   82905.1   77953.0
   46 1     -1  1.7187  3.8532   76745.2   62737.3    3727.2  1.7863  3.7945   76431.0   61256.5  -69744.8
     1383.3     253.6   77077.0   64103.9   76311.0   62386.4   76625.0   61584.5   77540.3   63897.3
   47 1      0  1.7535  3.7883   76440.9   61834.4    2861.8  1.7863  3.7945   74885.2   57972.8  -70610.2
      782.0      96.1   76682.1   62584.5   76393.4   61960.6   76411.3   61298.1   76856.6   62503.7
vertex track :        315   3  48    2239645 -0.8404 -1.8957   76567.4   61630.6     201.1     0  1118.7
   45 1     -2 -0.7839 -1.9301   72879.5   48381.8    6786.7 -0.8665 -1.9184   70476.7   47560.4  -66731.7
      497.5      77.7   72764.3   47891.6   72974.0   48408.1   73203.9   49080.0   72620.3   47950.1
   46 1     -1 -0.8373 -1.8685   74081.7   55505.9    3832.5 -0.8665 -1.9184   73036.4   53227.7  -69685.9
      289.6      37.8   73997.8   55226.2   74058.8   55362.3   74374.9   55993.7   73928.9   55257.1
   47 1      0 -0.9080 -1.8467   73802.9   54921.7    2985.2 -0.8665 -1.9184   73770.5   54853.1  -70533.2
      229.5      16.5   73716.4   54708.5   73728.2   54732.6   74098.4   55343.1   73686.8   54723.0
vertex track :        325   3  48    2240942  2.5779 -4.1256   75180.2   63403.8     205.0     0  2885.6
   45 1     -2  2.3908 -4.0115   91327.9   35326.4    6596.2  2.5575 -4.3020   91155.4   34543.5  -66922.5
     2044.1      99.4   92459.8   33621.3   90868.9   36290.8   90408.4   37237.4   92289.1   33519.5
   46 1     -1  2.6407 -4.1121   84402.4   46665.7    3721.4  2.5575 -4.3020   83803.1   46910.9  -69797.3
     1144.4      48.9   85061.9   45729.2   84379.7   46791.5   83955.5   47808.1   84979.6   45676.4
   47 1      0  2.6760 -4.1161   83491.2   52168.9    2868.5  2.5575 -4.3020   81621.9   50579.9  -70650.2
      876.1      23.5   83988.4   51447.3   83595.4   52051.8   83206.6   53096.4   83948.9   51421.6
