groupid:    184, ntrk:  9
vertex track :          0   3  77    9504554  0.3449  0.3151  124827.3  204035.7     324.9    13   705.5
   78 5      1  0.3443  0.3153  123703.0   39326.2   -2868.0  0.3507  0.3085  123735.8  199520.4 -126640.8
       48.5       9.3  123732.5   39365.8  123733.3   39366.6  123883.9   39496.9  123745.1   39352.1
   79 5      2  0.3479  0.3115  125823.1   41024.1   -3719.2  0.3507  0.3085  123437.3  199257.8 -127492.0
       60.6      21.3  125854.0   41080.5  125836.7   41065.0  126002.4   41178.1  125882.4   41048.7
   80 5      3  0.3467  0.3123  122665.5   38779.1   -6584.8  0.3507  0.3085  122432.2  198373.9 -130357.6
       98.5      41.3  122711.0   38875.7  122637.5   38809.5  122830.3   38892.8  122766.3   38814.3
vertex track :          2   3  77    8844887 -0.5552 -1.7680  124376.8  203085.8     325.0     0 10001.0
   78 5      1 -0.6328 -1.7445  125201.6   49103.9   -2619.2 -0.5856 -1.7581  126113.5  204741.8 -126393.7
      203.0       8.9  125140.7   48910.0  125146.3   48925.3  125471.8   49506.0  125124.0   48916.1
   79 6      2 -0.6526 -1.8625    6019.2   48363.5   -3448.9 -0.5856 -1.7581  126599.3  206200.4 -127223.4
      244.6      11.8    5949.5   48128.7    5974.2   48199.2    6298.2   48806.3    5927.2   48136.6
   80 6      3 -0.6695 -1.7372    7283.2   54944.0   -6452.9 -0.5856 -1.7581  128358.3  211481.6 -130227.3
      406.8      21.6    7157.0   54556.7    7309.0   54951.0    7618.6   55539.5    7116.7   54572.2
vertex track :         28   3  77    9719768 -3.8057 -0.0223  114369.9  203193.9     325.0     0  2618.6
   78 5      1 -3.8080 -0.0240  124287.5   39379.0   -2865.1 -3.8062  0.0005  126509.4  199735.9 -126635.2
      668.4      22.9  123619.3   39351.9  124156.3   39355.2  125161.9   39616.0  123619.0   39397.6
   79 6      2 -3.7947  0.0109    9504.0   41458.1   -3719.4 -3.8062  0.0005  129761.0  199735.5 -127489.5
      838.9      44.4    8664.9   41416.2    9545.9   41413.6   10549.2   41710.1    8665.2   41504.9
   80 6      3 -3.8048  0.0038   18473.3   40075.9   -6584.9 -3.8062  0.0005  140667.7  199734.1 -130354.9
     1405.5      84.3   17067.7   39993.0   19079.7   39991.0   20085.1   40368.8   17067.9   40161.6
vertex track :         42   3  77   10149438 -1.9150 -1.9428  119886.6  198580.4     320.1     0 10001.0
   78 5      1 -1.8600 -1.8521  124585.2   45011.5   -2641.5 -1.9543 -1.9228  125607.9  200818.6 -126417.7
      360.1      11.8  124338.4   44749.1  124458.1   44868.2  125040.1   45482.1  124321.7   44765.8
   79 6      2 -1.9423 -1.5660    6595.6   44464.5   -3470.1 -1.9543 -1.9228  127227.1  202411.7 -127246.2
      442.1      16.0    6261.4   44174.6    6541.9   44400.7    7137.8   44962.9    6241.4   44199.4
   80 6      3 -2.1831 -2.0356   12023.4   51555.7   -6470.6 -1.9543 -1.9228  133090.9  208181.1 -130246.7
      754.0      29.3   11491.9   51020.1   12136.4   51621.0   12762.8   52299.3   11452.0   51062.9
vertex track :         84   3  77   11494088  1.2093  2.3829  126018.1  207477.7     469.3     0  2243.0
   78 5      1  1.2066  2.3855  122618.1   37240.3   -2872.8  1.2447  2.3455  121943.3  196074.1 -126784.0
      385.5      17.7  122776.3   37592.3  122681.7   37405.3  122671.1   37100.7  122807.9   37576.4
   79 5      2  1.2307  2.3728  123941.7   37231.4   -3714.9  1.2447  2.3455  120895.1  194098.8 -127626.2
      472.6      33.2  124129.8   37666.2  123953.1   37325.4  123964.8   37008.9  124188.8   37635.6
   80 5      3  1.2169  2.3793  118047.8   28513.0   -6581.6  1.2447  2.3455  117326.9  187374.8 -130492.9
      769.9      62.1  118343.1   29226.7  117897.5   28355.4  117963.7   28011.6  118453.6   29170.2
vertex track :        109   3  78    9260680  0.4047  0.0819  123103.0  201775.7     115.3   211    94.2
   75 6     -2  0.4057  0.0775    8767.6   42896.6    6584.5  0.4063  0.0695  126399.2  200644.5 -119642.2
      551.1     504.9    9214.2   43495.9    8216.8   43305.4    8531.4   42507.4    9403.6   42504.1
   76 6     -1  0.4134  0.0630    5093.6   40241.1    3719.7  0.4063  0.0695  125235.3  200445.4 -122507.0
      269.5     245.5    5323.1   40524.4    4877.0   40456.4    5074.5   40167.8    5397.1   40038.9
   77 5      0  0.4013  0.0768  126045.6   42827.0    2869.6  0.4063  0.0695  124889.9  200386.3 -123357.1
      108.8      94.1  126134.8   42939.8  126005.4   42915.1  126166.8   42924.2  126170.1   42755.0
vertex track :        114   3  78    9485828 -1.0037 -0.7660  124196.1  202030.5     114.0     0  2512.3
   75 5     -2 -1.1175 -0.8935  117355.1   33612.3    6641.3 -1.0311 -0.7547  118142.3  195504.9 -119581.6
      230.1      24.1  117190.4   33449.7  117315.2   33549.5  117728.7   33983.9  117160.3   33487.4
   76 5     -1 -0.8858 -0.7463  123512.3   36756.7    3484.4 -1.0311 -0.7547  121397.4  197887.4 -122738.5
      135.2      11.5  123416.3   36660.9  123437.0   36678.3  123817.4   37061.8  123401.6   36678.4
   77 5      0 -1.0217 -0.7724  123649.6   35851.8    2673.2 -1.0311 -0.7547  122233.9  198499.7 -123549.7
      113.5       6.7  123563.1   35778.0  123529.6   35752.7  123945.1   36134.8  123555.1   35788.7
vertex track :        122   3  78    9520988 -2.7836 -4.7762  127549.9  208179.5     112.8   211     nan
   75 5     -2 -2.8355 -4.7618  112306.2   17202.2    6577.7 -2.9954 -4.8462  109020.2  175154.8 -119606.8
        nan       nan      -nan       nan       nan       nan       nan       nan       nan       nan
   76 5     -1 -2.9264 -4.6316  119531.3   29821.6    3718.0 -2.9954 -4.8462  117586.1  189013.4 -122466.5
        nan       nan      -nan       nan       nan       nan       nan       nan       nan       nan
   77 5      0 -2.8720 -4.7775  121864.6   36212.3    2869.1 -2.9954 -4.8462  120128.9  193127.3 -123315.4
        nan       nan      -nan       nan       nan       nan       nan       nan       nan       nan
vertex track :        133   3  78    9714410  0.1481 -2.6858  123535.2  206534.4     113.0   211   270.0
   75 5     -2  0.1701 -2.5834  124229.1   25228.3    6689.7  0.0828 -2.7147  124865.2  187059.2 -119507.8
     1574.3     489.8  124821.2   23689.6  124650.0   26288.8  123847.1   26974.4  123843.8   23625.2
   76 6     -1  0.3493 -2.7642    5669.0   34022.0    3500.2  0.0828 -2.7147  124601.3  195717.8 -122697.3
      738.0     218.2    5977.9   33317.2    5866.3   34201.0    5570.3   34934.0    5545.0   33262.5
   77 6      0  0.3817 -2.7225    5449.2   34530.1    2681.6  0.0828 -2.7147  124533.5  197939.8 -123515.8
      393.0      82.2    5585.2   34152.3    5556.2   34359.0    5523.6   35115.2    5422.3   34129.5
