groupid:   2350, ntrk: 35
vertex track :          0   3 125    1350319 -0.2117  0.0680   71836.5   42860.7     206.2    13  2332.5
  126 1      1 -0.2118  0.0678   71024.4   42495.2   -2868.5 -0.2122  0.0687   69254.9   39948.9 -215740.5
       23.8       2.8   71001.0   42499.8   71001.7   42499.6   71257.7   42700.7   71002.7   42505.1
  127 1      2 -0.2126  0.0639   71682.7   40861.7   -3720.2 -0.2122  0.0687   69435.6   39890.4 -216592.1
       28.8       5.8   71653.5   40864.5   71664.0   40861.3   71921.8   41069.1   71656.8   40875.6
  128 1      3 -0.2117  0.0699   73522.3   42571.1   -6587.3 -0.2122  0.0687   70043.9   39693.3 -219459.3
       46.5      11.3   73474.7   42574.9   73518.4   42560.5   73779.7   42777.3   73481.7   42596.3
vertex track :          2   3 125     404547  2.1487 -2.1664   78477.6   35882.7     193.3   211     nan
  126 1      1  2.0329 -2.2014   73730.5   42229.7   -2865.0  2.1504 -2.1923   68680.0   39809.6 -215733.8
        nan       nan      -nan       nan       nan       nan       nan       nan       nan       nan
  127 1      2  2.1458 -2.1200   70842.9   46539.0   -3692.1  2.1504 -2.1923   66901.5   41622.8 -216560.8
        nan       nan      -nan       nan       nan       nan       nan       nan       nan       nan
  128 1      3  2.0725 -2.1934   64425.9   49211.9   -6322.7  2.1504 -2.1923   61244.5   47389.9 -219191.4
        nan       nan      -nan       nan       nan       nan       nan       nan       nan       nan
vertex track :          6   3 125     441280  1.9722 -2.1636   77763.5   36212.5     193.0   211   213.3
  126 1      1  1.9692 -2.1661   70694.7   42240.9   -2866.3  1.9729 -2.1884   68504.3   40136.4 -215734.9
      635.8     156.3   71238.0   41875.6   70796.2   42361.7   70363.3   42814.1   71006.7   41665.4
  127 1      2  2.0001 -2.1412   69545.4   42428.2   -3719.5  1.9729 -2.1884   66821.0   42003.5 -216588.1
     1304.5     388.3   70719.6   41739.9   69358.7   43196.9   68583.2   43324.4   70152.1   41209.9
  128 1      3  1.9587 -2.1695   65748.1   50088.5   -6584.5  1.9729 -2.1884   61168.7   48273.2 -219453.1
     2524.0     768.7   68010.0   48730.2   65038.5   52021.4   63698.1   51654.6   66869.0   47700.0
vertex track :         40   3 125     654693  1.8346 -1.8555   77386.1   37705.4     195.0   211   244.8
  126 1      1  1.8705 -1.8050   73513.9   43150.8   -2864.0  1.8360 -1.8777   68552.4   40687.0 -215734.0
      463.9     112.0   73925.4   42909.3   73650.6   43174.5   73314.2   43600.6   73769.9   42748.1
  127 1      2  1.7025 -1.7623   70962.3   47177.1   -3690.1  1.8360 -1.8777   67035.7   42238.1 -216560.0
      876.1     275.7   71769.3   46738.5   70909.4   47628.6   70367.1   47823.8   71372.8   46355.4
  128 1      3  1.7276 -1.7972   65362.8   49018.2   -6316.3  1.8360 -1.8777   62214.2   47169.4 -219186.2
     1611.6     525.0   66858.2   48220.2   64987.3   50166.5   64079.2   50024.4   66101.2   47492.5
vertex track :         41   3 125     655197  1.4956 -2.1887   76827.7   36810.3     193.1   211     nan
  126 1      1  1.4946 -2.1944   71126.3   42912.1   -2868.2  1.4932 -2.2104   69030.4   40815.3 -215736.9
        nan       nan      -nan       nan       nan       nan       nan       nan       nan       nan
  127 1      2  1.5296 -2.1636   70390.2   43118.0   -3718.2  1.4932 -2.2104   67761.2   42694.3 -216587.0
        nan       nan      -nan       nan       nan       nan       nan       nan       nan       nan
  128 1      3  1.4731 -2.2051   67845.4   50793.5   -6582.0  1.4932 -2.2104   63485.0   49024.4 -219450.8
        nan       nan      -nan       nan       nan       nan       nan       nan       nan       nan
vertex track :         68   3 125     661090 -2.4227 -2.0587   69765.0   40864.9     205.1   211     nan
  126 1      1 -2.3970 -1.8376   78182.5   46882.0   -2851.2 -2.4507 -2.0601   73997.4   44463.5 -215723.3
        nan       nan      -nan       nan       nan       nan       nan       nan       nan       nan
  127 1      2 -2.3902 -2.0700   79187.2   51170.8   -3676.3 -2.4507 -2.0601   76019.5   46163.3 -216548.4
        nan       nan      -nan       nan       nan       nan       nan       nan       nan       nan
  128 1      3 -2.5195 -2.0655   85744.9   53558.4   -6204.5 -2.4507 -2.0601   82215.1   51371.4 -219076.5
        nan       nan      -nan       nan       nan       nan       nan       nan       nan       nan
vertex track :         91   3 125    1349508  1.8153  2.1224   73413.7   44454.4     206.7   211   168.5
  126 1      1  1.8108  2.1202   66790.9   38203.5   -2866.1  1.8392  2.1137   64548.7   35253.1 -215738.1
      715.9     203.8   67100.9   38880.3   66551.3   38236.7   66692.8   37738.9   67410.9   38615.6
  127 1      2  1.8014  2.1440   65902.7   34757.8   -3717.1  1.8392  2.1137   62983.5   33454.4 -216589.1
     1571.3     505.3   66526.7   36285.9   64883.3   34330.0   65490.6   33441.8   67300.4   35635.8
  128 1      3  1.8269  2.1070   62123.9   31188.1   -6589.9  1.8392  2.1137   57699.9   27382.3 -219461.9
     3069.0    1000.5   63378.4   34162.3   59741.1   29967.2   61081.2   28426.0   64890.3   32851.5
vertex track :         92   3 125    1349519  1.7690  1.0541   75031.1   44451.4     205.9   211     nan
  126 1      1  1.7941  1.0352   71388.3   41535.2   -2867.5  1.7893  1.0438   66331.2   38524.9 -215739.8
        nan       nan      -nan       nan       nan       nan       nan       nan       nan       nan
  127 1      2  1.7395  1.0496   68871.8   43172.5   -3694.0  1.7893  1.0438   64852.2   37662.2 -216566.4
        nan       nan      -nan       nan       nan       nan       nan       nan       nan       nan
  128 1      3  1.6685  1.0495   63457.2   36569.5   -6343.4  1.7893  1.0438   60111.8   34896.8 -219215.7
        nan       nan      -nan       nan       nan       nan       nan       nan       nan       nan
vertex track :        100   3 125    1350661 -1.8650  0.3369   67950.4   43492.1     211.8   211     nan
  126 1      1 -1.8687  0.3362   71875.6   42359.6   -2866.1 -1.8728  0.3469   70457.0   39749.8 -215740.8
        nan       nan      -nan       nan       nan       nan       nan       nan       nan       nan
  127 1      2 -1.8399  0.3094   74002.6   40499.1   -3716.0 -1.8728  0.3469   72048.6   39455.0 -216590.6
        nan       nan      -nan       nan       nan       nan       nan       nan       nan       nan
  128 1      3 -1.8570  0.3406   79987.3   41446.2   -6587.8 -1.8728  0.3469   77427.2   38458.9 -219462.5
        nan       nan      -nan       nan       nan       nan       nan       nan       nan       nan
vertex track :        108   3 125    1389567  2.1662  1.8558   76374.8   46554.5     208.4   211   290.3
  126 1      1  2.2118  1.8396   71582.6   41327.1   -2868.3  2.1924  1.8447   66449.6   38158.1 -215742.0
      505.5     103.4   71905.1   41729.8   71592.3   41469.6   71472.3   41136.2   72037.4   41570.8
  127 1      2  2.1249  1.8290   68728.0   42297.8   -3693.2  2.1924  1.8447   64641.1   36636.4 -216566.9
      907.1     253.4   69250.1   43081.7   68321.3   42282.2   68417.9   41725.8   69580.8   42697.5
  128 1      3  2.1868  1.7585   62109.6   33389.9   -6360.5  2.1924  1.8447   58793.3   31716.1 -219234.2
     1663.5     485.3   63101.9   34810.5   60968.4   33094.9   61329.6   32181.0   63710.1   34054.1
vertex track :        136   3 125    1540732  1.6734 -2.4494   74355.2   39625.1     200.2   211   132.7
  126 1      1  1.6707 -2.4610   68156.2   46471.2   -2867.1  1.6815 -2.4824   65966.9   44507.4 -215738.6
     1075.9     316.0   69021.9   45758.6   68164.2   47022.0   67502.1   47391.4   68499.0   45403.6
  127 1      2  1.7164 -2.4311   67286.1   46799.0   -3718.6  1.6815 -2.4824   64535.1   46621.1 -216590.1
     2510.4     784.4   69374.8   45200.7   66839.5   48791.7   65409.1   48605.0   68093.1   44295.8
  128 1      3  1.6575 -2.4631   64306.1   55279.6   -6587.2  1.6815 -2.4824   59711.6   53742.2 -219458.7
     4937.9    1552.9   68351.2   52049.9   63185.7   59726.0   60472.6   58716.9   65774.5   50316.0
vertex track :        142   3 125    1542440  1.9161 -1.6475   75190.1   40144.2     200.1   211     nan
  126 1      1  1.8888 -1.6548   71040.7   44989.7   -2862.7  1.9297 -1.6749   66058.3   42537.8 -215734.1
        nan       nan      -nan       nan       nan       nan       nan       nan       nan       nan
  127 1      2  1.8675 -1.6215   68446.7   48945.2   -3682.1  1.9297 -1.6749   64477.1   43910.1 -216553.5
        nan       nan      -nan       nan       nan       nan       nan       nan       nan       nan
  128 1      3  1.9266 -1.6433   62585.5   50087.0   -6322.8  1.9297 -1.6749   59381.2   48333.1 -219194.3
        nan       nan      -nan       nan       nan       nan       nan       nan       nan       nan
vertex track :        160   3 125    1779070  3.4219  0.3838   73454.2   43008.8     204.6     0 10001.0
  126 1      1  3.4346  0.3705   62239.1   41751.7   -2867.8  3.4589  0.3589   59606.6   39193.9 -215739.3
      543.5      14.8   62777.9   41824.7   62418.3   41785.9   61913.7   41889.0   62781.1   41795.2
  127 1      2  3.4225  0.4338   60030.9   39659.9   -3719.2  3.4589  0.3589   56661.9   38888.3 -216590.7
      675.0      20.3   60697.9   39765.0   60077.4   39686.3   59577.2   39765.3   60703.0   39724.7
  128 1      3  3.4070  0.3256   51967.2   40898.5   -6578.2  3.4589  0.3589   46773.0   37862.2 -219449.7
     1130.2      36.1   53088.8   41041.9   51554.1   40895.2   51058.9   40965.3   53095.7   40970.0
vertex track :        164   3 125    1780272 -2.6289 -0.5472   65437.5   41385.7     209.7     0  7049.9
  126 1      1 -2.7672 -0.5358   74381.0   43086.4   -2864.3 -2.6466 -0.5368   70288.9   40363.9 -215738.1
      361.7      12.4   74028.3   43005.5   74157.3   43030.5   74941.0   43376.8   74023.6   43029.8
  127 1      2 -2.9242 -0.5818   75564.2   46122.6   -3684.6 -2.6466 -0.5368   72460.1   40804.2 -216558.4
      441.2      17.3   75134.8   46019.6   75386.2   46069.6   76200.6   46435.1   75128.0   46053.5
  128 1      3 -2.6317 -0.6396   82850.8   44009.4   -6245.3 -2.6466 -0.5368   79237.1   42178.8 -219119.1
      700.0      29.7   82177.6   43815.2   82985.3   44011.5   83731.3   44412.9   82163.6   43872.9
vertex track :        190   3 125    2231331 -0.0041  3.4554   71871.3   45293.5     211.7     0   888.6
  126 1      1 -0.0198  3.4507   70462.0   35206.4   -2868.8  0.0140  3.4546   68606.8   31960.3 -215743.7
      566.2      42.3   70416.4   35772.3   70418.8   35364.6   70717.6   34853.9   70501.1   35772.8
  127 1      2 -0.0596  3.4493   71231.7   30681.2   -3717.9  0.0140  3.4546   68594.9   29027.2 -216592.8
      766.3     100.3   71118.1   31445.6   71132.1   30637.6   71555.2   30130.2   71318.8   31449.1
  128 1      3  0.0241  3.4488   72082.2   23573.1   -6589.3  0.0140  3.4546   68554.7   19107.8 -219464.2
     1337.5     197.7   71893.8   24911.9   71880.2   22961.2   72480.6   22447.7   72289.3   24909.1
vertex track :        208   3 125    2420634 -2.7518 -4.0967   65232.2   32539.4     196.3   211   323.0
  126 1      1 -3.3963 -4.2245   74581.5   44399.0   -2863.0 -2.7902 -4.1060   70442.0   42384.0 -215732.3
     1419.4     198.2   73846.6   43168.6   74912.1   44493.9   75523.0   45835.2   73537.7   43416.9
  127 1      2 -2.4867 -4.3922   75904.4   50424.1   -3674.6 -2.7902 -4.1060   72706.3   45716.2 -216543.9
     2748.6     485.5   74972.7   47793.0   77158.9   51654.3   77043.6   53260.7   74127.8   48271.4
  128 1      3 -3.1001 -3.8433   83410.0   58657.4   -6200.6 -2.7902 -4.1060   79754.4   56088.2 -219069.9
     5013.1     909.5   80970.5   54184.4   86614.2   61181.2   86056.3   63336.5   79554.7   55326.4
vertex track :        220   3 125    2474536  2.3672  3.0019   79722.2   51831.9     215.2   211     nan
  126 1      1  2.3891  3.0048   71526.3   43070.7   -2868.2  2.3981  2.9899   69201.0   39886.9 -215745.5
        nan       nan      -nan       nan       nan       nan       nan       nan       nan       nan
  127 1      2  2.3906  3.0560   70245.1   38915.6   -3718.1  2.3981  2.9899   67162.9   37345.8 -216595.3
        nan       nan      -nan       nan       nan       nan       nan       nan       nan       nan
  128 1      3  2.3581  2.9836   64995.6   32973.4   -6592.4  2.3981  2.9899   60269.9   28751.7 -219469.7
        nan       nan      -nan       nan       nan       nan       nan       nan       nan       nan
vertex track :        238   3 126      27863 -2.1534 -1.9913   73003.6   44558.4     201.3   211   254.5
  123 1     -2 -2.0897 -1.9590   57255.7   30960.7    6585.0 -2.1937 -2.0000   57213.6   29252.6 -209135.7
     1947.5     572.8   56226.6   29210.9   58629.3   31463.4   58492.6   32918.5   55443.2   30046.6
  124 1     -1 -2.1324 -1.9608   63185.6   35701.3    3714.4 -2.1937 -2.0000   63510.6   34993.6 -212006.2
      970.8     275.0   62657.2   34841.7   63638.6   35744.2   63922.0   36768.9   62284.8   35246.6
  125 1      0 -2.1664 -1.9893   68225.2   38999.0    2870.5 -2.1937 -2.0000   65361.9   36681.4 -212850.2
      492.7     104.5   67933.0   38588.8   68203.8   38837.5   68725.3   39617.2   67791.6   38742.8
vertex track :        243   3 126      28106 -0.7533 -0.8054   72654.3   45182.8     201.1   211     nan
  123 1     -2 -0.7595 -0.8075   68886.7   40264.2    6778.6 -0.7655 -0.8080   65833.5   37334.3 -208940.6
        nan       nan      -nan       nan       nan       nan       nan       nan       nan       nan
  124 1     -1 -0.7509 -0.8374   72103.3   43147.9    3709.4 -0.7655 -0.8080   68182.9   39814.3 -212009.9
        nan       nan      -nan       nan       nan       nan       nan       nan       nan       nan
  125 1      0 -0.7739 -0.8209   69094.3   42735.3    2865.4 -0.7655 -0.8080   68828.9   40496.3 -212853.8
        nan       nan      -nan       nan       nan       nan       nan       nan       nan       nan
vertex track :        245   3 126      28293 -0.7084  0.7924   71284.7   42058.2     203.2   211     nan
  123 1     -2 -0.7132  0.7868   65214.0   47282.0    6589.6 -0.7097  0.7972   64941.1   44612.0 -209140.1
        nan       nan      -nan       nan       nan       nan       nan       nan       nan       nan
  124 1     -1 -0.7047  0.7999   66801.3   43490.1    3718.0 -0.7097  0.7972   66979.0   42322.6 -212011.8
        nan       nan      -nan       nan       nan       nan       nan       nan       nan       nan
  125 1      0 -0.7096  0.7918   70671.9   44498.4    2867.9 -0.7097  0.7972   67582.3   41645.0 -212861.8
        nan       nan      -nan       nan       nan       nan       nan       nan       nan       nan
vertex track :        246   3 126      28424 -1.1512 -0.2083   73020.1   43101.3     201.3   211     nan
  123 1     -2 -1.1788 -0.1860   66572.5   42091.3    6737.7 -1.1631 -0.2039   63624.4   39223.4 -208986.3
        nan       nan      -nan       nan       nan       nan       nan       nan       nan       nan
  124 1     -1 -1.1820 -0.1619   70991.4   43270.9    3711.7 -1.1631 -0.2039   67143.9   39840.4 -212012.3
        nan       nan      -nan       nan       nan       nan       nan       nan       nan       nan
  125 1      0 -1.1614 -0.2253   68313.4   42352.7    2863.8 -1.1631 -0.2039   68130.1   40013.3 -212860.2
        nan       nan      -nan       nan       nan       nan       nan       nan       nan       nan
vertex track :        247   3 126      28529 -2.2624 -2.0317   72930.8   44492.8     200.2   211     nan
  123 1     -2 -2.1562 -1.9356   56463.0   30624.4    6575.0 -2.3048 -2.0405   56451.1   28946.6 -209144.8
        nan       nan      -nan       nan       nan       nan       nan       nan       nan       nan
  124 1     -1 -2.2782 -2.0085   62629.4   35491.9    3726.4 -2.3048 -2.0405   63016.4   34759.1 -211993.4
        nan       nan      -nan       nan       nan       nan       nan       nan       nan       nan
  125 1      0 -2.2675 -2.0271   67842.8   38821.4    2866.5 -2.3048 -2.0405   64998.3   36513.8 -212853.3
        nan       nan      -nan       nan       nan       nan       nan       nan       nan       nan
vertex track :        259   3 126     218886 -1.4472  1.4204   74383.6   38876.8     194.8   211     nan
  123 1     -2 -1.4630  1.2581   66034.3   48726.3    6755.2 -1.4485  1.4307   63077.1   45690.3 -208971.4
        nan       nan      -nan       nan       nan       nan       nan       nan       nan       nan
  124 1     -1 -1.4645  1.4722   71287.0   45120.5    3699.4 -1.4485  1.4307   67503.4   41318.4 -212027.2
        nan       nan      -nan       nan       nan       nan       nan       nan       nan       nan
  125 1      0 -1.4599  1.4047   68832.1   42807.2    2864.3 -1.4485  1.4307   68713.1   40123.7 -212862.3
        nan       nan      -nan       nan       nan       nan       nan       nan       nan       nan
vertex track :        318   3 126    1114847 -4.0617  3.8338   71110.0   42413.6     201.3   211   157.0
  123 1     -2 -4.0653  3.8049   42595.9   67801.3    6573.6 -4.0495  3.8521   43494.2   64425.7 -209153.5
    16048.1    2792.0   28971.3   76729.1   51551.2   55595.6   56426.6   59087.3   32787.0   80806.0
  124 1     -1 -4.0406  3.7739   54397.1   55106.6    3722.6 -4.0495  3.8521   55039.7   53443.0 -212004.6
     7777.9    1347.0   47793.5   59431.2   58313.4   49605.8   61206.6   50995.8   49632.3   61400.0
  125 1      0 -4.0716  3.8454   60947.2   53492.0    2867.9 -4.0495  3.8521   58500.7   50150.7 -212859.3
     3095.7     509.0   58347.1   55247.6   61993.3   51803.9   63753.2   51950.3   59046.1   55987.6
vertex track :        346   3 126    1323491 -2.3161  1.8854   73712.4   40206.5     196.4   211     nan
  123 1     -2 -2.1622  1.8906   59509.0   53059.3    6741.0 -2.3186  1.9017   56736.0   50090.4 -208984.6
        nan       nan      -nan       nan       nan       nan       nan       nan       nan       nan
  124 1     -1 -2.2048  1.8900   67414.8   48088.5    3705.9 -2.3186  1.9017   63773.2   44318.5 -212019.7
        nan       nan      -nan       nan       nan       nan       nan       nan       nan       nan
  125 1      0 -2.3925  1.9506   65606.8   45470.5    2865.2 -2.3186  1.9017   65722.5   42719.6 -212860.4
        nan       nan      -nan       nan       nan       nan       nan       nan       nan       nan
vertex track :        347   3 126    1323636  2.8809  2.9513   69268.6   41077.8     201.2     0  2754.0
  123 1     -2  2.8869  3.0305   87330.5   60877.3    6606.5  2.9037  2.9414   86037.4   57387.7 -209123.7
     1508.3      82.7   88310.9   62026.5   86836.5   60478.6   86562.9   59941.2   88430.7   61912.4
  124 1     -1  2.8396  3.0007   78081.1   50359.2    3716.7  2.9037  2.9414   77646.3   48887.7 -212013.5
      849.0      40.7   78635.1   51003.8   78064.3   50400.7   77740.0   49927.6   78694.2   50947.9
  125 1      0  2.8628  2.9340   78885.1   49654.4    2867.3  2.9037  2.9414   75180.0   46389.5 -212862.8
      656.2      19.9   79329.1   50138.0   79013.8   49814.8   78654.0   49383.8   79357.6   50110.2
vertex track :        374   3 126    1570826  1.5452 -1.3515   70232.8   43095.8     201.5   211     nan
  123 1     -2  1.4976 -1.3456   81538.2   34694.3    6777.6  1.5526 -1.3730   78629.1   31540.5 -208948.7
        nan       nan      -nan       nan       nan       nan       nan       nan       nan       nan
  124 1     -1  1.4934 -1.2457   78271.7   39038.7    3696.7  1.5526 -1.3730   73845.6   35770.7 -212029.6
        nan       nan      -nan       nan       nan       nan       nan       nan       nan       nan
  125 1      0  1.5590 -1.3811   73244.8   39072.4    2864.0  1.5526 -1.3730   72552.7   36914.0 -212862.3
        nan       nan      -nan       nan       nan       nan       nan       nan       nan       nan
vertex track :        387   3 126    1687614  3.9029  4.5111   60109.8   29920.1     201.9   211     nan
  123 1     -2  3.9053  4.5283   84745.6   59821.0    6576.7  3.9399  4.5058   83284.5   56095.7 -209165.4
        nan       nan      -nan       nan       nan       nan       nan       nan       nan       nan
  124 1     -1  4.0258  4.3813   72669.4   45097.6    3721.9  3.9399  4.5058   72036.9   43232.6 -212020.1
        nan       nan      -nan       nan       nan       nan       nan       nan       nan       nan
  125 1      0  3.9032  4.5411   72709.8   43022.8    2868.5  3.9399  4.5058   68674.4   39387.1 -212873.6
        nan       nan      -nan       nan       nan       nan       nan       nan       nan       nan
vertex track :        390   3 126    1723873 -2.9261  3.6144   77173.8   34196.3     185.8     0  1259.1
  123 1     -2 -2.8584  3.6750   59107.0   58545.5    6743.0 -2.9149  3.6320   56250.9   55400.4 -208982.4
     2110.7     205.5   57648.8   60085.4   59640.3   57525.0   60772.2   57219.3   57973.3   60337.8
  124 1     -1 -2.7604  3.5039   68598.4   48479.0    3673.2 -2.9149  3.6320   65199.1   44251.0 -212052.1
     1118.8      95.5   67831.0   49298.8   68636.1   48276.9   69573.0   47872.7   67981.0   49416.9
  125 1      0 -3.2877  3.6440   67385.1   44442.2    2872.8 -2.9149  3.6320   67532.2   41343.9 -212852.6
      829.1      39.4   66800.4   45031.4   67220.8   44565.4   68176.4   44066.6   66858.9   45084.2
vertex track :        395   3 126    1728554  0.0612  3.8248   70344.0   34144.8     193.8     0   817.9
  123 1     -2  0.0460  3.8572   69431.4   59762.1    6586.0  0.0803  3.8304   69004.2   56057.4 -209149.1
     1571.1     231.1   69219.1   61335.9   69191.2   59004.0   69853.7   58402.3   69681.2   61330.4
  124 1     -1  0.1098  3.8303   68693.1   46803.2    3733.1  0.0803  3.8304   68775.0   45129.8 -212001.9
      856.4     112.0   68605.7   47662.5   68579.7   46754.6   68990.7   46157.7   68829.6   47656.1
  125 1      0  0.0490  3.8352   71940.9   45265.1    2869.0  0.0803  3.8304   68705.6   41819.9 -212866.0
      599.7      43.8   71904.8   45865.3   71899.7   45471.4   72187.1   44878.8   71992.4   45864.1
vertex track :        396   3 126    1729921  2.9510  3.6916   65015.8   35612.9     200.8     0 10001.0
  123 1     -2  3.0133  3.2995   85545.7   60411.3    6618.2  2.9736  3.6783   82216.7   56679.7 -209118.3
     1900.9      46.9   86792.9   61846.6   84861.9   59732.2   84511.5   59189.3   86862.3   61783.3
  124 1     -1  2.6404  3.6115   78366.0   50283.0    3657.1  2.9736  3.6783   73411.5   45787.9 -212079.4
     1050.8      24.4   78966.5   51145.7   78280.6   50207.5   77978.1   49633.9   79005.8   51116.9
  125 1      0  2.9294  3.9246   72025.9   46090.3    2855.2  2.9736  3.6783   71026.8   42838.1 -212881.3
      826.3      17.0   72506.5   46762.6   72133.2   46262.4   71758.2   45631.8   72533.8   46742.3
vertex track :        398   3 126    1730275  4.1376  3.6483   61554.4   35289.4     204.7     0  5556.7
  123 1     -2  4.1496  3.7881   88055.2   59755.5    6601.8  4.1655  3.6319   86295.1   55999.7 -209137.2
     2546.2      72.7   89886.7   61525.8   86997.2   58888.0   86437.9   58199.0   89984.6   61418.5
  124 1     -1  4.2952  3.5010   74826.6   47168.1    3718.3  4.1655  3.6319   74283.9   45527.1 -212020.7
     1423.0      36.9   75906.3   48095.7   74602.3   47032.8   73961.2   46453.9   75952.9   48038.6
  125 1      0  4.1301  3.6253   74795.3   45910.2    2867.0  4.1655  3.6319   70737.7   42435.3 -212872.0
     1095.1      21.5   75604.2   46648.7   74825.5   45965.2   74200.6   45385.3   75632.5   46616.4
vertex track :        408   3 126    1764712  0.9590  1.8491   67968.7   37905.9     201.4   211     nan
  123 1     -2  0.8497  1.7407   75346.5   50430.1    6807.1  0.9715  1.8478   72533.7   47571.1 -208927.9
        nan       nan      -nan       nan       nan       nan       nan       nan       nan       nan
  124 1     -1  0.9020  1.8613   73917.3   45655.5    3685.3  0.9715  1.8478   69500.8   41802.8 -212049.6
        nan       nan      -nan       nan       nan       nan       nan       nan       nan       nan
  125 1      0  0.9882  1.8833   69326.1   43078.9    2865.2  0.9715  1.8478   68704.1   40287.3 -212869.8
        nan       nan      -nan       nan       nan       nan       nan       nan       nan       nan
vertex track :        410   3 126    1765281  0.4912  4.3029   70315.5   39334.6     201.6   211     nan
  123 1     -2  0.4960  4.3023   72242.5   67994.2    6592.5  0.5102  4.2915   71745.5   64216.5 -209141.5
        nan       nan      -nan       nan       nan       nan       nan       nan       nan       nan
  124 1     -1  0.4726  4.1964   70300.6   53754.1    3719.6  0.5102  4.2915   70279.7   51887.3 -212014.5
        nan       nan      -nan       nan       nan       nan       nan       nan       nan       nan
  125 1      0  0.5121  4.2992   73120.3   51732.5    2866.2  0.5102  4.2915   69844.3   48225.3 -212867.8
        nan       nan      -nan       nan       nan       nan       nan       nan       nan       nan
vertex track :        427   3 126    1796413  5.2603 -4.2962   62289.8   49469.1     218.8   211   143.3
  123 1     -2  5.3066 -4.8297   98041.3   21503.6    6830.5  5.3317 -4.3914   95701.9   17982.9 -208899.0
    30977.4    4477.2  123964.5    3964.2   79259.6   44651.2   72333.4   39248.2  117937.4   -2658.1
  124 1     -1  5.3371 -4.4301   84146.5   34238.1    3704.3  5.3317 -4.3914   79033.7   31711.4 -212025.2
    14199.7    2046.5   96379.6   26743.4   75648.3   43951.7   72128.7   41938.3   93765.5   23594.1
  125 1      0  5.2818 -3.9890   75978.5   36936.1    2867.7  5.3317 -4.3914   74573.4   35385.1 -212861.8
     5557.2     775.6   80880.6   34205.9   73120.6   40066.5   71291.8   39872.3   79945.7   32968.0
