groupid:   2548, ntrk:  7
vertex track :          0   3  91    5118858  0.1382 -0.4713  121334.4  131769.3     270.7    13  1183.2
   92 3      1  0.1417 -0.4694  116865.9   54129.9   -2865.9  0.1335 -0.4789  117918.9  131773.2 -152217.5
       49.6       6.3  116886.3   54084.2  116887.4   54080.6  117055.7   54385.0  116874.2   54080.6
   93 3      2  0.1365 -0.4715  118728.2   54678.1   -3716.2  0.1335 -0.4789  117805.4  132180.3 -153067.8
       59.8      13.2  118757.5   54624.4  118753.0   54640.2  118909.0   54941.4  118732.1   54617.0
   94 3      3  0.1405 -0.4709  115719.1   56359.7   -6585.1  0.1335 -0.4789  117422.5  133554.1 -155936.6
       95.1      25.6  115770.8   56275.9  115746.0   56359.2  115877.6   56653.0  115721.8   56261.3
vertex track :         60   3  91    5800850 -0.7242  1.1114  118188.7  137564.2     279.4  2212   404.3
   92 3      1 -0.7015  1.1389  123786.6   57117.7   -3631.4 -0.7095  1.1338  118029.4  131755.3 -152972.2
      228.4      99.0  123582.5   57260.2  123674.7   57110.4  124199.9   57186.3  123751.1   57364.0
   93 3      2 -0.5972  1.0798  121119.3   54139.9   -4466.7 -0.7095  1.1338  118622.1  130808.2 -153807.5
      408.7     219.6  120729.3   54391.2  120999.5   53902.7  121718.6   54099.6  121113.6   54603.8
   94 4      3 -0.8394  1.1620    8659.3   52685.5   -7239.4 -0.7095  1.1338  120589.4  127664.4 -156580.2
      710.6     394.4    7923.6   53030.6    8579.5   52122.6    9604.2   52551.6    8562.9   53492.5
vertex track :        178   3  92    4656774  1.2565  0.1522  116974.7  132647.2     156.4   211     nan
   89 4     -2  1.2568  0.1430    7938.8   55544.6    6592.3  1.2484  0.1362  125993.9  132916.3 -146287.0
        nan       nan      -nan       nan       nan       nan       nan       nan       nan       nan
   90 4     -1  1.2540  0.1485    3808.8   54807.4    3722.5  1.2484  0.1362  122411.0  132525.6 -149156.9
        nan       nan      -nan       nan       nan       nan       nan       nan       nan       nan
   91 4      0  1.2547  0.1572    4716.4   55482.1    2865.6  1.2484  0.1362  121341.3  132408.9 -150013.7
        nan       nan      -nan       nan       nan       nan       nan       nan       nan       nan
vertex track :        206   3  92    5117938 -1.7725  1.9734  119281.3  129591.7     151.5   211     nan
   89 3     -2 -1.8916  2.0164  106199.6   63450.1    7679.4 -1.7436  1.9851  107102.8  143888.7 -145203.7
        nan       nan      -nan       nan       nan       nan       nan       nan       nan       nan
   90 3     -1 -1.9427  1.9261  110102.7   58352.1    4473.2 -1.7436  1.9851  112693.2  137523.9 -148409.9
        nan       nan      -nan       nan       nan       nan       nan       nan       nan       nan
   91 3      0 -1.6869  2.2138  109844.8   55816.5    3663.7 -1.7436  1.9851  114104.5  135917.0 -149219.3
        nan       nan      -nan       nan       nan       nan       nan       nan       nan       nan
vertex track :        241   3  92    5318472  1.7305  1.8608  113891.2  128286.5     156.9   211     nan
   89 4     -2  1.7447  1.8512    8437.4   64145.8    6589.6  1.7209  1.8152  125897.3  139371.0 -146323.0
        nan       nan      -nan       nan       nan       nan       nan       nan       nan       nan
   90 3     -1  1.7420  1.8549  124310.8   58808.9    3716.4  1.7209  1.8152  120952.9  134155.5 -149196.3
        nan       nan      -nan       nan       nan       nan       nan       nan       nan       nan
   91 3      0  1.7109  1.8769  123403.1   57823.5    2866.7  1.7209  1.8152  119490.7  132613.2 -150045.9
        nan       nan      -nan       nan       nan       nan       nan       nan       nan       nan
vertex track :        303   3  92    5776299  0.4125  3.4943  116593.7  130670.5     155.4   211   391.5
   89 3     -2  0.2889  3.3992  117552.6   74718.6    7592.7  0.4402  3.4289  120829.5  155559.1 -145297.2
     2328.0     532.4  117219.3   77083.3  116885.7   73157.9  118096.3   72567.3  118280.3   76993.1
   90 3     -1  0.4746  3.4476  115511.5   65342.3    4452.8  0.4402  3.4289  119447.2  144792.4 -148437.1
     1239.2     268.2  115414.7   66606.5  115176.4   64875.3  115818.7   64291.6  115946.2   66533.4
   91 3      0  0.4133  3.5624  113351.0   61491.4    3645.5  0.4402  3.4289  119091.8  142024.4 -149244.4
      757.8     116.4  113322.7   62257.6  113234.8   61500.2  113589.7   60938.8  113554.0   62230.8
vertex track :        348   3  92    7164928 -5.8722 -4.4057  134115.6  143888.2     298.7   211   264.5
   89 3     -2 -5.6837 -4.5717   89424.0   31500.6    6581.0 -6.3080 -4.6458   95787.9  114091.1 -146315.6
    15776.2    2050.2   78415.9   20015.2  101808.4   38830.9  100636.4   43191.5   75845.9   23210.3
   90 3     -1 -5.9163 -4.3473  110344.8   46352.4    3717.1 -6.3080 -4.6458  113853.6  127396.5 -149179.5
     7581.5     973.0  104811.4   41079.1  115788.0   49144.6  116082.3   51831.4  103659.1   42647.2
   91 3      0 -5.8062 -4.4475  115874.6   50444.7    2868.2 -6.3080 -4.6458  119208.7  131340.6 -150028.4
     3225.9     362.4  113534.0   48195.4  117436.5   51184.7  118419.3   52899.5  113093.3   48770.7
