groupid:   2679, ntrk: 22
vertex track :          0   3  45    1278871  0.7049 -0.1725  117693.1   85422.0     267.1    13   716.1
   46 1      1  0.7056 -0.1708  116125.6   84858.4   -2868.7  0.6976 -0.1739  116658.6   84724.3  -69574.1
       72.0      10.9  116198.1   84852.1  116206.4   84850.1  116263.7   85074.6  116192.9   84830.9
   47 3      2  0.7039 -0.1748  116667.3    8178.5   -3716.4  0.6976 -0.1739  116067.2   84871.8  -70421.9
       88.5      24.7  116759.2    8181.2  116735.2    8187.1  116786.2    8385.6  116747.3    8133.1
   48 3      3  0.7048 -0.1722  114381.7    8140.4   -6585.8  0.6976 -0.1739  114065.6   85370.8  -73291.3
      142.4      48.3  114531.5    8153.6  114402.9    8185.0  114442.7    8337.2  114508.5    8059.8
vertex track :          9   3  45     630744 -2.2631  0.3871  116792.5   85602.1     265.1     0  2561.2
   46 3      1 -2.3184  0.3266  123131.7    8061.4   -3199.4 -2.2609  0.3871  125784.1   83017.7  -69904.5
      311.5      15.1  122821.1    8089.9  122951.2    8071.6  123649.9    8243.2  122825.3    8119.8
   47 1      2 -2.1509  0.3100  122966.3   83545.8   -4025.7 -2.2609  0.3871  127652.2   82697.8  -70730.8
      375.2      26.0  122591.3   83573.6  122882.3   83531.6  123549.3   83728.4  122598.7   83625.2
   48 2      3 -2.2209  0.4575   10119.6   83361.8   -7017.6 -2.2609  0.3871  134416.6   81539.7  -73722.7
      610.2      48.6    9512.1   83437.4   10241.1   83287.2   10934.9   83496.7    9531.8   83532.5
vertex track :         23   3  45    1252733  1.5733 -1.5893  120279.1   80629.4     259.3   211     nan
   46 1      1  1.5815 -1.5890  115954.9   84579.3   -2864.2  1.5720 -1.6264  116481.8   84395.1  -69559.7
        nan       nan      -nan       nan       nan       nan       nan       nan       nan       nan
   47 3      2  1.5667 -1.5970  115772.0    9081.4   -3717.4  1.5720 -1.6264  115140.5   85782.9  -70413.0
        nan       nan      -nan       nan       nan       nan       nan       nan       nan       nan
   48 3      3  1.5799 -1.6020  110872.6   13255.7   -6582.3  1.5720 -1.6264  110636.9   90442.4  -73277.9
        nan       nan      -nan       nan       nan       nan       nan       nan       nan       nan
vertex track :        204   3  46     807221  0.0882  2.1807  117811.1   78121.9     190.2   211     nan
   43 3     -2  0.0792  2.1774  117675.2   16807.2    6604.5  0.1285  2.2402  119025.6   92264.2  -63209.6
        nan       nan      -nan       nan       nan       nan       nan       nan       nan       nan
   44 3     -1  0.1045  2.1905  118951.4   11642.3    3718.0  0.1285  2.2402  118654.6   85798.0  -66096.1
        nan       nan      -nan       nan       nan       nan       nan       nan       nan       nan
   45 3      0  0.0950  2.1817  117345.4    6540.9    2868.7  0.1285  2.2402  118545.5   83895.4  -66945.4
        nan       nan      -nan       nan       nan       nan       nan       nan       nan       nan
vertex track :        214   3  46     842448 -1.5496 -0.0486  115725.9   84848.0     189.9   211     nan
   43 1     -2 -1.5497  0.0086  105724.7   84888.9    7015.3 -1.5353 -0.0383  105739.5   84466.8  -62797.4
        nan       nan      -nan       nan       nan       nan       nan       nan       nan       nan
   44 1     -1 -1.5605 -0.0591  109220.4   82126.4    3972.4 -1.5353 -0.0383  110411.2   84583.3  -65840.3
        nan       nan      -nan       nan       nan       nan       nan       nan       nan       nan
   45 1      0 -1.5655  0.0208  112325.7   83025.3    3168.1 -1.5353 -0.0383  111646.0   84614.1  -66644.7
        nan       nan      -nan       nan       nan       nan       nan       nan       nan       nan
vertex track :        231   3  46     843038 -0.8337  0.2234  118837.8   84158.4     187.8   211     nan
   43 3     -2 -0.8345  0.2199  112287.1    8996.5    6579.1 -0.8257  0.2243  114032.6   85462.6  -63236.4
        nan       nan      -nan       nan       nan       nan       nan       nan       nan       nan
   44 3     -1 -0.8109  0.2263  116283.8    9845.1    3717.0 -0.8257  0.2243  116395.7   84820.6  -66098.5
        nan       nan      -nan       nan       nan       nan       nan       nan       nan       nan
   45 3      0 -0.8331  0.2279  115437.2    6338.2    2866.3 -0.8257  0.2243  117098.1   84629.8  -66949.1
        nan       nan      -nan       nan       nan       nan       nan       nan       nan       nan
vertex track :        252   3  46    1660772 -0.7191 -0.3729  117316.7   84979.2     187.9   211   290.2
   43 1     -2 -0.7013 -0.4325  112685.1   82897.2    7037.6 -0.7131 -0.3628  112914.5   82361.4  -62775.2
      228.0     137.0  112562.9   82660.8  112803.9   82809.4  113016.6   83343.1  112419.1   82894.1
   44 1     -1 -0.7376 -0.3599  114001.8   80966.4    3990.7 -0.7131 -0.3628  115087.3   83467.0  -65822.2
      123.9      66.3  113919.5   80852.5  113987.3   80885.6  114293.3   81289.9  113861.4   80971.6
   45 1      0 -0.7001 -0.4048  116378.2   82163.2    3183.0 -0.7131 -0.3628  115663.4   83760.1  -66629.9
       84.4      27.0  116318.7   82097.6  116317.7   82097.0  116647.0   82438.4  116291.6   82144.4
vertex track :        255   3  46    1660877 -1.9454  1.9130  119168.9   82355.4     185.0   211   167.8
   43 3     -2 -1.9533  1.9075  104751.2   19034.8    6590.0 -1.8934  1.9767  107498.5   94886.4  -63223.6
     2738.1     910.1  102156.4   20296.7  105664.0   16871.2  107554.0   17984.8  103428.2   21598.9
   44 3     -1 -1.8987  1.9187  112196.4   14784.3    3722.6 -1.8934  1.9767  112927.7   89218.5  -66091.0
     1340.4     438.6  110941.8   15428.6  112428.7   13926.0  113659.1   14352.0  111565.4   16045.6
   45 3      0 -1.9436  1.9211  112256.8    9916.3    2871.2 -1.8934  1.9767  114539.8   87535.4  -66942.4
      586.7     166.4  111722.5   10210.4  112148.9    9788.9  112999.1    9834.1  111956.4   10447.1
vertex track :        270   3  46    1661876  1.2159  0.6394  114554.9   82248.1     187.9   211     nan
   43 3     -2  1.2629  0.4798  122595.6   10018.5    6987.2  1.2227  0.6475  123355.9   86557.3  -62823.2
        nan       nan      -nan       nan       nan       nan       nan       nan       nan       nan
   44 1     -1  1.1443  0.6817  118355.0   82121.6    4000.5  1.2227  0.6475  119704.2   84623.4  -65809.9
        nan       nan      -nan       nan       nan       nan       nan       nan       nan       nan
   45 1      0  1.2171  0.7043  119096.0   82483.4    3190.5  1.2227  0.6475  118713.8   84098.9  -66619.9
        nan       nan      -nan       nan       nan       nan       nan       nan       nan       nan
vertex track :        284   3  46    1854237 -3.2913  0.2260  125436.3   83901.4     184.9     0  2952.6
   43 3     -2 -3.2889  0.2133  101627.2    8726.5    6589.8 -3.3151  0.2901  104685.1   85544.3  -63221.7
     1006.2      58.4  100619.4    8733.4  101936.8    8647.9  102841.7    8929.9  100626.9    8849.9
   44 3     -1 -3.3182  0.3156  113063.5    9643.7    3713.9 -3.3151  0.2901  114219.2   84710.0  -66097.7
      576.5      29.1  112486.8    9669.3  112937.9    9626.4  113846.9    9828.4  112492.3    9727.3
   45 3      0 -3.2919  0.2326  114226.1    6103.0    2869.7 -3.3151  0.2901  117017.7   84465.1  -66941.8
      453.7      15.3  113772.5    6119.7  113986.3    6104.6  114886.4    6296.5  113774.6    6150.2
vertex track :        289   3  46    1854954 -1.2897 -0.2043  121697.8   85005.4     187.8   211     nan
   43 1     -2 -1.2276 -0.2259  113434.4   84084.3    7006.5 -1.3004 -0.2018  113303.3   83475.6  -62809.7
        nan       nan      -nan       nan       nan       nan       nan       nan       nan       nan
   44 1     -1 -1.2551 -0.2767  116239.0   81637.1    3999.3 -1.3004 -0.2018  117214.0   84082.4  -65817.0
        nan       nan      -nan       nan       nan       nan       nan       nan       nan       nan
   45 1      0 -1.3174 -0.2817  119059.7   82837.6    3191.0 -1.3004 -0.2018  118265.1   84245.4  -66625.3
        nan       nan      -nan       nan       nan       nan       nan       nan       nan       nan
vertex track :        337   3  46    2319404 -1.2227 -0.5869  118441.5   85378.0     186.9   211     nan
   43 1     -2 -1.2322 -0.6021  109287.1   81399.2    6579.5 -1.2128 -0.5697  111164.4   81590.2  -63233.6
        nan       nan      -nan       nan       nan       nan       nan       nan       nan       nan
   44 3     -1 -1.2074 -0.5815  114286.4    7851.7    3726.8 -1.2128 -0.5697  114624.1   83215.3  -66086.3
        nan       nan      -nan       nan       nan       nan       nan       nan       nan       nan
   45 1      0 -1.2364 -0.5878  113906.4   84652.7    2870.3 -1.2128 -0.5697  115662.9   83703.3  -66942.8
        nan       nan      -nan       nan       nan       nan       nan       nan       nan       nan
vertex track :        346   3  46    5287373 -1.3504 -0.8446  121011.1   86499.3     352.9   211     nan
   43 1     -2 -1.3322 -0.9450  112304.0   81224.1    7014.3 -1.3678 -0.8351  112379.3   80764.0  -62964.8
        nan       nan      -nan       nan       nan       nan       nan       nan       nan       nan
   44 1     -1 -1.4062 -0.8323  115286.3   80765.0    3993.9 -1.3678 -0.8351  116510.7   83286.3  -65985.2
        nan       nan      -nan       nan       nan       nan       nan       nan       nan       nan
   45 1      0 -1.3536 -0.9254  118195.4   82456.8    3187.9 -1.3678 -0.8351  117613.1   83959.3  -66791.2
        nan       nan      -nan       nan       nan       nan       nan       nan       nan       nan
vertex track :        352   3  46    5812296 -1.2695  0.8107  122320.9   81738.4     140.3   211     nan
   43 3     -2 -1.3055  0.8055  112747.3   10674.1    6585.9 -1.2754  0.8566  114554.2   87081.2  -63183.0
        nan       nan      -nan       nan       nan       nan       nan       nan       nan       nan
   44 3     -1 -1.2737  0.8383  118020.9    9747.3    3722.4 -1.2754  0.8566  118206.4   84628.3  -66046.6
        nan       nan      -nan       nan       nan       nan       nan       nan       nan       nan
   45 3      0 -1.2591  0.8119  117537.5    5800.2    2867.4 -1.2754  0.8566  119296.8   83895.9  -66901.6
        nan       nan      -nan       nan       nan       nan       nan       nan       nan       nan
vertex track :        367   3  46    5850049 -2.3003 -2.5048  118325.4   86495.5     140.9   211     nan
   43 1     -2 -2.1899 -2.3235  103342.9   70320.6    6954.2 -2.2844 -2.4480  103238.8   69653.6  -62811.9
        nan       nan      -nan       nan       nan       nan       nan       nan       nan       nan
   44 1     -1 -2.4106 -2.4080  109137.8   74544.6    3958.6 -2.2844 -2.4480  110082.1   76987.0  -65807.5
        nan       nan      -nan       nan       nan       nan       nan       nan       nan       nan
   45 1      0 -2.3734 -2.3770  112779.0   77614.8    3157.0 -2.2844 -2.4480  111913.2   78949.2  -66609.0
        nan       nan      -nan       nan       nan       nan       nan       nan       nan       nan
vertex track :        374   3  46    5850487 -2.3261  1.9067  115880.7   85085.7     141.8   211     nan
   43 3     -2 -2.4264  1.9532   98774.4   21719.7    6586.9 -2.2971  1.8827  101567.5   97095.2  -63177.8
        nan       nan      -nan       nan       nan       nan       nan       nan       nan       nan
   44 3     -1 -2.3396  1.9246  107480.2   17514.5    3718.8 -2.2971  1.8827  108155.8   91695.5  -66045.9
        nan       nan      -nan       nan       nan       nan       nan       nan       nan       nan
   45 3      0 -2.3131  1.9210  107802.9   12648.0    2868.1 -2.2971  1.8827  110109.9   90093.9  -66896.6
        nan       nan      -nan       nan       nan       nan       nan       nan       nan       nan
vertex track :        392   3  46    6734116 -0.8767  0.6966  118690.6   83425.5     141.0   211     nan
   43 3     -2 -0.8868  0.6210  112941.2   11563.7    6996.0 -0.8675  0.6895  113216.2   88034.9  -62773.1
        nan       nan      -nan       nan       nan       nan       nan       nan       nan       nan
   44 1     -1 -0.8331  0.6596  114775.7   83394.7    4000.5 -0.8675  0.6895  115814.7   85969.5  -65768.6
        nan       nan      -nan       nan       nan       nan       nan       nan       nan       nan
   45 1      0 -0.9177  0.6407  117223.8   83796.4    3188.6 -0.8675  0.6895  116519.0   85409.7  -66580.4
        nan       nan      -nan       nan       nan       nan       nan       nan       nan       nan
vertex track :        394   3  46    6734281 -1.3040  0.9742  118324.5   83573.3     143.1   211     nan
   43 3     -2 -1.3216  0.9499  108433.5   13640.5    6588.8 -1.2899  0.9644  110484.6   89672.3  -63181.7
        nan       nan      -nan       nan       nan       nan       nan       nan       nan       nan
   44 3     -1 -1.1671  1.0052  113945.0   12248.8    3717.0 -1.2899  0.9644  114189.0   86902.9  -66053.5
        nan       nan      -nan       nan       nan       nan       nan       nan       nan       nan
   45 3      0 -1.3022  0.9854  113469.9    8174.4    2868.0 -1.2899  0.9644  115284.1   86084.2  -66902.5
        nan       nan      -nan       nan       nan       nan       nan       nan       nan       nan
vertex track :        399   3  46    6768658 -2.1215 -1.9716  116594.8   85269.1     141.7   211     nan
   43 1     -2 -2.3503 -2.0938  102939.7   72598.3    6943.7 -2.1060 -1.9247  102757.1   72044.8  -62821.7
        nan       nan      -nan       nan       nan       nan       nan       nan       nan       nan
   44 1     -1 -2.2053 -1.8907  108061.7   75312.5    3958.0 -2.1060 -1.9247  109045.1   77791.6  -65807.5
        nan       nan      -nan       nan       nan       nan       nan       nan       nan       nan
   45 1      0 -2.2045 -1.7873  111531.9   77968.5    3154.6 -2.1060 -1.9247  110736.9   79337.8  -66610.8
        nan       nan      -nan       nan       nan       nan       nan       nan       nan       nan
vertex track :        405   3  46    6768904 -1.2845  0.2256  118475.4   84437.0     140.7   211     nan
   43 3     -2 -1.2037  0.1629  108764.4    9284.6    6586.4 -1.2723  0.2293  110749.3   85783.7  -63181.3
        nan       nan      -nan       nan       nan       nan       nan       nan       nan       nan
   44 3     -1 -1.2740  0.2190  114121.6   10137.3    3717.3 -1.2723  0.2293  114399.6   85125.7  -66050.4
        nan       nan      -nan       nan       nan       nan       nan       nan       nan       nan
   45 3      0 -1.2792  0.2328  113685.2    6651.8    2868.0 -1.2723  0.2293  115480.0   84931.0  -66899.6
        nan       nan      -nan       nan       nan       nan       nan       nan       nan       nan
vertex track :        407   3  46    6769030 -0.0177 -1.4225  118372.8   88643.9     142.8   211     nan
   43 1     -2 -0.0211 -1.3773  118364.6   79588.5    7036.9 -0.0179 -1.4024  118729.6   78779.1  -62729.5
        nan       nan      -nan       nan       nan       nan       nan       nan       nan       nan
   44 1     -1 -0.0254 -1.4800  117660.3   80848.1    4005.9 -0.0179 -1.4024  118783.8   83029.7  -65760.5
        nan       nan      -nan       nan       nan       nan       nan       nan       nan       nan
   45 1      0  0.1177 -1.4437  119393.4   82887.7    3188.2 -0.0179 -1.4024  118798.5   84176.4  -66578.2
        nan       nan      -nan       nan       nan       nan       nan       nan       nan       nan
vertex track :        415   3  46    6815184 -0.6178 -2.1511  119465.4   89949.9     142.7   211   562.6
   43 1     -2 -0.6060 -2.1508  114594.5   75068.7    6582.9 -0.6402 -2.1321  115838.2   76003.3  -63180.9
      651.4     164.8  114576.4   74397.1  114802.5   75199.3  114821.9   75948.2  114259.2   74486.5
   44 1     -1 -0.6143 -2.1201  117831.7   83628.8    3726.4 -0.6402 -2.1321  117667.0   82093.7  -66037.4
      363.3      80.3  117807.7   83257.5  117880.9   83510.2  118065.2   84208.0  117653.5   83302.2
   45 1      0 -0.6169 -2.1446  116866.1   84238.6    2867.7 -0.6402 -2.1321  118216.7   83924.4  -66896.1
      259.8      31.5  116824.6   83980.2  116838.7   84029.3  117117.1   84704.9  116764.0   83997.6
