groupid:   2875, ntrk: 20
vertex track :          0   3 125    1560833 -0.0803  0.1642  119357.4   63714.8     215.2    13  2677.7
  126 1      1 -0.0803  0.1651  118176.5   63065.9   -2870.2 -0.0814  0.1674  116760.3   60322.3 -215724.7
       20.2       2.4  118165.5   63083.0  118166.3   63081.4  118397.4   63258.9  118169.8   63085.1
  127 1      2 -0.0821  0.1637  118473.6   61974.2   -3717.9 -0.0814  0.1674  116829.3   60180.4 -216572.5
       24.6       5.0  118458.1   61993.9  118462.9   61984.4  118699.0   62164.6  118467.0   61998.4
  128 1      3 -0.0783  0.1657  120395.8   62369.7   -6584.3 -0.0814  0.1674  117062.8   59700.7 -219438.9
       39.8       9.7  120370.0   62401.6  120387.6   62364.4  120631.4   62548.0  120387.5   62409.8
vertex track :         51   3 125    1560647  2.1096 -2.0988  121610.4   61386.7     218.2   211     nan
  126 1      1  2.2270 -2.0569  116985.0   67588.0   -2770.9  2.1074 -2.1260  112470.5   64825.1 -215624.1
        nan       nan      -nan       nan       nan       nan       nan       nan       nan       nan
  127 1      2  1.8493 -1.8965  114247.8   71814.1   -3582.5  2.1074 -2.1260  110760.3   66550.4 -216435.6
        nan       nan      -nan       nan       nan       nan       nan       nan       nan       nan
  128 1      3  2.1912 -2.0897  107777.0   74234.1   -6106.5  2.1074 -2.1260  105441.1   71916.4 -218959.7
        nan       nan      -nan       nan       nan       nan       nan       nan       nan       nan
vertex track :         71   3 125    1992215  3.5790 -1.6577  129163.7   59169.3     210.4     0  4210.3
  126 1      1  3.5770 -1.6540  117824.4   63586.4   -2867.6  3.5851 -1.6798  115342.2   61366.2 -215703.1
      686.9      19.1  118455.9   63315.4  117960.0   63544.6  117406.4   64065.7  118439.9   63280.7
  127 1      2  3.6028 -1.6086  115109.5   63935.1   -3718.9  3.5851 -1.6798  112290.2   62796.2 -216554.4
      861.0      32.4  115908.8   63613.6  115093.1   63977.9  114523.7   64465.0  115882.5   63554.6
  128 1      3  3.5712 -1.6892  107873.6   69106.0   -6589.0  3.5851 -1.6798  102000.5   67617.6 -219424.5
     1455.2      60.8  109215.1   68538.8  107334.2   69428.4  106745.8   69881.5  109163.1   68428.7
vertex track :        141   3 125    2555771  0.8461  4.3299  120076.2   66604.5     221.9     0   980.2
  126 1      1  1.0188  4.4702  119056.0   54383.9   -2800.8  0.8775  4.3888  114597.7   50495.7 -215663.0
      851.3      52.9  119193.6   55225.6  119029.2   54504.4  119129.5   53756.6  119296.8   55202.1
  127 1      2  0.8797  4.0504  117410.2   53165.1   -3633.7  0.8775  4.3888  113866.8   46840.1 -216495.9
     1169.7     126.3  117535.0   54334.9  117223.2   52899.4  117496.2   52209.2  117781.9   54281.3
  128 1      3  0.9260  4.3414  114536.6   37163.3   -6193.3  0.8775  4.3888  111620.8   35606.8 -219055.5
     1978.9     237.7  114717.0   39148.3  114085.8   36189.2  114567.1   35392.7  115181.8   39049.1
vertex track :        152   3 125    3536086  2.0560  2.1295  123231.1   67407.8     383.3     0 10001.0
  126 1      1  2.0616  2.1272  116096.5   61290.7   -2869.6  2.0822  2.1446  113664.8   57584.1 -215889.6
      444.5      13.8  116395.9   61619.5  116210.2   61427.9  116009.2   61174.1  116415.8   61600.3
  127 1      2  2.0310  2.1588  114701.7   58500.4   -3715.9  2.0822  2.1446  111902.5   55769.0 -216735.9
      543.6      18.5  115060.8   58909.0  114742.3   58570.5  114554.7   58303.9  115087.7   58883.7
  128 1      3  2.0788  2.1187  111048.7   54064.6   -6585.3  2.0822  2.1446  105928.0   49615.4 -219605.2
      891.6      32.2  111650.2   54723.6  110837.9   53895.7  110659.4   53617.8  111696.1   54678.5
vertex track :        158   3 125    4723836  2.5309  2.7931  126908.8   71303.8     389.2     0  2974.8
  126 1      1  2.5395  2.5868  121112.6   63450.9   -2771.8  2.5638  2.8129  116066.1   59596.9 -215795.3
      651.4      21.1  121553.8   63930.6  121174.5   63544.1  120883.8   63183.9  121583.9   63901.0
  127 1      2  3.2107  2.4968  117905.4   63545.3   -3597.2  2.5638  2.8129  113949.8   57275.0 -216620.8
      810.6      39.1  118521.3   64073.8  117915.7   63602.9  117502.7   63229.3  118569.3   64012.0
  128 1      3  2.5075  2.8773  110251.3   52208.8   -6153.3  2.5638  2.8129  107396.5   50085.0 -219176.8
     1302.5      70.6  111053.8   53237.2  109868.9   51877.5  109661.4   51393.4  111160.3   53144.4
vertex track :        161   3 125    5121918  3.4667 -4.3671  124871.1   56733.7     365.2     0  1555.3
  126 1      1  3.4786 -4.3580  113877.0   68630.8   -2868.3  3.4586 -4.4069  110842.5   68014.7 -215866.2
     1362.4      53.6  114768.8   67599.4  113799.4   68813.9  113198.6   69867.8  114685.0   67532.5
  127 1      2  3.5422 -4.3473  111236.4   71056.7   -3719.5  3.4586 -4.4069  107898.2   71766.2 -216717.4
     1793.9     121.0  112463.3   69742.4  110940.9   71610.9  110223.0   72576.6  112275.8   69589.6
  128 1      3  3.4209 -4.4029  104438.5   83215.5   -6583.4  3.4586 -4.4069   97993.2   84386.7 -219581.3
     3080.3     233.3  106512.7   80926.2  103451.3   84866.4  102577.8   85710.3  106144.2   80639.9
vertex track :        170   3 126     298754  1.8228  1.7641  112598.4   58467.6     191.0   211   205.2
  123 1     -2  1.8198  1.7689  123244.3   70188.2    6603.5  1.8332  1.7482  122840.9   66975.6 -209022.6
     1814.6     624.6  124110.1   71900.9  121889.9   69742.7  122590.3   68687.3  124980.8   71005.2
  124 1     -1  1.8419  1.6534  117520.1   62817.8    3716.9  1.8332  1.7482  117549.2   61929.1 -211909.2
      895.5     299.5  117986.3   63638.9  117040.4   62789.8  117265.6   62208.4  118386.5   63193.1
  125 1      0  1.8232  1.7648  119037.6   63517.8    2868.7  1.8332  1.7482  115994.2   60446.2 -212757.4
      428.5     113.7  119266.5   63897.5  119033.5   63672.0  119020.6   63349.8  119424.6   63734.2
vertex track :        178   3 126     324921 -2.1180  1.9913  119894.2   61525.9     186.7   211     nan
  123 1     -2 -2.1808  2.1412  107017.0   75044.4    6647.9 -2.1273  2.0225  104715.2   71886.8 -208954.3
        nan       nan      -nan       nan       nan       nan       nan       nan       nan       nan
  124 1     -1 -2.1677  2.0976  114185.0   69923.9    3611.9 -2.1273  2.0225  111173.6   65746.3 -211990.3
        nan       nan      -nan       nan       nan       nan       nan       nan       nan       nan
  125 1      0 -2.1728  2.1386  112367.6   67207.0    2765.3 -2.1273  2.0225  112974.5   64034.1 -212836.9
        nan       nan      -nan       nan       nan       nan       nan       nan       nan       nan
vertex track :        184   3 126     353066  0.1675 -2.0220  117623.3   68293.3     193.4   211     nan
  123 1     -2  0.1745 -2.0221  117444.7   54876.1    6582.2  0.1570 -2.0547  117208.7   52547.1 -209018.3
        nan       nan      -nan       nan       nan       nan       nan       nan       nan       nan
  124 1     -1  0.1489 -2.0242  116536.1   59024.7    3718.5  0.1570 -2.0547  116759.0   58431.1 -211882.0
        nan       nan      -nan       nan       nan       nan       nan       nan       nan       nan
  125 1      0  0.1682 -2.0161  119491.0   62880.6    2867.2  0.1570 -2.0547  116625.3   60180.2 -212733.2
        nan       nan      -nan       nan       nan       nan       nan       nan       nan       nan
vertex track :        189   3 126     355553  1.9561 -2.0744  113465.9   68222.9     194.1   211     nan
  123 2     -2  2.0670 -2.1088    6000.4   55093.4    6625.0  1.9458 -2.1109  124534.9   52048.9 -208983.9
        nan       nan      -nan       nan       nan       nan       nan       nan       nan       nan
  124 1     -1  2.1845 -1.8834  122931.9   61476.4    3601.5  1.9458 -2.1109  118651.7   58431.2 -212007.4
        nan       nan      -nan       nan       nan       nan       nan       nan       nan       nan
  125 1      0  2.0185 -1.9666  117626.9   62188.2    2766.2  1.9458 -2.1109  117026.4   60194.4 -212842.7
        nan       nan      -nan       nan       nan       nan       nan       nan       nan       nan
vertex track :        201   3 126     711687  0.5883  1.9611  117690.9   61830.2     191.6   211     nan
  123 1     -2  0.5829  1.9642  120192.9   74806.7    6577.0  0.5990  1.9696  120064.5   71713.8 -209033.4
        nan       nan      -nan       nan       nan       nan       nan       nan       nan       nan
  124 1     -1  0.6522  1.9601  118162.3   66902.3    3715.2  0.5990  1.9696  118350.4   66077.2 -211895.2
        nan       nan      -nan       nan       nan       nan       nan       nan       nan       nan
  125 1      0  0.5902  1.9523  120711.9   67410.1    2867.4  0.5990  1.9696  117842.6   64407.3 -212743.0
        nan       nan      -nan       nan       nan       nan       nan       nan       nan       nan
vertex track :        214   3 126     737950  1.5816 -1.9757  114071.6   68340.8     194.3   211     nan
  123 2     -2  1.5312 -2.1173    4139.5   55850.9    6626.3  1.5715 -2.0101  122738.3   52810.8 -208981.4
        nan       nan      -nan       nan       nan       nan       nan       nan       nan       nan
  124 1     -1  1.7868 -1.8054  122190.4   61941.8    3602.2  1.5715 -2.0101  117986.0   58889.5 -212005.5
        nan       nan      -nan       nan       nan       nan       nan       nan       nan       nan
  125 1      0  1.6115 -1.9973  117135.9   62589.1    2761.6  1.5715 -2.0101  116665.0   60579.2 -212846.1
        nan       nan      -nan       nan       nan       nan       nan       nan       nan       nan
vertex track :        232   3 126    1168276 -0.8753  3.9893  118759.2   60421.9     188.8   211     nan
  123 3     -2 -0.8848  3.9944  111526.0    8271.0    6591.3 -0.8585  4.0138  111813.3   83406.1 -209017.1
        nan       nan      -nan       nan       nan       nan       nan       nan       nan       nan
  124 1     -1 -0.8350  4.0011  114016.7   72828.7    3718.7 -0.8585  4.0138  114279.4   71876.1 -211889.6
        nan       nan      -nan       nan       nan       nan       nan       nan       nan       nan
  125 1      0 -0.8944  3.9891  117757.2   71538.4    2868.2 -0.8585  4.0138  115009.5   68462.4 -212740.1
        nan       nan      -nan       nan       nan       nan       nan       nan       nan       nan
vertex track :        237   3 126    1187356 -2.1028 -1.3511  121581.5   65610.3     189.8   211     nan
  123 1     -2 -1.9884 -1.2126  108786.0   57124.8    6702.4 -2.1426 -1.3668  106228.6   54040.2 -208892.3
        nan       nan      -nan       nan       nan       nan       nan       nan       nan       nan
  124 1     -1 -2.1334 -1.3684  116094.0   61469.9    3622.3 -2.1426 -1.3668  112828.2   58250.1 -211972.4
        nan       nan      -nan       nan       nan       nan       nan       nan       nan       nan
  125 1      0 -2.0237 -1.4462  114020.6   61493.3    2781.9 -2.1426 -1.3668  114628.8   59398.7 -212812.8
        nan       nan      -nan       nan       nan       nan       nan       nan       nan       nan
vertex track :        243   3 126    1188079 -2.0640 -0.0653  118793.0   63162.0     187.5   211     nan
  123 1     -2 -2.0580 -0.0612  103644.9   62757.8    6588.9 -2.0913 -0.0582  103970.8   60105.9 -209013.0
        nan       nan      -nan       nan       nan       nan       nan       nan       nan       nan
  124 1     -1 -2.0440 -0.0899  109566.9   61089.3    3718.5 -2.0913 -0.0582  109973.6   60273.1 -211883.4
        nan       nan      -nan       nan       nan       nan       nan       nan       nan       nan
  125 1      0 -2.0625 -0.0584  114457.2   63166.9    2870.1 -2.0913 -0.0582  111747.9   60322.5 -212731.8
        nan       nan      -nan       nan       nan       nan       nan       nan       nan       nan
vertex track :        268   3 126    1857094 -2.4843  3.2236  120911.2   59562.0     188.9   211     nan
  123 1     -2 -2.6212  3.0757  105578.7   81131.9    6629.6 -2.4695  3.2330  103569.9   77650.5 -208976.6
        nan       nan      -nan       nan       nan       nan       nan       nan       nan       nan
  124 1     -1 -2.4510  3.0924  113984.9   72368.6    3597.5 -2.4695  3.2330  111057.7   67847.7 -212008.7
        nan       nan      -nan       nan       nan       nan       nan       nan       nan       nan
  125 1      0 -2.6225  3.3162  112314.8   68746.9    2763.1 -2.4695  3.2330  113118.2   65150.2 -212843.1
        nan       nan      -nan       nan       nan       nan       nan       nan       nan       nan
vertex track :        286   3 126    1898203 -0.8665 -0.8679  119333.1   64530.7     188.8   211     nan
  123 1     -2 -0.8646 -0.8667  112266.8   58798.3    6589.3 -0.8828 -0.8782  112259.6   56239.6 -209010.4
        nan       nan      -nan       nan       nan       nan       nan       nan       nan       nan
  124 1     -1 -0.8757 -0.8593  114444.6   59518.9    3722.2 -0.8828 -0.8782  114790.6   58757.4 -211877.5
        nan       nan      -nan       nan       nan       nan       nan       nan       nan       nan
  125 1      0 -0.8680 -0.8674  118343.3   62317.9    2866.3 -0.8828 -0.8782  115546.2   59509.0 -212733.4
        nan       nan      -nan       nan       nan       nan       nan       nan       nan       nan
vertex track :        296   3 126    1899093  1.4028 -1.2285  116480.2   64683.4     193.8   211     nan
  123 2     -2  1.3755 -1.1276    5473.5   57120.4    6634.4  1.4060 -1.2507  124089.3   53973.3 -208975.1
        nan       nan      -nan       nan       nan       nan       nan       nan       nan       nan
  124 1     -1  1.3660 -1.1899  124009.3   60960.7    3602.9  1.4060 -1.2507  119827.1   57764.8 -212006.6
        nan       nan      -nan       nan       nan       nan       nan       nan       nan       nan
  125 1      0  1.4022 -1.2666  119070.5   61032.4    2770.7  1.4060 -1.2507  118657.1   58805.6 -212838.8
        nan       nan      -nan       nan       nan       nan       nan       nan       nan       nan
vertex track :        302   3 126    1899482 -0.2422  1.1243  118419.2   61671.9     187.9   211     nan
  123 1     -2 -0.2425  1.1214  115471.0   69155.0    6590.6 -0.2397  1.1346  115438.5   66237.9 -209015.1
        nan       nan      -nan       nan       nan       nan       nan       nan       nan       nan
  124 1     -1 -0.2336  1.1338  115829.7   63854.0    3715.4 -0.2397  1.1346  116127.8   62975.8 -211890.3
        nan       nan      -nan       nan       nan       nan       nan       nan       nan       nan
  125 1      0 -0.2402  1.1313  119155.9   64960.3    2867.1 -0.2397  1.1346  116331.1   62013.2 -212738.7
        nan       nan      -nan       nan       nan       nan       nan       nan       nan       nan
