groupid:   2910, ntrk: 20
vertex track :          0   3 125     577366 -0.0824 -0.0351   61061.7   55423.4     236.1    13  1082.8
  126 1      1 -0.0824 -0.0351   59877.9   55365.7   -2867.9 -0.0826 -0.0360   58067.4   52957.5 -215748.7
       14.1       4.6   59866.7   55355.9   59875.3   55359.6   60098.9   55585.4   59863.1   55364.4
  127 1      2 -0.0820 -0.0361   60270.0   53690.3   -3717.8 -0.0826 -0.0360   58137.6   52988.1 -216598.6
       20.0      11.3   60256.3   53671.8   60275.6   53680.3   60493.6   53918.7   60247.2   53692.6
  128 1      3 -0.0825 -0.0337   62063.8   55914.1   -6581.4 -0.0826 -0.0360   58374.2   53091.2 -219462.2
       35.3      22.3   62039.5   55880.0   62087.6   55899.7   62297.9   56158.1   62022.6   55921.4
vertex track :         22   3 125     577069  2.0052 -1.9846   64099.9   52778.4     225.8   211   108.7
  126 1      1  2.1928 -2.0167   59806.9   58588.3   -2857.6  2.0172 -2.0135   54637.7   56379.6 -215733.0
     1288.8     410.3   61033.2   58017.9   59596.5   59339.2   58792.8   59366.7   60477.7   57413.9
  127 1      2  2.0381 -1.8537   57113.6   62698.8   -3686.6  2.0172 -2.0135   52965.4   58048.7 -216562.0
     3058.9    1009.4   60055.7   61387.4   55957.9   65114.4   54383.6   64218.4   58697.4   59894.0
  128 1      3  1.9056 -2.0457   50953.0   64821.6   -6394.9  2.0172 -2.0135   47502.2   63501.7 -219270.2
     5872.2    1944.6   56378.4   61850.3   48773.7   70014.3   45739.5   68000.9   53532.6   59199.4
vertex track :         50   3 125     667221  2.1961  1.8229   67936.7   61048.4     236.6   211     nan
  126 1      1  2.1955  1.8252   60245.3   55688.3   -2868.8  2.2291  1.8297   57844.4   52776.8 -215749.8
        nan       nan      -nan       nan       nan       nan       nan       nan       nan       nan
  127 1      2  2.1735  1.8447   58775.2   52434.2   -3718.4  2.2291  1.8297   55950.5   51222.2 -216599.4
        nan       nan      -nan       nan       nan       nan       nan       nan       nan       nan
  128 1      3  2.2064  1.7930   54373.2   49763.6   -6589.6  2.2291  1.8297   49550.3   45968.9 -219470.6
        nan       nan      -nan       nan       nan       nan       nan       nan       nan       nan
vertex track :         70   3 125     673116 -1.8961  1.7406   57115.8   59412.9     242.6   211     nan
  126 1      1 -1.9465  1.7787   64086.6   54523.7   -2851.8 -1.8862  1.7516   59694.9   51465.7 -215726.1
        nan       nan      -nan       nan       nan       nan       nan       nan       nan       nan
  127 1      2 -1.9853  1.6763   64630.0   55458.1   -3685.9 -1.8862  1.7516   61268.3   50004.7 -216560.3
        nan       nan      -nan       nan       nan       nan       nan       nan       nan       nan
  128 1      3 -1.9140  1.8144   69728.3   47051.9   -6304.0 -1.8862  1.7516   66206.5   45418.9 -219178.4
        nan       nan      -nan       nan       nan       nan       nan       nan       nan       nan
vertex track :         77   3 125     723886  2.3846  2.0655   68648.9   61703.2     234.7     0   775.1
  126 1      1  2.3825  2.0702   60421.3   55654.2   -2867.8  2.4211  2.0743   57977.2   52680.2 -215747.3
      492.7      42.8   60765.2   56009.7   60521.6   55798.0   60289.8   55510.7   60821.4   55945.0
  127 1      2  2.3598  2.0870   58814.2   52185.5   -3718.7  2.4211  2.0743   55917.2   50915.3 -216598.2
      673.2     102.0   59250.9   52707.9   58737.9   52254.2   58589.8   51875.2   59386.0   52555.1
  128 1      3  2.3926  2.0357   53876.5   48869.7   -6589.5  2.4211  2.0743   48966.6   44960.4 -219469.0
     1175.0     200.6   54641.5   49783.8   53354.1   48688.6   53324.0   48167.6   54901.4   49478.3
vertex track :         85   3 125    1397882 -1.9479 -1.8158   56110.4   50832.9     233.0     0 10001.0
  126 1      1 -1.9667 -1.7906   63229.2   56122.5   -2855.1 -1.9667 -1.8141   58880.1   53864.1 -215733.5
      358.1      12.1   62972.6   55872.4   63089.2   55978.6   63693.9   56580.7   62956.2   55890.3
  127 1      2 -1.9619 -1.6408   63789.8   60246.0   -3681.3 -1.9667 -1.8141   60505.1   55363.0 -216559.8
      436.8      16.2   63465.1   59953.4   63723.2   60169.3   64322.4   60747.1   63444.3   59978.3
  128 1      3 -1.8329 -1.8224   69187.9   61855.4   -6273.5 -1.9667 -1.8141   65603.1   60065.5 -219152.0
      694.5      27.5   68714.8   61346.2   69314.9   61942.9   69869.2   62572.7   68676.1   61385.2
vertex track :        128   3 125    1491233 -1.2583  1.7864   58037.2   59782.9     242.7   211   160.5
  126 1      1 -1.2551  1.7947   60208.3   54530.2   -2866.9 -1.2490  1.8046   58671.3   51640.5 -215742.5
      467.5     160.6   59808.8   54821.4   60081.1   54432.0   60816.6   54450.9   60071.9   55005.4
  127 1      2 -1.2727  1.7737   61671.7   51315.0   -3718.5 -1.2490  1.8046   59734.9   50103.7 -216594.1
     1004.3     396.2   60764.3   51900.0   61668.1   50640.5   62787.8   50941.7   61408.1   52361.9
  128 1      3 -1.2449  1.7977   66409.5   48711.2   -6588.5 -1.2490  1.8046   63319.5   44924.2 -219464.2
     1946.9     780.7   64659.2   49867.3   66614.5   47043.7   68368.5   47766.9   65942.9   50756.3
vertex track :        203   3 125    2508500  0.2547  0.5627   62145.8   57340.7     236.8   211     nan
  126 1      1  0.2659  0.5476   62941.0   55818.4   -2854.5  0.2593  0.5626   58109.3   53027.7 -215734.2
        nan       nan      -nan       nan       nan       nan       nan       nan       nan       nan
  127 1      2  0.2617  0.6484   61549.7   57902.8   -3687.1  0.2593  0.5626   57893.4   52559.3 -216566.7
        nan       nan      -nan       nan       nan       nan       nan       nan       nan       nan
  128 1      3  0.2461  0.5510   60612.0   52700.2   -6325.7  0.2593  0.5626   57209.2   51074.7 -219205.4
        nan       nan      -nan       nan       nan       nan       nan       nan       nan       nan
vertex track :        231   3 126     283245 -1.1168 -1.5417   59729.0   55096.3     227.3   211     nan
  123 1     -2 -1.1256 -1.4770   50886.7   44517.6    6598.6 -1.1326 -1.5491   50681.1   42816.8 -209128.4
        nan       nan      -nan       nan       nan       nan       nan       nan       nan       nan
  124 1     -1 -1.1269 -1.5292   53782.9   47920.5    3717.9 -1.1326 -1.5491   53943.9   47279.5 -212009.2
        nan       nan      -nan       nan       nan       nan       nan       nan       nan       nan
  125 1      0 -1.1278 -1.5349   57945.2   50843.4    2868.8 -1.1326 -1.5491   54905.5   48594.8 -212858.3
        nan       nan      -nan       nan       nan       nan       nan       nan       nan       nan
vertex track :        241   3 126     283868  2.1585  1.4631   58964.4   54728.9     228.7   211     nan
  123 1     -2  2.3464  1.5060   74296.0   64770.8    6698.6  2.1770  1.4569   71211.3   61746.9 -209029.9
        nan       nan      -nan       nan       nan       nan       nan       nan       nan       nan
  124 1     -1  2.1243  1.4782   69273.2   61222.6    3687.6  2.1770  1.4569   64656.2   57360.2 -212041.0
        nan       nan      -nan       nan       nan       nan       nan       nan       nan       nan
  125 1      0  2.1702  1.5810   63762.6   58871.9    2836.3  2.1770  1.4569   62802.9   56120.0 -212892.3
        nan       nan      -nan       nan       nan       nan       nan       nan       nan       nan
vertex track :        252   3 126     311675  1.3241 -1.8771   56202.6   60216.3     234.9   211     nan
  123 1     -2  1.3304 -1.8712   63862.7   47397.2    6585.8  1.3250 -1.9050   62789.2   45763.1 -209136.6
        nan       nan      -nan       nan       nan       nan       nan       nan       nan       nan
  124 1     -1  1.2523 -1.9326   59321.5   51837.0    3717.5  1.3250 -1.9050   58988.8   51227.3 -212004.9
        nan       nan      -nan       nan       nan       nan       nan       nan       nan       nan
  125 1      0  1.3314 -1.8915   61388.7   55017.6    2866.9  1.3250 -1.9050   57861.8   52847.7 -212855.5
        nan       nan      -nan       nan       nan       nan       nan       nan       nan       nan
vertex track :        256   3 126     312045  2.0427 -0.8465   57371.7   56338.5     230.0   211     nan
  123 1     -2  2.0643 -0.9388   71928.7   51066.9    6796.8  2.0607 -0.8705   69063.3   48234.2 -208928.1
        nan       nan      -nan       nan       nan       nan       nan       nan       nan       nan
  124 1     -1  2.0843 -0.9351   67258.6   54158.2    3691.8  2.0607 -0.8705   62664.8   50937.1 -212033.1
        nan       nan      -nan       nan       nan       nan       nan       nan       nan       nan
  125 1      0  2.0127 -0.9439   61794.5   53767.9    2851.7  2.0607 -0.8705   60933.7   51668.4 -212873.2
        nan       nan      -nan       nan       nan       nan       nan       nan       nan       nan
vertex track :        271   3 126     675579  1.1400  1.5818   59758.0   55134.4     227.3   211     nan
  123 1     -2  1.1375  1.5836   66058.9   65614.5    6570.5  1.1527  1.5797   65238.3   62745.4 -209156.5
        nan       nan      -nan       nan       nan       nan       nan       nan       nan       nan
  124 1     -1  1.1501  1.5498   62210.6   59451.3    3716.8  1.1527  1.5797   61948.9   58237.3 -212010.2
        nan       nan      -nan       nan       nan       nan       nan       nan       nan       nan
  125 1      0  1.1369  1.5880   64403.0   59792.5    2867.3  1.1527  1.5797   60969.7   56895.3 -212859.7
        nan       nan      -nan       nan       nan       nan       nan       nan       nan       nan
vertex track :        279   3 126     700711  1.4963 -2.0321   58136.2   57502.5     230.0   211     nan
  123 1     -2  1.5104 -2.0225   69179.3   44608.7    6718.2  1.5056 -2.0684   66074.8   41696.7 -209005.2
        nan       nan      -nan       nan       nan       nan       nan       nan       nan       nan
  124 1     -1  1.4801 -1.9677   65953.2   50875.5    3700.1  1.5056 -2.0684   61530.6   47939.3 -212023.3
        nan       nan      -nan       nan       nan       nan       nan       nan       nan       nan
  125 1      0  1.4513 -2.0855   60975.8   51538.0    2853.4  1.5056 -2.0684   60255.7   49690.7 -212870.1
        nan       nan      -nan       nan       nan       nan       nan       nan       nan       nan
vertex track :        299   3 126    1157211  0.2805  0.8179   58970.0   53352.1     225.3   211     nan
  123 1     -2  0.2803  0.8237   59531.8   58673.0    6569.3  0.2861  0.8181   58940.8   56127.1 -209158.2
        nan       nan      -nan       nan       nan       nan       nan       nan       nan       nan
  124 1     -1  0.2736  0.8073   58250.3   54923.6    3719.8  0.2861  0.8181   58125.5   53795.9 -212007.7
        nan       nan      -nan       nan       nan       nan       nan       nan       nan       nan
  125 1      0  0.2795  0.8176   61177.5   55849.1    2869.2  0.2861  0.8181   57882.1   53100.0 -212858.3
        nan       nan      -nan       nan       nan       nan       nan       nan       nan       nan
vertex track :        321   3 126    1570662 -3.3703  4.5714   66110.2   45825.8     210.2   211     nan
  123 1     -2 -3.4668  4.0202   45094.8   76366.7    6725.4 -3.3397  4.5661   42521.2   73085.5 -209003.9
        nan       nan      -nan       nan       nan       nan       nan       nan       nan       nan
  124 1     -1 -3.6540  4.8659   55935.2   63773.9    3684.6 -3.3397  4.5661   52676.8   59200.5 -212044.7
        nan       nan      -nan       nan       nan       nan       nan       nan       nan       nan
  125 1      0 -3.8419  4.5510   55135.4   58796.4    2855.6 -3.3397  4.5661   55445.2   55415.4 -212873.7
        nan       nan      -nan       nan       nan       nan       nan       nan       nan       nan
vertex track :        322   3 126    1571006 -4.0744  3.6550   70151.3   45700.5     205.2   211   187.0
  123 1     -2 -4.0464  3.5466   41529.6   69895.6    6575.8 -4.0648  3.6753   42453.7   66600.2 -209148.2
    11992.7    2109.3   31120.6   76214.1   48308.4   61149.4   52144.7   63790.6   33901.1   79386.5
  124 1     -1 -4.0195  3.7644   53392.5   57756.9    3704.2 -4.0648  3.6753   54126.1   56046.2 -212019.7
     5791.3    1010.7   48474.6   60977.9   56084.5   53851.0   58516.4   54749.7   49856.4   62453.3
  125 1      0 -4.0815  3.6053   59950.9   56265.7    2866.1 -4.0648  3.6753   57533.2   52965.6 -212857.9
     2388.5     383.6   57906.8   57559.5   60630.0   55154.0   62200.9   55185.4   58414.7   58134.4
vertex track :        327   3 126    1577641  3.6803  3.7258   50193.1   44854.1     230.9   211   107.0
  123 1     -2  3.2512  3.5290   75472.1   69753.4    6672.7  3.7098  3.7116   72154.3   66352.4 -209067.3
    25186.6    4704.4   89077.8   91464.7   55629.4   55158.1   62079.7   48255.5   95997.6   85089.7
  124 1     -1  3.8141  4.2032   66155.0   59605.9    3685.9  3.7098  3.7116   61074.0   55266.8 -212054.0
    11769.0    2194.7   72438.5   69796.3   57421.9   53247.8   60085.4   49629.6   75689.1   66846.6
  125 1      0  3.5536  3.8281   59265.4   55449.1    2851.6  3.7098  3.7116   57978.7   52169.9 -212888.3
     4523.0     828.3   61735.5   59327.5   56327.4   53501.6   57008.8   51784.5   62949.6   58200.4
vertex track :        330   3 126    1796051 -0.2829  4.1932   60667.2   46743.0     217.7   211     nan
  123 1     -2 -0.3078  4.1468   57385.8   74631.4    6571.1 -0.2639  4.1847   57128.4   70871.6 -209161.0
        nan       nan      -nan       nan       nan       nan       nan       nan       nan       nan
  124 1     -1 -0.2149  4.2143   57888.4   60746.6    3717.1 -0.2639  4.1847   57881.6   58928.3 -212015.1
        nan       nan      -nan       nan       nan       nan       nan       nan       nan       nan
  125 1      0 -0.2843  4.2034   61269.9   58822.6    2866.8 -0.2639  4.1847   58106.0   55370.0 -212865.4
        nan       nan      -nan       nan       nan       nan       nan       nan       nan       nan
vertex track :        340   3 126    1833517 -2.7026  0.2676   66208.0   54607.1     215.6   211   458.8
  123 1     -2 -2.6004  0.3106   49514.6   56884.0    6761.7 -2.7259  0.2853   46575.7   54025.4 -208954.5
     1058.8     268.9   48431.4   56742.6   49987.9   56556.7   50805.2   57235.8   48495.1   57276.6
  124 1     -1 -2.5818  0.3146   58440.3   56536.5    3679.7 -2.7259  0.2853   54976.8   53146.1 -212036.4
      539.8     123.6   57889.5   56479.1   58419.0   56414.6   59198.5   56804.3   57919.4   56724.5
  125 1      0 -2.5929  0.2376   57067.9   55232.4    2854.9 -2.7259  0.2853   57225.1   52910.7 -212861.2
      353.6      47.6   56711.5   55217.2   56871.2   55202.6   57631.8   55457.8   56720.2   55312.0
