groupid:   3179, ntrk: 12
vertex track :          0   3 119   10254145  0.7804 -0.1768   58040.1  174469.9     165.5    13   846.4
  120 5      1  0.7769 -0.1758   57178.4   21742.0   -2868.7  0.7775 -0.1853   56521.3  175064.7 -204204.4
       77.5       9.8   57256.2   21734.5   57268.1   21731.8   57311.4   21959.4   57251.9   21715.4
  121 5      2  0.7752 -0.1838   55475.4   17123.9   -3715.4  0.7775 -0.1853   55863.0  175221.6 -205051.2
       94.3      21.7   55572.1   17123.2   55551.5   17128.1   55589.4   17334.3   55562.1   17081.0
  122 5      3  0.7787 -0.1851   52630.3   16068.5   -6588.3  0.7775 -0.1853   53629.5  175753.9 -207924.0
      151.3      42.8   52787.5   16075.1   52656.5   16106.2   52684.0   16271.6   52767.7   15991.9
vertex track :         22   3 119    9347748 -0.0972  0.7450   56250.1  176535.8     169.4   211     nan
  120 5      1 -0.1498  0.7043   53117.2   15886.2   -3159.3 -0.0937  0.7521   57412.8  174098.0 -204506.8
        nan       nan      -nan       nan       nan       nan       nan       nan       nan       nan
  121 5      2 -0.0896  0.7862   54525.2   11882.4   -3992.1 -0.0937  0.7521   57490.8  173471.7 -205339.6
        nan       nan      -nan       nan       nan       nan       nan       nan       nan       nan
  122 5      3 -0.0792  0.7525   56919.3   11331.3   -6726.0 -0.0937  0.7521   57747.0  171415.5 -208073.5
        nan       nan      -nan       nan       nan       nan       nan       nan       nan       nan
vertex track :         35   3 119    9398479 -1.6046  0.9224   50828.6  177804.0     177.2   211     nan
  120 5      1 -1.5946  0.9263   57509.5   21590.5   -2870.6 -1.6198  0.9526   56594.2  175032.8 -204247.5
        nan       nan      -nan       nan       nan       nan       nan       nan       nan       nan
  121 5      2 -1.5899  0.9386   57764.5   16032.1   -3719.8 -1.6198  0.9526   57969.8  174223.9 -205096.7
        nan       nan      -nan       nan       nan       nan       nan       nan       nan       nan
  122 5      3 -1.6050  0.9311   61450.7   11981.1   -6585.4 -1.6198  0.9526   62611.6  171494.2 -207962.3
        nan       nan      -nan       nan       nan       nan       nan       nan       nan       nan
vertex track :         54   3 119   10254497 -1.1296 -0.0606   52007.7  174535.6     173.3   211   190.8
  120 5      1 -1.0622 -0.0210   51809.9   16221.5   -3153.1 -1.1466 -0.0487   56622.7  174795.0 -204520.0
      154.5      67.3   51656.8   16151.1   51742.7   16152.8   52172.1   16501.8   51654.1   16285.7
  121 5      2 -1.0967  0.0515   54105.9   12846.2   -3993.0 -1.1466 -0.0487   57585.8  174835.8 -205359.9
      278.1     160.5   53820.6   12698.9   54145.9   12683.7   54600.2   13203.5   53835.6   13019.5
  122 5      3 -1.1778 -0.1309   59241.9   14821.5   -6733.9 -1.1466 -0.0487   60728.5  174969.2 -208100.8
      502.0     302.7   58776.3   14465.2   59526.9   14548.6   59916.3   15387.7   58709.5   15066.9
vertex track :         96   3 119   11199357 -3.9324 -2.1490   42930.4  168268.8     186.0     0  1821.5
  120 5      1 -3.9129 -2.1340   56971.7   21766.3   -2868.5 -4.0468 -2.1631   55973.8  175014.6 -204284.3
      861.1      33.0   56231.5   21325.0   56921.8   21701.5   57918.0   22415.5   56199.9   21383.0
  121 5      2 -3.9704 -2.0977   59252.0   18763.1   -3721.1 -4.0468 -2.1631   59424.3  176859.1 -205137.0
     1114.1      72.7   58300.9   18178.5   59437.2   18778.8   60409.2   19555.7   58233.0   18307.0
  122 5      3 -3.9543 -2.1382   69340.0   23154.4   -6591.6 -4.0468 -2.1631   71040.3  183068.2 -208007.4
     1918.9     142.4   67719.8   22116.4   70265.2   23492.8   71166.2   24400.2   67584.3   22366.9
vertex track :        126   3 119   11394695  3.5334 -1.4277   59649.5  173740.0     161.3   211     nan
  120 5      1  3.4008 -1.2460   46172.2   19270.7   -3123.1  3.4876 -1.4538   49037.7  178525.4 -204448.1
        nan       nan      -nan       nan       nan       nan       nan       nan       nan       nan
  121 5      2  4.3533 -1.2005   44408.3   17019.7   -3939.3  3.4876 -1.4538   46191.0  179712.1 -205264.3
        nan       nan      -nan       nan       nan       nan       nan       nan       nan       nan
  122 5      3  3.7093 -1.1826   36330.7   23259.5   -6627.1  3.4876 -1.4538   36817.3  183619.5 -207952.1
        nan       nan      -nan       nan       nan       nan       nan       nan       nan       nan
vertex track :        134   3 119   11395470 -2.6585 -0.7223   52112.7  173567.6     174.2  2212   514.1
  120 5      1 -2.6474 -0.7341   62180.7   22556.6   -2864.9 -2.7148 -0.7053   61154.2  175800.9 -204231.8
      488.5     108.1   61738.9   22321.9   62124.4   22428.7   62829.9   23000.6   61681.1   22530.3
  121 5      2 -2.6636 -0.6906   63390.5   18297.3   -3718.3 -2.7148 -0.7053   63470.9  176402.8 -205085.2
      909.5     268.3   62577.4   17809.3   63778.9   18120.8   64410.9   18994.5   62442.8   18328.7
  122 5      3 -2.6567 -0.7131   69929.8   18815.1   -6582.6 -2.7148 -0.7053   71246.9  178422.9 -207949.6
     1733.7     532.0   68393.3   17851.9   71184.2   18601.0   71673.7   19987.6   68117.5   18879.5
vertex track :        135   3 119   11395598 -1.1333 -0.3465   51729.2  173907.2     175.3   211     nan
  120 5      1 -1.0807 -0.2999   51557.4   16439.2   -3152.0 -1.1533 -0.3377   56358.7  175126.9 -204521.7
        nan       nan      -nan       nan       nan       nan       nan       nan       nan       nan
  121 5      2 -1.1149 -0.4148   53811.4   13266.9   -4002.2 -1.1533 -0.3377   57339.2  175414.0 -205371.9
        nan       nan      -nan       nan       nan       nan       nan       nan       nan       nan
  122 5      3 -1.1626 -0.4319   58992.0   16098.9   -6731.3 -1.1533 -0.3377   60486.6  176335.6 -208101.0
        nan       nan      -nan       nan       nan       nan       nan       nan       nan       nan
vertex track :        165   3 119   11469536 -4.1804  3.6371   41384.3  187393.1     194.2   211     nan
  120 5      1 -4.1429  3.6763   56197.4   22603.5   -2864.0 -4.2336  3.7622   55219.3  176170.7 -204297.7
        nan       nan      -nan       nan       nan       nan       nan       nan       nan       nan
  121 5      2 -4.1424  3.7121   58745.7   14628.3   -3720.2 -4.2336  3.7622   58844.3  172949.4 -205153.9
        nan       nan      -nan       nan       nan       nan       nan       nan       nan       nan
  122 3      3 -4.2058  3.6088   67880.7   85452.9   -6587.8 -4.2336  3.7622   70984.6  162160.8 -208021.6
        nan       nan      -nan       nan       nan       nan       nan       nan       nan       nan
vertex track :        202   3 120    9636281  2.1914 -1.2366   58085.8  177463.6     306.1     0  1973.6
  117 5     -2  2.1411 -1.2583   72935.6    6721.1    6594.6  2.1999 -1.2718   70260.6  167042.4 -198058.4
      625.6      56.3   73503.5    6452.6   72874.3    6822.4   72579.8    7198.3   73446.5    6355.6
  118 5     -1  2.1798 -1.1952   68358.1   15490.9    3726.3  2.1999 -1.2718   63950.8  170690.4 -200926.7
      361.2      27.4   68688.0   15341.3   68512.3   15437.6   68240.4   15849.4   68661.6   15293.2
  119 5      0  2.2079 -1.2247   61835.0   15289.7    2873.9  2.1999 -1.2718   62075.8  171774.5 -201779.1
      285.7      13.1   62091.2   15162.5   62055.1   15182.5   61791.0   15625.6   62078.5   15139.7
vertex track :        203   3 120    9636298 -0.5790 -0.1213   59642.1  177472.5     305.4   211     nan
  117 5     -2 -0.6186 -0.1027   57893.6   18491.4    6795.3 -0.5844 -0.1185   54201.6  174265.3 -197857.1
        nan       nan      -nan       nan       nan       nan       nan       nan       nan       nan
  118 5     -1 -0.6372 -0.0681   58051.7   23887.1    4038.9 -0.5844 -0.1185   55812.4  174591.9 -200613.5
        nan       nan      -nan       nan       nan       nan       nan       nan       nan       nan
  119 5      0 -0.5963 -0.1328   59509.6   24119.2    3190.2 -0.5844 -0.1185   56308.3  174692.4 -201462.3
        nan       nan      -nan       nan       nan       nan       nan       nan       nan       nan
vertex track :        294   3 120   11436117 -3.1488 -0.0788   69941.6  177277.1     297.0   211     nan
  117 5     -2 -3.0831 -0.0107   48568.1   14537.7    6572.0 -3.1635 -0.0631   48512.6  174342.0 -198073.0
        nan       nan      -nan       nan       nan       nan       nan       nan       nan       nan
  118 5     -1 -3.1505 -0.0549   58533.2   20102.7    3715.6 -3.1635 -0.0631   57548.7  174522.3 -200929.4
        nan       nan      -nan       nan       nan       nan       nan       nan       nan       nan
  119 5      0 -3.1526 -0.0495   56571.7   18867.4    2867.3 -3.1635 -0.0631   60232.5  174575.9 -201777.8
        nan       nan      -nan       nan       nan       nan       nan       nan       nan       nan
