groupid:   3325, ntrk: 16
vertex track :          0   3 125    9646320 -0.2519 -0.0828   95853.1  186302.4     294.3    13  2291.4
  126 5      1 -0.2519 -0.0831   95372.1   26131.4   -2866.9 -0.2531 -0.0858   94383.4  184604.9 -215548.7
       28.2       3.2   95346.3   26119.6   95347.0   26119.8   95607.7   26353.2   95344.3   26125.6
  127 5      2 -0.2507 -0.0850   92714.2   28735.0   -3716.9 -0.2531 -0.0858   94598.5  184677.8 -216398.6
       33.9       6.3   92684.1   28718.1   92695.7   28722.1   92954.1   28961.7   92680.1   28730.0
  128 5      3 -0.2527 -0.0793   99608.4   30933.8   -6583.8 -0.2531 -0.0858   95324.1  184923.7 -219265.5
       54.1      12.1   99560.4   30906.1   99610.6   30921.9   99866.2   31171.5   99553.2   30929.2
vertex track :          2   3 125    9608678  2.0384 -2.2901  100369.5  181957.0     288.4   211     nan
  126 5      1  1.7714 -2.0922   96058.7   28473.6   -2815.9  2.0568 -2.3388   91717.0  187204.4 -215513.7
        nan       nan      -nan       nan       nan       nan       nan       nan       nan       nan
  127 5      2  2.0178 -2.0274   91822.4   36563.4   -3659.6  2.0568 -2.3388   89981.7  189177.5 -216357.3
        nan       nan      -nan       nan       nan       nan       nan       nan       nan       nan
  128 5      3  2.1458 -2.2698   87469.2   40357.2   -6618.0  2.0568 -2.3388   83896.9  196096.6 -219315.7
        nan       nan      -nan       nan       nan       nan       nan       nan       nan       nan
vertex track :         12   3 125    9646966  0.0764  1.2660   96399.4  188541.2     297.2   211     nan
  126 5      1  0.0787  1.2651   94994.7   24591.5   -2864.0  0.0845  1.2595   93878.7  182596.4 -215539.5
        nan       nan      -nan       nan       nan       nan       nan       nan       nan       nan
  127 5      2  0.0569  1.2669   92119.8   26015.9   -3717.8  0.0845  1.2595   93806.5  181520.9 -216393.4
        nan       nan      -nan       nan       nan       nan       nan       nan       nan       nan
  128 5      3  0.0889  1.2682   97935.4   24433.5   -6589.2  0.0845  1.2595   93563.7  177904.2 -219264.8
        nan       nan      -nan       nan       nan       nan       nan       nan       nan       nan
vertex track :         81   3 125   10813604  1.0233  3.9934   98840.2  196990.6     307.6     0   723.1
  126 5      1  0.9412  4.0397   97468.0   25378.5   -2803.2  1.0290  3.9335   93432.7  182805.6 -215455.3
      795.6      66.5   97583.8   26168.5   97420.3   25467.1   97563.1   24802.6   97713.3   26138.3
  127 5      2  1.0551  3.8984   93997.6   28260.0   -3645.2  1.0290  3.9335   92566.3  179493.6 -216297.3
     1147.0     159.8   94143.0   29408.9   93765.3   28013.3   94063.2   27325.0   94451.4   29325.4
  128 5      3  0.4774  4.7429   92403.6   14032.9   -6404.2  1.0290  3.9335   89727.4  168641.3 -219056.3
     2016.6     308.6   92298.5   16070.3   91994.8   13053.3   92719.2   12210.2   92912.6   16008.5
vertex track :         97   3 125   10988358 -0.6830  2.8381   95541.0  188481.6     300.2   211     nan
  126 5      1 -0.6784  2.8449   96249.2   20153.4   -2867.1 -0.6617  2.8136   95377.6  177612.2 -215545.2
        nan       nan      -nan       nan       nan       nan       nan       nan       nan       nan
  127 5      2 -0.7166  2.8443   94116.2   20246.6   -3717.1 -0.6617  2.8136   95940.0  175220.8 -216395.1
        nan       nan      -nan       nan       nan       nan       nan       nan       nan       nan
  128 5      3 -0.6519  2.8758  101823.2   14416.7   -6591.8 -0.6617  2.8136   97842.3  167132.5 -219269.8
        nan       nan      -nan       nan       nan       nan       nan       nan       nan       nan
vertex track :        120   3 126    8343996 -1.9384  1.9977   99132.1  181518.9     124.9   211     nan
  123 5     -2 -1.9432  1.9912   85180.7   37690.9    6582.2 -1.9407  2.0119   85685.2  192673.9 -208752.5
        nan       nan      -nan       nan       nan       nan       nan       nan       nan       nan
  124 5     -1 -1.8393  1.8919   89279.5   31587.7    3722.5 -1.9407  2.0119   91235.1  186920.5 -211612.2
        nan       nan      -nan       nan       nan       nan       nan       nan       nan       nan
  125 5      0 -1.9545  1.9887   93817.4   29507.7    2867.9 -1.9407  2.0119   92893.6  185201.2 -212466.8
        nan       nan      -nan       nan       nan       nan       nan       nan       nan       nan
vertex track :        124   3 126    8368043 -1.5608  0.9509   97147.9  184856.9     129.9   211     nan
  123 5     -2 -1.8964  1.1614   88338.6   34933.7    6475.2 -1.5683  0.9627   86285.4  189153.3 -208860.4
        nan       nan      -nan       nan       nan       nan       nan       nan       nan       nan
  124 5     -1 -1.7772  0.8068   91183.1   33881.1    3639.5 -1.5683  0.9627   90732.7  186423.4 -211696.2
        nan       nan      -nan       nan       nan       nan       nan       nan       nan       nan
  125 5      0 -1.4953  0.7799   89902.1   29765.9    2806.6 -1.5683  0.9627   92039.0  185621.6 -212529.1
        nan       nan      -nan       nan       nan       nan       nan       nan       nan       nan
vertex track :        130   3 126    8369692  1.0077  1.1919   94451.4  185630.3     132.6   211     nan
  123 5     -2  0.9870  1.1978   99528.5   36611.0    6584.7  1.0135  1.1837  100066.8  191475.3 -208756.7
        nan       nan      -nan       nan       nan       nan       nan       nan       nan       nan
  124 5     -1  1.0191  1.1996   95260.5   32808.0    3717.3  1.0135  1.1837   97160.6  188081.0 -211624.2
        nan       nan      -nan       nan       nan       nan       nan       nan       nan       nan
  125 5      0  1.0125  1.1993   97377.3   31377.2    2866.5  1.0135  1.1837   96298.3  187073.8 -212475.0
        nan       nan      -nan       nan       nan       nan       nan       nan       nan       nan
vertex track :        138   3 126    8370442  1.9745  1.3421   91791.6  184224.3     134.8   211     nan
  123 5     -2  1.9826  1.2942  106236.2   36835.2    6446.2  1.9785  1.3256  103331.1  190806.6 -208905.6
        nan       nan      -nan       nan       nan       nan       nan       nan       nan       nan
  124 5     -1  1.9806  1.6047   98876.1   34872.4    3645.1  1.9785  1.3256   97789.0  187093.6 -211706.7
        nan       nan      -nan       nan       nan       nan       nan       nan       nan       nan
  125 5      0  1.8208  1.3343   94848.4   30094.5    2798.0  1.9785  1.3256   96113.1  185970.7 -212553.8
        nan       nan      -nan       nan       nan       nan       nan       nan       nan       nan
vertex track :        141   3 126    8538807 -1.7032 -1.9476   97154.8  188849.3     131.6   211     nan
  123 5     -2 -1.7235 -1.9739   84697.0   19447.0    6589.4 -1.7242 -1.9533   85126.7  174441.0 -208741.0
        nan       nan      -nan       nan       nan       nan       nan       nan       nan       nan
  124 5     -1 -1.6964 -1.9532   88104.8   24592.3    3716.1 -1.7242 -1.9533   90080.8  180053.5 -211614.3
        nan       nan      -nan       nan       nan       nan       nan       nan       nan       nan
  125 5      0 -1.6882 -1.9599   92522.2   25786.8    2868.1 -1.7242 -1.9533   91542.9  181709.9 -212462.3
        nan       nan      -nan       nan       nan       nan       nan       nan       nan       nan
vertex track :        145   3 126    8540043  1.1324 -1.9129   94502.6  187336.0     133.6   211     nan
  123 5     -2  1.1669 -1.9466  103238.6   18510.0    6451.5  1.1308 -1.9360  100731.9  173319.8 -208886.7
        nan       nan      -nan       nan       nan       nan       nan       nan       nan       nan
  124 5     -1  1.1130 -1.7985   98621.9   25989.2    3624.1  1.1308 -1.9360   97534.7  178793.5 -211714.1
        nan       nan      -nan       nan       nan       nan       nan       nan       nan       nan
  125 5      0  1.0562 -1.8166   95120.4   23864.4    2786.1  1.1308 -1.9360   96587.1  180415.9 -212552.1
        nan       nan      -nan       nan       nan       nan       nan       nan       nan       nan
vertex track :        150   3 126    8540885 -0.5590  1.4870   95169.2  186668.7     131.5   211     nan
  123 5     -2 -0.5639  1.4854   90120.6   39557.8    6583.7 -0.5553  1.4911   90672.3  194497.5 -208752.9
        nan       nan      -nan       nan       nan       nan       nan       nan       nan       nan
  124 5     -1 -0.5733  1.4402   90257.6   34944.2    3723.0 -0.5553  1.4911   92260.8  190232.0 -211613.5
        nan       nan      -nan       nan       nan       nan       nan       nan       nan       nan
  125 5      0 -0.5613  1.4852   93685.7   33236.4    2867.2 -0.5553  1.4911   92736.0  188956.0 -212469.3
        nan       nan      -nan       nan       nan       nan       nan       nan       nan       nan
vertex track :        166   3 126    8967780  1.4109  0.8319   92741.1  185043.1     134.8   211     nan
  123 5     -2  1.4100  0.6976  103587.5   34386.7    6457.3  1.4157  0.8215  100754.4  188451.4 -208890.8
        nan       nan      -nan       nan       nan       nan       nan       nan       nan       nan
  124 5     -1  1.5170  0.9710   97720.1   33762.3    3644.1  1.4157  0.8215   96771.6  186140.4 -211704.0
        nan       nan      -nan       nan       nan       nan       nan       nan       nan       nan
  125 5      0  1.7739  0.5869   94153.1   29487.1    2797.2  1.4157  0.8215   95572.6  185444.7 -212550.9
        nan       nan      -nan       nan       nan       nan       nan       nan       nan       nan
vertex track :        171   3 126    8992230 -1.1632 -1.2998   96976.1  188803.9     133.4   211     nan
  123 5     -2 -1.1636 -1.3034   88091.9   23673.3    6574.8 -1.1761 -1.3025   88505.5  178620.5 -208757.5
        nan       nan      -nan       nan       nan       nan       nan       nan       nan       nan
  124 5     -1 -1.1628 -1.2333   89881.1   26925.6    3719.8 -1.1761 -1.3025   91863.4  182339.3 -211612.5
        nan       nan      -nan       nan       nan       nan       nan       nan       nan       nan
  125 5      0 -1.1626 -1.3166   93851.7   27566.2    2868.5 -1.1761 -1.3025   92864.7  183448.1 -212463.8
        nan       nan      -nan       nan       nan       nan       nan       nan       nan       nan
vertex track :        178   3 126    8993439  0.3427 -0.5664   94626.8  186789.4     131.5   211     nan
  123 5     -2  0.3230 -0.5553   98302.8   26732.5    6445.5  0.3404 -0.5739   95859.1  181377.3 -208891.7
        nan       nan      -nan       nan       nan       nan       nan       nan       nan       nan
  124 5     -1  0.2605 -0.6190   96241.2   30248.8    3614.4  0.3404 -0.5739   94895.5  183002.1 -211722.8
        nan       nan      -nan       nan       nan       nan       nan       nan       nan       nan
  125 5      0  0.4060 -0.6741   92836.7   27385.0    2797.9  0.3404 -0.5739   94617.5  183470.7 -212539.3
        nan       nan      -nan       nan       nan       nan       nan       nan       nan       nan
vertex track :        189   3 126    9441744 -2.2851  0.1492  101254.2  185648.3     126.0     0  7321.6
  123 5     -2 -2.2871  0.1349   85017.0   29847.2    6578.3 -2.3021  0.1623   85509.0  184863.0 -208747.0
      535.2      25.6   84481.2   29853.2   85069.5   29818.5   85760.5   30051.5   84484.2   29904.3
  124 5     -1 -2.2993  0.1222   90107.0   29000.3    3711.2 -2.3021  0.1623   92109.2  184397.6 -211614.0
      318.5      13.8   89788.2   29003.4   89941.4   28995.2   90633.4   29207.3   89789.7   29031.0
  125 5      0 -2.2677  0.1577   94975.4   28478.2    2869.0 -2.3021  0.1623   94048.1  184260.9 -212456.3
      259.0       9.8   94716.3   28486.4   94756.9   28483.6   95442.2   28680.2   94717.7   28505.9
