groupid:   3309, ntrk: 16
vertex track :          0   3 125     926482 -0.0818 -0.0579   44848.2   86096.2     295.0    13  2311.3
  126 3      1 -0.0815 -0.0589   43838.4    7463.2   -2870.1 -0.0801 -0.0604   41927.1   84072.2 -215746.5
       14.4       2.3   43828.1    7452.9   43834.3    7457.4   44058.6    7683.5   43825.4    7456.7
  127 1      2 -0.0811 -0.0589   43698.2   84273.5   -3718.9 -0.0801 -0.0604   41995.1   84123.5 -216595.2
       18.2       5.5   43686.7   84258.4   43699.2   84267.5   43919.7   84498.6   43680.3   84267.2
  128 3      3 -0.0825 -0.0574   45795.9    7803.2   -6587.8 -0.0801 -0.0604   42224.8   84296.8 -219464.2
       30.6      10.7   45777.0    7777.0   45809.8    7799.9   46024.8    8039.4   45764.8    7794.6
vertex track :         37   3 125    1719763 -2.2765 -1.7922   38731.2   81040.6     296.0   211   263.6
  126 3      1 -2.3457 -1.7624   46915.2    7632.2   -2885.2 -2.2915 -1.7917   42777.2   84514.8 -215755.4
      565.6     124.0   46537.5    7193.3   46949.3    7502.7   47500.6    8279.3   46388.6    7391.5
  127 3      2 -2.2873 -1.8179   47304.3   11862.2   -3717.3 -2.2915 -1.7917   44684.1   86005.8 -216587.6
     1053.3     300.4   46666.7   10971.6   47835.5   11900.6   48149.7   12960.9   46292.8   11442.0
  128 3      3 -2.3407 -1.8862   53668.5   12641.9   -6392.2 -2.2915 -1.7917   50813.7   90798.3 -219262.5
     1927.6     569.1   52524.7   10989.3   55035.0   13012.1   55020.0   14502.6   51810.5   11875.6
vertex track :         73   3 125    2072917 -3.0299 -0.4179   38792.5   85301.1     303.7     0 10001.0
  126 3      1 -3.0316 -0.4100   46284.8    7715.2   -2867.5 -3.0294 -0.4078   45180.7   84399.2 -215739.2
      459.2      13.8   45831.6    7640.0   46105.0    7676.9   46944.9    8000.0   45827.9    7667.4
  127 1      2 -3.0209 -0.4794   48598.6   84854.2   -3718.5 -3.0294 -0.4078   47759.0   84746.3 -216590.3
      564.9      18.7   48043.5   84747.2   48525.0   84823.6   49360.5   85170.7   48037.7   84784.1
  128 3      3 -3.0302 -0.3708   58459.9    9110.0   -6586.9 -3.0294 -0.4078   56448.5   85916.1 -219458.6
      933.8      32.8   57537.0    8964.1   58754.4    9113.0   59589.8    9465.6   57529.1    9029.1
vertex track :         92   3 125    2677137  0.4240 -1.4243   45005.1   85683.9     294.9   211     nan
  126 3      1  0.3654 -1.4191   45447.6   11224.6   -2894.1  0.4240 -1.4424   40477.4   88065.9 -215771.9
        nan       nan      -nan       nan       nan       nan       nan       nan       nan       nan
  127 3      2  0.3648 -1.3631   43544.7   15154.9   -3743.6  0.4240 -1.4424   40117.2   89291.2 -216621.4
        nan       nan      -nan       nan       nan       nan       nan       nan       nan       nan
  128 3      3  0.4525 -1.4542   42035.1   15075.8   -6483.2  0.4240 -1.4424   38955.5   93242.9 -219361.0
        nan       nan      -nan       nan       nan       nan       nan       nan       nan       nan
vertex track :        112   3 125    5430854  1.2011 -0.4153   47415.0   85376.2     233.0   211     nan
  126 3      1  1.2010 -0.4181   42696.3    7773.6   -2866.4  1.2144 -0.4264   40489.8   84468.8 -215689.2
        nan       nan      -nan       nan       nan       nan       nan       nan       nan       nan
  127 1      2  1.2022 -0.4017   41521.5   84825.8   -3718.8  1.2144 -0.4264   39454.6   84832.3 -216541.6
        nan       nan      -nan       nan       nan       nan       nan       nan       nan       nan
  128 3      3  1.1951 -0.4325   40066.8    9463.5   -6578.9  1.2144 -0.4264   35981.1   86051.9 -219401.7
        nan       nan      -nan       nan       nan       nan       nan       nan       nan       nan
vertex track :        137   3 125    5471437 -2.1556  1.9875   39630.5   91269.2     249.3   211   164.2
  126 3      1 -2.1303  1.9731   47453.8    7027.7   -2882.6 -2.1348  1.9828   43134.0   82891.1 -215687.0
      833.1     231.9   46685.1    7423.7   47460.1    6705.8   48430.5    6843.7   47000.2    7763.9
  127 3      2 -2.0856  2.1212   47746.3    7987.6   -3715.2 -2.1348  1.9828   44911.5   81240.3 -216519.6
     1831.4     567.2   46057.9    8895.8   48187.9    6729.5   49642.7    7291.5   46866.8    9691.1
  128 1      3 -2.3725  2.0208   53878.9   77167.1   -6368.3 -2.1348  1.9828   50575.3   75979.8 -219172.6
     3435.4    1076.2   50565.9   78575.5   55298.1   74544.6   57399.6   75970.7   51961.5   80214.0
vertex track :        149   3 125    6084554 -0.9499 -1.3905   42346.5   82368.2     233.0   211     nan
  126 3      1 -0.9418 -1.4051   43841.2    7589.0   -2869.2 -0.9613 -1.3976   42116.9   84474.4 -215684.0
        nan       nan      -nan       nan       nan       nan       nan       nan       nan       nan
  127 3      2 -0.9490 -1.3785   44150.0    6945.3   -3719.0 -0.9613 -1.3976   42933.9   85662.1 -216533.9
        nan       nan      -nan       nan       nan       nan       nan       nan       nan       nan
  128 3      3 -0.9553 -1.3826   48920.1   12547.2   -6581.4 -0.9613 -1.3976   45685.6   89662.5 -219396.3
        nan       nan      -nan       nan       nan       nan       nan       nan       nan       nan
vertex track :        214   3 126     547952  1.6898  1.8057   39786.1   82099.0     277.3   211     nan
  123 3     -2  1.6686  1.8121   49649.8   15493.4    6577.3  1.7147  1.8158   48775.3   91452.8 -209169.1
        nan       nan      -nan       nan       nan       nan       nan       nan       nan       nan
  124 3     -1  1.6770  1.8214   43639.6    9515.4    3704.7  1.7147  1.8158   43849.6   86236.6 -212041.7
        nan       nan      -nan       nan       nan       nan       nan       nan       nan       nan
  125 3      0  1.6905  1.7914   45357.7    9858.2    2868.3  1.7147  1.8158   42415.5   84718.0 -212878.0
        nan       nan      -nan       nan       nan       nan       nan       nan       nan       nan
vertex track :        226   3 126    1238513  4.1660  4.1045   32025.2   75441.4     283.8   211     nan
  123 3     -2  4.1688  3.8905   60545.8   24488.1    6707.9  4.2350  4.1368   57329.5   99910.5 -209037.2
        nan       nan      -nan       nan       nan       nan       nan       nan       nan       nan
  124 3     -1  3.7725  4.1725   48667.8   13930.2    3733.5  4.2350  4.1368   44732.7   87606.0 -212011.6
        nan       nan      -nan       nan       nan       nan       nan       nan       nan       nan
  125 3      0  4.3509  4.1290   41862.6    9529.2    2888.2  4.2350  4.1368   41153.1   84109.4 -212856.8
        nan       nan      -nan       nan       nan       nan       nan       nan       nan       nan
vertex track :        229   3 126    1255853  2.8687  2.7865   37972.3   80358.8     277.5   211     nan
  123 3     -2  2.9177  2.8756   55913.8   20486.6    6585.7  2.9124  2.8046   54509.5   95958.8 -209159.0
        nan       nan      -nan       nan       nan       nan       nan       nan       nan       nan
  124 3     -1  2.8021  2.8120   46161.4   11455.7    3709.7  2.9124  2.8046   46133.4   87892.9 -212034.9
        nan       nan      -nan       nan       nan       nan       nan       nan       nan       nan
  125 3      0  2.8933  2.7829   46968.1   10962.9    2876.3  2.9124  2.8046   43706.2   85555.5 -212868.4
        nan       nan      -nan       nan       nan       nan       nan       nan       nan       nan
vertex track :        234   3 126    1272044 -2.3496  2.4197   47267.8   82123.5     262.3   211     nan
  123 3     -2 -2.2167  2.2725   32831.2   19850.1    6720.4 -2.3497  2.4404   30333.8   95773.0 -209017.6
        nan       nan      -nan       nan       nan       nan       nan       nan       nan       nan
  124 3     -1 -2.4844  2.4521   39679.5   14037.7    3774.8 -2.3497  2.4404   37255.1   88584.3 -211963.2
        nan       nan      -nan       nan       nan       nan       nan       nan       nan       nan
  125 3      0 -2.2736  2.3668   38408.5   11344.1    2894.9 -2.3497  2.4404   39322.5   86437.0 -212843.1
        nan       nan      -nan       nan       nan       nan       nan       nan       nan       nan
vertex track :        257   3 126    2044870  4.5193  2.9111   32666.0   79595.7     285.5   211     nan
  123 3     -2  4.3598  2.8316   61643.6   20468.6    6588.5  4.5871  2.9291   59701.7   95978.7 -209159.4
        nan       nan      -nan       nan       nan       nan       nan       nan       nan       nan
  124 3     -1  4.5622  2.9925   47011.0   11172.4    3721.7  4.5871  2.9291   46551.2   87581.5 -212026.2
        nan       nan      -nan       nan       nan       nan       nan       nan       nan       nan
  125 3      0  4.5221  2.8880   46428.0   10560.8    2873.5  4.5871  2.9291   42660.3   85096.9 -212874.4
        nan       nan      -nan       nan       nan       nan       nan       nan       nan       nan
vertex track :        344   3 126    5682802  0.9863 -4.2048   41611.2   93936.0     213.9   211   291.4
  123 1     -2  1.1884 -4.1119   49272.9   66754.5    6683.5  0.9728 -4.2302   46164.6   64541.6 -209003.2
     4120.9     855.6   51239.0   63033.2   49200.2   70087.4   47518.0   70681.7   49595.1   62558.1
  124 1     -1  1.0380 -4.2747   47548.3   79257.4    3699.7  0.9728 -4.2302   43261.9   77163.8 -211987.0
     1990.5     401.1   48407.7   77417.7   47686.3   80388.7   46899.9   81302.8   47628.2   77228.5
  125 1      0  1.1087 -4.1535   42978.4   81731.6    2880.3  0.9728 -4.2302   42464.9   80629.9 -212806.4
      979.8     153.5   43379.4   80824.6   43106.9   81845.6   42788.5   82844.4   43082.7   80745.4
vertex track :        353   3 126    5876621  3.9785  1.7683   35235.8   82100.4     216.5   211   133.9
  123 3     -2  3.9722  1.7779   60496.0   15249.0    6580.9  4.0319  1.7740   59050.4   91320.2 -209100.6
    11086.4    2455.5   69611.8   22019.4   50208.0   13334.4   51594.1    8690.4   71618.1   17537.0
  124 3     -1  3.9920  1.7680   47510.7    9414.2    3707.3  4.0319  1.7740   47464.4   86222.7 -211974.1
     5326.6    1174.9   51905.1   12645.5   43002.9    8702.7   43330.2    6394.7   52856.7   10497.0
  125 3      0  4.0099  1.7698   47396.4    9747.8    2866.0  4.0319  1.7740   44072.3   84730.2 -212815.5
     2108.6     444.4   49146.0   11005.8   46130.0    9674.6   45860.8    8701.6   49504.9   10192.6
vertex track :        360   3 126    5896174 -1.0745 -0.6833   46493.5   87849.0     202.1   211     nan
  123 1     -2 -1.0077 -0.6846   40500.9   83706.7    6743.0 -1.0837 -0.6822   37669.0   81311.6 -208935.1
        nan       nan      -nan       nan       nan       nan       nan       nan       nan       nan
  124 3     -1 -1.1201 -0.7096   43777.3    8397.8    3740.9 -1.0837 -0.6822   40922.3   83359.8 -211937.2
        nan       nan      -nan       nan       nan       nan       nan       nan       nan       nan
  125 3      0 -1.0741 -0.6509   41281.4    8213.5    2887.5 -1.0837 -0.6822   41847.1   83942.0 -212790.6
        nan       nan      -nan       nan       nan       nan       nan       nan       nan       nan
vertex track :        382   3 126    5898082  1.9792 -0.1582   41317.7   86248.4     210.4   211     nan
  123 1     -2  1.9874 -0.1434   53320.4   84981.7    6599.5  1.9969 -0.1658   52294.4   83123.3 -209082.1
        nan       nan      -nan       nan       nan       nan       nan       nan       nan       nan
  124 1     -1  1.9487 -0.1879   47156.7   84331.1    3719.7  1.9969 -0.1658   46543.7   83600.8 -211961.9
        nan       nan      -nan       nan       nan       nan       nan       nan       nan       nan
  125 3      0  1.9887 -0.1648   47700.8    8340.3    2869.1  1.9969 -0.1658   44845.3   83741.8 -212812.4
        nan       nan      -nan       nan       nan       nan       nan       nan       nan       nan
