groupid:   3502, ntrk: 17
vertex track :          0   3  73    7183412 -0.4298 -0.0072  187318.4   76142.7     180.5    13  1055.8
   74 2      1 -0.4293 -0.0185   68805.7   78592.7   -2868.8 -0.4301 -0.0076  187736.3   74885.4 -119619.5
       42.9       6.2   68763.0   78584.7   68758.7   78584.5   69057.9   78810.7   68762.5   78597.1
   75 2      2 -0.4291 -0.0150   70499.3   78569.2   -3717.7 -0.4301 -0.0076  188101.4   74891.9 -120468.4
       52.3      13.6   70447.5   78553.8   70462.0   78554.3   70760.7   78794.6   70446.6   78581.0
   76 2      3 -0.4300 -0.0156   68107.4   76881.8   -6587.7 -0.4301 -0.0076  189335.7   74913.7 -123338.3
       84.3      26.7   68024.2   76852.1   68102.3   76854.9   68400.2   77121.6   68022.2   76905.5
vertex track :         44   3  73    4895972  2.9706 -3.8241  195162.6   67128.8     212.2     0 10001.0
   74 2      1  3.1997 -3.5948   64817.7   77663.6   -2663.8  2.9365 -3.8807  185809.8   76826.5 -119438.8
      926.9      18.9   65448.1   76983.8   64887.4   77613.6   64400.5   78549.9   65419.9   76958.7
   75 2      2  2.8549 -3.7123   60805.0   80334.0   -3495.3  2.9365 -3.8807  183368.0   80053.4 -120270.3
     1172.7      26.9   61541.2   79420.8   60710.9   80500.4   60281.7   81453.5   61498.6   79388.0
   76 4      3  2.8743 -3.6001   55876.9   13126.8   -6064.4  2.9365 -3.8807  175823.8   90023.2 -122839.4
     1946.1      47.1   57127.9   11635.3   55303.0   13921.0   54838.8   14824.7   57054.4   11576.6
vertex track :         49   3  73    4907325  1.6901 -0.0778  192359.8   75872.8     226.3  2212   699.7
   74 2      1  1.6918 -0.0368   68188.5   78505.8   -2867.1  1.6942 -0.0759  186233.3   74830.4 -119665.4
      198.0      35.5   68387.2   78537.0   68346.6   78537.9   68201.5   78684.6   68385.6   78466.0
   75 2      2  1.6903 -0.0454   68111.8   78532.5   -3716.2  1.6942 -0.0759  184794.8   74894.9 -120514.5
      279.0      86.0   68393.1   78610.9   68190.2   78616.4   68042.3   78664.0   68388.4   78439.1
   76 2      3  1.6929 -0.0520   60367.0   76916.5   -6586.2  1.6942 -0.0759  179932.5   75112.7 -123384.5
      487.5     169.4   60859.5   77070.9   60240.5   77089.9   60086.3   76972.1   60849.1   76732.2
vertex track :        128   3  74    2929570  0.8928 -0.7936  187439.0   79410.3     339.2     0  1494.3
   71 2     -2  0.8988 -0.7855   70442.6   71207.8    6583.7  0.8816 -0.8173  191322.0   70724.2 -112991.6
      209.1      31.9   70621.0   71094.1   70494.9   71204.4   70475.1   71530.6   70579.1   71046.1
   72 2     -1  0.8909 -0.7948   69875.5   75432.8    3713.7  0.8816 -0.8173  188791.8   73069.8 -115861.6
      127.5      15.4   69981.0   75359.4   69977.7   75362.3   69981.0   75715.4   69960.4   75336.4
   73 2      0  0.9058 -0.7967   70340.6   75272.1    2868.9  0.8816 -0.8173  188047.0   73760.3 -116706.4
      105.8       7.5   70425.1   75207.8   70456.3   75180.3   70467.1   75545.5   70415.2   75196.5
vertex track :        131   3  74    2929873 -0.8522 -0.3131  189194.7   78435.2     337.4   211     nan
   71 2     -2 -0.9201 -0.3254   65531.1   79160.3    6856.7 -0.8614 -0.3142  181948.1   72769.3 -112713.5
        nan       nan      -nan       nan       nan       nan       nan       nan       nan       nan
   72 2     -1 -0.8010 -0.2826   68062.7   74446.7    3539.3 -0.8614 -0.3142  184805.9   73811.7 -116030.9
        nan       nan      -nan       nan       nan       nan       nan       nan       nan       nan
   73 2      0 -0.9230 -0.2356   69531.8   78201.0    2653.5 -0.8614 -0.3142  185569.0   74090.1 -116916.7
        nan       nan      -nan       nan       nan       nan       nan       nan       nan       nan
vertex track :        162   3  74    3698885  1.6799  0.3916  187609.9   78220.2     337.1     0   747.6
   71 2     -2  1.7110  0.4179   76001.6   78267.4    6583.1  1.6775  0.3833  196451.8   77005.5 -112990.8
      380.5      86.9   76350.6   78442.1   75970.7   78349.3   75864.4   78303.1   76391.9   78273.2
   72 2     -1  1.6813  0.3954   72843.2   78425.9    3716.4  1.6775  0.3833  191642.9   75906.6 -115857.6
      218.9      41.3   73046.8   78516.2   72973.7   78499.0   72851.2   78546.0   73065.7   78435.8
   73 2      0  1.6693  0.4007   72577.0   77236.1    2867.9  1.6775  0.3833  190219.6   75581.4 -116706.1
      169.9      16.4   72738.4   77291.8   72758.5   77296.6   72627.3   77390.9   72746.0   77259.8
vertex track :        164   3  74    3699168 -2.2259 -2.0009  190264.5   79660.3     338.2   211   217.2
   71 2     -2 -1.9254 -2.6038   57921.5   69360.8    6854.2 -2.2710 -2.0398  173851.6   62768.3 -112713.1
     2481.4     739.1   57040.5   66926.1   59586.8   70369.8   59010.7   72002.8   55851.9   67805.0
   72 2     -1 -2.2675 -2.0762   63906.2   69347.1    3539.6 -2.2710 -2.0398  181379.2   69529.5 -116027.8
     1082.2     312.7   63319.2   68385.7   64439.4   69411.3   64701.0   70516.4   62896.9   68846.8
   73 2      0 -2.1299 -2.0603   66613.5   74730.7    2675.0 -2.2710 -2.0398  183342.7   71293.0 -116892.4
      492.3     110.7   66336.6   74308.9   66597.0   74560.8   67098.3   75360.5   66182.7   74468.0
vertex track :        171   3  74    3699347  1.7665 -1.5776  188815.6   78742.5     338.2   211     nan
   71 2     -2  1.7384 -1.5866   77829.0   65268.7    6587.3  1.7445 -1.6217  198089.5   65000.3 -112984.3
        nan       nan      -nan       nan       nan       nan       nan       nan       nan       nan
   72 2     -1  1.7639 -1.5619   74266.8   72066.8    3708.7  1.7445 -1.6217  193067.9   69668.5 -115862.9
        nan       nan      -nan       nan       nan       nan       nan       nan       nan       nan
   73 2      0  1.7954 -1.5958   74005.5   72545.0    2867.8  1.7445 -1.6217  191600.9   71032.4 -116703.9
        nan       nan      -nan       nan       nan       nan       nan       nan       nan       nan
vertex track :        190   3  74    3766852 -2.6030  0.6133  188835.0   78579.0     337.4     0  9117.5
   71 2     -2 -2.6678  0.3815   53852.5   85401.1    6802.8 -2.6169  0.6501  170286.0   79170.8 -112768.2
      695.5      27.9   53160.0   85472.0   53976.8   85355.2   54752.3   85540.6   53167.9   85527.1
   72 2     -1 -2.4863  0.4903   61079.4   77834.2    3539.4 -2.6169  0.6501  178825.9   77049.3 -116031.5
      371.5      13.4   60712.3   77892.8   60919.1   77852.1   61654.0   77985.9   60717.5   77919.2
   73 2      0 -2.6420  0.7858   64116.7   80942.1    2659.6 -2.6169  0.6501  181128.4   76477.3 -116911.4
      291.0       9.1   63835.2   81016.3   63838.3   81015.4   64605.7   81078.7   63840.4   81033.9
vertex track :        204   3  74    4272535  2.8827  3.0442  182232.2   72225.4     333.5   211   363.3
   71 4     -2  2.8610  3.0669   79437.2   12138.7    6580.7  2.8915  3.0531  198583.8   87609.5 -113008.1
     3009.0     608.5   81044.8   14754.1   77540.5   10997.6   78042.4    9736.5   81934.7   13923.9
   72 2     -1  2.8771  2.9634   71758.2   81859.7    3719.5  2.8915  3.0531  190310.4   78873.9 -115869.3
     1490.2     287.6   72589.9   83129.2   71117.9   81613.1   71139.3   80803.1   73002.6   82728.5
   73 2      0  2.9228  2.9867   70357.2   78318.4    2867.8  2.8915  3.0531  187847.8   76273.6 -116721.0
      789.0     106.7   70832.7   78956.9   70342.8   78456.3   70094.5   77892.8   70985.3   78807.6
vertex track :        234   3  74    6731902  1.0163  0.9204  188735.1   78120.2     276.3   211   228.5
   71 4     -2  1.0446  0.8687   78036.4    8831.5    6921.0  1.0227  0.9272  193895.7   80660.8 -112589.5
      529.2     272.5   78269.1    9379.4   77674.7    8885.1   78014.8    8494.5   78617.6    8960.4
   72 2     -1  1.0175  0.9608   74424.9   78582.0    3526.1  1.0227  0.9272  190423.8   77513.2 -115984.4
      242.5     114.6   74522.6   78831.8   74383.6   78700.6   74538.3   78543.2   74679.9   78665.2
   73 2      0  0.9400  0.9221   74292.4   81525.7    2647.5  1.0227  0.9272  189525.2   76698.5 -116863.1
      138.3      40.8   74362.6   81651.7   74362.5   81651.6   74433.2   81610.7   74419.7   81593.5
vertex track :        237   3  74    6732079 -2.3015  2.0693  189205.8   78501.2     277.4   211   133.7
   71 4     -2 -2.3321  2.0682   50533.9   11365.1    6583.3 -2.2916  2.1376  173125.3   88364.7 -112926.9
     4939.8    1495.0   45846.2   13524.0   52748.1    7403.3   55429.4    9418.2   47830.0   15761.1
   72 4     -1 -2.2996  2.0747   61028.2    7667.8    3718.3 -2.2916  2.1376  179690.7   82240.5 -115791.8
     2367.3     711.5   58793.9    8725.3   61826.4    5989.4   63470.2    6822.3   59747.1    9781.8
   73 2      0 -2.2842  2.0851   63519.8   82019.2    2867.8 -2.2916  2.1376  181639.9   80422.4 -116642.4
      949.4     265.4   62639.7   82463.3   63562.5   81621.0   64607.7   81787.2   62997.5   82855.3
vertex track :        239   3  74    6732168  1.5950  1.4415  186037.7   76245.5     277.1   211     nan
   71 4     -2  1.5209  1.2606   79200.2   10324.4    6925.5  1.6034  1.4500  195037.2   82248.4 -112594.1
        nan       nan      -nan       nan       nan       nan       nan       nan       nan       nan
   72 2     -1  1.6327  1.3889   73955.6   78632.2    3518.7  1.6034  1.4500  189574.7   77308.7 -116000.9
        nan       nan      -nan       nan       nan       nan       nan       nan       nan       nan
   73 2      0  1.4949  1.4216   73327.7   81181.3    2654.0  1.6034  1.4500  188188.2   76054.9 -116865.6
        nan       nan      -nan       nan       nan       nan       nan       nan       nan       nan
vertex track :        243   3  74    6732850 -1.1834 -0.7550  190030.8   79515.3     279.2     0  2483.3
   71 2     -2 -1.1293 -0.7410   58631.8   71596.9    6557.7 -1.2005 -0.7646  180876.5   71112.8 -112951.3
      256.6      25.5   58431.3   71434.9   58623.1   71560.8   59041.2   71968.2   58403.3   71477.5
   72 2     -1 -1.1858 -0.7537   65171.0   75738.2    3713.1 -1.2005 -0.7646  184291.4   73287.8 -115795.9
      156.8      12.8   65045.6   75643.3   65061.2   75653.2   65505.3   76042.4   65031.8   75665.0
   73 2      0 -1.1701 -0.7439   67275.7   75513.8    2867.8 -1.2005 -0.7646  185306.3   73934.2 -116641.3
      130.0       7.3   67169.9   75437.8   67143.6   75421.1   67590.3   75799.0   67162.0   75450.2
vertex track :        244   3  74    6732910 -1.1955  0.4683  189632.5   78252.8     276.2   211     nan
   71 2     -2 -1.2060  0.5025   63951.8   84177.1    6832.3 -1.1972  0.4881  180151.5   77828.3 -112675.9
        nan       nan      -nan       nan       nan       nan       nan       nan       nan       nan
   72 2     -1 -1.1472  0.4702   67222.5   77041.5    3532.0 -1.1972  0.4881  184102.6   76217.3 -115976.2
        nan       nan      -nan       nan       nan       nan       nan       nan       nan       nan
   73 2      0 -1.1165  0.4240   69156.3   80393.7    2663.6 -1.1972  0.4881  185142.3   75793.4 -116844.6
        nan       nan      -nan       nan       nan       nan       nan       nan       nan       nan
vertex track :        246   3  74    6733048  0.4629 -0.9485  187930.1   79907.8     281.1   211     nan
   71 2     -2  0.4747 -0.9442   67763.7   70730.9    6601.1  0.4504 -0.9728  189160.9   70183.4 -112914.4
        nan       nan      -nan       nan       nan       nan       nan       nan       nan       nan
   72 2     -1  0.4620 -0.9501   68854.7   75441.0    3720.0  0.4504 -0.9728  187863.3   72986.1 -115795.5
        nan       nan      -nan       nan       nan       nan       nan       nan       nan       nan
   73 2      0  0.4481 -0.9464   69552.1   75397.9    2868.3  0.4504 -0.9728  187479.6   73814.7 -116647.2
        nan       nan      -nan       nan       nan       nan       nan       nan       nan       nan
vertex track :        268   3  74    7807356  0.8732 -0.6582  186734.2   79778.7     281.2   211     nan
   71 2     -2  0.8599 -0.5443   74766.3   78648.3    6887.1  0.8636 -0.6790  190819.7   71723.9 -112631.4
        nan       nan      -nan       nan       nan       nan       nan       nan       nan       nan
   72 2     -1  0.9328 -0.6641   71912.3   74334.2    3514.3  0.8636 -0.6790  187907.1   74014.1 -116004.1
        nan       nan      -nan       nan       nan       nan       nan       nan       nan       nan
   73 2      0  0.9057 -0.6288   72099.4   78696.7    2667.1  0.8636 -0.6790  187175.4   74589.4 -116851.4
        nan       nan      -nan       nan       nan       nan       nan       nan       nan       nan
