groupid:   3593, ntrk: 20
vertex track :          0   3 125    6303540 -0.1210 -0.0232   49304.0   99655.1     253.1    13 10000.6
  126 3      1 -0.1210 -0.0233   48369.6   20939.2   -2865.5 -0.1183 -0.0244   46599.0   97545.7 -215684.7
       15.5       1.1   48354.6   20935.2   48359.7   20936.1   48594.6   21153.2   48354.1   20937.3
  127 3      2 -0.1210 -0.0237   47864.8   19221.2   -3717.8 -0.1183 -0.0244   46699.8   97566.5 -216537.0
       19.0       1.8   47846.5   19215.8   47858.3   19218.1   48092.9   19436.5   47845.8   19219.3
  128 3      3 -0.1209 -0.0217   50667.3   21070.2   -6584.3 -0.1183 -0.0244   47039.0   97636.3 -219403.5
       31.0       3.3   50637.4   21061.5   50673.0   21067.9   50907.1   21288.8   50636.3   21067.9
vertex track :         30   3 125    5638588 -2.3704  1.8290   45809.8  102472.7     262.6     0  1587.9
  126 3      1 -2.4429  1.9560   54170.9   18652.4   -2885.2 -2.3447  1.8278   50106.9   94568.5 -215695.5
      444.5      22.7   53809.8   18912.5   53990.7   18767.6   54739.7   18604.3   53838.2   18948.0
  127 3      2 -2.4746  1.7120   54814.1   19720.4   -3711.2 -2.3447  1.8278   52043.8   93058.6 -216521.6
      557.4      48.2   54328.2   19997.8   54725.3   19723.1   55507.4   19654.6   54383.1   20077.2
  128 3      3 -2.6428  1.8935   61064.4   10161.3   -6337.2 -2.3447  1.8278   58200.9   88258.8 -219147.6
      903.7      89.8   60277.5   10614.6   61191.7    9959.6   62058.6    9919.8   60382.1   10760.6
vertex track :         60   3 125    6302931 -1.8759  1.8760   46466.4  102556.8     260.8   211     nan
  126 3      1 -1.8768  1.8663   50616.9   18352.0   -2867.5 -1.8558  1.8741   49193.4   94539.2 -215678.2
        nan       nan      -nan       nan       nan       nan       nan       nan       nan       nan
  127 3      2 -1.8889  1.8644   51603.7   15065.0   -3721.1 -1.8558  1.8741   50777.6   92939.3 -216531.9
        nan       nan      -nan       nan       nan       nan       nan       nan       nan       nan
  128 3      3 -1.8429  1.9055   58832.1   11794.3   -6589.0 -1.8558  1.8741   56099.7   87564.8 -219399.7
        nan       nan      -nan       nan       nan       nan       nan       nan       nan       nan
vertex track :        108   3 125    6784221 -2.8084 -0.8407   43148.0   97429.9     256.0   211   532.7
  126 3      1 -2.9783 -0.9285   52744.6   21296.5   -2892.6 -2.8147 -0.8322   48882.7   97899.2 -215697.1
      458.9      57.0   52323.4   21105.5   52574.2   21183.7   53372.8   21696.5   52289.5   21214.3
  127 3      2 -2.8932 -0.8014   53776.2   24465.7   -3727.4 -2.8147 -0.8322   51232.5   98593.9 -216532.0
      669.3     136.7   53167.7   24155.3   53850.2   24344.3   54591.9   24985.3   53094.7   24418.8
  128 3      3 -2.8104 -0.8897   61448.0   22847.3   -6330.2 -2.8147 -0.8322   58558.5  100759.9 -219134.7
     1144.9     256.2   60433.8   22257.5   62026.6   22761.7   62669.3   23646.2   60279.2   22746.1
vertex track :        138   3 125    7030877 -1.4404  1.1859   45781.7  103297.5     262.7     0  4015.7
  126 3      1 -1.4443  1.1913   48672.5   21082.8   -2869.7 -1.4296  1.1892   47180.5   97424.8 -215678.4
      214.2      10.2   48500.8   21211.3   48528.0   21188.8   49052.9   21165.6   48513.7   21227.0
  127 3      2 -1.4452  1.1830   49325.7   18315.6   -3722.4 -1.4296  1.1892   48399.6   96410.7 -216531.1
      258.6      15.4   49115.9   18467.5   49212.5   18388.3   49744.1   18374.9   49135.4   18491.3
  128 3      3 -1.4289  1.1987   55484.8   16925.6   -6595.5 -1.4296  1.1892   52506.9   92993.8 -219404.2
      416.9      28.0   55147.4   17172.0   55486.1   16887.9   56030.7   16890.3   55183.4   17215.0
vertex track :        158   3 126    4785190 -1.5143  1.8775   51321.6   95461.1     201.5   211     nan
  123 3     -2 -1.5190  1.8736   39655.8   29329.0    6580.8 -1.5150  1.8928   39988.7  105461.7 -209092.5
        nan       nan      -nan       nan       nan       nan       nan       nan       nan       nan
  124 3     -1 -1.5595  1.8638   43149.5   23217.5    3715.3 -1.5150  1.8928   44330.0  100037.8 -211958.0
        nan       nan      -nan       nan       nan       nan       nan       nan       nan       nan
  125 3      0 -1.5137  1.8833   47676.6   23445.1    2868.1 -1.5150  1.8928   45613.5   98434.2 -212805.2
        nan       nan      -nan       nan       nan       nan       nan       nan       nan       nan
vertex track :        169   3 126    4813994 -1.5287 -1.3258   50851.1  102038.7     202.2   211     nan
  123 3     -2 -1.4787 -1.3397   41887.6   15110.4    6741.9 -1.5469 -1.3233   39094.4   91338.5 -208929.2
        nan       nan      -nan       nan       nan       nan       nan       nan       nan       nan
  124 3     -1 -1.4915 -1.4839   46156.2   20236.1    3756.9 -1.5469 -1.3233   43712.2   95288.5 -211914.3
        nan       nan      -nan       nan       nan       nan       nan       nan       nan       nan
  125 3      0 -1.3705 -1.3758   44334.4   20480.4    2894.5 -1.5469 -1.3233   45046.3   96429.6 -212776.7
        nan       nan      -nan       nan       nan       nan       nan       nan       nan       nan
vertex track :        185   3 126    4816932  2.3584 -2.0295   43769.1  103265.5     215.3   211     nan
  123 3     -2  2.3651 -2.0296   58287.5   10817.5    6593.2  2.3640 -2.0524   57166.5   88177.6 -209092.9
        nan       nan      -nan       nan       nan       nan       nan       nan       nan       nan
  124 3     -1  2.3759 -2.0521   50068.6   16441.0    3721.8  2.3640 -2.0524   50378.4   94070.9 -211964.3
        nan       nan      -nan       nan       nan       nan       nan       nan       nan       nan
  125 3      0  2.3491 -2.0349   51289.8   19951.0    2867.6  2.3640 -2.0524   48359.2   95823.9 -212818.5
        nan       nan      -nan       nan       nan       nan       nan       nan       nan       nan
vertex track :        191   3 126    5256518 -1.8946  1.9167   50946.5   96615.6     200.3   211     nan
  123 3     -2 -1.8617  1.7877   39580.3   31034.6    6720.7 -1.8977  1.9348   36907.6  107163.6 -208951.0
        nan       nan      -nan       nan       nan       nan       nan       nan       nan       nan
  124 3     -1 -1.7308  1.7064   44919.4   26845.4    3747.9 -1.8977  1.9348   42549.1  101411.9 -211923.8
        nan       nan      -nan       nan       nan       nan       nan       nan       nan       nan
  125 3      0 -1.9478  1.8649   43374.2   24490.6    2904.6 -1.8977  1.9348   44149.5   99780.2 -212767.1
        nan       nan      -nan       nan       nan       nan       nan       nan       nan       nan
vertex track :        192   3 126    5256704 -2.0243  1.6628   52506.3   95759.8     200.5   211     nan
  123 3     -2 -2.0237  1.6555   37313.7   28270.1    6589.4 -2.0298  1.6810   37879.3  104419.5 -209082.3
        nan       nan      -nan       nan       nan       nan       nan       nan       nan       nan
  124 3     -1 -2.0151  1.6422   42370.9   22764.9    3723.0 -2.0298  1.6810   43697.4   99600.9 -211948.8
        nan       nan      -nan       nan       nan       nan       nan       nan       nan       nan
  125 3      0 -2.0295  1.6639   47371.3   23128.5    2871.2 -2.0298  1.6810   45426.2   98169.1 -212800.5
        nan       nan      -nan       nan       nan       nan       nan       nan       nan       nan
vertex track :        195   3 126    5257326  1.8020  0.3314   47956.6   99528.7     205.3   211     nan
  123 3     -2  1.7638  0.3217   60909.0   23737.5    6701.1  1.8137  0.3209   58067.0   99575.1 -208975.3
        nan       nan      -nan       nan       nan       nan       nan       nan       nan       nan
  124 3     -1  1.8005  0.2350   55675.7   24091.2    3701.2  1.8137  0.3209   52626.2   98612.5 -211975.2
        nan       nan      -nan       nan       nan       nan       nan       nan       nan       nan
  125 3      0  1.8773  0.1971   51007.5   22832.8    2885.9  1.8137  0.3209   51147.4   98350.9 -212790.5
        nan       nan      -nan       nan       nan       nan       nan       nan       nan       nan
vertex track :        204   3 126    5282141 -2.2566 -1.9879   52482.1  103511.1     198.3   211     nan
  123 3     -2 -2.2471 -2.0027   35812.0   11355.7    6594.2 -2.2847 -1.9852   36247.0   88763.4 -209072.0
        nan       nan      -nan       nan       nan       nan       nan       nan       nan       nan
  124 3     -1 -2.2390 -1.9887   41549.8   16822.1    3722.0 -2.2847 -1.9852   42809.0   94465.1 -211944.1
        nan       nan      -nan       nan       nan       nan       nan       nan       nan       nan
  125 3      0 -2.2533 -1.9871   46677.7   20296.5    2868.3 -2.2847 -1.9852   44759.6   96159.9 -212797.9
        nan       nan      -nan       nan       nan       nan       nan       nan       nan       nan
vertex track :        207   3 126    5282655 -1.0156 -0.1493   50721.5   99941.9     201.2     0   912.3
  123 3     -2 -1.0000 -0.1684   45121.4   20950.1    6729.3 -1.0236 -0.1440   42388.5   96948.1 -208941.9
      189.3      45.8   44942.4   20873.6   45105.7   20901.1   45509.5   21236.5   44927.2   20963.9
  124 3     -1 -1.0468 -0.1385   48023.4   22590.6    3765.2 -1.0236 -0.1440   45422.6   97375.0 -211905.9
      114.3      22.0   47913.0   22553.8   47919.8   22554.6   48342.7   22837.3   47907.3   22597.5
  125 3      0 -1.0150 -0.0777   45641.6   21767.7    2897.6 -1.0236 -0.1440   46310.6   97500.0 -212773.5
       93.3       9.5   45549.3   21751.0   45522.2   21748.9   45942.9   21994.2   45547.8   21770.0
vertex track :        225   3 126    5683901  4.1357  3.1971   38358.0   91498.8     218.9   211     nan
  123 3     -2  4.1388  3.1992   64655.5   34267.2    6588.1  4.2007  3.2137   63336.9  109939.2 -209100.3
        nan       nan      -nan       nan       nan       nan       nan       nan       nan       nan
  124 3     -1  4.0490  3.1250   51018.8   24079.2    3716.4  4.2007  3.2137   51274.0  100710.7 -211971.9
        nan       nan      -nan       nan       nan       nan       nan       nan       nan       nan
  125 3      0  4.1581  3.1865   51082.9   23293.5    2867.4  4.2007  3.2137   47707.5   97982.2 -212820.9
        nan       nan      -nan       nan       nan       nan       nan       nan       nan       nan
vertex track :        264   3 126    6119322 -2.5201  2.1176   51962.2   96231.4     200.0   211     nan
  123 3     -2 -2.4340  2.0745   36451.0   31951.6    6785.0 -2.5265  2.1405   33665.1  108251.2 -208886.2
        nan       nan      -nan       nan       nan       nan       nan       nan       nan       nan
  124 3     -1 -2.4322  2.1638   43591.8   27205.4    3743.9 -2.5265  2.1405   41348.2  101741.9 -211927.3
        nan       nan      -nan       nan       nan       nan       nan       nan       nan       nan
  125 3      0 -2.3793  2.0007   42632.3   24654.6    2909.7 -2.5265  2.1405   43455.9   99956.3 -212761.5
        nan       nan      -nan       nan       nan       nan       nan       nan       nan       nan
vertex track :        266   3 126    6119425  2.0000 -0.1662   46303.6   99738.8     209.3     0  1634.0
  123 3     -2  1.9809 -0.1537   58377.8   19872.7    6586.1  2.0107 -0.1795   57444.9   96567.2 -209094.7
      444.2      51.2   58824.6   19889.4   58354.9   19925.8   58142.9   20065.8   58816.7   19787.2
  124 3     -1  2.0235 -0.1192   51275.7   19972.1    3725.1  2.0107 -0.1795   51692.4   97080.7 -211955.6
      263.2      25.2   51539.9   19981.8   51439.4   19987.7   51223.5   20172.3   51536.9   19931.4
  125 3      0  1.9912 -0.1748   52811.0   21794.1    2866.2  2.0107 -0.1795   49965.4   97234.9 -212814.5
      211.3      11.9   53022.5   21787.5   53019.6   21787.7   52811.4   22010.5   53020.4   21763.7
vertex track :        280   3 126    6120449 -0.4713  3.6765   48230.1   99944.3     206.4   211   279.0
  123 3     -2 -0.2881  3.8306   46266.4   46203.0    6711.7 -0.4565  3.6874   43593.3  121894.0 -208965.5
     3049.6     727.0   45312.7   49189.5   45709.7   43911.8   47429.9   43430.3   46762.7   49298.6
  124 3     -1 -0.6275  3.7471   47227.4   36797.2    3755.2 -0.4565  3.6874   44943.0  110992.1 -211922.0
     1497.6     345.4   46639.4   38217.2   47002.3   36050.1   48024.8   35591.0   47320.8   38331.3
  125 3      0 -0.3768  3.6174   44714.8   32831.1    2934.6 -0.4565  3.6874   45317.6  107966.3 -212742.6
      754.5     133.6   44503.7   33567.7   44580.9   32826.5   45135.4   32308.2   44769.4   33595.4
vertex track :        281   3 126    6120451 -2.0729  2.1540   47988.8   99802.8     206.4   211     nan
  123 3     -2 -2.0831  2.1598   32539.9   35545.3    6580.3 -2.0759  2.1739   33088.3  111622.0 -209097.0
        nan       nan      -nan       nan       nan       nan       nan       nan       nan       nan
  124 3     -1 -2.0755  2.1522   37533.0   28661.4    3708.3 -2.0759  2.1739   39050.0  105378.6 -211969.0
        nan       nan      -nan       nan       nan       nan       nan       nan       nan       nan
  125 3      0 -2.0904  2.1782   42662.3   28692.6    2867.2 -2.0759  2.1739   40796.1  103550.1 -212810.1
        nan       nan      -nan       nan       nan       nan       nan       nan       nan       nan
vertex track :        291   3 126    6122282  1.2248  1.4669   45126.8   96107.2     208.4   211     nan
  123 3     -2  1.1117  1.3843   54386.9   27833.3    6681.2  1.2382  1.4629   51435.6  103542.6 -209000.8
        nan       nan      -nan       nan       nan       nan       nan       nan       nan       nan
  124 3     -1  1.2182  1.5785   50770.4   24812.2    3697.7  1.2382  1.4629   47741.6   99178.0 -211984.3
        nan       nan      -nan       nan       nan       nan       nan       nan       nan       nan
  125 3      0  1.2497  1.4780   46495.1   22551.7    2899.8  1.2382  1.4629   46753.7   98010.9 -212782.1
        nan       nan      -nan       nan       nan       nan       nan       nan       nan       nan
vertex track :        312   3 126    6170862  4.1230 -4.1752   38651.3  108533.0     225.6   211   145.1
  123 1     -2  4.1453 -4.1672   65054.7   80213.0    6587.6  4.1316 -4.2189   63248.3   79745.6 -209108.2
    20273.4    3373.0   81743.7   68218.6   54018.9   96089.8   48579.8   92413.1   76960.9   63461.0
  124 3     -1  4.2723 -4.0246   51406.9   13912.0    3702.2  4.1316 -4.2189   51326.9   91919.0 -211993.5
     9695.0    1607.4   59566.0    8434.3   46349.3   20884.7   43462.0   19595.7   57361.6    6094.3
  125 3      0  4.0952 -4.1719   51254.9   19046.2    2867.4  4.1316 -4.2189   47878.0   95440.7 -212828.3
     3819.9     608.7   54365.2   16746.6   49873.4   21322.5   48358.7   21551.6   53496.4   15893.8
