groupid:   4199, ntrk: 12
vertex track :          0   3  45    8111074 -0.2146  0.3075  166394.9  189397.2     404.7    13  1160.0
   46 6      1 -0.2155  0.3058   48061.3   32498.8   -2871.2 -0.2160  0.2996  168911.8  186908.0  -69148.6
       39.6       5.9   48033.7   32527.7   48034.1   32527.2   48298.8   32680.1   48043.4   32534.6
   47 6      2 -0.2150  0.3068   49838.5   33681.4   -3716.9 -0.2160  0.2996  169094.5  186654.7  -69994.3
       48.1      12.8   49800.4   33713.5   49810.5   33699.1   50086.4   33859.7   49821.3   33728.2
   48 6      3 -0.2140  0.3062   48931.9   32151.3   -6582.3 -0.2160  0.2996  169713.4  185796.3  -72859.7
       76.5      24.5   48868.0   32200.0   48910.7   32138.9   49205.6   32313.0   48908.1   32228.1
vertex track :         11   3  45    8110619  1.0733 -1.0968  169377.4  185771.0     399.8   211   168.3
   46 6      1  1.0155 -1.1050   46185.6   35306.4   -3257.0  1.0829 -1.1075  167235.1  188326.1  -69548.6
      289.5     122.5   46471.7   35176.1   46293.2   35370.4   46110.5   35645.5   46291.2   35010.3
   47 6      2  0.8971 -1.0534   44425.8   33344.1   -4090.0  1.0829 -1.1075  166333.1  189248.6  -70381.6
      556.5     280.3   45000.0   33102.2   44466.8   33728.3   44062.5   33795.0   44573.2   32738.7
   48 6      3  1.3281 -1.2200   41118.8   38484.7   -6918.5  1.0829 -1.1075  163269.9  192381.3  -73210.1
     1007.5     519.8   42212.4   38186.0   41007.5   39292.9   40236.6   38992.2   41509.1   37420.3
vertex track :        161   3  45    9224797 -2.4343 -2.2586  162934.3  185408.6     405.0     0 10001.0
   46 6      1 -2.4215 -2.2675   51780.6   36848.2   -2868.0 -2.4875 -2.2788  172869.7  191398.9  -69174.2
      540.1      15.3   51396.8   36467.9   51676.8   36730.1   52371.9   37436.4   51375.8   36490.2
   47 6      2 -2.4319 -2.2554   55357.6   40122.4   -3718.1 -2.4875 -2.2788  174984.4  193336.2  -70024.3
      663.6      20.7   54885.1   39656.0   55347.5   40084.8   56037.6   40796.5   54856.9   39686.3
   48 6      3 -2.4353 -2.2545   60610.7   45815.4   -6585.6 -2.4875 -2.2788  182117.3  199870.7  -72891.8
     1091.9      36.0   59833.9   45047.2   60924.9   46057.3   61595.1   46791.3   59785.0   45100.0
vertex track :        185   3  45    9247949 -2.8485  1.5578  159546.0  192445.8     415.3   211   281.0
   46 6      1 -2.8579  1.3641   47570.7   34324.5   -3256.3 -2.8414  1.5420  171764.2  185281.2  -69533.4
      795.8     162.8   46782.4   34520.4   47618.7   34121.3   48566.2   34340.0   46922.6   34814.2
   47 6      2 -2.7482  1.3181   49073.6   30134.8   -4081.3 -2.8414  1.5420  174108.3  184009.1  -70358.4
     1433.2     370.2   47621.3   30420.7   49628.6   29458.0   50733.2   30060.1   47941.5   31088.3
   48 6      3 -3.4339  1.4981   57096.5   27382.2   -6976.4 -2.8414  1.5420  182334.2  179544.9  -73253.5
     2599.6     693.2   54436.6   27786.3   58480.9   26021.9   59963.0   27189.5   54991.0   29057.1
vertex track :        194   3  46   12290860 -2.1015  2.0258  170529.5  184512.7     202.9   211     nan
   43 6     -2 -2.1050  2.0192   34473.3   43126.5    6586.8 -2.0902  2.0158  158806.9  196819.2  -62776.0
        nan       nan      -nan       nan       nan       nan       nan       nan       nan       nan
   44 6     -1 -2.0119  2.0592   42656.6   38893.8    3718.3 -2.0902  2.0158  164802.4  191036.8  -65644.5
        nan       nan      -nan       nan       nan       nan       nan       nan       nan       nan
   45 6      0 -2.0940  2.0389   43856.6   32997.2    2865.6 -2.0902  2.0158  166584.8  189317.8  -66497.2
        nan       nan      -nan       nan       nan       nan       nan       nan       nan       nan
vertex track :        216   3  46   12335038 -0.5755  0.5735  168143.8  186771.2     206.0   211     nan
   43 6     -2 -0.4651  0.5549   43903.0   35420.6    6827.3 -0.5773  0.5675  165943.7  189971.5  -62532.7
        nan       nan      -nan       nan       nan       nan       nan       nan       nan       nan
   44 6     -1 -0.5097  0.5704   45060.2   30349.9    4071.5 -0.5773  0.5675  167534.8  188407.6  -65288.6
        nan       nan      -nan       nan       nan       nan       nan       nan       nan       nan
   45 6      0 -0.7012  0.6678   48186.8   27799.1    3256.7 -0.5773  0.5675  168005.2  187945.3  -66103.3
        nan       nan      -nan       nan       nan       nan       nan       nan       nan       nan
vertex track :        219   3  46   12335498 -0.8752 -0.9914  167824.2  188572.9     205.7   211     nan
   43 6     -2 -0.8962 -0.9728   40250.8   26499.5    6583.0 -0.8942 -0.9923  163751.5  181678.1  -62767.2
        nan       nan      -nan       nan       nan       nan       nan       nan       nan       nan
   44 6     -1 -0.8661 -0.9911   44942.0   30642.8    3715.4 -0.8942 -0.9923  166315.8  184523.6  -65634.9
        nan       nan      -nan       nan       nan       nan       nan       nan       nan       nan
   45 6      0 -0.8808 -0.9906   45130.9   27205.4    2868.7 -0.8942 -0.9923  167073.0  185363.8  -66481.6
        nan       nan      -nan       nan       nan       nan       nan       nan       nan       nan
vertex track :        240   3  46   13011630 -0.5839  0.8225  168239.8  186304.6     203.4   211     nan
   43 6     -2 -0.5505  0.8402   44063.4   36652.2    6808.7 -0.5838  0.8134  166004.9  191122.3  -62551.2
        nan       nan      -nan       nan       nan       nan       nan       nan       nan       nan
   44 6     -1 -0.5248  0.8390   45102.1   30793.9    4070.8 -0.5838  0.8134  167603.2  188895.3  -65289.2
        nan       nan      -nan       nan       nan       nan       nan       nan       nan       nan
   45 6      0 -0.6812  0.9856   48403.1   27995.8    3253.4 -0.5838  0.8134  168080.3  188230.5  -66106.6
        nan       nan      -nan       nan       nan       nan       nan       nan       nan       nan
vertex track :        255   3  46   13013602  1.7588 -2.2859  164787.0  190788.1     211.6     0  5742.2
   43 6     -2  1.7723 -2.2817   55197.8   20015.2    6580.3  1.7662 -2.3087  177663.1  175526.8  -62772.3
      783.4      33.6   55705.0   19417.1   55116.0   20175.3   54902.4   20820.9   55651.8   19375.8
   44 6     -1  1.7945 -2.2685   52608.7   27595.0    3722.8  1.7662 -2.3087  172616.3  182124.1  -65629.8
      455.1      17.6   52904.8   27249.0   52717.1   27486.4   52524.4   28148.6   52877.2   27227.1
   45 6      0  1.7421 -2.2949   50649.7   25221.9    2869.4  1.7662 -2.3087  171109.1  184094.3  -66483.2
      361.9      11.5   50877.7   24940.5   50805.9   25035.2   50633.5   25710.9   50859.4   24926.6
vertex track :        276   3  46   13568760  0.4124  4.4718  165108.2  175112.7     204.6     0   829.5
   43 6     -2  0.6563  4.3205   47692.1   49634.7    6800.2  0.4382  4.3785  169521.8  203430.9  -62632.6
     2233.2     297.8   47733.1   51887.3   47200.1   48378.8   47861.7   47596.4   48321.9   51797.8
   44 6     -1  0.1750  4.3884   45517.6   33227.3    4074.4  0.4382  4.3785  168327.3  191495.9  -65358.4
     1272.2     153.7   45414.7   34504.6   45350.1   32883.8   45830.7   32164.4   45721.9   34492.3
   45 6      0  0.9243  4.2618   48128.6   27209.0    3251.1  0.4382  4.3785  167966.5  187891.2  -66181.7
      898.6      64.0   48256.5   28100.8   48069.7   27239.3   48211.7   26531.4   48381.7   28073.6
vertex track :        325   3  46   13669547 -3.0286  1.1614  169395.3  186858.8     203.8     0  5308.4
   43 6     -2 -2.9878  1.1176   27033.1   39480.6    6586.0 -3.0411  1.1830  151613.3  193839.3  -62767.5
      963.3      39.5   26117.0   39781.1   27294.1   39340.8   28156.3   39391.3   26144.7   39855.2
   44 6     -1 -2.8809  1.1706   37734.3   37755.3    3717.2 -3.0411  1.1830  160337.8  190445.6  -65636.4
      554.1      20.5   37213.3   37944.9   37634.9   37773.6   38462.4   37776.9   37228.7   37982.8
   45 6      0 -3.0204  1.1756   39670.1   32557.0    2868.5 -3.0411  1.1830  162918.8  189441.6  -66485.1
      438.0      12.9   39257.2   32703.8   39439.2   32633.0   40289.9   32621.3   39266.6   32727.9
vertex track :        329   3  46   13669881 -0.5017 -0.3584  167675.9  188436.1     205.7   211   166.7
   43 6     -2 -0.5724 -0.3698   44014.7   30681.6    6875.7 -0.5104 -0.3593  165900.1  185474.8  -62475.9
      300.3     238.7   43892.0   30318.1   44276.2   30566.4   44346.8   31254.7   43632.9   30719.2
   44 6     -1 -0.4705 -0.2995   44790.6   28679.5    4072.3 -0.5104 -0.3593  167331.0  186482.1  -65279.2
      158.3     121.2   44722.2   28492.2   44890.4   28599.3   45068.6   29076.4   44592.0   28696.7
   45 6      0 -0.4650 -0.3389   47923.9   26778.1    3249.1 -0.5104 -0.3593  167751.3  186777.9  -66102.5
       82.5      49.0   47886.1   26689.9   47921.8   26715.9   48171.2   27076.0   47828.3   26769.2
