groupid:   4767, ntrk: 11
vertex track :          0   3  51    7093225 -0.0387  0.0069  155670.4  120344.5     389.2    13   439.1
   52 4      1 -0.0389  0.0061   31727.2   41018.7   -2869.2 -0.0404  0.0021  153780.5  118646.9  -80010.8
       16.7      12.2   31708.8   41009.2   31733.7   41005.3   31955.6   41238.2   31712.6   41033.4
   53 4      2 -0.0387  0.0068   34175.3   42935.4   -3719.8 -0.0404  0.0021  153814.9  118645.2  -80861.4
       32.9      29.7   34137.7   42911.9   34194.5   42901.9   34422.9   43169.0   34148.0   42970.4
   54 4      3 -0.0389  0.0067   34328.4   41442.3   -6585.9 -0.0404  0.0021  153930.8  118639.2  -83727.5
       62.4      57.6   34257.1   41396.1   34371.9   41376.3   34609.6   41698.4   34276.6   41509.6
vertex track :         10   3  51    7092041  0.9060  1.1600  157437.4  122493.1     389.8     0 10001.0
   52 4      1  0.9336  1.1244   38469.9   45350.2   -3461.3  0.8974  1.1394  151955.7  116399.9  -80593.3
      180.5       9.9   38577.6   45495.4   38543.0   45453.8   38573.2   45416.1   38592.9   45482.7
   53 4      2  0.9778  1.1886   35335.6   39488.8   -4280.2  0.8974  1.1394  151220.8  115466.9  -81412.2
      210.4      12.4   35459.7   39659.2   35397.7   39583.8   35422.5   39529.6   35478.9   39643.4
   54 4      3  0.9032  1.1833   30213.6   40726.3   -7329.9  0.8974  1.1394  148484.2  111992.2  -84461.8
      327.8      20.8   30396.0   40999.6   30187.8   40726.8   30242.1   40664.3   30429.0   40974.3
vertex track :         51   3  51    7732382 -1.3522 -1.9489  153490.0  117111.8     387.2   211     nan
   52 4      1 -1.3098 -1.9718   34033.7   44536.7   -2862.9 -1.3680 -1.9837  155915.1  121853.2  -80019.9
        nan       nan      -nan       nan       nan       nan       nan       nan       nan       nan
   53 4      2 -1.3466 -1.9483   37596.9   48077.7   -3720.0 -1.3680 -1.9837  157087.6  123553.5  -80877.0
        nan       nan      -nan       nan       nan       nan       nan       nan       nan       nan
   54 4      3 -1.3378 -1.9697   41722.4   52602.4   -6586.6 -1.3680 -1.9837  161009.3  129240.2  -83743.7
        nan       nan      -nan       nan       nan       nan       nan       nan       nan       nan
vertex track :        180   3  52    6892196 -1.0556 -1.1322  152618.6  120080.9     263.1   211     nan
   49 4     -2 -1.0453 -1.1067   30188.0   36750.3    6589.5 -1.0681 -1.1166  148343.2  113062.6  -73876.3
        nan       nan      -nan       nan       nan       nan       nan       nan       nan       nan
   50 4     -1 -1.0231 -1.1784   31158.3   37104.5    3718.0 -1.0681 -1.1166  151410.1  116268.9  -76747.7
        nan       nan      -nan       nan       nan       nan       nan       nan       nan       nan
   51 4      0 -1.0719 -1.1263   31868.9   39647.8    2866.7 -1.0681 -1.1166  152319.3  117219.4  -77599.0
        nan       nan      -nan       nan       nan       nan       nan       nan       nan       nan
vertex track :        206   3  52    7737643 -1.0566  0.9565  153392.4  116662.9     261.4   211     nan
   49 4     -2 -1.1325  1.0396   24558.4   40534.1    6152.5 -1.0507  0.9527  149672.7  122340.6  -74326.5
        nan       nan      -nan       nan       nan       nan       nan       nan       nan       nan
   50 4     -1 -1.0840  0.9360   24930.0   39879.9    4395.1 -1.0507  0.9527  151519.3  120666.3  -76083.9
        nan       nan      -nan       nan       nan       nan       nan       nan       nan       nan
   51 4      0 -1.0628  0.9161   25672.7   37378.1    3432.0 -1.0507  0.9527  152531.1  119748.8  -77047.0
        nan       nan      -nan       nan       nan       nan       nan       nan       nan       nan
vertex track :        232   3  52    7984121  1.5779 -0.1751  146731.3  119122.4     271.1     0  3231.1
   49 4     -2  1.5985 -0.1691   40644.6   41592.2    6583.2  1.5985 -0.1799  159254.8  118062.7  -73883.0
      305.7      24.6   40951.1   41584.5   40678.8   41613.4   40549.6   41809.8   40946.0   41535.6
   50 4     -1  1.5812 -0.1323   36701.0   40476.6    3713.4  1.5985 -0.1799  154667.5  118579.0  -76752.8
      184.6      12.5   36886.0   40473.7   36850.1   40476.7   36727.5   40689.4   36883.9   40448.7
   51 4      0  1.5558 -0.1575   35028.2   41966.3    2868.7  1.5985 -0.1799  153317.1  118730.9  -77597.5
      152.3       7.7   35180.5   41958.6   35204.1   41956.2   35087.4   42183.8   35179.0   41943.3
vertex track :        257   3  52    8403928  1.7088 -1.3157  147545.9  121533.1     269.9     0  2942.3
   49 4     -2  1.7597 -1.2188   36835.4   30209.4    6192.5  1.7317 -1.3289  160257.1  113733.4  -74265.5
      453.4      32.8   37226.8   29978.1   36850.9   30238.5   36655.8   30649.4   37189.5   29924.2
   50 4     -1  1.5996 -1.3875   29424.1   36273.9    4395.0  1.7317 -1.3289  157144.4  116122.1  -76063.0
      328.6      21.4   29686.4   36074.7   29525.8   36214.0   29373.4   36681.7   29658.3   36042.4
   51 4      0  1.7462 -1.2531   27649.6   35882.2    3421.0  1.7317 -1.3289  155457.8  117416.5  -77037.0
      263.3      12.3   27870.7   35738.7   27809.5   35782.6   27640.2   36234.5   27856.3   35718.7
vertex track :        269   3  52    8416191  3.7048 -4.2988  144025.7  126958.2     276.6   211     nan
   49 4     -2  3.6883 -4.3287   51336.0   23365.0    6590.5  3.8010 -4.4001  170485.0   99238.0  -73846.7
        nan       nan      -nan       nan       nan       nan       nan       nan       nan       nan
   50 4     -1  3.9407 -4.2160   43732.8   30148.2    3719.6  3.8010 -4.4001  159572.5  111870.4  -76717.6
        nan       nan      -nan       nan       nan       nan       nan       nan       nan       nan
   51 4      0  3.6806 -4.2404   39745.2   35538.3    2868.6  3.8010 -4.4001  156337.9  115614.9  -77568.6
        nan       nan      -nan       nan       nan       nan       nan       nan       nan       nan
vertex track :        288   3  52    8835732  1.1846  3.3195  150463.9  116467.2     265.4   211   294.4
   49 4     -2  0.7093  3.6572   36439.3   55795.3    6169.8  1.2056  3.2777  160030.1  135899.0  -74308.4
     2316.9     567.3   36323.5   58177.8   35590.2   54396.9   36765.7   53626.5   37437.3   57961.8
   50 4     -1  0.7120  3.5180   30178.6   48364.8    4397.4  1.2056  3.2777  157893.4  130089.8  -76080.8
     1500.1     357.4   30125.9   49906.0   29680.3   47704.2   30442.0   47037.1   30826.4   49764.2
   51 4      0  0.7317  3.6074   28917.4   44185.7    3444.7  1.2056  3.2777  156744.9  126967.2  -77033.5
      780.3     142.7   28932.7   44978.8   28776.1   44206.9   29112.8   43606.2   29212.3   44922.0
vertex track :        312   3  52    8860291 -1.5729 -1.3948  152829.4  120005.4     260.2     0  2179.8
   49 4     -2 -1.5904 -1.3823   27236.5   35080.1    6575.7 -1.5914 -1.3716  145261.4  111386.8  -73887.8
      466.4      42.3   26912.2   34742.3   27282.3   35063.9   27769.2   35626.6   26856.7   34806.1
   50 4     -1 -1.5361 -1.4022   29114.9   35834.0    3714.4 -1.5914 -1.3716  149814.8  115311.4  -76749.1
      275.1      20.9   28925.8   35633.0   29009.6   35709.5   29512.5   36243.5   28897.6   35663.9
   51 4      0 -1.5540 -1.4241   30338.7   38525.6    2868.7 -1.5914 -1.3716  151160.6  116471.4  -77594.8
      222.0      10.8   30182.3   38367.7   30183.3   38368.6   30703.5   38892.1   30167.8   38383.5
vertex track :        333   3  52    9046371 -1.5322  2.2984  156418.0  110706.5     257.7   211     nan
   49 4     -2 -1.6313  2.4232   24346.6   43530.7    6157.2 -1.5111  2.2684  149962.3  124166.0  -74346.5
        nan       nan      -nan       nan       nan       nan       nan       nan       nan       nan
   50 4     -1 -1.4391  2.3430   26201.9   38898.7    4393.6 -1.5111  2.2684  152627.3  120165.5  -76110.1
        nan       nan      -nan       nan       nan       nan       nan       nan       nan       nan
   51 4      0 -1.8134  2.2831   27236.0   35495.2    3432.9 -1.5111  2.2684  154078.9  117986.4  -77070.8
        nan       nan      -nan       nan       nan       nan       nan       nan       nan       nan
