groupid:   4873, ntrk:  8
vertex track :          0   3  61    7480036  0.0392 -0.2547  140335.6  162167.5     293.4    13  1260.3
   62 4      1  0.0398 -0.2547   21898.7   86376.9   -2869.2  0.0378 -0.2612  141071.8  161708.3  -98712.8
       27.8       4.7   21907.6   86350.1   21907.4   86351.6   22099.8   86613.4   21898.4   86348.7
   63 6      2  0.0350 -0.2555   22655.5    3434.9   -3717.7  0.0378 -0.2612  141039.7  161929.9  -99561.3
       34.3      10.6   22670.7    3402.3   22668.8    3416.7   22850.4    3677.2   22649.7    3399.4
   64 4      3  0.0409 -0.2550   18592.1   86183.0   -6581.5  0.0378 -0.2612  140931.5  162677.8 -102425.0
       55.7      20.7   18621.4   86131.3   18612.3   86187.7   18772.9   86444.5   18580.6   86124.7
vertex track :          8   3  61    7112908  0.5249 -0.1487  141450.4  162408.6     290.5  2212   719.0
   62 4      1  0.5110 -0.1101   17475.8   82789.0   -3056.9  0.5246 -0.1584  140551.6  161645.9  -98896.8
       59.0      16.4   17536.9   82792.6   17528.8   82794.3   17625.1   82995.3   17530.0   82760.5
   63 4      2  0.5528 -0.1533   20344.8   80879.1   -3884.9  0.5246 -0.1584  140117.3  161777.0  -99724.7
       78.4      37.9   20430.5   80894.7   20395.4   80904.4   20469.6   81073.4   20410.2   80821.6
   64 4      3  0.4978 -0.1227   16550.9   85998.4   -6356.9  0.5246 -0.1584  138820.5  162168.6 -102196.7
      123.4      68.1   16687.1   86035.0   16551.9   86068.3   16625.3   86171.7   16654.5   85902.8
vertex track :         18   3  61    7479938 -0.6456 -0.3751  138722.0  161886.7     294.4   211   220.5
   62 4      1 -0.6452 -0.3765   22375.6   86464.9   -2868.3 -0.6487 -0.3769  141627.8  161805.2  -98713.6
       87.7      38.7   22319.3   86387.3   22335.4   86396.6   22641.2   86752.2   22280.3   86454.1
   63 6      2 -0.6521 -0.3652   23710.4    3600.0   -3717.3 -0.6487 -0.3769  142178.5  162125.2  -99562.6
      145.9      94.4   23629.3    3446.3   23747.0    3512.2   24001.0    3963.3   23537.0    3611.1
   64 4      3 -0.6440 -0.3825   21341.1   86693.7   -6584.4 -0.6487 -0.3769  144038.4  163205.7 -102429.7
      266.8     185.0   21206.2   86398.4   21529.7   86590.6   21685.4   87198.5   21017.3   86716.5
vertex track :         32   3  61    7787118 -0.0337 -3.8696  140223.8  150291.7     286.0     0  1594.6
   62 4      1 -0.1659 -3.8754   17801.1   81376.4   -3058.4 -0.0805 -3.9635  141230.4  162217.7  -98952.3
      723.4      33.6   17803.8   80652.2   17830.8   81283.9   18008.3   82306.7   17736.5   80655.1
   63 4      2  0.1838 -4.1204   21193.1   82631.0   -3883.9 -0.0805 -3.9635  141296.8  165489.6  -99777.8
      915.4      71.8   21305.7   81719.8   21262.7   82683.4   21290.8   83748.2   21162.2   81713.4
   64 6      3 -0.0367 -3.7793   18834.4   16406.9   -6416.8 -0.0805 -3.9635  141500.7  175528.7 -102310.7
     1460.9     129.4   18949.6   14944.8   18970.3   17072.8   18929.2   18075.2   18690.9   14947.3
vertex track :         48   3  61    7830620 -0.6269  0.1871  138798.8  163146.6     296.4  2212   502.6
   62 4      1 -0.6272  0.1860   22395.5   86008.5   -2868.5 -0.6249  0.1893  141638.6  161281.9  -98710.5
       73.4      30.0   22316.5   86000.6   22325.6   85997.9   22683.7   86226.7   22333.6   86058.2
   63 4      2 -0.6232  0.1959   23731.1   84755.3   -3717.5 -0.6249  0.1893  142169.2  161121.2  -99559.5
      115.1      72.9   23599.5   84720.3   23688.2   84692.4   24072.1   85000.6   23643.2   84859.4
   64 4      3 -0.6294  0.1844   21309.3   84366.5   -6587.5 -0.6249  0.1893  143962.8  160578.0 -102429.5
      206.7     142.7   21070.9   84287.7   21335.3   84210.2   21757.1   84655.6   21151.1   84561.6
vertex track :        136   3  62    7836258  1.9406 -1.0602  140919.1  165293.0     396.2  2212   347.5
   59 4     -2  1.9461 -1.0458   33258.7   75856.0    6587.0  1.9420 -1.0949  151727.1  155512.3  -92409.4
     1892.1     753.8   35282.2   75624.3   32357.5   77196.0   31447.2   76296.7   34568.6   74296.4
   60 4     -1  1.9348 -1.0484   28372.5   82782.9    3716.7  1.9420 -1.0949  146153.1  158654.8  -95279.7
      900.7     352.4   29332.3   82663.7   28154.8   83301.7   27624.7   83111.2   28996.5   82044.0
   61 4      0  1.9482 -1.0448   24030.2   81328.7    2867.5  1.9420 -1.0949  144503.9  159584.6  -96129.0
      387.5     129.0   24432.7   81259.3   24158.9   81406.1   23839.7   81607.1   24310.7   81031.9
vertex track :        146   3  62    8131951 -1.1407 -0.1212  143136.5  164596.6     392.3  2212   404.0
   59 6     -2 -1.2500 -0.0482   17916.0    6144.7    7190.3 -1.1450 -0.1186  134134.7  160764.2  -91804.1
      511.0     306.7   17417.2    5818.5   18176.0    5847.8   18623.6    6680.8   17393.5    6431.4
   60 4     -1 -1.1632 -0.0361   19632.5   84984.3    3881.6 -1.1450 -0.1186  137923.2  161156.5  -95112.8
      240.2     135.9   19396.6   84841.0   19632.5   84848.3   20077.2   85337.6   19388.2   85112.7
   61 6      0 -1.1320 -0.1409   21356.8    5831.0    3058.7 -1.1450 -0.1186  138865.5  161254.1  -95935.8
      130.2      52.1   21234.0    5763.2   21254.7    5765.8   21688.5    6108.6   21221.1    5866.6
vertex track :        189   3  62    8756220 -0.7874 -2.9149  143355.2  168124.4     394.0   211   166.1
   59 4     -2 -0.7768 -2.9207   16181.6   65026.7    6592.3 -0.8226 -2.9888  137062.0  146596.8  -92383.1
     3352.8    1022.1   16307.6   61523.7   17868.0   67390.8   16264.9   68736.6   14332.1   62049.2
   60 4     -1 -0.7478 -2.9547   20254.5   78365.5    3720.1 -0.8226 -2.9888  139424.6  155181.3  -95255.3
     1589.7     477.8   20327.7   76707.2   20950.7   79168.8   20390.5   80230.8   19401.2   76941.6
   61 4      0 -0.7707 -2.9222   18134.9   78423.3    2868.2 -0.8226 -2.9888  140125.4  157727.4  -96107.2
      665.2     174.4   18133.9   77735.7   18311.3   78408.3   18345.1   79318.0   17796.7   77824.6
