groupid:    488, ntrk: 30
vertex track :          0   3 125     823133 -0.1143  0.1413   74164.0   73321.8     250.8    13  2472.6
  126 1      1 -0.1143  0.1412   73073.6   72762.6   -2869.5 -0.1135  0.1437   71478.0   70380.1 -215767.3
       20.3       2.5   73058.9   72776.8   73060.4   72774.9   73298.2   72958.6   73062.8   72780.0
  127 1      2 -0.1157  0.1394   73280.2   71110.7   -3720.5 -0.1135  0.1437   71574.6   70257.9 -216618.3
       24.7       5.4   73260.3   71126.3   73267.6   71117.5   73510.0   71305.3   73268.6   71133.2
  128 1      3 -0.1132  0.1426   75527.6   72564.6   -6588.9 -0.1135  0.1437   71900.0   69845.8 -219486.7
       40.1      10.5   75494.5   72589.5   75520.5   72556.7   75770.6   72749.8   75510.9   72602.4
vertex track :          1   3 125     723154 -2.1608 -2.3430   68288.6   65583.9     241.5   211     nan
  126 1      1 -2.3415 -2.3874   75921.6   72410.1   -2818.0 -2.1897 -2.3512   71850.7   70238.0 -215703.3
        nan       nan      -nan       nan       nan       nan       nan       nan       nan       nan
  127 1      2 -2.4246 -2.4224   76891.8   76803.4   -3641.1 -2.1897 -2.3512   73653.0   72173.2 -216526.4
        nan       nan      -nan       nan       nan       nan       nan       nan       nan       nan
  128 1      3 -2.1333 -2.2727   82548.9   80318.1   -6191.6 -2.1897 -2.3512   79237.9   78170.0 -219077.0
        nan       nan      -nan       nan       nan       nan       nan       nan       nan       nan
vertex track :         45   3 125    1577637 -1.7225 -2.2819   69384.4   66138.2     241.2   211     nan
  126 1      1 -1.7228 -2.2861   72833.7   72418.9   -2866.7 -1.7487 -2.2935   71694.3   70725.2 -215752.5
        nan       nan      -nan       nan       nan       nan       nan       nan       nan       nan
  127 1      2 -1.6909 -2.3063   74366.3   72761.6   -3718.8 -1.7487 -2.2935   73184.2   72679.3 -216604.6
        nan       nan      -nan       nan       nan       nan       nan       nan       nan       nan
  128 1      3 -1.7361 -2.2674   80781.1   80354.9   -6587.4 -1.7487 -2.2935   78200.5   79258.5 -219473.2
        nan       nan      -nan       nan       nan       nan       nan       nan       nan       nan
vertex track :         74   3 125    1665173 -2.8250 -2.9928   72494.2   71345.6     247.8   211     nan
  126 1      1 -2.8741 -2.9597   82055.1   79864.2   -2795.5 -2.8614 -3.0015   78136.5   77976.3 -215689.4
        nan       nan      -nan       nan       nan       nan       nan       nan       nan       nan
  127 3      2 -2.8862 -2.9791   83102.9    6330.2   -3614.5 -2.8614 -3.0015   80479.9   80434.5 -216508.4
        nan       nan      -nan       nan       nan       nan       nan       nan       nan       nan
  128 3      3 -2.9164 -2.9988   90824.8   10895.3   -6148.9 -2.8614 -3.0015   87731.8   88041.3 -219042.8
        nan       nan      -nan       nan       nan       nan       nan       nan       nan       nan
vertex track :         88   3 125    2029152  0.3571 -1.9867   75187.4   69517.0     244.2   211     nan
  126 1      1  0.3541 -1.9774   72767.8   74967.0   -2868.2  0.3477 -2.0141   71048.0   73239.6 -215760.8
        nan       nan      -nan       nan       nan       nan       nan       nan       nan       nan
  127 1      2  0.3796 -1.9874   72569.2   75036.8   -3717.2  0.3477 -2.0141   70752.9   74949.5 -216609.7
        nan       nan      -nan       nan       nan       nan       nan       nan       nan       nan
  128 1      3  0.3371 -1.9983   73693.7   82045.8   -6594.0  0.3477 -2.0141   69752.7   80743.9 -219486.6
        nan       nan      -nan       nan       nan       nan       nan       nan       nan       nan
vertex track :        107   3 125    2505956 -0.7483 -4.1743   72659.7   60456.5     233.0   211   215.8
  126 1      1 -0.9880 -4.2138   76252.8   72537.3   -2816.8 -0.7812 -4.2182   71905.1   70688.2 -215697.8
     1367.4     259.6   76193.4   71146.7   76610.3   72924.4   76521.2   74133.6   75687.8   71265.2
  127 1      2 -0.7564 -4.5046   75837.5   78618.1   -3650.5 -0.7812 -4.2182   72556.4   74204.9 -216531.5
     2957.7     642.3   75981.1   75594.8   76801.9   80482.6   75903.2   81846.8   74714.3   75807.6
  128 3      3 -0.9320 -4.0538   77302.3    7783.1   -6216.9 -0.7812 -4.2182   74561.3   85030.3 -219097.9
     5498.4    1210.5   77250.1    2153.3   79518.3   12019.2   77563.6   13618.9   74890.6    2695.7
vertex track :        109   3 125    2535358 -0.1599 -4.0543   74477.1   63395.4     233.6   211   314.8
  126 1      1 -0.1663 -4.0261   73516.2   74674.0   -2865.3 -0.1874 -4.1030   71954.4   73497.9 -215747.8
      972.0     156.0   73631.9   73696.3   73677.2   74793.3   73610.3   75857.6   73320.3   73709.2
  127 1      2 -0.1167 -4.0378   73752.2   76466.3   -3719.2 -0.1874 -4.1030   72114.4   77001.5 -216601.7
     1841.2     384.4   74083.2   74614.8   74165.1   77447.7   73631.0   78523.8   73314.7   74637.0
  128 3      3 -0.2101 -4.0515   75897.5    9516.0   -6583.2 -0.1874 -4.1030   72651.1   88752.8 -219465.7
     3507.8     757.3   76472.2    5973.6   76791.4   12129.1   75532.7   13264.3   74959.6    6052.1
vertex track :        139   3 125    2594168 -4.3961  0.5382   66373.8   74185.7     255.9     0  1183.4
  126 1      1 -4.4228  0.4611   80438.0   72757.2   -2807.7 -4.3855  0.5601   76714.8   70037.6 -215700.9
      858.1      45.8   79579.7   72800.6   80357.9   72719.4   81501.7   72924.3   79589.2   72891.7
  127 1      2 -3.2958 -0.4810   83074.2   74677.7   -3629.5 -4.3855  0.5601   80319.0   69577.3 -216522.8
     1142.6     106.5   81958.9   74407.3   83528.1   74636.3   84396.2   75157.6   81928.2   74618.1
  128 1      3 -5.2864  0.8201   95374.8   69807.7   -6139.6 -4.3855  0.5601   91326.9   68171.4 -219032.9
     1894.5     197.7   93472.4   69902.7   96106.5   69494.1   97481.9   69923.4   93533.1   70293.5
vertex track :        175   3 125    6059563  1.9762  2.0085   79002.6   77756.2     199.5     0 10001.0
  126 1      1  1.9813  2.0164   72008.0   71921.5   -2868.2  2.0062  2.0250   69875.2   69067.2 -215717.5
      390.3      12.6   72272.6   72208.7   72141.6   72075.3   71955.4   71846.3   72290.5   72191.1
  127 1      2  1.9314  2.0327   70568.0   68605.2   -3719.8  2.0062  2.0250   68166.6   67342.7 -216569.1
      480.5      17.0   70886.7   68965.2   70630.3   68695.4   70461.3   68457.2   70911.3   68941.9
  128 1      3  1.9922  2.0056   67184.3   65339.7   -6581.4  2.0062  2.0250   62425.7   61548.0 -219430.7
      796.5      30.0   67724.3   65926.0   67020.0   65216.9   66856.2   64965.4   67766.9   65883.7
vertex track :        197   3 126     394165 -1.5262 -1.0849   76061.0   75286.6     220.2   211     nan
  123 1     -2 -1.5226 -1.0907   64485.5   67894.5    6593.6 -1.5481 -1.0888   64599.5   66018.2 -209095.6
        nan       nan      -nan       nan       nan       nan       nan       nan       nan       nan
  124 1     -1 -1.5290 -1.0387   68900.3   69750.8    3715.4 -1.5481 -1.0888   69055.3   69152.1 -211973.8
        nan       nan      -nan       nan       nan       nan       nan       nan       nan       nan
  125 1      0 -1.5256 -1.0888   73158.0   72386.3    2868.4 -1.5481 -1.0888   70366.5   70074.3 -212820.8
        nan       nan      -nan       nan       nan       nan       nan       nan       nan       nan
vertex track :        201   3 126     395269 -1.2419 -2.2573   74085.2   74797.8     220.6   211     nan
  123 1     -2 -1.3524 -2.1311   67112.2   60398.0    6754.7 -1.2692 -2.2796   64179.5   57581.9 -208936.7
        nan       nan      -nan       nan       nan       nan       nan       nan       nan       nan
  124 1     -1 -1.2207 -2.2603   71635.7   67365.2    3669.9 -1.2692 -2.2796   68094.7   64613.9 -212021.5
        nan       nan      -nan       nan       nan       nan       nan       nan       nan       nan
  125 1      0 -1.1858 -2.2179   68985.9   68220.8    2819.8 -1.2692 -2.2796   69173.7   66552.0 -212871.6
        nan       nan      -nan       nan       nan       nan       nan       nan       nan       nan
vertex track :        215   3 126     422384 -2.0571 -2.1687   77714.8   78232.0     218.2   211     nan
  123 1     -2 -2.0434 -2.1762   62538.0   63508.2    6585.6 -2.1022 -2.2016   62764.0   61907.5 -209095.9
        nan       nan      -nan       nan       nan       nan       nan       nan       nan       nan
  124 1     -1 -2.0763 -2.1513   68569.8   68741.0    3728.7 -2.1022 -2.2016   68769.8   68197.2 -211952.8
        nan       nan      -nan       nan       nan       nan       nan       nan       nan       nan
  125 1      0 -2.0640 -2.1719   73315.6   72279.8    2869.0 -2.1022 -2.2016   70577.3   70090.2 -212812.6
        nan       nan      -nan       nan       nan       nan       nan       nan       nan       nan
vertex track :        216   3 126     423025 -2.1646 -2.0283   76564.4   76482.7     220.2   211   131.4
  123 1     -2 -2.4292 -2.0842   63331.6   63451.7    6717.7 -2.2011 -2.0422   60678.7   60893.4 -208970.1
     4768.8    1500.0   60689.1   59208.1   67417.4   64980.8   66181.6   67903.3   58735.6   61484.9
  124 1     -1 -2.2309 -2.0874   70670.4   69950.2    3663.2 -2.2011 -2.0422   67402.0   67131.3 -212024.6
     2209.7     690.0   69528.3   67936.7   72286.8   70517.7   72020.2   72171.7   68585.4   68944.4
  125 1      0 -2.0840 -2.1564   68860.8   70532.6    2819.4 -2.2011 -2.0422   69259.3   68854.5 -212868.4
      889.6     258.3   68428.4   69713.4   69227.1   70539.9   69501.1   71559.7   68056.8   70072.5
vertex track :        220   3 126     512371  1.4604 -2.2347   69869.3   77592.1     225.1   211     nan
  123 1     -2  1.4672 -2.2285   78317.8   62533.4    6584.4  1.4579 -2.2707   77513.9   60889.8 -209112.3
        nan       nan      -nan       nan       nan       nan       nan       nan       nan       nan
  124 1     -1  1.3374 -2.2660   73608.6   67801.8    3714.8  1.4579 -2.2707   73330.1   67405.7 -211981.9
        nan       nan      -nan       nan       nan       nan       nan       nan       nan       nan
  125 1      0  1.4660 -2.2356   75374.8   71470.8    2866.0  1.4579 -2.2707   72092.6   69333.1 -212830.8
        nan       nan      -nan       nan       nan       nan       nan       nan       nan       nan
vertex track :        221   3 126     746293 -1.3319  0.8863   75665.6   71158.3     218.6   211     nan
  123 1     -2 -1.2888  0.9251   67995.2   77509.9    6669.5 -1.3375  0.9042   65414.3   74621.4 -209021.8
        nan       nan      -nan       nan       nan       nan       nan       nan       nan       nan
  124 1     -1 -1.2473  0.8412   72913.0   75311.9    3660.2 -1.3375  0.9042   69439.2   71900.6 -212031.0
        nan       nan      -nan       nan       nan       nan       nan       nan       nan       nan
  125 1      0 -1.3104  0.8824   70433.8   73613.6    2819.4 -1.3375  0.9042   70563.8   71140.3 -212871.8
        nan       nan      -nan       nan       nan       nan       nan       nan       nan       nan
vertex track :        231   3 126     749466  1.9371  2.0541   68097.6   68158.4     224.7   211     nan
  123 1     -2  1.9329  2.0656   79553.8   81707.7    6582.1  1.9572  2.0551   78842.5   78874.1 -209123.3
        nan       nan      -nan       nan       nan       nan       nan       nan       nan       nan
  124 1     -1  1.9791  2.0984   73544.4   74091.5    3690.5  1.9572  2.0551   73183.1   72931.8 -212014.9
        nan       nan      -nan       nan       nan       nan       nan       nan       nan       nan
  125 1      0  1.9367  2.0626   74957.6   74123.1    2869.8  1.9572  2.0551   71576.9   71245.2 -212835.6
        nan       nan      -nan       nan       nan       nan       nan       nan       nan       nan
vertex track :        233   3 126     749688  1.3075  1.5339   68861.8   68582.5     222.8   211     nan
  123 1     -2  1.5900  1.7534   78640.6   79186.1    6719.8  1.3229  1.5368   75767.5   76217.2 -208982.8
        nan       nan      -nan       nan       nan       nan       nan       nan       nan       nan
  124 1     -1  1.4452  1.8190   75875.4   75314.0    3645.3  1.3229  1.5368   71700.1   71492.3 -212057.3
        nan       nan      -nan       nan       nan       nan       nan       nan       nan       nan
  125 1      0  1.2803  1.5239   71184.1   72899.8    2819.7  1.3229  1.5368   70607.9   70223.6 -212882.9
        nan       nan      -nan       nan       nan       nan       nan       nan       nan       nan
vertex track :        235   3 126     773919  1.1001 -1.3583   72327.2   73699.3     222.3   211     nan
  123 1     -2  1.0899 -1.3257   78307.5   64577.3    6590.5  1.0996 -1.3813   77697.1   62582.8 -209104.8
        nan       nan      -nan       nan       nan       nan       nan       nan       nan       nan
  124 1     -1  1.0668 -1.3286   74665.8   67179.6    3722.4  1.0996 -1.3813   74543.3   66544.6 -211972.9
        nan       nan      -nan       nan       nan       nan       nan       nan       nan       nan
  125 1      0  1.1020 -1.3611   76826.4   70051.6    2864.0  1.0996 -1.3813   73599.5   67730.2 -212831.3
        nan       nan      -nan       nan       nan       nan       nan       nan       nan       nan
vertex track :        238   3 126     774069 -1.5111  0.1397   74454.1   72777.9     219.2   211     nan
  123 1     -2 -1.4829  0.1116   65568.4   74095.9    6707.9 -1.5238  0.1509   62944.3   71412.7 -208983.5
        nan       nan      -nan       nan       nan       nan       nan       nan       nan       nan
  124 1     -1 -1.5172  0.1568   71043.1   74162.6    3659.3 -1.5238  0.1509   67589.7   70952.7 -212032.1
        nan       nan      -nan       nan       nan       nan       nan       nan       nan       nan
  125 1      0 -1.5841  0.2133   68630.6   73127.4    2819.6 -1.5238  0.1509   68869.4   70826.0 -212871.9
        nan       nan      -nan       nan       nan       nan       nan       nan       nan       nan
vertex track :        249   3 126     797352 -1.8653 -2.0657   77454.4   78278.6     218.3   211   250.4
  123 1     -2 -1.8480 -2.0645   63598.7   64263.1    6597.9 -1.9060 -2.0965   63728.2   62599.7 -209084.2
     1766.6     543.8   62825.6   62584.2   64794.0   64783.2   64579.9   66150.0   62015.3   63309.6
  124 1     -1 -1.8200 -2.1375   68954.6   69230.7    3718.6 -1.9060 -2.0965   69216.2   68636.2 -211963.5
      879.1     260.2   68582.8   68392.6   69340.4   69282.4   69534.5   70276.5   68186.5   68730.1
  125 1      0 -1.8572 -2.0834   73593.7   72619.9    2867.5 -1.9060 -2.0965   70838.5   70420.5 -212814.6
      447.0      98.3   73369.7   72220.9   73574.5   72450.7   74025.9   73226.9   73222.9   72351.7
vertex track :        272   3 126    1232481 -1.1443  0.1167   73065.4   72733.3     218.6   211     nan
  123 1     -2 -1.1792  0.0872   66616.8   73915.2    6706.8 -1.1537  0.1251   63946.9   71209.7 -208985.1
        nan       nan      -nan       nan       nan       nan       nan       nan       nan       nan
  124 1     -1 -1.1468  0.1301   71045.8   74010.0    3673.1 -1.1537  0.1251   67447.1   70830.2 -212018.8
        nan       nan      -nan       nan       nan       nan       nan       nan       nan       nan
  125 1      0 -1.1162  0.0588   68286.2   73018.0    2820.4 -1.1537  0.1251   68430.8   70723.5 -212871.5
        nan       nan      -nan       nan       nan       nan       nan       nan       nan       nan
vertex track :        320   3 126    1994888 -1.1401  0.9321   74649.5   71514.9     217.2   211     nan
  123 1     -2 -1.1393  0.9270   65604.3   77606.7    6588.3 -1.1437  0.9489   65734.5   75201.7 -209102.0
        nan       nan      -nan       nan       nan       nan       nan       nan       nan       nan
  124 1     -1 -1.1331  0.9441   68832.6   73471.2    3730.2 -1.1437  0.9489   69003.2   72489.6 -211960.1
        nan       nan      -nan       nan       nan       nan       nan       nan       nan       nan
  125 1      0 -1.1322  0.9228   72833.6   74313.5    2869.0 -1.1437  0.9489   69988.2   71672.4 -212821.3
        nan       nan      -nan       nan       nan       nan       nan       nan       nan       nan
vertex track :        330   3 126    1995627 -1.0514  0.4541   74911.2   72133.3     217.4   211     nan
  123 1     -2 -1.0091  0.4732   69097.5   75640.4    6675.7 -1.0577  0.4655   66457.8   72785.2 -209014.2
        nan       nan      -nan       nan       nan       nan       nan       nan       nan       nan
  124 1     -1 -1.0047  0.4024   73256.8   74738.0    3685.9 -1.0577  0.4655   69620.0   71393.5 -212004.0
        nan       nan      -nan       nan       nan       nan       nan       nan       nan       nan
  125 1      0 -1.0388  0.4513   70481.2   73345.9    2819.5 -1.0577  0.4655   70536.3   70990.3 -212870.4
        nan       nan      -nan       nan       nan       nan       nan       nan       nan       nan
vertex track :        334   3 126    1996213  1.5719 -0.9916   69723.9   74957.0     226.2     0 10001.0
  123 1     -2  1.5631 -0.9699   78889.6   68234.3    6582.1  1.5763 -1.0132   78098.3   66228.3 -209118.1
      385.0      20.3   79227.4   68048.6   78901.4   68250.8   78763.4   68629.1   79206.1   68014.1
  124 1     -1  1.5304 -1.0048   73770.1   69824.0    3723.4  1.5763 -1.0132   73592.3   69124.6 -211976.7
      231.4      11.0   73969.5   69706.2   73904.1   69749.1   73782.2   70150.8   73957.5   69687.8
  125 1      0  1.5730 -0.9959   75541.0   72334.8    2869.0  1.5763 -1.0132   72245.4   69990.4 -212831.2
      189.4       8.0   75705.3   72240.3   75715.6   72233.8   75588.3   72638.4   75696.8   72226.7
vertex track :        355   3 126    2073713  5.8157 -3.7801   57134.3   83720.3     247.7   211     nan
  123 1     -2  5.4493 -3.0058   96513.3   59480.4    6667.6  5.8345 -3.8442   92910.4   56895.6 -209053.4
        nan       nan      -nan       nan       nan       nan       nan       nan       nan       nan
  124 1     -1  6.4145 -4.0638   81104.6   70571.0    3631.9  5.8345 -3.8442   75198.7   68565.4 -212089.1
        nan       nan      -nan       nan       nan       nan       nan       nan       nan       nan
  125 1      0  6.2293 -4.1148   72371.4   72798.6    2821.5  5.8345 -3.8442   70470.1   71681.0 -212899.5
        nan       nan      -nan       nan       nan       nan       nan       nan       nan       nan
vertex track :        356   3 126    4699688 -1.3111 -2.0292   75460.4   76996.1     161.0   211     nan
  123 1     -2 -1.2981 -2.0118   65320.9   63211.4    6569.1 -1.3375 -2.0477   65300.6   61567.3 -209059.9
        nan       nan      -nan       nan       nan       nan       nan       nan       nan       nan
  124 1     -1 -1.3156 -2.0412   68941.8   68129.6    3717.5 -1.3375 -2.0477   69114.6   67406.5 -211911.5
        nan       nan      -nan       nan       nan       nan       nan       nan       nan       nan
  125 1      0 -1.3416 -2.0312   73161.3   71447.0    2868.3 -1.3375 -2.0477   70250.4   69145.4 -212760.7
        nan       nan      -nan       nan       nan       nan       nan       nan       nan       nan
vertex track :        363   3 126    4700648 -1.1845 -1.9738   74828.4   76269.1     161.1   211     nan
  123 1     -2 -1.0575 -2.0413   68181.8   63747.1    6699.4 -1.2092 -1.9921   65324.5   60933.9 -208930.8
        nan       nan      -nan       nan       nan       nan       nan       nan       nan       nan
  124 1     -1 -1.1525 -2.0955   72741.9   69739.3    3653.8 -1.2092 -1.9921   69007.1   67001.1 -211976.4
        nan       nan      -nan       nan       nan       nan       nan       nan       nan       nan
  125 1      0 -1.0954 -2.4063   69934.5   70482.8    2817.3 -1.2092 -1.9921   70018.5   68667.4 -212812.9
        nan       nan      -nan       nan       nan       nan       nan       nan       nan       nan
vertex track :        366   3 126    4700882  2.1095 -1.8913   67897.8   77512.2     169.8   211     nan
  123 1     -2  2.1264 -1.9036   80673.0   64746.7    6578.2  2.1135 -1.9208   79800.4   62949.1 -209064.5
        nan       nan      -nan       nan       nan       nan       nan       nan       nan       nan
  124 1     -1  2.1425 -1.9089   73818.9   69135.0    3715.8  2.1135 -1.9208   73750.6   68447.3 -211926.9
        nan       nan      -nan       nan       nan       nan       nan       nan       nan       nan
  125 1      0  2.1104 -1.9049   75230.0   72359.6    2862.5  2.1135 -1.9208   71947.2   70086.3 -212780.2
        nan       nan      -nan       nan       nan       nan       nan       nan       nan       nan
vertex track :        375   3 126    5181978 -2.0820 -1.5850   75967.7   75273.2     161.0   211     nan
  123 1     -2 -2.0604 -1.6171   63166.5   65415.0    6697.2 -2.1140 -1.5927   60554.6   62534.3 -208932.9
        nan       nan      -nan       nan       nan       nan       nan       nan       nan       nan
  124 1     -1 -1.9609 -1.6068   70624.6   70130.1    3657.9 -2.1140 -1.5927   66979.7   67375.1 -211972.2
        nan       nan      -nan       nan       nan       nan       nan       nan       nan       nan
  125 1      0 -2.0178 -1.6584   68511.2   70727.6    2817.5 -2.1140 -1.5927   68756.1   68713.5 -212812.5
        nan       nan      -nan       nan       nan       nan       nan       nan       nan       nan
vertex track :        385   3 126    5652310 -0.6225 -3.0464   73769.7   77388.9     161.2   211     nan
  123 1     -2 -0.6044 -3.0452   68246.6   56676.0    6587.2 -0.6484 -3.0840   68004.2   55279.7 -209043.0
        nan       nan      -nan       nan       nan       nan       nan       nan       nan       nan
  124 1     -1 -0.5954 -2.9450   69751.1   64878.0    3716.8 -0.6484 -3.0840   69865.3   64132.0 -211913.4
        nan       nan      -nan       nan       nan       nan       nan       nan       nan       nan
  125 1      0 -0.6079 -3.0557   73411.5   68961.5    2870.3 -0.6484 -3.0840   70414.1   66742.6 -212759.9
        nan       nan      -nan       nan       nan       nan       nan       nan       nan       nan
