groupid:   5952, ntrk:  5
vertex track :          0   3  59   11903628 -0.0706  0.4963  133804.2  187577.1     245.3    13   693.1
   60 6      1 -0.0649  0.4967   15094.3   28115.4   -2869.9 -0.0667  0.4917  134379.5  185513.9  -94581.0
       50.8       9.4   15078.4   28164.6   15078.0   28168.2   15320.2   28276.8   15097.1   28167.0
   61 6      2 -0.0673  0.4976   13030.7   26242.6   -3715.3 -0.0667  0.4917  134435.9  185098.2  -95426.4
       63.4      21.6   13000.8   26302.5   13003.7   26281.3   13270.6   26393.1   13043.7   26308.3
   62 6      3 -0.0694  0.4934   15826.0   26857.9   -6590.2 -0.0667  0.4917  134627.7  183684.5  -98301.3
      103.4      42.5   15769.5   26954.4   15783.8   26853.1   16092.4   26971.9   15853.6   26966.2
vertex track :          3   3  59   10353748 -2.2463 -2.1189  128970.8  181701.6     113.1   211     nan
   60 6      1 -2.0144 -1.8753   14039.6   24059.4   -3130.5 -2.2734 -2.1064  136594.7  188064.0  -94705.4
        nan       nan      -nan       nan       nan       nan       nan       nan       nan       nan
   61 6      2 -2.2810 -2.0021   17298.3   28575.4   -3932.2 -2.2734 -2.1064  138417.5  189752.9  -95507.2
        nan       nan      -nan       nan       nan       nan       nan       nan       nan       nan
   62 6      3 -2.0882 -2.0511   22285.2   33527.0   -6887.5 -2.2734 -2.1064  145135.8  195977.7  -98462.4
        nan       nan      -nan       nan       nan       nan       nan       nan       nan       nan
vertex track :         36   3  59   11878318 -1.1410 -0.5644  131217.5  185024.1     251.7   211     nan
   60 6      1 -1.1462 -0.5531   15872.0   28856.2   -2869.7 -1.1617 -0.5533  135148.0  186255.0  -94585.2
        nan       nan      -nan       nan       nan       nan       nan       nan       nan       nan
   61 6      2 -1.1445 -0.5549   14674.0   27855.9   -3718.8 -1.1617 -0.5533  136134.4  186724.8  -95434.3
        nan       nan      -nan       nan       nan       nan       nan       nan       nan       nan
   62 6      3 -1.1412 -0.5636   20664.8   31643.7   -6589.3 -1.1617 -0.5533  139469.0  188313.1  -98304.8
        nan       nan      -nan       nan       nan       nan       nan       nan       nan       nan
vertex track :         42   3  59   11903263 -1.0176  0.2992  130586.1  187003.0     250.2   211   681.6
   60 6      1 -0.9209  0.2408   12240.9   22309.1   -3144.6 -1.0297  0.3014  134389.0  185471.9  -94855.9
      112.5      16.3   12127.9   22321.7   12152.2   22315.3   12563.0   22506.6   12136.1   22353.3
   61 6      2 -1.0231  0.2581   14460.1   24914.6   -3945.9 -1.0297  0.3014  135214.2  185230.4  -95657.2
      138.1      35.8   14317.4   24913.7   14370.4   24900.4   14811.7   25125.8   14334.9   24983.1
   62 6      3 -0.9823  0.4024   15705.7   22585.4   -6982.3 -1.0297  0.3014  138340.9  184315.3  -98693.6
      225.9      70.2   15470.1   22606.1   15681.9   22519.3   16150.4   22775.1   15523.3   22736.0
vertex track :         77   3  59   12582046  0.6535  3.1009  136570.0  195698.6     245.8   211   301.9
   60 6      1  0.6820  3.0881   15619.5   28049.3   -2869.8  0.6872  3.0674  134901.5  185530.6  -94579.3
      613.5     116.1   15638.5   28673.4   15517.1   28123.8   15811.2   27638.3   15865.1   28623.4
   61 6      2  0.6770  3.0933   12922.0   24065.4   -3718.7  0.6872  3.0674  134318.2  182926.9  -95428.2
     1114.6     284.9   12882.0   25215.2   12547.5   23687.1   13172.6   23128.8   13438.6   25093.4
   62 6      3  0.6690  3.0956   13463.1   16546.1   -6583.5  0.6872  3.0674  132349.6  174139.4  -98293.0
     2103.8     560.6   13359.5   18720.9   12611.2   15258.3   13777.2   14584.5   14455.4   18484.1
