groupid:   6085, ntrk: 17
vertex track :          0   3 101    2165592 -0.0945  0.6498   85666.1   71286.7     239.7    13   266.0
  102 1      1 -0.0986  0.6505   85684.9   67379.2   -2869.6 -0.0981  0.6634   85100.6   65686.2 -170966.7
       71.1      26.7   85647.9   67445.5   85648.5   67441.5   85931.9   67523.6   85700.7   67453.5
  103 1      2 -0.0989  0.6512   87041.4   68331.3   -3716.3 -0.0981  0.6634   85183.7   65124.5 -171813.4
      108.0      65.3   86960.6   68428.3   86972.3   68351.4   87332.0   68444.9   87089.6   68447.9
  104 1      3 -0.1008  0.6514   85485.3   64109.2   -6586.7 -0.0981  0.6634   85465.3   63220.4 -174683.8
      192.9     128.6   85328.7   64280.2   85366.5   64035.7   85851.8   64148.9   85582.9   64319.5
vertex track :          7   3 101     709691  2.2054  0.6241   91302.0   70871.4     238.8   211     nan
  102 1      1  2.1562  0.6976   84815.4   71497.4   -3076.8  2.1912  0.6517   83208.1   65199.6 -171167.0
        nan       nan      -nan       nan       nan       nan       nan       nan       nan       nan
  103 1      2  2.2046  0.6350   81846.0   69341.7   -3910.4  2.1912  0.6517   81381.5   64656.4 -172000.6
        nan       nan      -nan       nan       nan       nan       nan       nan       nan       nan
  104 1      3  2.2405  0.6131   76939.8   70341.8   -6729.0  2.1912  0.6517   75205.5   62819.5 -174819.2
        nan       nan      -nan       nan       nan       nan       nan       nan       nan       nan
vertex track :         16   3 101     712357 -1.7010 -1.6812   82729.4   66849.3     236.9     0 10001.0
  102 1      1 -1.6913 -1.6963   87684.3   70120.0   -2864.7 -1.7243 -1.7520   87191.8   68605.3 -170974.0
      303.3      11.3   87478.2   69897.3   87551.3   69970.6   88098.8   70551.1   87462.2   69913.2
  103 1      2 -1.6939 -1.6864   90357.5   73022.6   -3717.1 -1.7243 -1.7520   88661.5   70098.6 -171826.3
      369.8      15.1   90106.0   72751.0   90274.5   72918.8   90817.2   73502.6   90084.7   72772.4
  104 1      3 -1.6951 -1.6863   93247.9   75376.0   -6585.0 -1.7243 -1.7520   93606.5   75123.2 -174694.2
      605.5      26.5   92837.3   74930.2   93339.8   75430.2   93866.8   76030.1   92800.0   74967.7
vertex track :         42   3 101    1455460  2.0897 -2.1390   88101.8   68166.3     236.0   211     nan
  102 1      1  2.0941 -2.2388   81937.2   76708.5   -3084.6  2.1185 -2.1915   80226.4   71837.0 -171182.7
        nan       nan      -nan       nan       nan       nan       nan       nan       nan       nan
  103 1      2  2.0592 -2.3727   79066.7   76899.4   -3914.0  2.1185 -2.1915   78469.3   73654.7 -172012.2
        nan       nan      -nan       nan       nan       nan       nan       nan       nan       nan
  104 3      3  2.0228 -2.2153   74682.3    7810.3   -6721.3  2.1185 -2.1915   72522.1   79806.7 -174819.4
        nan       nan      -nan       nan       nan       nan       nan       nan       nan       nan
vertex track :         52   3 101    1456822 -1.9622 -0.2626   83048.7   70227.9     239.8     0   736.7
  102 1      1 -1.9624 -0.2774   88818.1   69139.4   -2869.1 -1.9867 -0.2862   88333.6   67533.6 -170972.3
      236.4      25.1   88587.6   69081.5   88643.6   69089.4   89256.8   69407.1   88580.5   69131.2
  103 1      2 -1.9636 -0.2671   91699.3   70873.6   -3718.4 -1.9867 -0.2862   90020.9   67776.7 -171821.6
      306.1      58.6   91403.9   70774.3   91598.1   70800.7   92202.7   71182.6   91388.1   70890.4
  104 1      3 -1.9642 -0.2883   95403.6   69258.3   -6585.8 -1.9867 -0.2862   95717.7   68597.5 -174689.1
      515.3     114.9   94910.5   69069.8   95517.6   69158.9   96104.7   69656.5   94877.1   69297.1
vertex track :         56   3 101    1480942  1.9865  1.4041   92078.4   73633.6     240.7     0 10001.0
  102 1      1  1.9466  1.4937   86159.5   72060.7   -3080.3  1.9727  1.4453   84705.1   65402.9 -171164.3
      328.7      12.2   86412.9   72270.5   86300.1   72183.9   86118.1   72062.3   86427.8   72251.1
  103 1      2  1.9056  1.3835   83412.1   69193.6   -3910.0  1.9727  1.4453   83068.2   64203.7 -171994.0
      396.2      16.0   83723.3   69439.3   83482.2   69264.3   83312.8   69159.2   83742.1   69413.4
  104 1      3  2.0587  1.4697   79091.8   67930.1   -6731.1  1.9727  1.4453   77503.0   60126.5 -174815.1
      635.9      27.4   79593.4   68321.8   78990.6   67891.5   78802.3   67749.7   79625.2   68277.2
vertex track :        190   3 102     716781 -0.2676 -0.9415   86230.5   72470.8     190.9   211     nan
   99 1     -2 -0.2675 -0.9389   87539.9   67220.3    6589.2 -0.2748 -0.9690   83900.9   64740.5 -164529.8
        nan       nan      -nan       nan       nan       nan       nan       nan       nan       nan
  100 1     -1 -0.2574 -0.9483   85268.1   68730.6    3717.7 -0.2748 -0.9690   84690.0   67523.1 -167401.3
        nan       nan      -nan       nan       nan       nan       nan       nan       nan       nan
  101 1      0 -0.2736 -0.9415   85696.0   71499.8    2867.9 -0.2748 -0.9690   84923.5   68346.5 -168251.0
        nan       nan      -nan       nan       nan       nan       nan       nan       nan       nan
vertex track :        198   3 102    1437271 -0.8460  0.3046   86130.3   67559.1     191.0   211     nan
   99 1     -2 -0.7959  0.3139   77877.3   68327.2    6448.2 -0.8544  0.3113   80195.5   67847.5 -164676.9
        nan       nan      -nan       nan       nan       nan       nan       nan       nan       nan
  100 1     -1 -0.8312  0.3286   82943.0   68829.7    3871.4 -0.8544  0.3113   82397.1   67045.4 -167253.6
        nan       nan      -nan       nan       nan       nan       nan       nan       nan       nan
  101 1      0 -0.8890  0.3468   83839.3   65968.9    3056.7 -0.8544  0.3113   83093.2   66791.8 -168068.3
        nan       nan      -nan       nan       nan       nan       nan       nan       nan       nan
vertex track :        200   3 102    1437378 -1.0019 -0.2513   86306.9   67992.2     190.1   211     nan
   99 1     -2 -1.0043 -0.2451   82872.1   67220.4    6589.8 -1.0146 -0.2599   79228.3   64680.7 -164533.6
        nan       nan      -nan       nan       nan       nan       nan       nan       nan       nan
  100 1     -1 -0.9983 -0.2531   82481.0   66916.6    3728.6 -1.0146 -0.2599   82131.3   65424.4 -167394.8
        nan       nan      -nan       nan       nan       nan       nan       nan       nan       nan
  101 1      0 -1.0050 -0.2432   83526.0   69149.4    2868.2 -1.0146 -0.2599   83004.2   65648.0 -168255.2
        nan       nan      -nan       nan       nan       nan       nan       nan       nan       nan
vertex track :        207   3 102    1438304  0.4031  0.4152   84108.7   68167.1     188.0   211     nan
   99 1     -2  0.4664  0.4127   84154.2   69801.8    6453.8  0.4062  0.4247   86049.8   69183.8 -164670.4
        nan       nan      -nan       nan       nan       nan       nan       nan       nan       nan
  100 1     -1  0.4135  0.4111   85554.5   69836.7    3861.1  0.4062  0.4247   84996.5   68082.6 -167263.1
        nan       nan      -nan       nan       nan       nan       nan       nan       nan       nan
  101 1      0  0.3926  0.4170   85396.9   66867.5    3055.9  0.4062  0.4247   84669.4   67740.7 -168068.3
        nan       nan      -nan       nan       nan       nan       nan       nan       nan       nan
vertex track :        208   3 102    1438658  1.0861  0.0096   83591.4   68462.1     188.2   211     nan
   99 1     -2  1.0880  0.0046   93602.1   69296.5    6592.9  1.0926  0.0092   89981.6   66884.1 -164531.8
        nan       nan      -nan       nan       nan       nan       nan       nan       nan       nan
  100 1     -1  1.0811 -0.0017   87869.1   68395.5    3717.0  1.0926  0.0092   86839.3   66857.7 -167407.7
        nan       nan      -nan       nan       nan       nan       nan       nan       nan       nan
  101 1      0  1.0840  0.0038   87213.7   70392.3    2867.4  1.0926  0.0092   85910.9   66849.9 -168257.4
        nan       nan      -nan       nan       nan       nan       nan       nan       nan       nan
vertex track :        248   3 102    2068302  4.4601  3.4664   75101.5   60846.6     193.6   211     nan
   99 1     -2  4.7109  3.7935  101917.6   82518.1    6304.2  4.4604  3.4744  101638.5   80294.4 -164850.1
        nan       nan      -nan       nan       nan       nan       nan       nan       nan       nan
  100 1     -1  4.2883  3.3925   91553.1   73754.9    3864.5  4.4604  3.4744   90756.7   71818.0 -167289.7
        nan       nan      -nan       nan       nan       nan       nan       nan       nan       nan
  101 1      0  4.4775  3.0988   87976.1   68378.1    3058.7  4.4604  3.4744   87162.3   69018.2 -168095.6
        nan       nan      -nan       nan       nan       nan       nan       nan       nan       nan
vertex track :        267   3 102    2116953 -3.4328 -3.1271   87717.4   69619.8     187.3   211     nan
   99 1     -2 -3.4481 -3.0922   68244.5   50073.3    6580.9 -3.5044 -3.2396   64744.0   47302.2 -164535.8
        nan       nan      -nan       nan       nan       nan       nan       nan       nan       nan
  100 1     -1 -3.2833 -3.0459   74595.4   57492.7    3713.7 -3.5044 -3.2396   74791.8   56591.0 -167403.0
        nan       nan      -nan       nan       nan       nan       nan       nan       nan       nan
  101 1      0 -3.4411 -3.0860   77520.4   62045.5    2869.8 -3.5044 -3.2396   77749.1   59324.9 -168246.9
        nan       nan      -nan       nan       nan       nan       nan       nan       nan       nan
vertex track :        271   3 102    2117172 -0.7596 -0.8040   85852.0   67877.6     191.0     0   879.9
   99 1     -2 -0.7489 -0.8324   78270.1   61528.2    6432.3 -0.7719 -0.8283   80444.6   61056.7 -164692.8
      198.4      47.8   78172.9   61348.7   78281.1   61468.9   78576.6   61916.8   78101.9   61412.6
  100 1     -1 -0.7075 -0.8050   82929.4   64953.3    3869.1 -0.7719 -0.8283   82423.0   63179.8 -167255.9
      127.2      25.0   82864.2   64841.2   82883.6   64863.3   83203.9   65274.6   82826.6   64874.3
  101 1      0 -0.7548 -0.8303   83764.5   63138.3    3053.2 -0.7719 -0.8283   83052.8   63855.7 -168071.9
      104.7      11.1   83702.3   63053.4   83684.6   63034.0   84035.9   63432.5   83685.8   63068.4
vertex track :        272   3 102    2117174 -1.5418 -2.5036   85883.8   67403.9     191.0   211   630.9
   99 1     -2 -1.4763 -2.5225   78834.7   51995.9    6593.4 -1.5731 -2.5846   75221.2   49192.5 -164532.1
     1035.2     208.6   78491.9   50997.2   79227.6   52254.2   79386.1   53202.2   78131.8   51207.9
  100 1     -1 -1.5499 -2.4843   80024.5   57645.6    3718.3 -1.5731 -2.5846   79743.9   56623.5 -167407.2
      563.0     100.5   79811.7   57114.8   80082.2   57548.3   80445.7   58383.9   79641.2   57221.2
  101 1      0 -1.5431 -2.4946   81454.9   61704.2    2868.1 -1.5731 -2.5846   81081.4   58821.0 -168257.5
      393.0      39.2   81281.5   61349.3   81370.9   61493.9   81836.8   62266.5   81214.9   61390.5
vertex track :        288   3 102    2118811 -2.3277  0.0294   85422.8   67278.8     186.2     0  1058.3
   99 1     -2 -2.4340  0.0527   67373.2   66395.5    6495.3 -2.3568  0.0280   69957.5   65788.0 -164626.2
      581.1      89.9   66790.2   66318.1   67441.1   66304.0   68163.7   66682.8   66794.1   66497.9
  100 1     -1 -2.3004  0.2164   76692.7   67502.3    3854.3 -2.3568  0.0280   76181.8   65714.2 -167267.2
      351.1      46.3   76338.8   67489.0   76554.9   67468.7   77254.3   67725.7   76347.5   67581.3
  101 1      0 -2.3668  0.0429   78797.6   64946.7    3047.6 -2.3568  0.0280   78083.2   65691.6 -168073.9
      277.3      20.2   78520.0   64931.6   78577.5   64930.5   79282.9   65172.0   78520.7   64972.0
vertex track :        296   3 102    2119505  2.5165  0.7428   78561.3   67122.4     197.5   211     nan
   99 1     -2  2.5764  0.7349   97658.1   72546.7    6581.2  2.5290  0.7396   94047.0   70184.3 -164562.1
        nan       nan      -nan       nan       nan       nan       nan       nan       nan       nan
  100 1     -1  2.5071  0.7158   88371.2   69881.0    3717.4  2.5290  0.7396   86804.2   68066.3 -167425.9
        nan       nan      -nan       nan       nan       nan       nan       nan       nan       nan
  101 1      0  2.5110  0.7303   86593.5   71294.0    2869.0  2.5290  0.7396   84658.7   67438.8 -168274.3
        nan       nan      -nan       nan       nan       nan       nan       nan       nan       nan
