groupid:   6490, ntrk: 35
vertex track :          0   3 125     550585 -0.2583 -0.1239  121164.7   51265.0     201.7    13  1378.3
  126 1      1 -0.2585 -0.1234  120481.5   51422.7   -2867.2 -0.2630 -0.1243  119048.9   48662.4 -215711.0
       29.7       4.4  120456.5   51406.0  120455.9   51405.7  120716.1   51649.4  120452.8   51413.9
  127 1      2 -0.2570 -0.1252  121068.3   50585.3   -3717.7 -0.2630 -0.1243  119272.6   48768.2 -216561.5
       36.4       9.7  121039.8   50560.6  121051.2   50566.2  121306.4   50819.8  121031.3   50578.1
  128 1      3 -0.2587 -0.1203  123195.1   51666.9   -6585.5 -0.2630 -0.1243  120026.8   49124.8 -219429.3
       58.8      19.0  123149.8   51624.8  123202.2   51649.1  123450.2   51918.8  123133.8   51659.3
vertex track :         26   3 125     490342 -1.7551 -1.7980  117727.0   46892.1     194.0     0     nan
  126 1      1 -1.6670 -1.8106  124106.6   52252.8   -2796.5 -1.7726 -1.8009  120047.3   49285.1 -215639.8
        nan       nan      -nan       nan       nan       nan       nan       nan       nan       nan
  127 1      2 -1.7993 -1.7959  124634.1   56292.5   -3616.2 -1.7726 -1.8009  121500.2   50761.2 -216459.5
        nan       nan      -nan       nan       nan       nan       nan       nan       nan       nan
  128 2      3 -1.6865 -1.5990    9174.7   57664.7   -6115.7 -1.7726 -1.8009  125930.8   55262.7 -218959.0
        nan       nan      -nan       nan       nan       nan       nan       nan       nan       nan
vertex track :         69   3 125    1372350  0.3382 -0.3178  121655.8   51109.9     200.1     0     nan
  126 1      1  0.3386 -0.3176  119300.7   51815.8   -2867.5  0.3373 -0.3221  117701.4   49110.6 -215709.2
        nan       nan      -nan       nan       nan       nan       nan       nan       nan       nan
  127 1      2  0.3432 -0.3141  119398.0   51115.2   -3717.4  0.3373 -0.3221  117414.7   49384.4 -216559.1
        nan       nan      -nan       nan       nan       nan       nan       nan       nan       nan
  128 1      3  0.3354 -0.3209  120032.4   52728.1   -6584.3  0.3373 -0.3221  116447.7   50307.8 -219425.9
        nan       nan      -nan       nan       nan       nan       nan       nan       nan       nan
vertex track :         87   3 125    1425445  1.2761  1.5391  124527.8   54911.9     206.0     0     nan
  126 1      1  1.2360  1.3921  122305.3   50680.0   -2800.3  1.2949  1.5371  117771.8   47313.3 -215640.9
        nan       nan      -nan       nan       nan       nan       nan       nan       nan       nan
  127 1      2  1.2259  1.5250  120223.6   51716.8   -3628.1  1.2949  1.5371  116699.8   46040.8 -216468.8
        nan       nan      -nan       nan       nan       nan       nan       nan       nan       nan
  128 1      3  1.1642  1.4617  116236.7   43822.1   -6179.4  1.2949  1.5371  113396.0   42119.1 -219020.1
        nan       nan      -nan       nan       nan       nan       nan       nan       nan       nan
vertex track :        123   3 125    2429837  1.2094 -3.3136  124874.4   42890.2     188.7     0 10000.9
  126 1      1  1.2097 -3.3059  120081.8   51980.6   -2867.9  1.1938 -3.3442  118268.7   50059.6 -215700.8
      563.5      15.1  120289.6   51456.6  120156.4   51820.7  120085.3   52711.3  120261.3   51446.3
  127 1      2  1.2427 -3.3040  119442.9   53729.9   -3718.8  1.1938 -3.3442  117252.9   52905.3 -216551.8
      700.9      20.7  119709.1   53081.2  119476.6   53699.4  119388.0   54585.4  119670.3   53066.6
  128 1      3  1.1708 -3.3355  118014.1   62848.3   -6588.6  1.1938 -3.3442  113827.1   62502.3 -219421.5
     1178.5      36.9  118439.3   61748.5  117904.5   63272.0  117800.1   64154.7  118369.6   61724.1
vertex track :        164   3 125    3139716  2.0168 -1.9411  127328.9   46251.3     350.7     0     nan
  126 1      1  2.0011 -1.8750  122930.3   51924.0   -2799.0  2.0161 -1.9611  118071.1   49385.0 -215788.0
        nan       nan      -nan       nan       nan       nan       nan       nan       nan       nan
  127 1      2  2.0153 -1.9600  120236.7   56059.0   -3619.7  2.0161 -1.9611  116416.7   50994.3 -216608.6
        nan       nan      -nan       nan       nan       nan       nan       nan       nan       nan
  128 1      3  2.1072 -2.3918  114061.6   58167.3   -6130.8  2.0161 -1.9611  111353.9   55919.0 -219119.8
        nan       nan      -nan       nan       nan       nan       nan       nan       nan       nan
vertex track :        175   3 125    3331304  0.2716 -1.1638  122392.8   49230.3     357.5     0     nan
  126 1      1  0.2710 -1.1613  120226.7   52300.8   -2867.5  0.2635 -1.1737  118614.7   50013.2 -215867.2
        nan       nan      -nan       nan       nan       nan       nan       nan       nan       nan
  127 1      2  0.2818 -1.1631  120388.1   52281.0   -3718.3  0.2635 -1.1737  118390.5   51011.8 -216718.0
        nan       nan      -nan       nan       nan       nan       nan       nan       nan       nan
  128 1      3  0.2595 -1.1638  121206.1   56009.7   -6584.5  0.2635 -1.1737  117635.2   54375.8 -219584.2
        nan       nan      -nan       nan       nan       nan       nan       nan       nan       nan
vertex track :        209   3 125    4872139  4.1341 -3.7749  131210.4   43207.1     338.0     0 10001.0
  126 1      1  4.2267 -3.9447  120704.2   54179.6   -2798.4  4.1336 -3.8056  115348.6   52065.7 -215772.5
     1307.4      23.6  121676.2   53304.8  120652.2   54260.5  119946.5   55260.4  121643.9   53270.2
  127 1      2  4.6862 -3.7030  116321.5   60021.3   -3600.9  4.1336 -3.8056  112031.3   55119.8 -216575.0
     1624.3      33.3  117616.5   59040.4  116051.8   60276.8  115241.2   61208.6  117575.3   58988.2
  128 1      3  4.0355 -3.2303  104036.1   67386.7   -6117.3  4.1336 -3.8056  101629.6   64696.2 -219091.4
     2627.4      56.6  106122.7   65789.1  102867.8   68394.5  102163.6   69191.2  106051.9   65700.6
vertex track :        217   3 126      17282  0.7670  1.9751  117972.8   46201.1     178.7     0     nan
  123 1     -2  0.7614  1.9810  121727.9   59364.7    6582.6  0.7728  1.9671  121365.0   55997.4 -209059.7
        nan       nan      -nan       nan       nan       nan       nan       nan       nan       nan
  124 1     -1  0.7964  2.0209  119001.4   51334.2    3719.8  0.7728  1.9671  119152.6   50365.9 -211922.5
        nan       nan      -nan       nan       nan       nan       nan       nan       nan       nan
  125 1      0  0.7607  1.9774  121509.8   51889.3    2867.8  0.7728  1.9671  118494.2   48689.9 -212774.6
        nan       nan      -nan       nan       nan       nan       nan       nan       nan       nan
vertex track :        229   3 126     238127  2.0532  1.5056  117417.9   49282.3     181.5     0     nan
  123 2     -2  2.0913  1.7427   10747.1   59853.8    6631.5  2.0624  1.4899  129181.3   56112.7 -209005.1
        nan       nan      -nan       nan       nan       nan       nan       nan       nan       nan
  124 2     -1  2.1263  1.6536    6957.8   57046.1    3604.8  2.0624  1.4899  122938.9   51603.1 -212031.8
        nan       nan      -nan       nan       nan       nan       nan       nan       nan       nan
  125 1      0  2.0798  1.4905  121929.8   53499.0    2783.5  2.0624  1.4899  121245.0   50379.3 -212853.1
        nan       nan      -nan       nan       nan       nan       nan       nan       nan       nan
vertex track :        242   3 126     268447  2.2415 -2.2273  117434.9   54032.2     185.1     0     nan
  123 2     -2  2.2454 -2.2206    9703.9   39268.7    6586.1  2.2490 -2.2607  130326.2   36810.4 -209039.4
        nan       nan      -nan       nan       nan       nan       nan       nan       nan       nan
  124 1     -1  2.2227 -2.2471  123804.5   43865.5    3723.3  2.2490 -2.2607  123887.9   43282.0 -211902.2
        nan       nan      -nan       nan       nan       nan       nan       nan       nan       nan
  125 2      0  2.2682 -2.1977    4144.8   47486.5    2867.9  2.2490 -2.2607  121963.9   45215.9 -212757.6
        nan       nan      -nan       nan       nan       nan       nan       nan       nan       nan
vertex track :        244   3 126     268672  2.1568 -1.7742  117786.2   53253.4     184.2     0     nan
  123 2     -2  2.0953 -1.6859   11655.4   42145.6    6680.8  2.1639 -1.8008  130336.3   38796.5 -208945.7
        nan       nan      -nan       nan       nan       nan       nan       nan       nan       nan
  124 2     -1  2.1940 -1.5243    7868.3   48903.3    3646.4  2.1639 -1.8008  123770.3   44261.0 -211980.1
        nan       nan      -nan       nan       nan       nan       nan       nan       nan       nan
  125 1      0  2.1545 -1.8105  122554.1   48023.6    2814.3  2.1639 -1.8008  121969.8   45759.5 -212812.2
        nan       nan      -nan       nan       nan       nan       nan       nan       nan       nan
vertex track :        245   3 126     268697  0.1922 -1.0555  119649.6   53123.2     182.1     0     nan
  123 1     -2  0.1855 -1.0756  119646.8   46157.2    6586.1  0.1850 -1.0689  119341.4   43511.2 -209035.4
        nan       nan      -nan       nan       nan       nan       nan       nan       nan       nan
  124 1     -1  0.1824 -1.0508  118528.5   47302.7    3716.2  0.1850 -1.0689  118810.5   46578.8 -211905.3
        nan       nan      -nan       nan       nan       nan       nan       nan       nan       nan
  125 1      0  0.1946 -1.0527  121587.3   50351.3    2861.2  0.1850 -1.0689  118652.3   47492.6 -212760.3
        nan       nan      -nan       nan       nan       nan       nan       nan       nan       nan
vertex track :        247   3 126     268725  0.9024 -1.1758  117456.2   54195.5     185.2     0     nan
  123 1     -2  0.9313 -1.1091  124460.6   46903.5    6659.4  0.9015 -1.1925  121789.4   43724.5 -208965.7
        nan       nan      -nan       nan       nan       nan       nan       nan       nan       nan
  124 1     -1  0.9204 -1.1816  123121.4   50808.1    3633.1  0.9015 -1.1925  119061.1   47333.4 -211992.0
        nan       nan      -nan       nan       nan       nan       nan       nan       nan       nan
  125 1      0  0.7964 -1.1750  118507.8   50779.4    2794.2  0.9015 -1.1925  118304.8   48333.7 -212830.9
        nan       nan      -nan       nan       nan       nan       nan       nan       nan       nan
vertex track :        248   3 126     268916 -0.2613 -1.5153  120428.1   52107.1     180.2     0     nan
  123 1     -2 -0.2547 -1.5084  117418.2   41974.6    6595.3 -0.2776 -1.5341  117153.5   39489.5 -209026.1
        nan       nan      -nan       nan       nan       nan       nan       nan       nan       nan
  124 1     -1 -0.2672 -1.5102  117612.8   44631.0    3713.8 -0.2776 -1.5341  117953.3   43909.8 -211907.6
        nan       nan      -nan       nan       nan       nan       nan       nan       nan       nan
  125 1      0 -0.2580 -1.5113  121100.3   48046.7    2868.8 -0.2776 -1.5341  118187.9   45206.0 -212752.6
        nan       nan      -nan       nan       nan       nan       nan       nan       nan       nan
vertex track :        263   3 126     483949 -1.2569  2.0797  122324.8   47241.2     174.5     0     nan
  123 1     -2 -1.1224  1.9458  114971.3   61469.3    6659.1 -1.2487  2.0860  112714.0   57954.0 -208968.2
        nan       nan      -nan       nan       nan       nan       nan       nan       nan       nan
  124 1     -1 -1.3203  2.0070  119939.9   56013.1    3618.3 -1.2487  2.0860  116511.1   51610.9 -212009.0
        nan       nan      -nan       nan       nan       nan       nan       nan       nan       nan
  125 1      0 -1.2648  1.9534  117295.5   53102.1    2785.7 -1.2487  2.0860  117550.8   49874.0 -212841.6
        nan       nan      -nan       nan       nan       nan       nan       nan       nan       nan
vertex track :        265   3 126     484022 -1.4827  0.2166  123951.6   50427.5     177.5     0     nan
  123 1     -2 -1.4824  0.2124  112813.9   51910.8    6583.4 -1.4980  0.2221  112878.9   49047.3 -209034.3
        nan       nan      -nan       nan       nan       nan       nan       nan       nan       nan
  124 1     -1 -1.4446  0.2247  116718.0   49271.0    3716.6 -1.4980  0.2221  117173.3   48410.7 -211901.1
        nan       nan      -nan       nan       nan       nan       nan       nan       nan       nan
  125 1      0 -1.4873  0.2190  121211.8   51216.0    2866.5 -1.4980  0.2221  118446.8   48221.9 -212751.3
        nan       nan      -nan       nan       nan       nan       nan       nan       nan       nan
vertex track :        266   3 126     484142 -1.1723  1.3959  122578.2   47935.5     176.5     0     nan
  123 1     -2 -1.2230  1.3996  115861.9   57624.0    6629.1 -1.1711  1.4033  113515.7   54179.2 -208997.7
        nan       nan      -nan       nan       nan       nan       nan       nan       nan       nan
  124 1     -1 -1.2466  1.4385  120520.8   54066.1    3607.2 -1.1711  1.4033  117054.5   49938.6 -212019.6
        nan       nan      -nan       nan       nan       nan       nan       nan       nan       nan
  125 1      0 -1.1690  1.3174  117788.4   51899.7    2785.7 -1.1711  1.4033  118016.6   48785.7 -212841.1
        nan       nan      -nan       nan       nan       nan       nan       nan       nan       nan
vertex track :        283   3 126     511460 -1.2482 -1.6385  123079.0   55386.9     182.4     0 10001.0
  123 1     -2 -1.2445 -1.6355  113459.0   44441.4    6584.9 -1.2813 -1.6576  113427.3   42005.1 -209024.0
      450.5      22.1  113203.7   44069.5  113488.0   44443.1  113923.0   45021.6  113168.6   44096.2
  124 1     -1 -1.2614 -1.6201  116630.8   47485.6    3723.7 -1.2813 -1.6576  117093.3   46747.7 -211885.1
      269.6      12.0  116474.6   47265.5  116541.0   47350.7  116995.7   47914.1  116455.7   47280.3
  125 1      0 -1.2461 -1.6337  120994.2   50998.2    2872.9 -1.2813 -1.6576  118183.5   48158.1 -212736.0
      219.9       8.8  120867.8   50818.0  120872.9   50824.7  121329.4   51386.8  120853.9   50828.7
vertex track :        286   3 126     662333  1.2523 -1.2180  117330.2   53653.8     184.3     0  2327.1
  123 2     -2  1.1616 -1.2258    5149.0   46195.6    6672.6  1.2541 -1.2360  123958.9   42880.9 -208953.5
      363.9      34.0    5424.0   45954.9    5167.3   46225.7    5085.1   46645.0    5374.5   45908.0
  124 1     -1  1.2803 -1.2158  124385.9   50047.4    3649.9  1.2541 -1.2360  120168.2   46617.0 -211976.2
      213.1      16.5  124551.8   49912.7  124511.7   49950.8  124431.3   50390.9  124529.0   49888.7
  125 1      0  1.1758 -1.2395  119406.4   50078.3    2797.3  1.2541 -1.2360  119098.8   47670.9 -212828.8
      173.9       9.0  119532.6   49958.3  119540.2   49950.3  119491.4   50407.0  119519.6   49945.9
vertex track :        292   3 126     662622  1.6371 -1.5377  119075.4   52448.5     180.0     0     nan
  123 2     -2  1.6375 -1.5377    7298.7   42264.6    6586.1  1.6410 -1.5604  128085.2   39684.3 -209036.4
        nan       nan      -nan       nan       nan       nan       nan       nan       nan       nan
  124 1     -1  1.6605 -1.6459  123148.0   44929.8    3713.7  1.6410 -1.5604  123371.6   44166.4 -211908.8
        nan       nan      -nan       nan       nan       nan       nan       nan       nan       nan
  125 2      0  1.6554 -1.5175    4078.9   47846.2    2867.8  1.6410 -1.5604  121983.5   45486.2 -212754.6
        nan       nan      -nan       nan       nan       nan       nan       nan       nan       nan
vertex track :        298   3 126     663072  0.1432  1.4310  120438.7   51457.1     179.3     0     nan
  123 1     -2  0.0613  1.3900  122473.4   61427.6    6586.2  0.1522  1.4292  119915.7   57833.3 -209036.3
        nan       nan      -nan       nan       nan       nan       nan       nan       nan       nan
  124 1     -1  0.1029  1.4002  123364.0   57724.2    3638.5  0.1522  1.4292  119466.9   53620.5 -211984.0
        nan       nan      -nan       nan       nan       nan       nan       nan       nan       nan
  125 1      0  0.1503  1.4466  119353.9   55419.8    2780.2  0.1522  1.4292  119336.2   52393.8 -212842.2
        nan       nan      -nan       nan       nan       nan       nan       nan       nan       nan
vertex track :        301   3 126     663082 -0.3508  1.8453  120492.2   51531.0     179.3     0     nan
  123 1     -2 -0.3669  1.8553  116887.2   63745.8    6580.8 -0.3404  1.8455  116815.8   60564.9 -209041.3
        nan       nan      -nan       nan       nan       nan       nan       nan       nan       nan
  124 1     -1 -0.3447  1.8236  117398.8   56306.7    3717.3 -0.3404  1.8455  117790.5   55280.1 -211904.9
        nan       nan      -nan       nan       nan       nan       nan       nan       nan       nan
  125 1      0 -0.3555  1.8405  120914.3   56851.5    2868.2 -0.3404  1.8455  118079.5   53713.2 -212753.9
        nan       nan      -nan       nan       nan       nan       nan       nan       nan       nan
vertex track :        303   3 126     664260  1.5121 -0.4731  115522.1   52598.9     184.2     0     nan
  123 2     -2  1.3835 -0.4628    5055.8   50073.5    6634.7  1.5178 -0.4854  123781.4   46716.9 -208997.7
        nan       nan      -nan       nan       nan       nan       nan       nan       nan       nan
  124 1     -1  1.5093 -0.4726  123585.7   51735.6    3648.5  1.5178 -0.4854  119249.1   48166.3 -211983.9
        nan       nan      -nan       nan       nan       nan       nan       nan       nan       nan
  125 1      0  1.5217 -0.5451  118430.6   51183.9    2785.6  1.5178 -0.4854  117939.4   48585.1 -212846.8
        nan       nan      -nan       nan       nan       nan       nan       nan       nan       nan
vertex track :        316   3 126    1146976 -1.3028 -1.7282  122720.8   54933.6     183.1     0     nan
  123 1     -2 -1.2977 -1.7242  112720.9   43341.1    6598.2 -1.3380 -1.7489  112683.2   40944.2 -209013.4
        nan       nan      -nan       nan       nan       nan       nan       nan       nan       nan
  124 1     -1 -1.3153 -1.7158  116069.6   46828.8    3716.9 -1.3380 -1.7489  116538.3   45983.3 -211894.7
        nan       nan      -nan       nan       nan       nan       nan       nan       nan       nan
  125 1      0 -1.3231 -1.7112  120477.6   50302.2    2868.0 -1.3380 -1.7489  117674.1   47467.9 -212743.6
        nan       nan      -nan       nan       nan       nan       nan       nan       nan       nan
vertex track :        322   3 126    1147956 -0.3492 -0.8785  120498.2   52004.9     178.5     0     nan
  123 1     -2 -0.4082 -1.0045  119247.1   46669.1    6697.4 -0.3614 -0.8882  116648.4   43437.4 -208922.4
        nan       nan      -nan       nan       nan       nan       nan       nan       nan       nan
  124 1     -1 -0.4007 -0.8544  121617.8   49651.8    3669.0 -0.3614 -0.8882  117742.8   46127.2 -211950.8
        nan       nan      -nan       nan       nan       nan       nan       nan       nan       nan
  125 1      0 -0.3074 -0.9217  117966.5   49402.3    2798.3 -0.3614 -0.8882  118057.4   46900.5 -212821.5
        nan       nan      -nan       nan       nan       nan       nan       nan       nan       nan
vertex track :        334   3 126    1553464 -1.8188  2.2454  124082.2   45881.6     173.9     0  1957.8
  123 1     -2 -1.8210  2.2403  110781.7   60678.6    6552.1 -1.8126  2.2556  111012.4   57437.7 -209075.8
      807.9      68.5  110219.0   61262.3  110855.7   60479.0  111552.6   60307.1  110325.2   61348.7
  124 1     -1 -1.8015  2.2340  115541.3   52226.7    3701.7 -1.8126  2.2556  116179.0   51008.5 -211926.1
      466.7      33.8  115222.1   52568.7  115429.7   52311.3  116068.8   52096.8  115274.7   52611.2
  125 1      0 -1.8008  2.2646  120433.1   52320.9    2867.7 -1.8126  2.2556  117690.8   49127.3 -212760.1
      368.4      16.0  120191.3   52599.2  120271.7   52498.1  120883.1   52254.8  120216.4   52619.2
vertex track :        340   3 126    1555340  0.5201  3.0573  118837.2   44733.9     176.1     0     nan
  123 1     -2  0.9729  2.9456  123422.1   65359.3    6580.1  0.5391  3.0387  120729.7   61380.7 -209062.6
        nan       nan      -nan       nan       nan       nan       nan       nan       nan       nan
  124 1     -1  0.5638  3.0344  123190.6   56986.6    3650.9  0.5391  3.0387  119150.4   52479.6 -211991.8
        nan       nan      -nan       nan       nan       nan       nan       nan       nan       nan
  125 1      0  0.4397  2.9487  118873.4   53384.1    2779.7  0.5391  3.0387  118680.7   49832.2 -212863.0
        nan       nan      -nan       nan       nan       nan       nan       nan       nan       nan
vertex track :        368   3 126    1780701  2.5338  2.2631  114779.9   46523.6     181.3     0  5153.2
  123 2     -2  2.5313  2.3115    8739.9   61580.9    6593.7  2.5297  2.2396  129435.8   58103.7 -209053.5
     1049.6      42.5    9486.4   62320.1    8467.8   61390.0    8206.0   61054.1    9543.6   62257.3
  124 1     -1  2.5319  2.1737  122108.6   52891.0    3716.4  2.5297  2.2396  122157.0   51659.7 -211930.8
      602.4      21.9  122551.4   53300.0  122168.9   52971.7  121878.3   52694.1  122580.0   53266.7
  125 1      0  2.5432  2.2652  123232.8   53018.2    2862.5  2.5297  2.2396  119996.8   49747.2 -212784.7
      474.6      13.6  123578.2   53344.0  123403.5   53188.4  123100.0   52904.6  123596.3   53323.7
vertex track :        377   3 126    1817585 -0.7014 -0.3221  121805.2   51993.6     180.3     0     nan
  123 1     -2 -0.7389 -0.3066  118249.9   50381.3    6649.5 -0.7129 -0.3246  115710.1   47110.4 -208969.9
        nan       nan      -nan       nan       nan       nan       nan       nan       nan       nan
  124 1     -1 -0.7673 -0.2201  121666.8   51641.2    3679.5 -0.7129 -0.3246  117827.5   48074.4 -211939.9
        nan       nan      -nan       nan       nan       nan       nan       nan       nan       nan
  125 1      0 -0.7129 -0.2920  118375.8   51011.0    2783.4 -0.7129 -0.3246  118466.3   48365.2 -212836.0
        nan       nan      -nan       nan       nan       nan       nan       nan       nan       nan
vertex track :        380   3 126    1818108 -2.5225 -1.4483  121974.6   52297.9     180.3     0     nan
  123 1     -2 -2.5205 -1.4655  103675.9   42485.0    6596.6 -2.5784 -1.4614  103951.1   40138.8 -209021.6
        nan       nan      -nan       nan       nan       nan       nan       nan       nan       nan
  124 1     -1 -2.5407 -1.3834  110723.0   45231.9    3718.2 -2.5784 -1.4614  111372.7   44345.2 -211900.0
        nan       nan      -nan       nan       nan       nan       nan       nan       nan       nan
  125 1      0 -2.5088 -1.4334  116304.2   48418.9    2867.7 -2.5784 -1.4614  113565.7   45588.1 -212750.5
        nan       nan      -nan       nan       nan       nan       nan       nan       nan       nan
vertex track :        382   3 126    1818233 -1.4558 -1.3001  123068.1   53938.0     180.2     0     nan
  123 1     -2 -1.5222 -1.2583  114546.3   45838.7    6722.0 -1.4887 -1.3129  111870.6   42571.8 -208889.2
        nan       nan      -nan       nan       nan       nan       nan       nan       nan       nan
  124 1     -1 -1.3858 -1.8551  120065.0   49932.4    3654.3 -1.4887 -1.3129  116437.5   46599.3 -211956.8
        nan       nan      -nan       nan       nan       nan       nan       nan       nan       nan
  125 1      0 -1.5222 -1.2812  117415.5   50145.7    2795.3 -1.4887 -1.3129  117716.3   47727.0 -212815.9
        nan       nan      -nan       nan       nan       nan       nan       nan       nan       nan
vertex track :        419   3 126    2651270 -1.1637 -0.7898  121799.1   52401.6     335.6     0  3251.5
  123 1     -2 -1.1638 -0.7943  112758.1   47123.4    6597.9 -1.1860 -0.7958  112891.4   44636.9 -209175.6
      255.6      21.9  112559.3   46961.2  112737.2   47082.6  113165.8   47494.7  112534.7   46997.3
  124 1     -1 -1.2047 -0.7987  115586.4   47757.1    3716.4 -1.1860 -0.7958  116309.0   46930.0 -212057.1
      155.1      11.1  115463.3   47662.2  115468.7   47665.8  115918.3   48061.2  115451.0   47680.7
  125 1      0 -1.1852 -0.7838  119954.6   50396.2    2863.0 -1.1860 -0.7958  117321.2   47609.2 -212910.5
      128.5       6.8  119851.1   50319.7  119816.6   50296.9  120266.8   50682.0  119843.6   50331.0
vertex track :        430   3 126    3215030 -1.5911 -1.4041  122760.8   53634.4     331.8     0     nan
  123 1     -2 -1.5489 -1.3720  113375.9   44848.4    6739.6 -1.6277 -1.4184  110867.2   41767.7 -209024.6
        nan       nan      -nan       nan       nan       nan       nan       nan       nan       nan
  124 1     -1 -1.6303 -1.4572  119291.1   49176.4    3660.8 -1.6277 -1.4184  115878.5   46134.5 -212103.3
        nan       nan      -nan       nan       nan       nan       nan       nan       nan       nan
  125 1      0 -1.5306 -1.5649  116734.5   49502.1    2800.9 -1.6277 -1.4184  117278.3   47354.2 -212963.3
        nan       nan      -nan       nan       nan       nan       nan       nan       nan       nan
vertex track :        432   3 126    3802995 -3.3927 -3.1948  124554.1   55374.8     330.9     0     nan
  123 1     -2 -3.3917 -3.2095  100243.0   33580.7    6580.9 -3.5007 -3.2527  101238.4   32269.6 -209173.9
        nan       nan      -nan       nan       nan       nan       nan       nan       nan       nan
  124 1     -1 -3.4963 -3.1162  109994.0   41852.4    3717.8 -3.5007 -3.2527  111261.5   41582.5 -212037.0
        nan       nan      -nan       nan       nan       nan       nan       nan       nan       nan
  125 1      0 -3.4277 -3.2448  116451.9   46606.9    2866.1 -3.5007 -3.2527  114243.2   44352.9 -212888.8
        nan       nan      -nan       nan       nan       nan       nan       nan       nan       nan
