groupid:   6952, ntrk: 23
vertex track :          0   3 125     702388 -0.1087  0.3311  117610.5   61322.7     212.0    13   678.6
  126 1      1 -0.1081  0.3315  116507.7   60211.6   -2870.2 -0.1092  0.3365  115069.9   57387.1 -215722.4
       36.2       8.4  116488.5   60243.4  116488.2   60244.2  116736.7   60390.1  116504.4   60248.6
  127 1      2 -0.1127  0.3303  116864.3   58954.9   -3716.8 -0.1092  0.3365  115162.4   57102.2 -216568.9
       46.7      19.9  116830.4   58992.6  116836.9   58973.7  117108.1   59127.5  116868.1   59005.5
  128 1      3 -0.1058  0.3311  118788.8   58973.9   -6584.6 -0.1092  0.3365  115475.7   56137.0 -219436.7
       77.7      39.2  118727.7   59036.0  118752.8   58957.5  119059.7   59122.2  118802.5   59059.9
vertex track :          2   3 125     554644 -1.9828 -2.0395  112255.2   54407.1     203.6     0   246.8
  126 1      1 -1.9056 -2.1834  119384.7   60366.0   -2787.3 -2.0031 -2.0433  115285.8   57598.9 -215640.1
      531.3     120.9  119126.4   59886.3  119425.0   60228.3  119851.1   61053.6  118944.3   60045.2
  127 1      2 -1.9696 -1.9031  120038.2   64574.4   -3601.2 -2.0031 -2.0433  116916.3   59262.1 -216454.0
     1019.6     299.6  119513.1   63650.5  120566.0   64667.9  120771.3   65706.5  119096.8   64081.4
  128 2      3 -2.1194 -2.1553    5294.5   66936.1   -6097.6 -2.0031 -2.0433  121916.6   64363.0 -218950.4
     1854.0     562.3    4395.5   65219.9    6550.3   67411.2    6401.4   68860.1    3593.7   66008.3
vertex track :         28   3 125     701637  2.0566  1.9695  121692.2   64027.7     218.2     0   609.1
  126 1      1  2.0585  1.9780  114540.2   58340.2   -2870.5  2.0817  1.9826  112436.9   55020.9 -215725.3
      421.8      46.7  114811.9   58666.1  114636.0   58497.1  114480.5   58226.3  114876.7   58598.7
  127 1      2  2.0292  1.9903  113166.1   55671.0   -3715.9  2.0817  1.9826  110677.0   53344.7 -216570.7
      594.7     112.6  113511.8   56167.9  113088.7   55752.9  113032.4   55386.1  113669.5   56007.0
  128 1      3  2.0756  1.9500  109469.9   51669.9   -6587.4  2.0817  1.9826  104699.6   47651.8 -219442.2
     1050.9     222.3  110083.7   52551.5  108987.7   51521.9  109068.3   51000.3  110388.0   52227.5
vertex track :         58   3 125    1550678  2.4540 -0.2762  119818.7   60803.6     212.2     0 10001.0
  126 1      1  2.4957 -0.3362  114323.6   61874.3   -2779.6  2.4651 -0.2897  109583.7   58755.2 -215628.7
      310.0      11.1  114632.3   61843.9  114541.9   61856.1  114227.4   62114.4  114629.3   61821.9
  127 1      2  2.4328 -0.2268  111070.1   64490.5   -3601.1  2.4651 -0.2897  107558.8   58993.1 -216450.2
      377.6      14.9  111447.4   64470.2  111206.4   64492.7  110905.2   64720.5  111444.6   64440.6
  128 1      3  2.4672 -0.3149  103744.9   61770.7   -6138.3  2.4651 -0.2897  101304.3   59728.2 -218987.4
      597.2      25.2  104340.5   61720.1  103673.8   61805.2  103361.8   62031.0  104334.1   61670.1
vertex track :         78   3 125    1561177  1.7111 -0.0419  117921.6   61256.6     212.0     0     nan
  126 1      1  1.7112 -0.0510  111753.3   61188.1   -2868.8  1.7212 -0.0498  109744.1   58509.4 -215720.5
        nan       nan      -nan       nan       nan       nan       nan       nan       nan       nan
  127 1      2  1.7138 -0.0195  110626.7   60139.7   -3716.9  1.7212 -0.0498  108284.3   58551.6 -216568.6
        nan       nan      -nan       nan       nan       nan       nan       nan       nan       nan
  128 1      3  1.7177 -0.0627  107963.4   61290.3   -6583.9  1.7212 -0.0498  103349.6   58694.4 -219435.6
        nan       nan      -nan       nan       nan       nan       nan       nan       nan       nan
vertex track :        138   3 125    2497613 -2.9618 -1.0179  111339.8   58338.3     210.3     0     nan
  126 1      1 -3.0038 -0.9217  121257.6   61477.5   -2779.2 -2.9826 -1.0081  117312.1   58458.9 -215637.4
        nan       nan      -nan       nan       nan       nan       nan       nan       nan       nan
  127 1      2 -3.0109 -1.1177  122818.7   64637.5   -3590.4 -2.9826 -1.0081  119731.4   59276.6 -216448.5
        nan       nan      -nan       nan       nan       nan       nan       nan       nan       nan
  128 2      3 -3.0796 -1.0381   10703.4   63913.4   -6108.5 -2.9826 -1.0081  127241.7   61814.9 -218966.6
        nan       nan      -nan       nan       nan       nan       nan       nan       nan       nan
vertex track :        142   3 125    2525199  1.8400  1.8087  122188.5   64520.7     220.2     0 10001.0
  126 1      1  1.8307  1.8061  115646.5   59290.1   -2866.9  1.8629  1.8214  113619.3   56018.7 -215723.3
      340.4      11.8  115880.5   59537.6  115780.4   59438.7  115624.4   59254.4  115897.2   59520.7
  127 1      2  1.8134  1.8344  114474.8   56754.7   -3718.6  1.8629  1.8214  112032.7   54467.5 -216575.0
      416.8      15.9  114756.5   57062.3  114551.2   56854.7  114404.9   56658.9  114779.2   57039.9
  128 1      3  1.8517  1.7847  111317.4   53137.4   -6585.4  1.8629  1.8214  106692.2   49245.9 -219441.8
      686.6      28.0  111792.3   53634.0  111192.5   53055.9  111054.4   52852.5  111831.2   53593.6
vertex track :        143   3 125    2525315  2.2124  2.1425  123837.5   65876.6     223.1     0 10001.0
  126 1      1  2.0866  2.2190  118960.3   59846.7   -2789.4  2.2394  2.1566  114295.1   56510.0 -215647.4
      444.9      13.2  119255.4   60179.9  119084.1   59997.7  118877.2   59725.8  119274.7   60161.8
  127 1      2  2.1552  1.9741  116046.9   60651.1   -3598.7  2.2394  2.1566  112482.9   54764.8 -216456.6
      546.0      17.8  116437.5   61033.0  116084.8   60710.0  115868.5   60481.1  116461.6   61006.7
  128 1      3  2.2262  2.1086  109311.7   50957.5   -6165.0  2.2394  2.1566  106735.8   49230.4 -219022.9
      878.7      30.5  109928.7   51583.9  109120.3   50818.2  108906.9   50543.2  109970.6   51539.7
vertex track :        163   3 125    4285813  1.7420 -1.4327  123208.5   55978.3     366.4     0     nan
  126 1      1  1.7378 -1.4409  116939.5   59795.0   -2869.2  1.7431 -1.4488  114702.2   57700.9 -215871.1
        nan       nan      -nan       nan       nan       nan       nan       nan       nan       nan
  127 1      2  1.7525 -1.4120  115855.0   59900.0   -3718.2  1.7431 -1.4488  113222.2   58930.9 -216720.1
        nan       nan      -nan       nan       nan       nan       nan       nan       nan       nan
  128 1      3  1.7239 -1.4448  113088.9   64475.2   -6587.0  1.7431 -1.4488  108221.7   63087.2 -219588.9
        nan       nan      -nan       nan       nan       nan       nan       nan       nan       nan
vertex track :        166   3 125    4364042  1.9517  1.7697  122112.7   64834.6     382.5     0 10001.0
  126 1      1  2.0225  1.5000  118009.4   59795.2   -2791.7  1.9749  1.7811  113026.4   56306.1 -215810.7
      359.9      12.4  118291.0   60019.5  118137.7   59905.8  117939.7   59782.4  118305.8   59999.7
  127 1      2  1.9579  1.6304  115148.0   60924.8   -3594.8  1.9749  1.7811  111440.4   54875.8 -216613.8
      435.1      16.3  115471.9   61215.8  115214.4   61001.3  115036.1   60845.5  115492.8   61190.7
  128 1      3  1.9577  1.7478  109310.8   52374.8   -6162.7  1.9749  1.7811  106368.8   50302.1 -219181.8
      685.7      27.4  109804.1   52851.9  109192.2   52305.6  109029.5   52109.4  109840.6   52811.0
vertex track :        173   3 126     297352 -2.0994  1.4040  121701.3   57470.6     186.0     0     nan
  123 1     -2 -2.1054  1.3939  106450.5   66814.0    6573.4 -2.1070  1.4179  106798.5   63777.1 -209035.1
        nan       nan      -nan       nan       nan       nan       nan       nan       nan       nan
  124 1     -1 -2.0843  1.4163  112408.2   60640.2    3735.1 -2.1070  1.4179  112778.7   59752.7 -211873.3
        nan       nan      -nan       nan       nan       nan       nan       nan       nan       nan
  125 1      0 -2.1076  1.4059  117274.1   61549.2    2872.0 -2.1070  1.4179  114597.5   58528.7 -212736.5
        nan       nan      -nan       nan       nan       nan       nan       nan       nan       nan
vertex track :        175   3 126     297794 -2.0169  1.7117  118953.4   58475.2     184.0     0     nan
  123 1     -2 -2.1685  1.6761  106605.5   70314.9    6658.4 -2.0194  1.7250  104418.9   66911.8 -208949.6
        nan       nan      -nan       nan       nan       nan       nan       nan       nan       nan
  124 1     -1 -2.0589  1.8483  113645.9   65849.8    3597.6 -2.0194  1.7250  110599.7   61632.0 -212010.4
        nan       nan      -nan       nan       nan       nan       nan       nan       nan       nan
  125 1      0 -1.9435  1.8154  111673.2   63136.5    2775.5 -2.0194  1.7250  112260.0   60213.8 -212832.6
        nan       nan      -nan       nan       nan       nan       nan       nan       nan       nan
vertex track :        177   3 126     297842 -1.0847 -1.9465  116353.1   59910.5     191.7     0     nan
  123 1     -2 -1.0736 -1.9449  107797.5   46865.5    6589.0 -1.1119 -1.9762  107768.0   44559.7 -209027.5
        nan       nan      -nan       nan       nan       nan       nan       nan       nan       nan
  124 1     -1 -1.0649 -1.8873  110656.8   50937.0    3720.6 -1.1119 -1.9762  110957.2   50228.2 -211895.9
        nan       nan      -nan       nan       nan       nan       nan       nan       nan       nan
  125 1      0 -1.0776 -1.9459  114725.6   54648.2    2864.8 -1.1119 -1.9762  111908.7   51919.3 -212751.7
        nan       nan      -nan       nan       nan       nan       nan       nan       nan       nan
vertex track :        184   3 126     298838  1.9732  1.3814  110960.6   57357.0     190.9     0     nan
  123 2     -2  1.9505  1.3458    3657.2   66933.9    6570.0  1.9739  1.3676  122022.7   63380.3 -209061.5
        nan       nan      -nan       nan       nan       nan       nan       nan       nan       nan
  124 1     -1  2.1977  1.6430  120549.8   63489.8    3608.5  1.9739  1.3676  116177.1   59330.1 -212023.0
        nan       nan      -nan       nan       nan       nan       nan       nan       nan       nan
  125 1      0  2.0250  1.5843  115126.7   61181.8    2777.8  1.9739  1.3676  114537.4   58194.0 -212853.7
        nan       nan      -nan       nan       nan       nan       nan       nan       nan       nan
vertex track :        186   3 126     299366  0.9373  1.9853  114470.8   57007.0     188.8     0     nan
  123 1     -2  0.9298  1.9889  119275.7   70130.1    6593.4  0.9503  1.9745  119049.4   66932.7 -209031.8
        nan       nan      -nan       nan       nan       nan       nan       nan       nan       nan
  124 1     -1  0.9550  1.9658  116189.5   62272.8    3718.1  0.9503  1.9745  116316.9   61255.4 -211907.1
        nan       nan      -nan       nan       nan       nan       nan       nan       nan       nan
  125 1      0  0.9372  1.9822  118462.6   62668.8    2868.0  0.9503  1.9745  115509.0   59576.9 -212757.3
        nan       nan      -nan       nan       nan       nan       nan       nan       nan       nan
vertex track :        188   3 126     299755  1.6274  2.0119  115317.7   59025.4     187.9     0   621.8
  123 2     -2  1.7061  2.0617    5644.7   72718.1    6595.0  1.6389  1.9954  124331.9   69098.4 -209021.5
      815.0     178.4    6026.9   73459.7    5346.0   72636.9    5474.3   72188.6    6301.7   73232.3
  124 1     -1  1.5350  1.8034  123698.4   67477.5    3587.2  1.6389  1.9954  119402.4   63096.5 -212029.4
      433.2      82.4  123916.4   67860.7  123677.2   67579.7  123691.9   67306.0  124041.9   67753.9
  125 1      0  1.5745  2.1299  118523.1   64735.1    2758.6  1.6389  1.9954  118044.4   61443.2 -212858.0
      309.1      31.9  118681.2   65002.7  118644.3   64952.8  118576.6   64679.7  118732.6   64964.8
vertex track :        200   3 126     326043  1.7951 -2.0455  112269.5   65455.7     195.7     0     nan
  123 1     -2  1.8050 -2.0323  122909.0   51956.5    6567.8  1.7849 -2.0813  122173.8   49568.2 -209049.8
        nan       nan      -nan       nan       nan       nan       nan       nan       nan       nan
  124 1     -1  1.7735 -2.0678  117010.6   56119.8    3715.4  1.7849 -2.0813  117082.5   55505.0 -211902.2
        nan       nan      -nan       nan       nan       nan       nan       nan       nan       nan
  125 1      0  1.7912 -2.0381  118670.2   59955.5    2864.9  1.7849 -2.0813  115564.4   57275.2 -212752.8
        nan       nan      -nan       nan       nan       nan       nan       nan       nan       nan
vertex track :        204   3 126     326410  2.4438 -2.0693  115112.2   61542.3     187.6     0     nan
  123 2     -2  2.5610 -2.0737   10993.6   48517.3    6658.8  2.4504 -2.1053  129495.0   45234.4 -208952.8
        nan       nan      -nan       nan       nan       nan       nan       nan       nan       nan
  124 2     -1  2.3308 -1.7831    6253.6   55912.8    3620.6  2.4504 -2.1053  122050.2   51630.8 -211991.0
        nan       nan      -nan       nan       nan       nan       nan       nan       nan       nan
  125 1      0  2.6196 -2.1058  120671.3   55487.8    2779.7  2.4504 -2.1053  119989.8   53401.0 -212831.8
        nan       nan      -nan       nan       nan       nan       nan       nan       nan       nan
vertex track :        214   3 126     688443  0.6885  0.2753  116225.6   60200.9     191.7     0     nan
  123 1     -2  0.6865  0.2773  119425.4   62084.6    6537.8  0.6927  0.2729  119149.8   59227.9 -209078.4
        nan       nan      -nan       nan       nan       nan       nan       nan       nan       nan
  124 1     -1  0.6912  0.2682  116970.2   59276.4    3714.6  0.6927  0.2729  117194.1   58457.5 -211901.5
        nan       nan      -nan       nan       nan       nan       nan       nan       nan       nan
  125 1      0  0.6845  0.2715  119539.9   61152.1    2867.5  0.6927  0.2729  116607.3   58226.4 -212748.6
        nan       nan      -nan       nan       nan       nan       nan       nan       nan       nan
vertex track :        246   3 126    1167789  0.3786  0.3669  116075.7   60141.0     191.7     0     nan
  123 1     -2  0.3962  0.3578  119656.9   63033.2    6617.2  0.3814  0.3670  117052.6   59794.2 -208999.3
        nan       nan      -nan       nan       nan       nan       nan       nan       nan       nan
  124 1     -1  0.4039  0.3444  119751.4   62510.8    3580.2  0.3814  0.3670  115894.4   58679.8 -212036.4
        nan       nan      -nan       nan       nan       nan       nan       nan       nan       nan
  125 1      0  0.3814  0.4102  115673.8   61076.9    2776.7  0.3814  0.3670  115588.0   58384.9 -212839.9
        nan       nan      -nan       nan       nan       nan       nan       nan       nan       nan
vertex track :        278   3 126    1857069 -4.3260  1.6839  122350.2   58309.7     185.0     0     nan
  123 1     -2 -4.3377  1.6351   92403.9   69352.9    6571.3 -4.3615  1.7146   93063.0   66511.7 -209032.4
        nan       nan      -nan       nan       nan       nan       nan       nan       nan       nan
  124 1     -1 -4.2178  1.8101  104861.6   62639.1    3716.5 -4.3615  1.7146  105514.2   61616.7 -211887.2
        nan       nan      -nan       nan       nan       nan       nan       nan       nan       nan
  125 1      0 -4.3054  1.6729  111698.8   63186.1    2873.7 -4.3615  1.7146  109190.4   60171.5 -212730.0
        nan       nan      -nan       nan       nan       nan       nan       nan       nan       nan
vertex track :        283   3 126    1858864 -2.6002 -0.4662  117218.6   60446.0     191.1     0   497.5
  123 1     -2 -2.5971 -0.1865  101156.8   57842.8    6644.8 -2.6407 -0.4635   98713.5   54748.4 -208968.5
      944.3     233.6  100231.6   57542.1  101570.0   57638.2  102289.3   58353.3  100198.2   58008.2
  124 1     -1 -2.7062 -0.6559  109860.1   59640.9    3627.5 -2.6407 -0.4635  106681.5   56146.7 -211985.8
      490.7     108.2  109408.7   59420.1  109794.3   59513.6  110518.9   60071.0  109357.7   59630.5
  125 1      0 -2.5397 -0.7419  108278.2   59068.2    2790.0 -2.6407 -0.4635  108893.3   56534.9 -212823.3
      329.7      41.4  107973.3   58936.0  108072.9   58965.1  108790.5   59409.7  107950.0   59015.5
vertex track :        289   3 126    1859244 -2.5033  1.0082  116868.0   60144.4     190.9     0  3741.5
  123 1     -2 -2.5106  1.0131   98923.2   66817.1    6563.5 -2.5273  1.0325   99295.4   64015.7 -209050.8
      701.4      39.0   98258.3   67043.4   99031.8   66731.3   99795.7   66801.8   98287.4   67115.7
  124 1     -1 -2.4500  0.9958  106044.3   61999.1    3726.7 -2.5273  1.0325  106464.9   61086.8 -211887.6
      411.1      20.0  105655.9   62135.3  105903.1   62034.8  106640.3   62073.8  105671.0   62172.4
  125 1      0 -2.5048  1.0156  111292.2   63139.9    2873.9 -2.5273  1.0325  108620.4   60206.2 -212740.4
      328.2      11.8  110983.7   63252.3  111065.9   63218.9  111808.3   63238.5  110992.6   63274.1
