groupid:   6973, ntrk: 12
vertex track :          0   3  49    6580940 -0.3987  0.0584  129388.2  100256.0     230.7    13  1831.7
   50 4      1 -0.4000  0.0488   10730.8   18680.2   -2869.7 -0.4019  0.0560  129842.6   97331.0  -77359.1
       40.6       4.4   10689.9   18680.8   10686.6   18681.2   10981.2   18889.7   10691.0   18689.5
   51 4      2 -0.3990  0.0540   10517.5   20382.1   -3719.6 -0.4019  0.0560  130184.1   97283.4  -78209.0
       48.6       8.5   10468.3   20380.2   10480.8   20378.5   10776.4   20594.0   10470.6   20397.0
   52 4      3 -0.3980  0.0560    9400.9   19158.0   -6587.6 -0.4019  0.0560  131336.8   97122.9  -81077.0
       77.0      16.3    9322.4   19152.6    9391.3   19142.9    9689.0   19373.4    9326.9   19184.8
vertex track :         22   3  49    7412626  0.4271 -0.2023  129831.3  100116.4     231.1     0   593.5
   50 4      1  0.4291 -0.1950    7358.2   23054.6   -1786.3  0.4279 -0.1997  128178.6   97770.6  -76275.8
       38.0       6.2    7395.3   23044.5    7416.2   23035.0    7531.4   23274.5    7390.2   23033.2
   51 4      2  0.4215 -0.2127    6807.7   21628.8   -2616.4  0.4279 -0.1997  127823.4   97936.4  -77105.9
       48.6      17.4    6858.9   21622.4    6860.6   21621.5    6966.9   21844.9    6843.2   21591.4
   52 4      3  0.4438 -0.2176   10390.8   26757.7   -5937.8  0.4279 -0.1997  126402.2   98599.8  -80427.3
       93.3      43.7   10493.8   26755.9   10419.5   26792.3   10498.2   26969.3   10455.4   26677.4
vertex track :         23   3  49    7412633  0.4110 -0.2389  129821.2  100094.5     231.1     0  1217.2
   50 4      1  0.4167 -0.2288    9710.0   19027.7   -2867.7  0.4115 -0.2359  127756.4   98076.9  -77357.2
       47.7       6.0    9754.8   19010.0    9758.6   19008.0    9875.7   19255.2    9748.9   18999.5
   51 4      2  0.4129 -0.2354    8819.4   20966.5   -3716.7  0.4115 -0.2359  127407.0   98277.2  -78206.3
       57.6      12.6    8875.7   20949.0    8862.4   20956.6    8973.6   21193.8    8863.2   20927.0
   52 3      3  0.4100 -0.2398  124862.0   21010.9   -6587.6  0.4115 -0.2359  126225.7   98954.4  -81077.1
       91.8      24.6  124953.7   20985.8  124881.3   21028.1  124980.8   21245.9  124928.9   20943.4
vertex track :         58   3  50    4809729 -0.6893 -0.7432  131128.5   98973.1     146.1     0     nan
   47 4     -2 -0.6731 -0.7347    6085.6   17436.9    6573.5 -0.7056 -0.7400  125048.8   93269.0  -69630.9
        nan       nan      -nan       nan       nan       nan       nan       nan       nan       nan
   48 4     -1 -0.7122 -0.7305    7415.4   18940.8    3714.4 -0.7056 -0.7400  127066.0   95384.8  -72490.1
        nan       nan      -nan       nan       nan       nan       nan       nan       nan       nan
   49 4      0 -0.7087 -0.7457   10133.2   20257.8    2867.9 -0.7056 -0.7400  127663.3   96011.2  -73336.6
        nan       nan      -nan       nan       nan       nan       nan       nan       nan       nan
vertex track :         64   3  50    4810050  1.1005 -0.0513  129557.9   98426.6     148.1     0     nan
   47 4     -2  1.0952 -0.0717   17756.0   17660.7    5809.3  1.0986 -0.0548  134219.8   97177.0  -70404.9
        nan       nan      -nan       nan       nan       nan       nan       nan       nan       nan
   48 4     -1  1.0882 -0.0056   14964.2   19441.0    2679.7  1.0986 -0.0548  130781.6   97348.7  -73534.4
        nan       nan      -nan       nan       nan       nan       nan       nan       nan       nan
   49 4      0  1.0890 -0.0832   14670.4   16961.9    1782.6  1.0986 -0.0548  129796.0   97397.9  -74431.6
        nan       nan      -nan       nan       nan       nan       nan       nan       nan       nan
vertex track :         67   3  50    5862897  0.2428 -0.9971  130169.9   99550.1     147.1     0  1634.8
   47 4     -2  0.2377 -0.9961   10584.4   16492.4    6600.8  0.2346 -0.9900  130137.4   92206.3  -69606.1
      180.0      27.2   10652.7   16323.7   10619.0   16464.7   10726.3   16870.2   10599.7   16311.0
   48 4     -1  0.2413 -0.9909    9018.5   18818.9    3719.9  0.2346 -0.9900  129461.5   95058.3  -72487.0
      111.7      13.6    9058.1   18713.6    9056.0   18722.5    9189.1   19133.2    9031.7   18707.1
   49 4      0  0.2303 -1.0074   10846.0   20392.4    2863.1  0.2346 -0.9900  129260.5   95906.6  -73343.8
       93.2       7.0   10873.6   20303.1   10880.4   20273.3   11028.6   20690.7   10859.9   20300.0
vertex track :         72   3  50    5864033  0.1057 -0.5897  129972.6   99489.1     148.0     0     nan
   47 4     -2  0.0951 -0.6313   11614.0   15303.3    5866.2  0.0989 -0.5864  128989.9   95181.9  -70342.6
        nan       nan      -nan       nan       nan       nan       nan       nan       nan       nan
   48 4     -1  0.1292 -0.5881   11625.8   18487.9    2710.0  0.0989 -0.5864  128677.8   97032.8  -73498.8
        nan       nan      -nan       nan       nan       nan       nan       nan       nan       nan
   49 4      0  0.0985 -0.5696   12174.7   16553.3    1788.5  0.0989 -0.5864  128586.6   97573.2  -74420.3
        nan       nan      -nan       nan       nan       nan       nan       nan       nan       nan
vertex track :         73   3  50    5864112  1.3098  0.4186  129348.9   98047.8     148.1     0     nan
   47 4     -2  1.3390  0.3777   16007.4   23263.7    6591.6  1.3083  0.4057  136217.5   99728.2  -69624.7
        nan       nan      -nan       nan       nan       nan       nan       nan       nan       nan
   48 4     -1  1.2941  0.4334   11051.2   21144.9    3718.8  1.3083  0.4057  132459.2   98562.7  -72497.4
        nan       nan      -nan       nan       nan       nan       nan       nan       nan       nan
   49 4      0  1.2948  0.3955   11931.5   21395.3    2867.9  1.3083  0.4057  131345.9   98217.5  -73348.3
        nan       nan      -nan       nan       nan       nan       nan       nan       nan       nan
vertex track :         98   3  50    7624838  0.7692  0.5063  130110.3   98061.1     289.1     0     nan
   47 4     -2  0.7517  0.5026   16191.6   20932.8    5839.4  0.7697  0.4930  132825.7   99862.5  -70515.1
        nan       nan      -nan       nan       nan       nan       nan       nan       nan       nan
   48 4     -1  0.7728  0.5014   14324.9   21045.3    2681.6  0.7697  0.4930  130395.1   98305.8  -73672.9
        nan       nan      -nan       nan       nan       nan       nan       nan       nan       nan
   49 4      0  0.7555  0.4715   14260.2   18176.8    1781.0  0.7697  0.4930  129701.9   97861.9  -74573.4
        nan       nan      -nan       nan       nan       nan       nan       nan       nan       nan
vertex track :        105   3  50    8571065 -2.0090  2.0648  131249.6   97835.8     289.1     0     nan
   47 3     -2 -1.9940  2.0817  118634.9   32399.1    6598.9 -1.9969  2.0808  117097.0  110025.4  -69752.7
        nan       nan      -nan       nan       nan       nan       nan       nan       nan       nan
   48 3     -1 -2.0213  2.0629  124570.2   25461.5    3716.2 -1.9969  2.0808  122853.6  104027.0  -72635.4
        nan       nan      -nan       nan       nan       nan       nan       nan       nan       nan
   49 4      0 -2.0054  2.0779    7980.0   24130.6    2866.6 -1.9969  2.0808  124550.2  102259.2  -73485.0
        nan       nan      -nan       nan       nan       nan       nan       nan       nan       nan
vertex track :        112   3  50    8572952  0.9445  0.5397  130765.9   98316.3     289.1     0     nan
   47 4     -2  0.9979  0.5720   17948.4   21420.7    5831.8  0.9448  0.5253  134451.4  100289.2  -70519.3
        nan       nan      -nan       nan       nan       nan       nan       nan       nan       nan
   48 4     -1  0.9592  0.5428   15612.9   21450.4    2679.8  0.9448  0.5253  131473.3   98633.5  -73671.3
        nan       nan      -nan       nan       nan       nan       nan       nan       nan       nan
   49 4      0  0.9914  0.5414   15406.5   18490.7    1779.8  0.9448  0.5253  130623.0   98160.7  -74571.3
        nan       nan      -nan       nan       nan       nan       nan       nan       nan       nan
vertex track :        126   3  50    9668327 -3.3559 -3.3541  134874.8  103378.7     282.9     0   366.4
   47 3     -2 -3.3722 -3.3341  114198.0    6314.7    6576.1 -3.4732 -3.3518  111520.5   81249.5  -69737.6
     3993.9     728.3  111870.0    2988.7  116842.0    7904.6  116732.6    9847.3  110845.8    4024.6
   48 3     -1 -3.2526 -3.2854  124449.2   16127.5    3714.2 -3.4732 -3.3518  121460.7   90842.1  -72599.5
     1978.2     346.4  123303.6   14477.9  125404.0   16599.6  125801.4   17983.7  122811.2   14965.4
   49 4      0 -3.4437 -3.3598    9128.2   20021.6    2869.7 -3.4732 -3.3518  124393.6   93672.6  -73443.9
     1025.9     130.0    8484.6   19212.1    9230.1   19939.4    9978.3   21037.7    8303.0   19398.2
