groupid:   7024, ntrk: 17
vertex track :          0   3 125     774630 -0.0663 -0.2083   69429.0   68959.4     247.3    13  2007.5
  126 1      1 -0.0665 -0.2069   68203.9   69387.2   -2868.4 -0.0674 -0.2104   66533.3   67106.6 -215759.9
       23.7       3.1   68199.6   69363.8   68200.2   69365.4   68418.2   69620.5   68193.8   69365.6
  127 1      2 -0.0636 -0.2087   68408.0   67968.5   -3718.1 -0.0674 -0.2104   66590.7   67285.4 -216609.6
       28.8       6.7   68406.0   67938.9   68409.4   67950.3   68619.9   68207.8   68393.2   67942.8
  128 1      3 -0.0680 -0.2066   70465.7   70450.3   -6585.9 -0.0674 -0.2104   66784.1   67888.7 -219477.4
       46.5      13.0   70463.5   70402.0   70478.3   70447.1   70677.9   70708.4   70438.8   70410.1
vertex track :         20   3 125     773122  2.1484 -2.1192   71864.5   66853.8     242.2     0   780.7
  126 1      1  2.1895 -2.2636   67167.2   73075.3   -2837.9  2.1561 -2.1650   62122.8   70970.5 -215726.5
      454.4      39.7   67511.6   72776.3   67339.6   72954.1   67034.9   73582.0   67454.5   72721.1
  127 1      2  2.1521 -2.0444   64381.9   77326.4   -3669.7  2.1561 -2.1650   60329.5   72771.3 -216558.2
      613.8      94.1   64891.7   76971.9   64453.7   77388.1   64084.2   77888.8   64762.1   76835.4
  128 1      3  2.3047 -2.0551   57818.5   79769.0   -6348.1  2.1561 -2.1650   54554.5   78570.2 -219236.7
     1040.1     179.9   58714.5   79211.1   57645.9   80163.9   57134.8   80535.0   58475.1   78942.6
vertex track :         49   3 125     824234  1.8135  1.6984   71640.2   71441.3     248.9     0     nan
  126 1      1  1.8134  1.7077   65066.0   66447.3   -2870.7  1.8416  1.7061   62822.9   63622.7 -215765.0
        nan       nan      -nan       nan       nan       nan       nan       nan       nan       nan
  127 1      2  1.7996  1.7284   63790.4   63370.5   -3716.9  1.8416  1.7061   61264.4   62178.9 -216611.3
        nan       nan      -nan       nan       nan       nan       nan       nan       nan       nan
  128 1      3  1.8236  1.6823   60693.3   60968.5   -6591.7  1.8416  1.7061   55970.1   57274.2 -219486.0
        nan       nan      -nan       nan       nan       nan       nan       nan       nan       nan
vertex track :        129   3 125    2044503 -2.8164  2.3954   63489.5   74569.2     258.7     0     nan
  126 1      1 -2.7653  2.3010   73070.2   67773.4   -2829.2 -2.7997  2.4162   69021.2   64694.4 -215719.5
        nan       nan      -nan       nan       nan       nan       nan       nan       nan       nan
  127 1      2 -2.6060  2.4890   74355.9   68325.8   -3657.6 -2.7997  2.4162   71340.5   62692.8 -216547.9
        nan       nan      -nan       nan       nan       nan       nan       nan       nan       nan
  128 1      3 -2.8843  2.2900   82145.2   57864.0   -6217.0 -2.7997  2.4162   78506.0   56508.6 -219107.3
        nan       nan      -nan       nan       nan       nan       nan       nan       nan       nan
vertex track :        180   3 125    6061516 -1.2007  2.0903   66129.2   75641.6     202.7     0     nan
  126 1      1 -1.1998  2.0768   68117.5   69550.4   -2868.1 -1.1892  2.1091   66694.9   66749.0 -215706.6
        nan       nan      -nan       nan       nan       nan       nan       nan       nan       nan
  127 1      2 -1.2234  2.0705   69328.2   66205.5   -3717.6 -1.1892  2.1091   67705.2   64957.3 -216556.2
        nan       nan      -nan       nan       nan       nan       nan       nan       nan       nan
  128 1      3 -1.1862  2.1119   74197.0   62703.3   -6587.1 -1.1892  2.1091   71117.6   58905.3 -219425.6
        nan       nan      -nan       nan       nan       nan       nan       nan       nan       nan
vertex track :        203   3 126     367743 -2.1581  1.9595   69292.0   68229.3     222.6     0   125.0
  123 1     -2 -2.1013  2.0543   53389.8   81198.3    6592.4 -2.1629  1.9940   53826.3   78574.1 -209109.9
     4835.3    1547.9   48850.2   83471.6   55324.0   77142.7   58137.3   79137.0   51014.3   85685.3
  124 1     -1 -2.0934  1.9966   59828.1   73936.3    3714.8 -2.1629  1.9940   60050.1   72836.3 -211987.5
     2326.4     740.1   57633.8   75006.4   60561.1   72214.4   62230.3   73078.3   58655.4   76077.6
  125 1      0 -2.1528  1.9664   64597.8   73926.7    2867.5 -2.1629  1.9940   61882.8   71146.8 -212834.8
      934.3     279.1   63719.8   74350.7   64647.3   73503.5   65683.7   73714.6   64096.2   74762.8
vertex track :        209   3 126     368028  1.2490  1.4218   66658.1   67514.0     223.7     0     nan
  123 1     -2  1.2433  1.3845   75992.1   77209.2    6759.4  1.2636  1.4244   73204.1   74477.3 -208946.6
        nan       nan      -nan       nan       nan       nan       nan       nan       nan       nan
  124 1     -1  1.4219  1.5086   73456.6   73671.7    3671.6  1.2636  1.4244   69302.4   70079.1 -212034.4
        nan       nan      -nan       nan       nan       nan       nan       nan       nan       nan
  125 1      0  1.2395  1.5496   68744.8   71539.5    2816.4  1.2636  1.4244   68221.8   68861.0 -212889.6
        nan       nan      -nan       nan       nan       nan       nan       nan       nan       nan
vertex track :        235   3 126     748224 -0.9700  0.3679   70604.1   67838.4     221.5     0   105.8
  123 1     -2 -0.9593  0.3584   62691.6   70223.9    6599.8 -0.9762  0.3778   62696.8   67878.2 -209100.9
      928.9     633.0   61599.9   69956.0   63138.8   69381.1   63992.3   70702.1   62042.9   71141.9
  124 1     -1 -0.9775  0.4191   65442.2   67615.1    3718.8 -0.9762  0.3778   65509.1   66789.9 -211981.9
      449.6     302.6   64909.7   67514.2   65531.0   67247.8   66183.8   67926.5   65148.2   68070.5
  125 1      0 -0.9700  0.3671   69268.7   69035.0    2864.5 -0.9762  0.3778   66343.0   66467.2 -212836.1
      188.1     113.7   69052.5   68995.2   69200.6   68939.2   69693.8   69285.1   69133.0   69207.9
vertex track :        237   3 126     748332 -1.5572  0.7389   72498.7   66636.6     216.6     0     nan
  123 1     -2 -1.5625  0.7839   63271.0   71866.7    6718.9 -1.5659  0.7569   60642.5   69163.1 -208976.5
        nan       nan      -nan       nan       nan       nan       nan       nan       nan       nan
  124 1     -1 -1.5044  0.6919   68871.4   70443.7    3651.9 -1.5659  0.7569   65445.0   66841.7 -212043.4
        nan       nan      -nan       nan       nan       nan       nan       nan       nan       nan
  125 1      0 -1.4731  0.7482   66585.2   68671.9    2827.7 -1.5659  0.7569   66735.7   66217.8 -212867.7
        nan       nan      -nan       nan       nan       nan       nan       nan       nan       nan
vertex track :        241   3 126     749137  1.9163 -1.0355   66084.5   70313.1     228.4     0   129.1
  123 1     -2  1.9168 -1.0315   77509.5   63328.3    6568.3  1.9229 -1.0550   76575.9   61311.6 -209140.5
     2430.8     994.0   80121.0   63051.8   76242.5   65138.8   75109.9   63813.9   79179.0   61301.2
  124 1     -1  1.9048 -1.0585   71467.6   64952.2    3719.3  1.9229 -1.0550   71097.4   64317.2 -211989.6
     1180.3     477.6   72731.3   64796.3   71068.0   65720.7   70415.8   65316.9   72267.3   63961.4
  125 1      0  1.9364 -1.0389   72888.2   67555.3    2867.6  1.9229 -1.0550   69459.8   65215.7 -212841.2
      489.7     179.6   73404.7   67482.1   72948.3   67726.9   72583.7   67837.6   73234.9   67165.6
vertex track :        247   3 126     749511  1.8786 -0.6953   67836.7   69445.5     225.6     0     nan
  123 1     -2  1.7323 -0.5763   81380.4   65299.8    6715.7  1.8861 -0.7157   78385.8   62466.7 -208989.8
        nan       nan      -nan       nan       nan       nan       nan       nan       nan       nan
  124 1     -1  1.9373 -0.7366   77039.1   67830.6    3659.5  1.8861 -0.7157   72621.4   64654.1 -212046.0
        nan       nan      -nan       nan       nan       nan       nan       nan       nan       nan
  125 1      0  2.0404 -0.6892   71781.3   67353.4    2821.1  1.8861 -0.7157   71040.2   65254.1 -212884.4
        nan       nan      -nan       nan       nan       nan       nan       nan       nan       nan
vertex track :        250   3 126     749808 -2.7988  2.7093   70049.6   67369.1     218.7     0  6217.5
  123 3     -2 -2.8726  2.7119   49688.9    6976.1    6590.8 -2.8034  2.7556   50498.0   82557.2 -209107.8
     1328.8      45.0   48691.7    7855.6   50021.0    6600.7   50893.1    6309.4   48753.5    7921.0
  124 1     -1 -2.7869  2.7425   58175.4   75895.3    3726.3 -2.8034  2.7556   58528.4   74663.8 -211972.3
      756.3      23.4   57619.9   76409.2   58112.8   75924.1   58938.1   75594.3   57652.7   76442.5
  125 1      0 -2.7872  2.6886   63554.7   75179.7    2863.5 -2.8034  2.7556   60947.1   72286.3 -212835.1
      589.3      14.8   63120.3   75578.2   63383.3   75324.5   64196.4   74993.9   63140.9   75599.5
vertex track :        269   3 126    1196155  3.3071  4.3266   65376.3   65563.1     224.9     0 10001.0
  123 3     -2  3.1392  5.2469   88306.8   15743.2    6656.7  3.3374  4.3224   85107.6   91006.0 -209053.2
     2484.7      54.7   89535.6   17903.5   87643.4   14740.9   87291.3   13798.1   89629.5   17847.3
  124 1     -1  3.7811  4.1974   79947.3   82532.5    3635.7  3.3374  4.3224   75025.4   77948.1 -212074.1
     1345.7      27.8   80827.3   83551.0   79819.9   82432.8   79281.1   81728.3   80868.6   83513.7
  125 1      0  3.4760  4.5949   73357.1   77840.8    2813.3  3.3374  4.3224   72280.7   74393.2 -212896.6
     1041.8      18.9   73970.6   78683.1   73443.5   77986.3   72957.1   77213.1   74000.7   78660.3
vertex track :        281   3 126    1214018  1.5614  1.0445   67578.3   68914.3     225.5     0     nan
  123 1     -2  1.5566  1.0766   76694.4   75849.7    6568.9  1.5755  1.0418   75875.5   73185.4 -209137.1
        nan       nan      -nan       nan       nan       nan       nan       nan       nan       nan
  124 1     -1  1.5197  1.0046   71685.2   71215.9    3722.7  1.5755  1.0418   71391.2   70220.1 -211983.3
        nan       nan      -nan       nan       nan       nan       nan       nan       nan       nan
  125 1      0  1.5713  1.0479   73375.2   72019.6    2868.8  1.5755  1.0418   70045.8   69330.5 -212837.2
        nan       nan      -nan       nan       nan       nan       nan       nan       nan       nan
vertex track :        324   3 126    1951085  0.8229 -0.8692   68048.2   69528.9     226.7     0   732.1
  123 1     -2  0.9064 -0.8753   74524.2   64238.9    6697.9  0.8230 -0.8849   71684.4   61468.3 -209008.5
      232.5      63.7   74735.7   64123.2   74591.5   64262.4   74523.6   64563.7   74647.2   64031.6
  124 1     -1  0.9584 -0.9040   73441.6   67112.1    3661.4  0.8230 -0.8849   69185.3   64155.2 -212045.0
      135.2      29.6   73560.3   67040.8   73564.8   67036.5   73533.9   67392.4   73519.7   66997.8
  125 1      0  0.8299 -0.8546   68904.1   66933.2    2823.0  0.8230 -0.8849   68495.2   64897.1 -212883.4
      108.6      12.1   68988.5   66863.7   69011.5   66840.1   69030.6   67211.8   68971.1   66846.8
vertex track :        342   3 126    1952314 -1.3718  2.0597   68372.3   69072.3     223.6     0     nan
  123 1     -2 -1.3777  2.0654   57713.7   82765.1    6584.1 -1.3693  2.0884   57972.7   80014.5 -209119.2
        nan       nan      -nan       nan       nan       nan       nan       nan       nan       nan
  124 1     -1 -1.3712  2.0718   61708.8   75193.0    3721.3 -1.3693  2.0884   61892.8   74035.7 -211982.1
        nan       nan      -nan       nan       nan       nan       nan       nan       nan       nan
  125 1      0 -1.3882  2.0522   65886.5   75047.7    2869.4 -1.3693  2.0884   63059.2   72256.5 -212834.0
        nan       nan      -nan       nan       nan       nan       nan       nan       nan       nan
vertex track :        362   3 126    1998513  2.3468 -2.1349   63305.7   73350.1     231.4     0  8737.2
  123 1     -2  2.1894 -1.9716   79820.3   59776.2    6716.6  2.3514 -2.1682   76854.3   57017.5 -208994.0
      938.6      32.8   80539.7   59172.5   79604.5   60014.7   79313.0   60588.0   80495.8   59123.7
  124 1     -1  2.4765 -2.2305   74350.0   66281.8    3639.5  2.3514 -2.1682   69618.7   63689.2 -212071.2
      519.0      16.7   74746.8   65946.9   74495.6   66173.1   74165.7   66824.5   74724.5   65922.1
  125 1      0  2.3530 -2.1027   68535.6   67118.1    2823.4  2.3514 -2.1682   67699.8   65458.5 -212887.2
      413.3      11.7   68851.5   66851.4   68729.3   66960.6   68432.0   67592.6   68835.9   66834.0
