groupid:   7214, ntrk: 11
vertex track :          0   3 127   12526060  0.1392 -0.3139  194305.8  186427.4     173.2    13  1038.6
  128 6      1  0.1320 -0.3170   79062.6   30612.6   -2865.0  0.1362 -0.3185  194891.8  185077.7 -219068.4
       34.9       5.7   79081.2   30582.6   79082.1   30580.4   79254.1   30852.3   79070.7   30578.3
  129 6      2  0.1348 -0.3154   74794.4   31451.3   -3716.6  0.1362 -0.3185  194775.8  185349.0 -219920.0
       43.0      13.0   74823.2   31416.8   74817.7   31429.7   74975.6   31695.4   74799.3   31406.6
  130 6      3  0.1317 -0.3170   76986.8   28349.1   -6585.2  0.1362 -0.3185  194385.2  186262.7 -222788.7
       70.0      25.6   77037.3   28294.3   77011.3   28356.9   77146.5   28613.5   76990.0   28274.6
vertex track :         17   3 127   11844819 -1.3399 -0.4159  189717.2  186102.3     179.0     0     nan
  128 6      1 -1.1598 -0.2873   74153.6   27970.9   -2911.1 -1.3503 -0.3932  194859.0  185081.9 -219113.8
        nan       nan      -nan       nan       nan       nan       nan       nan       nan       nan
  129 6      2 -1.3545 -0.5210   75379.7   31301.6   -3741.1 -1.3503 -0.3932  195979.8  185408.2 -219943.8
        nan       nan      -nan       nan       nan       nan       nan       nan       nan       nan
  130 6      3 -1.2519 -0.3679   78011.4   26190.7   -6785.7 -1.3503 -0.3932  200091.0  186605.3 -222988.3
        nan       nan      -nan       nan       nan       nan       nan       nan       nan       nan
vertex track :         18   3 127   11844887 -2.0303 -1.9862  189269.7  182552.7     179.4     0     nan
  128 6      1 -2.0695 -1.9312   80337.0   31466.1   -2869.3 -2.0698 -1.9595  196487.5  186279.5 -219073.8
        nan       nan      -nan       nan       nan       nan       nan       nan       nan       nan
  129 6      2 -2.0515 -1.9689   77905.8   33775.4   -3720.5 -2.0698 -1.9595  198249.3  187947.4 -219925.0
        nan       nan      -nan       nan       nan       nan       nan       nan       nan       nan
  130 6      3 -2.0639 -1.9437   86742.6   35503.3   -6587.2 -2.0698 -1.9595  204182.7  193564.7 -222791.7
        nan       nan      -nan       nan       nan       nan       nan       nan       nan       nan
vertex track :         51   3 127   12490558  2.3169 -2.2887  200281.7  181272.4     167.5     0   317.5
  128 6      1  2.2303 -1.9751   74016.8   28830.1   -2894.8  2.3050 -2.3533  194173.3  186025.9 -219103.3
      620.6     111.1   74555.1   28501.9   74094.3   28910.0   73690.8   29366.4   74407.8   28335.5
  129 6      2  2.0761 -2.2476   72324.6   33465.4   -3743.0  2.3050 -2.3533  192218.4  188021.8 -219951.4
     1116.1     274.6   73283.7   32831.9   72205.1   33999.5   71577.7   34306.6   72880.2   32459.2
  130 6      3  2.2553 -1.9587   64889.9   33704.8   -6782.9  2.3050 -2.3533  185211.5  195175.5 -222991.3
     2174.4     560.1   66898.9   32701.9   64089.1   35142.2   63093.3   34915.8   66164.4   31856.2
vertex track :        131   3 127   13244330  0.3119  2.8782  194468.1  196281.5     178.5     0   230.3
  128 6      1  0.3721  2.8745   78693.9   31056.6   -2866.1  0.3653  2.8896  194523.9  185214.0 -219074.0
      585.3     138.4   78631.8   31654.8   78559.7   31097.6   78966.4   30671.3   78906.3   31619.3
  129 6      2  0.3482  2.8644   74279.9   29414.1   -3717.3  0.3653  2.8896  194213.0  182754.2 -219925.3
     1165.5     344.1   74078.9   30612.6   73870.8   28900.2   74691.2   28428.5   74762.1   30529.6
  130 6      3  0.3686  2.8768   75699.7   16347.7   -6585.4  0.3653  2.8896  193165.3  174466.5 -222793.4
     2249.6     682.9   75308.3   18665.8   74813.8   14807.3   76301.5   14242.4   76663.0   18492.2
vertex track :        133   3 127   13244534 -2.6293  3.2264  186444.4  195596.6     186.5     0 10000.9
  128 6      1 -2.5343  3.1930   74464.1   27145.6   -2864.3 -2.5750  3.2723  195409.9  183483.2 -219065.7
      747.2      17.4   73985.9   27720.1   74382.8   27220.0   75149.8   26784.3   74013.2   27741.7
  129 6      2 -2.9381  3.1806   76873.8   27071.8   -3703.4 -2.5750  3.2723  197570.7  180737.3 -219904.9
      933.0      24.2   76222.9   27740.7   76872.1   27037.9   77731.7   26616.1   76258.5   27773.5
  130 6      3 -2.0970  3.4473   83495.1   11551.3   -6813.2 -2.5750  3.2723  205578.4  170561.1 -223014.7
     1637.5      45.1   82605.6   12926.8   83867.2   10852.8   84592.5   10389.1   82682.6   12973.7
vertex track :        172   3 127   13436360 -1.3952  0.1446  189392.1  187892.2     178.8     0     nan
  128 6      1 -1.3896  0.1760   78467.1   30480.7   -2870.3 -1.3961  0.1699  194646.0  185153.4 -219071.5
        nan       nan      -nan       nan       nan       nan       nan       nan       nan       nan
  129 6      2 -1.3880  0.1654   75562.0   31162.7   -3717.0 -1.3961  0.1699  195828.1  185009.5 -219918.2
        nan       nan      -nan       nan       nan       nan       nan       nan       nan       nan
  130 6      3 -1.3917  0.1777   82400.3   26412.3   -6583.0 -1.3961  0.1699  199829.1  184522.7 -222784.2
        nan       nan      -nan       nan       nan       nan       nan       nan       nan       nan
vertex track :        207   3 128   10957154 -0.8474  0.6998  198401.6  186386.5     374.8     0     nan
  125 6     -2 -0.8730  0.6554   69971.1   34720.2    6596.4 -0.8577  0.7075  189635.0  189390.6 -212743.1
        nan       nan      -nan       nan       nan       nan       nan       nan       nan       nan
  126 6     -1 -0.8715  0.6902   71364.4   29346.1    3720.9 -0.8577  0.7075  192101.2  187356.2 -215618.5
        nan       nan      -nan       nan       nan       nan       nan       nan       nan       nan
  127 6      0 -0.8698  0.7048   70717.3   33627.1    2859.9 -0.8577  0.7075  192839.7  186747.0 -216479.6
        nan       nan      -nan       nan       nan       nan       nan       nan       nan       nan
vertex track :        244   3 128   11441904  0.4008 -0.1428  198127.3  186297.4     373.9     0     nan
  125 6     -2  0.4386 -0.1739   79843.1   28699.9    6592.6  0.4047 -0.1369  197212.3  184046.5 -212745.2
        nan       nan      -nan       nan       nan       nan       nan       nan       nan       nan
  126 6     -1  0.3707 -0.2050   80340.6   26290.9    3774.6  0.4047 -0.1369  196071.9  184432.3 -215563.3
        nan       nan      -nan       nan       nan       nan       nan       nan       nan       nan
  127 6      0  0.3393 -0.2027   79047.8   33756.1    2931.7  0.4047 -0.1369  195730.8  184547.8 -216406.1
        nan       nan      -nan       nan       nan       nan       nan       nan       nan       nan
vertex track :        286   3 128   12132704 -0.3222 -3.3111  198609.1  188454.3     376.3     0  4207.0
  125 6     -2 -0.2905 -3.3113   74001.3   10532.7    6582.4 -0.3043 -3.2817  193280.6  166702.5 -212768.9
      982.8      44.8   73960.0    9549.7   74070.8   10812.5   74252.3   11722.4   73870.8    9557.6
  126 6     -1 -0.2317 -3.3464   73702.9   16365.9    3722.1 -0.3043 -3.2817  194151.1  176089.2 -215629.2
      555.0      22.3   73686.9   15810.8   73714.9   16215.3   73928.7   17127.8   73642.3   15813.9
  127 6      0 -0.2302 -3.3991   72620.2   23955.6    2869.6 -0.3043 -3.2817  194410.6  178886.8 -216481.7
      432.9      12.8   72603.7   23522.9   72613.9   23672.9   72846.4   24595.0   72578.1   23524.6
vertex track :        295   3 128   12329714  0.7789  3.8404  196747.1  176025.0     359.3     0     nan
  125 6     -2  0.4236  5.0830   80853.5   44795.5    6769.6  0.7758  3.9364  198335.6  199786.4 -212508.9
        nan       nan      -nan       nan       nan       nan       nan       nan       nan       nan
  126 6     -1  1.2887  4.2340   80409.7   30970.8    3791.4  0.7758  3.9364  196025.0  188063.1 -215487.1
        nan       nan      -nan       nan       nan       nan       nan       nan       nan       nan
  127 6      0  1.1614  3.7272   79000.6   34978.8    2973.7  0.7758  3.9364  195390.7  184844.3 -216304.8
        nan       nan      -nan       nan       nan       nan       nan       nan       nan       nan
