groupid:   7267, ntrk:  5
vertex track :          0   3  87   11009242 -0.2107  0.1009   83000.4  183748.6     141.3    13  1925.3
   88 5      1 -0.2102  0.1023   86058.0   30050.5   -2867.1 -0.2114  0.0981   84529.5  182521.3 -144745.7
       24.5       3.1   86034.6   30058.4   86034.5   30058.4   86291.1   30252.7   86037.3   30064.0
   89 5      2 -0.2105  0.1014   83784.5   27511.4   -3720.2 -0.2114  0.0981   84709.9  182437.6 -145598.8
       29.9       6.8   83754.6   27518.2   83764.2   27513.6   84024.1   27714.6   83760.5   27530.5
   90 5      3 -0.2103  0.1035   86467.1   22658.8   -6586.8 -0.2114  0.0981   85315.9  182156.6 -148465.4
       48.5      13.4   86417.7   22668.2   86460.5   22647.1   86726.2   22859.5   86429.5   22692.2
vertex track :         21   3  87   11009478 -0.1624 -0.0330   83107.3  183420.4     141.2     0   148.4
   88 5      1 -0.1639 -0.0237   81275.9   25982.6   -2616.2 -0.1638 -0.0360   84451.1  182587.4 -144496.2
       44.6      40.6   81237.6   25936.1   81291.4   25943.9   81524.0   26239.1   81226.0   26016.4
   89 5      2 -0.1509 -0.0401   81970.0   29064.8   -3452.2 -0.1638 -0.0360   84588.1  182617.6 -145332.2
      109.0     105.5   81891.8   28934.8   82070.7   28982.4   82258.0   29404.8   81837.5   29138.8
   90 5      3 -0.1633 -0.0250   81166.8   24346.9   -6365.9 -0.1638 -0.0360   85065.3  182722.5 -148245.8
      224.9     219.3   80977.7   24096.1   81388.1   24159.0   81565.7   24807.7   80911.2   24529.5
vertex track :         66   3  87   11674261  0.9042 -0.0462   85874.7  183359.9     138.4     0   229.0
   88 5      1  0.9047 -0.0491   86008.1   30044.0   -2869.8  0.9082 -0.0607   84048.9  182580.5 -144746.2
      101.2      38.9   86111.3   30077.4   86099.2   30078.0   86115.8   30220.5   86107.0   29999.6
   89 5      2  0.9043 -0.0489   82813.4   27632.7   -3718.2  0.9082 -0.0607   83278.3  182631.9 -145594.7
      165.9      97.0   82984.3   27720.6   82842.8   27728.3   82853.4   27754.7   82973.8   27526.9
   90 5      3  0.9020 -0.0490   82246.5   23209.1   -6587.9  0.9082 -0.0607   80672.1  182806.1 -148464.3
      306.1     193.5   82562.6   23385.7   82140.7   23408.6   82141.2   23242.5   82541.6   22999.4
vertex track :         88   3  88   10532144 -0.2868  0.3921   86098.0  185551.8     303.4     0   812.0
   85 5     -2 -0.2924  0.3888   80915.3   24967.5    6568.1 -0.2883  0.3936   82648.4  185174.3 -138105.4
       90.7      32.8   80834.6   25020.3   80882.2   24956.9   81205.7   25125.1   80887.0   25059.7
   86 5     -1 -0.3000  0.3925   83806.5   25041.3    3718.4 -0.2883  0.3936   83469.8  184052.8 -140955.1
       54.3      15.7   83761.0   25074.9   83764.0   25071.0   84061.7   25218.1   83786.0   25094.0
   87 5      0 -0.2792  0.3928   82233.4   29248.6    2868.0 -0.2883  0.3936   83715.0  183718.1 -141805.5
       43.7       6.4   82202.8   29280.5   82194.9   29291.7   82473.7   29427.1   82213.3   29288.0
vertex track :         95   3  88   10533714  0.8592 -0.3064   83905.6  186278.8     307.5     0     nan
   85 5     -2  0.8245 -0.3036   92388.1   24180.6    6489.4  0.8578 -0.3123   87557.7  181522.3 -138193.1
        nan       nan      -nan       nan       nan       nan       nan       nan       nan       nan
   86 5     -1  0.8079 -0.3224   88505.8   27079.0    3437.4  0.8578 -0.3123   84939.8  182475.5 -141245.1
        nan       nan      -nan       nan       nan       nan       nan       nan       nan       nan
   87 5      0  0.8323 -0.2630   88142.0   31961.0    2622.7  0.8578 -0.3123   84241.0  182730.0 -142059.9
        nan       nan      -nan       nan       nan       nan       nan       nan       nan       nan
