groupid:   7255, ntrk: 16
vertex track :          0   3 125    4318919  0.0030 -0.0770  147422.2   60440.7     350.0    13 10000.6
  126 2      1  0.0032 -0.0768   25480.6   59744.8   -2869.3  0.0011 -0.0768  144772.2   57633.0 -215817.2
       13.0       0.8   25481.9   59731.9   25481.5   59741.7   25689.2   59967.7   25480.3   59731.8
  127 2      2  0.0039 -0.0769   25594.8   59594.1   -3718.5  0.0011 -0.0768  144771.3   57698.2 -216666.5
       16.1       1.5   25597.1   59578.2   25596.3   59594.1   25802.5   59820.0   25594.1   59578.0
  128 2      3  0.0023 -0.0771   27901.6   60210.9   -6585.8  0.0011 -0.0768  144768.3   57918.3 -219533.7
       26.6       2.8   27905.2   60184.3   27904.1   60221.4   28108.0   60447.4   27899.5   60184.2
vertex track :          5   3 125    3416863  2.0882 -2.1094  147574.4   60283.9     350.0     0     nan
  126 2      1  1.7986 -2.2752   22487.5   65765.5   -2759.7  2.0831 -2.1289  138449.8   63847.6 -215707.3
        nan       nan      -nan       nan       nan       nan       nan       nan       nan       nan
  127 2      2  1.9963 -2.0856   19704.9   70266.7   -3581.1  2.0831 -2.1289  136738.7   65596.4 -216528.8
        nan       nan      -nan       nan       nan       nan       nan       nan       nan       nan
  128 2      3  2.0912 -1.8765   13687.0   73291.6   -6076.2  2.0831 -2.1289  131541.0   70908.3 -219023.9
        nan       nan      -nan       nan       nan       nan       nan       nan       nan       nan
vertex track :         32   3 125    3461197  1.6098  1.3673  150751.6   63234.0     353.9     0   384.8
  126 2      1  1.6056  1.3683   24348.9   58526.2   -2867.5  1.6217  1.3689  142913.3   55774.8 -215816.3
      287.4      53.9   24532.7   58753.6   24432.4   58668.2   24376.8   58510.2   24602.6   58671.6
  127 2      2  1.5956  1.3851   23165.2   57138.6   -3716.7  1.6217  1.3689  141536.2   54612.3 -216665.5
      433.9     129.3   23408.1   57520.6   23087.9   57242.6   23133.9   56967.9   23577.6   57325.3
  128 2      3  1.6191  1.3533   21310.8   54196.0   -6581.6  1.6217  1.3689  136890.4   50690.4 -219530.4
      771.8     251.3   21741.9   54883.8   20897.5   54178.0   21091.4   53719.5   22064.2   54498.2
vertex track :         72   3 125    4359130 -2.0904  1.7851  143075.5   64562.1     360.9     0   156.9
  126 2      1 -2.2354  1.7389   29889.6   59025.0   -2777.9 -2.1054  1.8194  147031.9   55851.7 -215746.9
      766.4     227.5   29145.0   59316.0   29885.5   58740.0   30842.0   58945.7   29424.4   59675.1
  127 2      2 -2.3092  1.8222   30574.8   60210.7   -3604.6 -2.1054  1.8194  148772.4   54347.6 -216573.5
     1688.3     555.0   28905.7   60820.8   31071.4   59111.7   32451.7   59812.4   29593.3   61692.2
  128 2      3 -2.1713  1.6394   37012.8   51852.6   -6192.5 -2.1054  1.8194  154221.1   49639.1 -219161.5
     3132.2    1041.0   33885.8   52909.2   38429.3   49478.7   40347.6   51007.6   35140.4   54570.8
vertex track :        100   3 125    4897242 -3.0859 -3.7355  139688.8   50462.4     341.6     0     nan
  126 2      1 -3.0830 -3.7382   26318.0   59916.7   -2871.5 -3.1669 -3.7724  147101.4   59516.8 -215832.9
        nan       nan      -nan       nan       nan       nan       nan       nan       nan       nan
  127 2      2 -3.0312 -3.7722   28924.3   62745.7   -3717.7 -3.1669 -3.7724  149781.1   62708.8 -216679.1
        nan       nan      -nan       nan       nan       nan       nan       nan       nan       nan
  128 2      3 -3.1249 -3.7097   39211.5   72573.0   -6588.1 -3.1669 -3.7724  158871.3   73537.1 -219549.5
        nan       nan      -nan       nan       nan       nan       nan       nan       nan       nan
vertex track :        101   3 125    5089801  2.8814 -2.4823  152495.2   56131.7     339.4     0 10001.0
  126 2      1  2.9329 -2.4634   25221.5   62725.7   -2766.5  2.8755 -2.5052  140919.0   60811.9 -215700.5
      649.4      16.4   25729.3   62320.6   25350.7   62638.6   24926.6   63338.3   25708.2   62295.5
  127 2      2  2.7755 -2.4289   21660.2   67586.4   -3579.3  2.8755 -2.5052  138581.9   62848.0 -216513.3
      801.0      22.3   22277.7   67075.7   21655.0   67620.7   21255.5   68304.7   22248.3   67042.1
  128 2      3  3.2748 -2.4605   13534.4   71535.9   -6091.0  2.8755 -2.5052  131359.6   69140.3 -219024.9
     1280.9      37.7   14581.0   70796.6   13220.7   71818.7   12701.0   72482.7   14535.8   70736.3
vertex track :        105   3 125    5091441  0.1819 -3.2819  148060.5   54593.3     338.6     0 10001.0
  126 2      1  0.1989 -3.2840   25613.2   62756.4   -2866.4  0.1609 -3.3104  144864.5   62117.3 -215808.1
      521.5      14.9   25659.5   62236.8   25638.3   62588.3   25777.0   63482.8   25629.9   62235.0
  127 2      2  0.2244 -3.2803   25546.2   65167.5   -3718.6  0.1609 -3.3104  144727.4   64938.4 -216660.3
      642.7      20.1   25610.2   64527.7   25569.6   65121.2   25692.5   66014.0   25570.0   64525.0
  128 2      3  0.1515 -3.2823   27536.3   73922.1   -6586.3  0.1609 -3.3104  144266.0   74431.7 -219528.1
     1062.8      35.3   27620.5   72862.0   27554.3   74296.1   27662.2   75188.9   27550.1   72858.7
vertex track :        123   3 125    5117984  1.1845  2.3522  147697.9   61000.4     349.4     0 10001.0
  126 2      1  1.1149  2.2447   25328.7   53831.6   -2791.4  1.2010  2.3660  141283.5   50517.7 -215738.8
      356.6      12.2   25476.4   54156.5   25393.2   53989.1   25392.1   53719.1   25498.3   54145.6
  127 2      2  1.2853  2.1696   23076.0   54565.5   -3606.3  1.2010  2.3660  140304.8   48589.7 -216553.6
      432.8      16.2   23282.6   54946.1   23111.4   54657.1   23080.7   54397.1   23310.6   54929.6
  128 2      3  1.1338  2.0742   19996.8   44752.4   -6167.4  1.2010  2.3660  137229.1   42530.3 -219114.7
      682.4      27.3   20300.2   45364.3   19883.6   44602.3   19904.5   44352.6   20348.0   45338.2
vertex track :        159   3 126    2689307 -1.6968  2.0684  146825.5   59444.9     296.7     0     nan
  123 2     -2 -1.6978  2.0640   12971.6   73166.9    6592.1 -1.6860  2.0732  134960.0   69639.2 -209085.8
        nan       nan      -nan       nan       nan       nan       nan       nan       nan       nan
  124 2     -1 -1.8093  1.9880   18750.1   66013.5    3725.6 -1.6860  2.0732  139793.0   63696.3 -211952.3
        nan       nan      -nan       nan       nan       nan       nan       nan       nan       nan
  125 2      0 -1.7193  2.0489   22366.7   65055.3    2870.9 -1.6860  2.0732  141234.0   61924.4 -212807.0
        nan       nan      -nan       nan       nan       nan       nan       nan       nan       nan
vertex track :        161   3 126    2689528 -1.4749  0.5215  148059.6   59600.2     293.6     0     nan
  123 2     -2 -1.4369  0.4895   17980.8   63400.1    6570.7 -1.4805  0.5280  137523.1   60052.0 -209102.4
        nan       nan      -nan       nan       nan       nan       nan       nan       nan       nan
  124 2     -1 -1.4883  0.5526   24390.5   63919.6    3596.7 -1.4805  0.5280  141926.0   58481.6 -212076.4
        nan       nan      -nan       nan       nan       nan       nan       nan       nan       nan
  125 2      0 -1.4761  0.5202   21253.1   60601.4    2760.7 -1.4805  0.5280  143163.7   58040.1 -212912.4
        nan       nan      -nan       nan       nan       nan       nan       nan       nan       nan
vertex track :        163   3 126    2689655 -0.7046  0.7280  147929.8   58328.7     291.7     0     nan
  123 2     -2 -0.7039  0.7293   20574.6   63266.4    6584.8 -0.7040  0.7306  142247.9   60057.9 -209090.7
        nan       nan      -nan       nan       nan       nan       nan       nan       nan       nan
  124 2     -1 -0.7082  0.7233   23356.5   60184.9    3716.6 -0.7040  0.7306  144267.0   57962.4 -211958.9
        nan       nan      -nan       nan       nan       nan       nan       nan       nan       nan
  125 2      0 -0.7131  0.7231   26237.4   60310.1    2867.5 -0.7040  0.7306  144864.8   57342.1 -212808.0
        nan       nan      -nan       nan       nan       nan       nan       nan       nan       nan
vertex track :        175   3 126    2734419 -2.0036 -2.0495  149713.7   64050.4     294.5     0     nan
  123 2     -2 -2.1554 -1.7053   16148.4   50935.0    6661.5 -2.0384 -2.0690  135524.5   48037.8 -209001.5
        nan       nan      -nan       nan       nan       nan       nan       nan       nan       nan
  124 2     -1 -1.8939 -1.7146   24179.9   58771.6    3575.5 -2.0384 -2.0690  141815.1   54422.9 -212087.5
        nan       nan      -nan       nan       nan       nan       nan       nan       nan       nan
  125 2      0 -1.8596 -2.0798   21377.4   57727.1    2764.8 -2.0384 -2.0690  143467.6   56100.2 -212898.1
        nan       nan      -nan       nan       nan       nan       nan       nan       nan       nan
vertex track :        193   3 126    3366341 -0.9995  0.6202  147836.9   59214.9     292.9     0     nan
  123 2     -2 -0.9984  0.6194   18520.6   63467.5    6599.2 -1.0012  0.6243  140275.8   60288.5 -209074.7
        nan       nan      -nan       nan       nan       nan       nan       nan       nan       nan
  124 2     -1 -1.0017  0.6125   22197.6   60682.6    3708.8 -1.0012  0.6243  143169.8   58483.9 -211965.1
        nan       nan      -nan       nan       nan       nan       nan       nan       nan       nan
  125 2      0 -1.0083  0.6096   25322.7   60884.5    2867.3 -1.0012  0.6243  144012.4   57958.5 -212806.6
        nan       nan      -nan       nan       nan       nan       nan       nan       nan       nan
vertex track :        231   3 126    3817711  1.4211  0.7336  145068.0   59887.1     298.9     0     nan
  123 2     -2  1.4621  0.9248   33893.6   65029.3    6547.5  1.4269  0.7241  152725.8   61565.3 -209132.9
        nan       nan      -nan       nan       nan       nan       nan       nan       nan       nan
  124 2     -1  1.3211  0.6409   32221.4   65098.2    3581.2  1.4269  0.7241  148493.2   59417.4 -212099.2
        nan       nan      -nan       nan       nan       nan       nan       nan       nan       nan
  125 2      0  1.5462  0.8231   26554.6   61603.9    2769.0  1.4269  0.7241  147334.2   58829.3 -212911.4
        nan       nan      -nan       nan       nan       nan       nan       nan       nan       nan
vertex track :        259   3 126    4426588  1.1854  2.3504  143155.5   54565.0     298.9     0 10001.0
  123 2     -2  1.1573  2.3811   28113.3   70002.1    6575.2  1.1941  2.3321  149350.1   66338.5 -209124.6
      658.1      26.2   28377.4   70605.4   28045.1   69921.7   28060.4   69611.1   28424.6   70582.5
  124 2     -1  1.1163  2.3161   25305.0   62270.1    3722.3  1.1941  2.3321  145943.3   59685.2 -211977.6
      382.5      14.0   25458.4   62620.7   25360.7   62418.0   25362.7   62131.7   25483.7   62608.6
  125 2      0  1.1547  2.3616   26696.7   61050.8    2871.8  1.1941  2.3321  144927.7   57701.6 -212828.1
      305.6      10.0   26822.0   61329.7   26796.0   61276.5   26782.6   60984.2   26839.9   61320.9
vertex track :        288   3 126    4490767 -0.7084 -2.2976  147318.7   64559.7     300.5     0   215.3
  123 2     -2 -0.7460 -2.0621   22206.6   49698.4    6584.1 -0.7291 -2.3252  141516.5   47125.6 -209086.2
     1497.9     533.2   22198.4   48108.4   23060.9   50492.5   22423.9   51496.3   21195.6   48471.2
  124 2     -1 -0.7722 -2.0051   26618.2   58395.6    3612.1 -0.7291 -2.3252  143683.3   54036.3 -212058.3
      712.1     244.2   26590.2   57643.3   26939.9   58551.3   26855.5   59355.9   26134.4   57818.8
  125 2      0 -0.6247 -2.3906   22678.1   57505.2    2765.4 -0.7291 -2.3252  144300.6   56005.1 -212905.0
      346.7      89.3   22676.8   57147.2   22720.9   57316.1   22888.7   58070.9   22504.1   57192.4
