groupid:   7342, ntrk: 35
vertex track :          0   3 125     450682  0.0203 -0.1984   68196.0   44457.0     211.6    13  4591.4
  126 1      1  0.0202 -0.1985   66720.6   44864.9   -2869.4  0.0200 -0.2008   64882.2   42404.6 -215742.8
       21.6       1.9   66724.7   44843.6   66724.6   44844.9   66926.5   45096.0   66720.9   44843.2
  127 1      2  0.0226 -0.1983   67156.4   43393.3   -3720.6  0.0200 -0.2008   64865.1   42575.5 -216594.1
       26.0       3.4   67162.8   43367.9   67161.6   43377.9   67360.2   43628.6   67156.0   43367.1
  128 1      3  0.0185 -0.1982   68462.7   45905.6   -6582.5  0.0200 -0.2008   64807.7   43150.2 -219456.0
       41.8       6.4   68472.9   45864.6   68469.1   45906.2   68662.5   46156.4   68460.2   45863.4
vertex track :          9   3 125     449327  0.6385  0.9417   69084.8   46044.5     214.4     0  3232.3
  126 1      1  0.6620  0.9264   68676.9   43481.9   -2863.8  0.6470  0.9410   63854.3   40479.9 -215738.6
      112.0       7.2   68736.1   43577.2   68744.9   43589.6   68828.3   43597.6   68747.9   43568.9
  127 1      2  0.6204  0.9210   67198.1   45155.3   -3694.7  0.6470  0.9410   63316.7   39698.0 -216569.4
      132.1      11.0   67262.8   45271.0   67245.5   45245.3   67344.0   45250.5   67281.0   45258.7
  128 1      3  0.6225  0.9662   64862.8   38891.2   -6334.7  0.6470  0.9410   61608.7   37213.7 -219209.5
      201.6      19.4   64955.7   39071.2   64868.0   38935.1   64980.5   38922.1   64988.3   39050.1
vertex track :         19   3 125     450543 -1.4360 -1.3339   66697.3   43151.7     211.6     0     nan
  126 1      1 -1.4365 -1.3342   69385.8   46800.7   -2869.6 -1.4523 -1.3355   67904.4   44596.7 -215743.7
        nan       nan      -nan       nan       nan       nan       nan       nan       nan       nan
  127 1      2 -1.4184 -1.3485   71016.4   46319.7   -3718.0 -1.4523 -1.3355   69136.5   45729.7 -216592.1
        nan       nan      -nan       nan       nan       nan       nan       nan       nan       nan
  128 1      3 -1.4444 -1.3276   76150.0   51615.0   -6588.3 -1.4523 -1.3355   73305.2   49562.9 -219462.4
        nan       nan      -nan       nan       nan       nan       nan       nan       nan       nan
vertex track :         22   3 125     450676 -1.8223 -0.2210   67174.5   44446.6     211.7     0     nan
  126 1      1 -1.9276 -0.2067   73799.1   45182.7   -2862.4 -1.8337 -0.2135   69552.7   42437.4 -215735.4
        nan       nan      -nan       nan       nan       nan       nan       nan       nan       nan
  127 1      2 -1.9420 -0.1934   74365.2   47907.6   -3689.7 -1.8337 -0.2135   71069.8   42614.0 -216562.7
        nan       nan      -nan       nan       nan       nan       nan       nan       nan       nan
  128 1      3 -1.7772 -0.2113   79144.2   44922.2   -6260.7 -1.8337 -0.2135   75784.2   43163.1 -219133.6
        nan       nan      -nan       nan       nan       nan       nan       nan       nan       nan
vertex track :         27   3 125     451080  1.4244 -0.7358   70344.2   43433.4     209.7     0   448.9
  126 1      1  1.4253 -0.7412   64850.5   45386.2   -2867.1  1.4334 -0.7495   62691.5   43051.8 -215740.9
      181.3      31.3   65025.8   45330.3   65003.3   45342.0   64886.6   45651.3   64996.9   45274.8
  127 1      2  1.4347 -0.7197   64149.8   44300.8   -3718.0  1.4334 -0.7495   61471.9   43689.5 -216591.8
      250.1      75.8   64407.3   44256.4   64261.5   44329.5   64103.7   44554.5   64339.4   44120.9
  128 1      3  1.4210 -0.7580   61735.6   48342.3   -6583.0  1.4334 -0.7495   57365.1   45836.8 -219456.8
      432.6     149.5   62187.7   48270.7   61722.7   48518.7   61495.0   48623.3   62047.0   48006.8
vertex track :         69   3 125     658910  2.3694 -2.3489   75010.4   38591.6     197.0     0     nan
  126 1      1  2.2115 -2.2993   69620.6   45441.4   -2861.4  2.3872 -2.3874   64478.6   43152.5 -215731.4
        nan       nan      -nan       nan       nan       nan       nan       nan       nan       nan
  127 1      2  2.3141 -2.3120   66636.1   49981.3   -3684.9  2.3872 -2.3874   62512.7   45118.5 -216554.9
        nan       nan      -nan       nan       nan       nan       nan       nan       nan       nan
  128 1      3  2.3202 -2.1668   59564.0   53018.2   -6337.8  2.3872 -2.3874   56179.7   51452.1 -219207.8
        nan       nan      -nan       nan       nan       nan       nan       nan       nan       nan
vertex track :         74   3 125    1104929 -2.3677 -2.1673   63656.4   40724.2     208.0     0   166.0
  126 1      1 -2.3707 -2.1688   69011.2   46758.5   -2870.1 -2.3961 -2.1700   67732.8   44737.8 -215742.1
      977.6     252.9   68460.7   45912.0   69405.4   46776.3   69769.4   47812.8   68119.2   46285.2
  127 1      2 -2.3379 -2.1815   71431.4   46936.0   -3719.1 -2.3961 -2.1700   69767.1   46580.1 -216591.1
     2188.4     626.3   70258.7   44985.2   72967.7   47513.0   72811.8   49094.7   69404.1   45901.0
  128 1      3 -2.3761 -2.1589   78908.9   54322.7   -6585.8 -2.3961 -2.1700   76636.1   52800.9 -219457.8
     4280.2    1238.2   76573.7   50528.0   82410.5   55831.2   81451.7   58325.3   74908.3   52360.9
vertex track :         76   3 125    1105443 -1.7045 -2.1730   63173.0   38977.9     207.8     0   378.1
  126 1      1 -1.6797 -2.1336   69470.4   45326.2   -2861.7 -1.7281 -2.1800   65167.5   42997.4 -215735.4
      433.0      73.0   69259.9   44940.9   69442.8   45173.2   69889.2   45919.4   69145.2   45031.2
  127 1      2 -1.6860 -2.2065   69837.1   49744.7   -3682.2 -1.7281 -2.1800   66585.4   44786.0 -216555.9
      695.7     178.0   69556.1   49083.8   70046.8   49726.0   70326.3   50613.3   69273.3   49300.0
  128 1      3 -1.7773 -2.1635   74489.0   52428.9   -6268.5 -1.7281 -2.1800   71054.9   50424.2 -219142.2
     1229.1     336.3   73968.7   51265.7   75155.8   52710.8   75217.6   53799.9   73449.0   51692.6
vertex track :         98   3 125    1352524 -1.8286 -2.2249   66623.3   42669.9     211.1     0   274.5
  126 1      1 -1.8263 -2.2302   70433.9   48863.9   -2868.1 -1.8535 -2.2316   69060.2   46869.6 -215742.3
      529.1     112.1   70185.4   48383.5   70472.4   48733.9   70890.6   49552.2   70011.9   48525.6
  127 1      2 -1.7816 -2.2396   72393.6   49075.3   -3716.7 -1.8535 -2.2316   70633.1   48763.3 -216590.9
      979.3     276.8   72000.6   48136.6   72845.7   49199.0   72994.8   50221.7   71567.3   48481.3
  128 1      3 -1.8459 -2.1962   78526.3   56617.8   -6585.1 -1.8535 -2.2316   75949.8   55164.3 -219459.3
     1861.1     547.4   77747.9   54841.0   79755.1   57229.1   79512.9   58602.5   76909.9   55545.3
vertex track :        100   3 125    1353838 -1.7644 -1.7508   65214.2   42002.0     210.9     0   150.7
  126 1      1 -1.7405 -1.7059   71636.3   47106.0   -2858.7 -1.7857 -1.7537   67412.6   44717.4 -215732.8
      634.4     204.9   71326.7   46515.6   71867.3   47045.5   72154.2   47904.6   71039.9   46808.2
  127 1      2 -1.5490 -2.0356   72107.6   51235.3   -3678.5 -1.7857 -1.7537   68876.5   46155.0 -216552.6
     1403.9     503.8   71658.4   49813.0   73033.4   51620.0   72765.3   52865.6   70856.6   50423.1
  128 1      3 -1.7509 -1.6705   76906.2   52520.9   -6256.3 -1.7857 -1.7537   73479.5   50675.6 -219130.4
     2620.0     951.0   75667.0   50024.2   79090.6   53290.6   78353.6   55225.8   74354.1   51400.4
vertex track :        113   3 125    1391778  1.7041  1.5494   71334.3   47678.8     216.2     0 10001.0
  126 1      1  1.7018  1.5544   65038.3   43081.6   -2868.2  1.7253  1.5407   62799.3   40248.6 -215744.6
      285.0      10.9   65241.4   43281.9   65177.9   43223.9   65046.9   43092.9   65256.1   43265.8
  127 1      2  1.6814  1.5541   64223.6   40084.1   -3718.9  1.7253  1.5407   61331.7   38937.9 -216595.3
      346.9      14.6   64468.5   40330.3   64312.1   40185.7   64190.4   40049.5   64488.3   40308.9
  128 1      3  1.7190  1.5246   60857.8   38114.8   -6584.8  1.7253  1.5407   56387.0   34522.4 -219461.2
      567.2      25.6   61265.1   38510.3   60777.5   38077.8   60662.2   37930.8   61299.1   38472.0
vertex track :        124   3 125    1395982 -2.0453  1.8560   62579.8   50051.5     226.2     0     nan
  126 1      1 -1.9125  1.7975   69826.4   44858.4   -2862.7 -2.0434  1.8688   65627.1   41666.1 -215740.9
        nan       nan      -nan       nan       nan       nan       nan       nan       nan       nan
  127 1      2 -2.0916  1.9638   70509.1   45832.2   -3686.3 -2.0434  1.8688   67310.0   40127.0 -216564.5
        nan       nan      -nan       nan       nan       nan       nan       nan       nan       nan
  128 1      3 -2.0758  1.9159   76101.2   36969.4   -6290.9 -2.0434  1.8688   72632.3   35259.6 -219169.1
        nan       nan      -nan       nan       nan       nan       nan       nan       nan       nan
vertex track :        129   3 125    1396979 -2.1545  2.2328   62026.7   50748.2     227.5     0 10001.0
  126 1      1 -2.1627  2.2386   66777.2   44197.3   -2867.3 -2.1502  2.2457   65416.0   41191.7 -215745.7
      460.5      13.7   66447.4   44519.1   66633.2   44326.7   67314.8   44087.9   66467.0   44538.0
  127 1      2 -2.1746  2.2250   69168.4   40677.8   -3717.7 -2.1502  2.2457   67244.4   39282.1 -216596.0
      568.7      18.5   68757.6   41071.6   69095.9   40725.4   69787.0   40496.3   68784.2   41097.5
  128 1      3 -2.1303  2.2604   75898.5   36801.8   -6585.0 -2.1502  2.2457   73409.7   32842.9 -219463.3
      946.7      32.8   75225.3   37468.2   76076.5   36565.0   76779.5   36347.6   75273.1   37513.2
vertex track :        144   3 125    1546262 -3.5524 -2.6830   58563.2   37623.5     209.1     0     nan
  126 1      1 -3.4640 -2.6412   70130.1   45435.2   -2861.9 -3.5928 -2.6827   66249.6   43207.6 -215736.1
        nan       nan      -nan       nan       nan       nan       nan       nan       nan       nan
  127 1      2 -3.0096 -3.3334   71975.9   50373.6   -3680.9 -3.5928 -2.6827   69192.1   45404.7 -216555.1
        nan       nan      -nan       nan       nan       nan       nan       nan       nan       nan
  128 1      3 -3.6446 -2.8631   81995.0   54383.2   -6225.8 -3.5928 -2.6827   78335.7   52232.2 -219100.1
        nan       nan      -nan       nan       nan       nan       nan       nan       nan       nan
vertex track :        154   3 125    1780669 -3.9276  0.1947   56388.1   45996.4     224.6     0 10000.1
  126 1      1 -3.9390  0.2094   66208.1   45287.2   -2869.2 -3.9436  0.2149   65264.6   42731.1 -215747.6
      685.5      16.8   65522.7   45306.8   66064.6   45278.0   67099.6   45477.8   65524.5   45340.4
  127 1      2 -3.9591  0.1367   70058.1   43445.6   -3719.6 -3.9436  0.2149   68618.1   42548.4 -216597.9
      854.5      23.2   69203.3   43451.9   70079.9   43421.6   71119.0   43649.5   69204.9   43498.3
  128 1      3 -3.9310  0.2480   81327.2   44819.3   -6583.6 -3.9436  0.2149   79912.5   41933.1 -219461.9
     1437.8      41.3   79889.6   44868.6   81934.0   44739.6   82970.8   44980.3   79894.8   44951.1
vertex track :        168   3 125    1971874 -4.3582 -3.8072   55372.7   33854.2     206.1     0     nan
  126 1      1 -4.2668 -3.7523   69277.5   44901.0   -2862.6 -4.4017 -3.8029   65495.0   42867.4 -215736.3
        nan       nan      -nan       nan       nan       nan       nan       nan       nan       nan
  127 1      2 -4.3712 -3.9621   71758.1   50701.2   -3682.0 -4.4017 -3.8029   69101.5   45983.3 -216555.7
        nan       nan      -nan       nan       nan       nan       nan       nan       nan       nan
  128 1      3 -4.8391 -3.3976   84167.2   58000.7   -6203.0 -4.4017 -3.8029   80197.9   55570.3 -219076.6
        nan       nan      -nan       nan       nan       nan       nan       nan       nan       nan
vertex track :        176   3 125    2230973  1.9125 -1.7333   71727.2   41723.9     203.7     0  1461.7
  126 1      1  1.9146 -1.7458   64838.2   46537.6   -2867.1  1.9258 -1.7615   62572.7   44429.1 -215737.8
      342.0      19.7   65104.2   46321.7   65000.9   46415.9   64784.2   46961.7   65077.6   46292.6
  127 1      2  1.9211 -1.7375   63823.0   46216.2   -3718.3  1.9258 -1.7615   60933.5   45928.4 -216589.0
      429.5      42.3   64169.9   45959.5   63936.3   46170.8   63688.1   46681.2   64113.2   45896.8
  128 1      3  1.8970 -1.7563   60104.0   52922.7   -6586.6  1.9258 -1.7615   55409.5   50980.8 -219457.3
      718.4      82.5   60687.2   52495.1   60031.2   53102.4   59732.7   53558.4   60575.1   52374.1
vertex track :        188   3 125    2233034 -4.4291 -2.4300   63173.6   41783.4     211.0     0  1439.9
  126 1      1 -4.5141 -1.7135   77351.8   48904.7   -2850.3 -4.4721 -2.4216   73566.6   46538.7 -215723.8
     1080.6      46.5   76358.1   48477.7   77430.6   48884.8   78551.1   49539.9   76325.1   48564.7
  127 1      2 -4.5512 -2.6399   79909.8   53540.1   -3666.8 -4.4721 -2.4216   77218.2   48516.0 -216540.3
     1423.5     106.4   78731.9   52733.8   80238.8   53607.9   81293.2   54553.8   78625.0   52918.0
  128 1      3 -4.5877 -2.2947   92483.9   56919.3   -6184.9 -4.4721 -2.4216   88479.5   54613.9 -219058.4
     2361.0     197.8   90460.8   55686.3   93720.6   57316.8   94712.5   58360.1   90283.8   56040.0
vertex track :        210   3 125    2477690 -2.1983  2.3860   62236.4   52131.8     230.0     0     nan
  126 1      1 -2.1961  2.4044   67110.8   45148.4   -2869.6 -2.1929  2.3989   65775.9   42095.9 -215748.9
        nan       nan      -nan       nan       nan       nan       nan       nan       nan       nan
  127 1      2 -2.2444  2.3444   69594.2   41467.8   -3718.6 -2.1929  2.3989   67637.9   40059.1 -216597.9
        nan       nan      -nan       nan       nan       nan       nan       nan       nan       nan
  128 1      3 -2.2320  2.4309   76412.0   37200.0   -6588.0 -2.1929  2.3989   73930.1   33176.0 -219467.2
        nan       nan      -nan       nan       nan       nan       nan       nan       nan       nan
vertex track :        223   3 126      29549 -1.4988 -0.6663   69288.8   45623.3     208.2     0     nan
  123 1     -2 -1.5109 -0.6822   57843.4   40944.7    6587.8 -1.5180 -0.6630   57795.2   38884.7 -209139.9
        nan       nan      -nan       nan       nan       nan       nan       nan       nan       nan
  124 1     -1 -1.4896 -0.6221   61877.5   41647.6    3717.5 -1.5180 -0.6630   62152.5   40787.7 -212010.2
        nan       nan      -nan       nan       nan       nan       nan       nan       nan       nan
  125 1      0 -1.4997 -0.6685   66405.6   43876.5    2868.8 -1.5180 -0.6630   63440.9   41350.5 -212858.9
        nan       nan      -nan       nan       nan       nan       nan       nan       nan       nan
vertex track :        234   3 126     220618  2.2667  2.2647   61114.9   38536.0     209.3     0     nan
  123 1     -2  2.6006  2.7035   77222.5   53825.7    6754.1  2.2864  2.2582   74183.3   50811.4 -208983.8
        nan       nan      -nan       nan       nan       nan       nan       nan       nan       nan
  124 1     -1  2.3184  2.2129   71810.4   47902.5    3680.9  2.2864  2.2582   67157.0   43871.6 -212057.0
        nan       nan      -nan       nan       nan       nan       nan       nan       nan       nan
  125 1      0  2.1759  2.4013   66180.4   44877.1    2867.5  2.2864  2.2582   65297.2   42034.6 -212870.5
        nan       nan      -nan       nan       nan       nan       nan       nan       nan       nan
vertex track :        239   3 126     250962 -1.7607 -1.4809   69437.1   46874.1     207.9     0     nan
  123 1     -2 -1.7738 -1.4622   56227.4   36618.6    6585.4 -1.7904 -1.4846   56217.1   34901.4 -209139.0
        nan       nan      -nan       nan       nan       nan       nan       nan       nan       nan
  124 1     -1 -1.7865 -1.4975   61048.2   39918.2    3716.9 -1.7904 -1.4846   61352.9   39160.1 -212007.5
        nan       nan      -nan       nan       nan       nan       nan       nan       nan       nan
  125 1      0 -1.7633 -1.4805   65809.9   42797.1    2866.7 -1.7904 -1.4846   62875.0   40422.4 -212857.7
        nan       nan      -nan       nan       nan       nan       nan       nan       nan       nan
vertex track :        242   3 126     251741  1.8742 -2.1382   62802.4   48961.7     217.7     0     nan
  123 1     -2  2.0195 -2.0132   76212.6   35241.1    6747.0  1.8866 -2.1705   73282.2   32332.8 -208982.6
        nan       nan      -nan       nan       nan       nan       nan       nan       nan       nan
  124 1     -1  2.0069 -2.0946   72069.9   41973.8    3702.9  1.8866 -2.1705   67539.3   38939.9 -212026.6
        nan       nan      -nan       nan       nan       nan       nan       nan       nan       nan
  125 1      0  1.8534 -2.2567   66768.2   42684.3    2862.5  1.8866 -2.1705   65953.9   40764.0 -212867.0
        nan       nan      -nan       nan       nan       nan       nan       nan       nan       nan
vertex track :        244   3 126     252005  1.8801 -1.9152   64455.4   46947.5     212.8     0     nan
  123 1     -2  1.8788 -1.9172   75886.5   33970.0    6579.8  1.8929 -1.9446   74671.1   32090.7 -209149.2
        nan       nan      -nan       nan       nan       nan       nan       nan       nan       nan
  124 1     -1  1.9192 -1.9064   69404.0   38416.2    3708.2  1.8929 -1.9446   69235.4   37674.8 -212020.8
        nan       nan      -nan       nan       nan       nan       nan       nan       nan       nan
  125 1      0  1.8767 -1.9091   71268.1   41618.1    2868.5  1.8929 -1.9446   67646.0   39307.7 -212860.5
        nan       nan      -nan       nan       nan       nan       nan       nan       nan       nan
vertex track :        258   3 126     468000 -1.8903  1.7763   69810.1   41692.5     199.3     0     nan
  123 1     -2 -1.7361  1.7811   58503.7   53793.7    6726.7 -1.8867  1.7859   55670.9   50820.1 -209000.7
        nan       nan      -nan       nan       nan       nan       nan       nan       nan       nan
  124 1     -1 -1.9723  1.9414   65097.4   49244.4    3686.5 -1.8867  1.7859   61406.9   45390.6 -212040.9
        nan       nan      -nan       nan       nan       nan       nan       nan       nan       nan
  125 1      0 -1.9194  1.8230   62918.1   46659.4    2856.6 -1.8867  1.7859   62972.7   43908.5 -212870.9
        nan       nan      -nan       nan       nan       nan       nan       nan       nan       nan
vertex track :        260   3 126     468739  2.1822  1.5675   64694.2   43164.5     209.0     0     nan
  123 1     -2  2.1783  1.5730   78070.2   53622.8    6582.7  2.2010  1.5613   76871.3   50618.8 -209149.1
        nan       nan      -nan       nan       nan       nan       nan       nan       nan       nan
  124 1     -1  2.2173  1.5792   70849.3   47383.5    3723.7  2.2010  1.5613   70578.8   46155.1 -212008.1
        nan       nan      -nan       nan       nan       nan       nan       nan       nan       nan
  125 1      0  2.1771  1.5495   72338.7   47808.1    2865.7  2.2010  1.5613   68690.3   44815.5 -212866.1
        nan       nan      -nan       nan       nan       nan       nan       nan       nan       nan
vertex track :        270   3 126     496962  1.9042 -2.1507   63123.0   48568.9     216.9     0     nan
  123 1     -2  2.0609 -2.0234   76743.3   34776.3    6748.7  1.9169 -2.1834   73806.0   31846.9 -208981.0
        nan       nan      -nan       nan       nan       nan       nan       nan       nan       nan
  124 1     -1  1.8122 -2.1559   72470.6   41473.2    3678.4  1.9169 -2.1834   67920.5   38550.6 -212051.3
        nan       nan      -nan       nan       nan       nan       nan       nan       nan       nan
  125 1      0  1.9447 -2.1025   67177.9   42252.5    2862.4  1.9169 -2.1834   66356.2   40332.3 -212867.3
        nan       nan      -nan       nan       nan       nan       nan       nan       nan       nan
vertex track :        281   3 126    1114912 -3.0632  0.2851   71084.8   44148.2     202.2     0   899.8
  123 1     -2 -3.0662  0.2702   49044.5   45866.5    6584.2 -3.0903  0.3054   49559.3   43570.2 -209139.7
     1003.8     154.4   48031.0   45800.9   49386.9   45681.4   50264.9   46142.4   48058.1   46108.4
  124 1     -1 -3.1242  0.1731   57861.8   43797.6    3715.4 -3.0903  0.3054   58425.1   42693.9 -212008.6
      558.2      74.5   57300.3   43754.1   57758.9   43728.7   58630.1   44051.3   57308.6   43902.8
  125 1      0 -3.0596  0.2882   63738.8   45124.1    2867.3 -3.0903  0.3054   61046.1   42434.9 -212856.7
      411.9      29.8   63326.0   45133.1   63503.6   45116.4   64358.6   45325.5   63331.6   45192.4
vertex track :        309   3 126    1302133  0.3294  3.9463   65608.9   33840.0     199.8     0   488.1
  123 1     -2  0.2539  4.0390   69002.9   60282.5    6735.5  0.3497  3.9510   66008.2   57111.6 -209003.1
     2227.5     426.2   68717.3   62532.4   68491.1   58934.4   69498.7   58246.8   69568.0   62478.9
  124 1     -1  0.4379  3.5140   69137.3   49393.3    3677.8  0.3497  3.9510   64938.9   45030.6 -212060.8
     1111.5     197.1   69079.2   50520.6   68896.3   49052.7   69405.9   48479.5   69470.4   50471.9
  125 1      0  0.3785  3.9472   65094.5   45010.5    2864.4  0.3497  3.9510   64654.5   41816.8 -212874.3
      682.0      76.2   65083.7   45696.6   65033.0   45167.8   65315.6   44538.3   65235.4   45682.1
vertex track :        314   3 126    1303697  3.5948  3.2452   55855.9   34858.9     212.8     0     nan
  123 1     -2  3.7705  3.1702   78810.7   56639.4    6580.0  3.6209  3.2320   76965.2   52940.2 -209164.5
        nan       nan      -nan       nan       nan       nan       nan       nan       nan       nan
  124 1     -1  3.6262  3.1647   67258.2   45384.8    3716.6  3.6209  3.2320   66596.8   43685.4 -212028.0
        nan       nan      -nan       nan       nan       nan       nan       nan       nan       nan
  125 1      0  3.6178  3.2702   67569.5   44322.8    2866.9  3.6209  3.2320   63520.4   40939.4 -212877.6
        nan       nan      -nan       nan       nan       nan       nan       nan       nan       nan
vertex track :        337   3 126    1570804 -1.1896  1.1960   68268.2   43053.6     204.1     0     nan
  123 1     -2 -1.1276  1.2044   61386.3   51380.8    6746.0 -1.1885  1.2031   58665.1   48409.6 -208983.0
        nan       nan      -nan       nan       nan       nan       nan       nan       nan       nan
  124 1     -1 -1.1222  1.1248   66181.3   48396.0    3711.7 -1.1885  1.2031   62271.3   44758.9 -212017.3
        nan       nan      -nan       nan       nan       nan       nan       nan       nan       nan
  125 1      0 -1.2049  1.2241   63385.6   46352.1    2858.4 -1.1885  1.2031   63285.5   43732.3 -212870.6
        nan       nan      -nan       nan       nan       nan       nan       nan       nan       nan
vertex track :        356   3 126    1731197  4.1831  4.3296   57959.5   34661.0     211.7     0  8355.9
  123 1     -2  4.1777  4.3411   84807.7   63758.1    6596.5  4.2095  4.3092   82903.6   59665.4 -209148.4
     2987.4      65.1   86832.3   65955.7   83566.6   62562.3   82997.2   61774.8   86926.1   65865.5
  124 1     -1  4.2945  4.3656   71553.5   49216.2    3726.9  4.2095  4.3092   70823.8   47299.6 -212018.1
     1670.6      33.9   72701.0   50431.0   71259.6   48965.8   70620.4   48215.8   72749.3   50383.4
  125 1      0  4.1604  4.2953   71338.0   47214.6    2869.2  4.2095  4.3092   67213.3   43603.5 -212875.8
     1282.3      21.8   72214.5   48150.8   71303.9   47210.7   70675.7   46492.7   72245.8   48120.5
vertex track :        358   3 126    1732235  4.2013  3.0661   54549.2   36197.7     218.4     0   182.0
  123 1     -2  5.0529  4.0108   83440.9   56814.6    6717.1  4.2312  3.0517   80097.9   53545.4 -209030.1
    11239.0    2077.7   90952.1   65429.3   74407.3   52296.8   76144.7   48413.8   93535.6   62174.6
  124 1     -1  4.5480  3.5134   72462.9   48469.4    3702.5  4.2312  3.0517   67342.6   44345.9 -212044.6
     5279.4     968.3   76048.9   52463.2   68648.1   46745.9   69091.5   44689.1   77232.8   50930.6
  125 1      0  4.3615  2.9285   65136.5   44842.9    2864.0  4.2312  3.0517   63794.7   41787.1 -212883.1
     2170.9     366.4   66734.5   46357.3   64045.8   44551.9   63752.7   43541.4   67143.1   45748.8
vertex track :        370   3 126    1795196 -0.8896 -1.7515   68737.9   48394.8     210.0     0     nan
  123 1     -2 -0.8852 -1.7297   61429.5   36217.0    6591.8 -0.9098 -1.7637   61131.9   34646.0 -209131.6
        nan       nan      -nan       nan       nan       nan       nan       nan       nan       nan
  124 1     -1 -0.8953 -1.7557   63474.5   40521.6    3726.7 -0.9098 -1.7637   63738.6   39699.2 -211996.7
        nan       nan      -nan       nan       nan       nan       nan       nan       nan       nan
  125 1      0 -0.8973 -1.7632   67597.5   43535.2    2864.6 -0.9098 -1.7637   64523.0   41219.7 -212858.8
        nan       nan      -nan       nan       nan       nan       nan       nan       nan       nan
vertex track :        372   3 126    1795733  2.0546 -2.1323   62950.7   48392.8     216.9     0  3741.1
  123 1     -2  2.2619 -1.9871   77588.0   34695.1    6760.9  2.0693 -2.1656   74652.3   31760.3 -208969.0
      846.2      44.5   78253.1   34170.0   77456.7   34869.7   77135.2   35428.2   78194.4   34103.2
  124 1     -1  2.0154 -2.0434   73079.2   41290.5    3669.1  2.0693 -2.1656   68254.5   38456.0 -212060.7
      470.3      21.6   73424.8   40970.8   73187.5   41211.4   72945.6   41818.2   73394.1   40940.5
  125 1      0  2.0861 -2.0916   67439.2   42128.5    2862.8  2.0693 -2.1656   66586.1   40202.0 -212867.0
      376.6      12.6   67714.1   41870.7   67620.2   41964.8   67376.4   42594.2   67696.3   41853.0
