groupid:   7418, ntrk: 26
vertex track :          0   3 107    4042643  0.0481  0.6025  195843.4   50732.4     206.4    13  1719.3
  108 2      1  0.0483  0.6015   76674.3   50650.1   -2868.2  0.0553  0.5978  194725.6   47863.2 -182395.4
       58.6       5.7   76673.3   50709.0   76674.1   50718.4   76885.3   50801.8   76684.7   50708.1
  109 2      2  0.0521  0.6017   75284.5   48596.1   -3719.5  0.0553  0.5978  194678.5   47354.3 -183246.6
       69.7      10.5   75280.0   48666.5   75278.9   48654.0   75499.0   48736.4   75301.0   48664.6
  110 2      3  0.0472  0.5985   75804.4   49980.1   -6587.7  0.0553  0.5978  194519.8   45639.6 -186114.8
      109.6      20.1   75792.9   50091.0   75785.6   49998.1   76025.8   50079.9   75833.0   50087.8
vertex track :         16   3 107    2678731 -1.0215 -0.6391  195779.4   50656.2     206.4     0   810.2
  108 2      1 -1.0473 -0.6188   76261.3   47989.0   -2690.3 -1.0327 -0.6327  197822.2   51458.5 -182217.7
      116.6      12.9   76167.5   47918.5   76148.3   47907.2   76564.0   48268.7   76154.4   47940.8
  109 2      2 -1.0565 -0.6638   80412.7   50360.8   -3502.2 -1.0327 -0.6327  198660.6   51972.2 -183029.6
      142.8      29.4   80307.4   50259.9   80327.4   50272.4   80726.9   50670.9   80276.2   50309.7
  110 2      3 -1.1560 -0.5924   83515.1   50238.5   -6648.0 -1.0327 -0.6327  201909.3   53962.6 -186175.4
      243.3      62.0   83326.9   50072.3   83517.2   50169.9   83912.2   50614.1   83270.3   50182.7
vertex track :         50   3 107    4018959  0.7358 -2.4392  196686.6   47022.3     201.7     0   943.3
  108 2      1  0.7269 -2.4451   75689.3   55114.7   -2867.4  0.7124 -2.4694  193508.5   53560.2 -182401.4
      338.7      27.0   75811.7   54797.7   75771.3   54933.5   75777.7   55639.2   75760.0   54782.3
  109 2      2  0.7165 -2.4442   73774.5   55561.0   -3718.8  0.7124 -2.4694  192901.9   55662.7 -183252.8
      439.0      62.5   73957.9   55157.2   73861.4   55486.6   73801.8   56172.3   73838.0   55122.1
  110 2      3  0.7320 -2.4433   72009.1   66718.9   -6584.8  0.7124 -2.4694  190860.3   62739.8 -186118.7
      745.9     122.8   72340.8   66039.6   72066.4   66955.5   71888.1   67605.7   72105.5   65969.1
vertex track :         65   3 107    4042947  1.9950  3.4182  198504.6   55087.9     208.5     0   234.5
  108 2      1  1.9696  3.4112   70475.0   40738.8   -2686.0  2.0175  3.3585  191773.7   44308.2 -182201.6
     1033.7     196.8   70821.4   41732.3   70201.3   40658.3   70340.5   39958.6   71162.2   41535.6
  109 2      2  2.0456  3.2002   72052.6   39685.9   -3500.6  2.0175  3.3585  190130.2   41572.3 -183016.2
     2178.4     495.2   72808.7   41788.1   70891.7   38789.2   71508.7   37797.0   73643.1   41254.7
  110 2      3  2.3209  3.6533   66277.2   27734.6   -6613.0  2.0175  3.3585  183850.9   31119.2 -186128.6
     4518.2    1048.5   67815.0   32110.5   63456.8   25250.2   64951.8   23572.2   69585.0   30986.1
vertex track :         83   3 108    2687971 -1.6265  1.5984  201480.5   48793.3     283.9     0  2184.5
  105 2     -2 -1.6791  1.6037   68447.1   59070.6    6582.3 -1.6212  1.5966  188425.8   55692.8 -175723.8
      528.7      46.2   68032.9   59402.3   68444.9   59008.8   69069.7   58950.4   68096.7   59469.1
  106 2     -1 -1.6360  1.5713   73523.8   53418.4    3716.6 -1.6212  1.5966  193071.6   51117.6 -178589.4
      309.0      22.7   73285.2   53616.0   73387.3   53517.9   73970.7   53432.3   73316.7   53648.8
  107 2      0 -1.6667  1.5613   75126.0   51774.4    2869.3 -1.6212  1.5966  194445.3   49764.8 -179436.7
      247.5      11.5   74937.5   51935.2   74948.8   51924.7   75522.8   51825.1   74953.2   51952.0
vertex track :         84   3 108    2689235  0.4639  0.3679  196737.5   51746.1     293.7     0     nan
  105 2     -2  0.4451  0.3463   80889.8   53947.3    6756.9  0.4649  0.3649  196898.3   50959.2 -175555.4
        nan       nan      -nan       nan       nan       nan       nan       nan       nan       nan
  106 2     -1  0.4737  0.4054   80801.9   55415.2    3506.4  0.4649  0.3649  195387.2   49773.0 -178805.9
        nan       nan      -nan       nan       nan       nan       nan       nan       nan       nan
  107 2      0  0.4586  0.3449   79484.2   57541.5    2706.5  0.4649  0.3649  195015.4   49481.1 -179605.8
        nan       nan      -nan       nan       nan       nan       nan       nan       nan       nan
vertex track :         92   3 108    2690385 -0.1779  2.1355  197576.6   51341.0     291.0     0     nan
  105 2     -2 -0.2394  2.1944   74232.4   65310.9    6585.8 -0.1714  2.1261  193654.5   61576.8 -175724.2
        nan       nan      -nan       nan       nan       nan       nan       nan       nan       nan
  106 2     -1 -0.1888  2.1531   74666.6   57867.0    3717.6 -0.1714  2.1261  194146.0   55478.9 -178592.4
        nan       nan      -nan       nan       nan       nan       nan       nan       nan       nan
  107 2      0 -0.2319  2.1341   75054.8   55770.2    2868.4 -0.1714  2.1261  194291.6   53673.3 -179441.6
        nan       nan      -nan       nan       nan       nan       nan       nan       nan       nan
vertex track :         93   3 108    2690393  1.8384  2.1642  197664.0   51241.8     291.0     0     nan
  105 2     -2  1.6183  2.0085   90437.5   65297.0    6762.4  1.8374  2.1486  206711.4   61998.8 -175547.8
        nan       nan      -nan       nan       nan       nan       nan       nan       nan       nan
  106 2     -1  1.8225  2.5047   86619.3   61796.3    3512.2  1.8374  2.1486  200739.3   55015.4 -178798.0
        nan       nan      -nan       nan       nan       nan       nan       nan       nan       nan
  107 2      0  1.8744  2.1262   84195.7   62325.2    2714.0  1.8374  2.1486  199272.7   53300.4 -179596.2
        nan       nan      -nan       nan       nan       nan       nan       nan       nan       nan
vertex track :         94   3 108    2690526  0.0042  1.2033  197629.2   50489.4     290.1     0     nan
  105 2     -2 -0.0122  1.2059   75609.6   58165.5    6573.2  0.0074  1.1992  194829.7   54876.0 -175737.7
        nan       nan      -nan       nan       nan       nan       nan       nan       nan       nan
  106 2     -1 -0.0036  1.1974   75403.2   53743.2    3717.3  0.0074  1.1992  194808.6   51451.1 -178593.6
        nan       nan      -nan       nan       nan       nan       nan       nan       nan       nan
  107 2      0 -0.0247  1.1976   75701.1   52379.5    2868.1  0.0074  1.1992  194802.3   50432.7 -179442.8
        nan       nan      -nan       nan       nan       nan       nan       nan       nan       nan
vertex track :        103   3 108    2691603  1.9250  2.0075  193691.8   48313.5     289.7     0     nan
  105 2     -2  1.9613  2.1214   87228.7   61326.7    6735.1  1.9173  1.9877  203189.0   57980.9 -175582.7
        nan       nan      -nan       nan       nan       nan       nan       nan       nan       nan
  106 2     -1  1.9354  1.8899   83099.7   58296.7    3530.1  1.9173  1.9877  197044.0   51610.4 -178787.7
        nan       nan      -nan       nan       nan       nan       nan       nan       nan       nan
  107 2      0  1.7820  2.0844   80669.3   58936.1    2717.3  1.9173  1.9877  195485.5   49994.7 -179600.5
        nan       nan      -nan       nan       nan       nan       nan       nan       nan       nan
vertex track :        123   3 108    2885911 -2.2055 -1.8861  199772.6   53711.9     293.4     0     nan
  105 2     -2 -2.1799 -1.9236   63139.7   40373.8    6582.1 -2.2287 -1.8971  182925.4   38633.2 -175723.8
        nan       nan      -nan       nan       nan       nan       nan       nan       nan       nan
  106 2     -1 -2.1801 -1.9305   69916.0   46056.1    3716.2 -2.2287 -1.8971  189312.7   44070.1 -178589.7
        nan       nan      -nan       nan       nan       nan       nan       nan       nan       nan
  107 2      0 -2.1692 -1.9450   72019.7   47148.4    2868.0 -2.2287 -1.8971  191203.0   45679.2 -179437.8
        nan       nan      -nan       nan       nan       nan       nan       nan       nan       nan
vertex track :        129   3 108    2886833 -0.2843 -0.9408  197615.4   52020.9     291.6     0  1831.0
  105 2     -2 -0.1941 -0.9211   76927.3   45468.4    6769.6 -0.2891 -0.9456  192901.5   42748.6 -175539.5
      172.0      24.3   76915.7   45295.2   76945.8   45438.3   77148.8   45850.8   76868.1   45305.2
  106 2     -1 -0.1866 -0.9201   79169.2   50873.0    3507.0 -0.2891 -0.9456  193844.7   45833.8 -178802.1
       99.3      10.9   79160.1   50773.6   79160.4   50774.9   79388.1   51181.6   79138.8   50777.9
  107 2      0 -0.3081 -0.9253   78376.2   54146.4    2711.6 -0.2891 -0.9456  194074.6   46586.0 -179597.5
       83.8       5.8   78355.2   54065.1   78343.5   54029.8   78606.9   54436.8   78344.3   54068.7
vertex track :        131   3 108    2887728  1.9091 -1.8117  193591.8   56365.8     305.7     0     nan
  105 2     -2  1.9369 -1.7750   84596.7   43880.9    6583.4  1.9120 -1.8242  202759.4   41778.8 -175732.6
        nan       nan      -nan       nan       nan       nan       nan       nan       nan       nan
  106 2     -1  1.9582 -1.7791   78059.8   49054.1    3722.3  1.9120 -1.8242  197288.8   46998.0 -178593.8
        nan       nan      -nan       nan       nan       nan       nan       nan       nan       nan
  107 2      0  1.9611 -1.7587   76916.1   50069.9    2866.5  1.9120 -1.8242  195652.6   48559.1 -179449.5
        nan       nan      -nan       nan       nan       nan       nan       nan       nan       nan
vertex track :        134   3 108    2935177 -1.9686 -1.5773  202870.5   56927.3     296.4     0     nan
  105 2     -2 -1.8187 -1.5847   70871.6   46269.1    6744.6 -1.9874 -1.5853  187240.3   43554.8 -175555.3
        nan       nan      -nan       nan       nan       nan       nan       nan       nan       nan
  106 2     -1 -2.0395 -1.5927   77972.9   53336.0    3515.7 -1.9874 -1.5853  193657.2   48673.5 -178784.1
        nan       nan      -nan       nan       nan       nan       nan       nan       nan       nan
  107 2      0 -1.6970 -1.7400   78655.1   57234.8    2717.2 -1.9874 -1.5853  195244.1   49939.4 -179582.6
        nan       nan      -nan       nan       nan       nan       nan       nan       nan       nan
vertex track :        135   3 108    2937698  1.9143 -2.1081  192314.3   58605.9     309.1     0     nan
  105 2     -2  1.9478 -2.0876   83355.7   44081.0    6589.0  1.9176 -2.1231  201525.4   42142.4 -175726.4
        nan       nan      -nan       nan       nan       nan       nan       nan       nan       nan
  106 2     -1  1.9045 -2.0987   76828.3   50218.6    3720.8  1.9176 -2.1231  196025.5   48231.8 -178594.5
        nan       nan      -nan       nan       nan       nan       nan       nan       nan       nan
  107 2      0  1.9655 -2.0593   75640.2   51438.3    2868.9  1.9176 -2.1231  194391.9   50040.4 -179446.4
        nan       nan      -nan       nan       nan       nan       nan       nan       nan       nan
vertex track :        142   3 108    3541290 -1.6271  1.9151  202224.3   47623.2     282.9     0  1399.9
  105 2     -2 -1.7893  1.8936   72360.9   59859.1    6773.2 -1.6198  1.9115  188865.8   56870.2 -175534.0
      659.1      78.8   71851.0   60284.1   72380.6   59723.7   73079.0   59646.1   71965.5   60392.3
  106 2     -1 -1.6510  2.1536   78572.1   57147.7    3522.5 -1.6198  1.9115  194131.2   50656.6 -178784.8
      350.2      34.4   78331.7   57404.7   78411.1   57301.0   79020.8   57102.8   78386.3   57446.6
  107 2      0 -1.6092  1.8009   79010.0   58040.9    2722.1 -1.6198  1.9115  195427.6   49126.8 -179585.1
      275.9      14.9   78815.0   58236.7   78844.7   58203.5   79413.3   58056.9   78837.3   58256.5
vertex track :        156   3 108    3543538 -0.7563 -0.3915  198032.6   51719.6     292.9     0     nan
  105 2     -2 -0.7514 -0.4052   70998.8   48533.4    6591.2 -0.7607 -0.3934  190400.5   46094.1 -175719.6
        nan       nan      -nan       nan       nan       nan       nan       nan       nan       nan
  106 2     -1 -0.7766 -0.3826   73188.7   49328.2    3716.9 -0.7607 -0.3934  192586.8   47224.9 -178593.8
        nan       nan      -nan       nan       nan       nan       nan       nan       nan       nan
  107 2      0 -0.7381 -0.3837   74187.7   49197.4    2866.6 -0.7607 -0.3934  193233.7   47559.4 -179444.2
        nan       nan      -nan       nan       nan       nan       nan       nan       nan       nan
vertex track :        157   3 108    3543548 -1.2768 -0.7725  197937.4   51565.0     292.9     0     nan
  105 2     -2 -1.1497 -0.7515   70587.2   46210.9    6763.0 -1.2856 -0.7753  186777.5   43401.0 -175548.2
        nan       nan      -nan       nan       nan       nan       nan       nan       nan       nan
  106 2     -1 -1.1731 -0.7408   75375.9   51028.3    3516.2 -1.2856 -0.7753  190951.6   45918.3 -178795.0
        nan       nan      -nan       nan       nan       nan       nan       nan       nan       nan
  107 2      0 -1.2458 -0.8178   75525.2   54144.3    2718.4 -1.2856 -0.7753  191977.3   46536.9 -179592.8
        nan       nan      -nan       nan       nan       nan       nan       nan       nan       nan
vertex track :        158   3 108    3543590 -2.3275  0.4422  200689.7   51418.0     289.0     0   509.4
  105 2     -2 -2.3420  0.4060   63004.8   53720.9    6610.6 -2.3324  0.4446  183107.9   51076.0 -175695.2
      741.3     192.7   62241.5   53657.7   63210.4   53489.7   63975.7   53994.5   62307.3   54037.4
  106 2     -1 -2.3593  0.4067   70276.6   51914.6    3721.6 -2.3324  0.4446  189846.4   49791.6 -178584.3
      398.8      91.3   69868.1   51892.4   70158.6   51842.3   70892.8   52147.3   69899.1   52072.4
  107 2      0 -2.3522  0.3913   72535.8   51102.4    2866.9 -2.3324  0.4446  191839.9   49411.7 -179439.0
      274.6      34.8   72259.2   51113.1   72307.0   51105.2   73020.0   51302.0   72270.6   51181.7
vertex track :        166   3 108    3544572  2.2468  2.0669  195305.0   49741.5     288.0     0     nan
  105 2     -2  2.0843  1.9760   91004.9   63265.8    6793.9  2.2439  2.0510  207050.3   59939.7 -175518.1
        nan       nan      -nan       nan       nan       nan       nan       nan       nan       nan
  106 2     -1  2.1380  2.0963   85777.7   59896.6    3522.5  2.2439  2.0510  199709.8   53230.2 -178789.4
        nan       nan      -nan       nan       nan       nan       nan       nan       nan       nan
  107 2      0  2.1924  2.0420   83043.9   60509.3    2725.7  2.2439  2.0510  197921.9   51596.0 -179586.2
        nan       nan      -nan       nan       nan       nan       nan       nan       nan       nan
vertex track :        167   3 108    3544857  2.3483  1.9576  195488.2   49989.9     289.7     0     nan
  105 2     -2  2.3307  1.9488   89283.6   62999.1    6601.1  2.3450  1.9425  207436.8   59104.4 -175711.8
        nan       nan      -nan       nan       nan       nan       nan       nan       nan       nan
  106 2     -1  2.3276  2.0048   81534.4   55986.5    3722.5  2.3450  1.9425  200686.3   53512.7 -178590.5
        nan       nan      -nan       nan       nan       nan       nan       nan       nan       nan
  107 2      0  2.2477  2.0126   80029.4   53950.2    2867.6  2.3450  1.9425  198681.8   51852.3 -179445.3
        nan       nan      -nan       nan       nan       nan       nan       nan       nan       nan
vertex track :        182   3 108    3589781 -1.1998 -1.0632  198575.2   52593.6     293.5     0  1546.8
  105 2     -2 -1.1554 -1.0171   71664.5   45369.5    6748.3 -1.2099 -1.0679  187928.3   42553.3 -175560.9
      322.9      42.5   71450.2   45124.2   71692.3   45337.4   72087.6   45823.8   71394.0   45188.1
  106 2     -1 -1.8852 -0.8896   76494.3   50970.1    3515.5 -1.2099 -1.0679  191839.6   46005.4 -178793.7
      180.5      18.8   76339.1   50876.0   76269.7   50843.3   76857.6   51273.3   76323.0   50910.1
  107 2      0 -1.1681 -1.2215   76281.5   54337.4    2725.0 -1.2099 -1.0679  192796.0   46849.5 -179584.1
      148.7       9.0   76185.3   54223.7   76145.5   54182.1   76586.6   54659.8   76172.3   54236.1
vertex track :        189   3 108    3591443  2.1962  0.0140  193825.6   52243.3     293.4     0     nan
  105 2     -2  2.2030  0.0546   86595.6   52005.7    6573.1  2.1970  0.0081  204774.1   49154.2 -175739.6
        nan       nan      -nan       nan       nan       nan       nan       nan       nan       nan
  106 2     -1  2.1705  0.0750   79437.4   51284.0    3715.4  2.1970  0.0081  198495.8   49131.0 -178597.3
        nan       nan      -nan       nan       nan       nan       nan       nan       nan       nan
  107 2      0  2.2230  0.0675   78047.6   50824.7    2868.9  2.1970  0.0081  196635.8   49124.2 -179443.9
        nan       nan      -nan       nan       nan       nan       nan       nan       nan       nan
vertex track :        194   3 108    3636603  2.0442 -2.2061  193462.4   57131.2     303.1     0     nan
  105 2     -2  2.1966 -2.5327   88079.1   42612.4    6727.2  2.0482 -2.2221  203786.7   39721.8 -175584.6
        nan       nan      -nan       nan       nan       nan       nan       nan       nan       nan
  106 2     -1  2.4753 -2.4627   83411.3   51574.9    3531.7  2.0482 -2.2221  197241.7   46822.6 -178780.1
        nan       nan      -nan       nan       nan       nan       nan       nan       nan       nan
  107 2      0  1.9427 -2.0446   80773.3   55647.4    2727.6  2.0482 -2.2221  195594.7   48609.5 -179584.3
        nan       nan      -nan       nan       nan       nan       nan       nan       nan       nan
vertex track :        199   3 108    3774014 -3.2519  0.1656  198701.5   51469.1     291.8     0   418.8
  105 2     -2 -3.1885  0.1252   54662.4   51723.6    6574.6 -3.2638  0.1692  175354.5   49383.2 -175735.2
     1559.1     363.8   53090.3   51421.2   55536.4   51325.1   56441.4   52236.0   53118.9   52148.3
  106 2     -1 -3.1945  0.1492   65089.4   50858.8    3719.0 -3.2638  0.1692  184674.7   48900.0 -178590.8
      800.8     173.2   64281.4   50723.1   65210.4   50679.7   66104.2   51204.6   64297.6   51069.2
  107 2      0 -3.2245  0.1089   68094.5   50212.6    2868.4 -3.2638  0.1692  187451.0   48756.1 -179441.4
      481.1      65.1   67611.5   50163.8   67895.9   50154.2   68784.3   50471.5   67615.9   50293.9
vertex track :        232   3 108    4440067 -2.8172 -0.5043  204833.1   53985.1     288.8     0     nan
  105 2     -2 -3.2632 -0.7095   67289.9   50415.2    6828.3 -2.8331 -0.5038  183485.6   47534.3 -175469.2
        nan       nan      -nan       nan       nan       nan       nan       nan       nan       nan
  106 2     -1 -2.9974 -0.4864   76787.4   54462.3    3521.2 -2.8331 -0.5038  192854.7   49200.3 -178776.3
        nan       nan      -nan       nan       nan       nan       nan       nan       nan       nan
  107 2      0 -2.9993 -0.6797   78099.0   57500.1    2730.1 -2.8331 -0.5038  195096.0   49598.8 -179567.4
        nan       nan      -nan       nan       nan       nan       nan       nan       nan       nan
