groupid:   7704, ntrk: 21
vertex track :          0   3 125     564855 -0.1988  0.0442   91984.5   51417.1     206.4    13  1815.2
  126 1      1 -0.1990  0.0446   91130.8   51115.0   -2870.7 -0.1999  0.0449   89553.4   48458.3 -215738.5
       22.1       3.2   91108.5   51116.7   91109.9   51116.4   91362.9   51323.3   91109.9   51123.0
  127 1      2 -0.1994  0.0418   91672.8   49769.9   -3717.3 -0.1999  0.0449   89722.6   48420.3 -216585.1
       27.2       7.1   91644.7   49768.5   91656.1   49766.1   91910.7   49981.3   91647.7   49782.5
  128 1      3 -0.1985  0.0462   93650.6   51084.4   -6585.7 -0.1999  0.0449   90296.0   48291.4 -219453.5
       44.3      14.0   93604.3   51080.8   93648.8   51070.4   93906.7   51298.1   93610.6   51108.1
vertex track :         53   3 125     566840 -0.9465  0.8574   89847.9   53874.5     210.3     0     nan
  126 1      1 -0.9412  0.7970   93999.6   51557.7   -2824.7 -0.9482  0.8675   89680.8   48446.2 -215696.0
        nan       nan      -nan       nan       nan       nan       nan       nan       nan       nan
  127 1      2 -1.0108  0.9401   93885.6   53274.9   -3648.0 -0.9482  0.8675   90461.5   47732.0 -216519.4
        nan       nan      -nan       nan       nan       nan       nan       nan       nan       nan
  128 1      3 -0.9720  0.8733   96225.3   47281.8   -6195.2 -0.9482  0.8675   92876.6   45522.4 -219066.6
        nan       nan      -nan       nan       nan       nan       nan       nan       nan       nan
vertex track :         59   3 125    1341276 -2.3099 -2.1350   85647.3   44872.9     200.0     0     nan
  126 1      1 -2.3104 -2.1365   90770.2   50741.1   -2870.8 -2.3424 -2.1306   89717.3   48617.4 -215738.4
        nan       nan      -nan       nan       nan       nan       nan       nan       nan       nan
  127 1      2 -2.2862 -2.1785   93033.3   51177.7   -3718.1 -2.3424 -2.1306   91701.9   50422.5 -216585.6
        nan       nan      -nan       nan       nan       nan       nan       nan       nan       nan
  128 1      3 -2.3373 -2.1029  100360.5   57866.5   -6588.1 -2.3424 -2.1306   98424.7   56537.3 -219455.7
        nan       nan      -nan       nan       nan       nan       nan       nan       nan       nan
vertex track :         82   3 125    1385181 -2.1106 -1.7546   89138.9   49011.1     200.8     0  3723.4
  126 1      1 -2.1707 -1.8123   96595.3   54132.4   -2811.5 -2.1386 -1.7489   92504.1   51470.3 -215676.2
      369.0      13.5   96320.8   53885.5   96431.4   53977.9   97077.7   54587.5   96303.4   53906.4
  127 1      2 -2.0245 -1.8222   97361.4   58210.7   -3629.7 -2.1386 -1.7489   94254.1   52901.4 -216494.4
      452.9      22.3   97039.7   57891.1   97287.8   58114.5   97891.1   58738.4   97009.9   57924.2
  128 1      3 -2.0806 -1.8586  103146.4   59656.1   -6140.4 -2.1386 -1.7489   99623.6   57292.4 -219005.2
      718.9      39.6  102636.7   59147.6  103272.0   59715.2  103864.1   60372.7  102584.0   59206.7
vertex track :        188   3 126      24822 -1.6787  1.8852   95187.6   46071.7     184.6     0     nan
  123 1     -2 -1.6944  1.8811   82683.8   58583.9    6564.7 -1.6757  1.8975   82857.7   55497.9 -209111.8
        nan       nan      -nan       nan       nan       nan       nan       nan       nan       nan
  124 1     -1 -1.6672  1.9323   87298.2   51218.9    3716.2 -1.6757  1.8975   87631.0   50092.7 -211960.4
        nan       nan      -nan       nan       nan       nan       nan       nan       nan       nan
  125 1      0 -1.6859  1.8685   91846.4   51583.9    2867.8 -1.6757  1.8975   89052.6   48483.0 -212808.7
        nan       nan      -nan       nan       nan       nan       nan       nan       nan       nan
vertex track :        199   3 126     245490  2.0994  1.7228   89439.9   49809.8     187.3     0     nan
  123 1     -2  2.1178  1.7584  104369.3   61542.8    6691.3  2.1076  1.7030  101499.1   58256.9 -208987.5
        nan       nan      -nan       nan       nan       nan       nan       nan       nan       nan
  124 1     -1  2.2014  1.7617   99464.8   57113.8    3625.0  2.1076  1.7030   95036.5   53034.9 -212053.8
        nan       nan      -nan       nan       nan       nan       nan       nan       nan       nan
  125 1      0  2.0741  1.7026   94010.4   54688.2    2813.8  2.1076  1.7030   93326.8   51653.4 -212865.0
        nan       nan      -nan       nan       nan       nan       nan       nan       nan       nan
vertex track :        229   3 126     490894 -0.9104  0.6806   92278.2   50031.5     189.1     0     nan
  123 1     -2 -0.9145  0.6786   84864.8   54558.4    6579.8 -0.9125  0.6862   84813.4   51771.6 -209096.2
        nan       nan      -nan       nan       nan       nan       nan       nan       nan       nan
  124 1     -1 -0.9093  0.7167   87201.4   50797.2    3711.9 -0.9125  0.6862   87430.3   49803.7 -211964.2
        nan       nan      -nan       nan       nan       nan       nan       nan       nan       nan
  125 1      0 -0.9060  0.6740   91109.4   52131.4    2866.4 -0.9125  0.6862   88201.8   49223.6 -212809.6
        nan       nan      -nan       nan       nan       nan       nan       nan       nan       nan
vertex track :        232   3 126     491001 -1.9380  1.3046   93957.0   49032.0     184.4     0     nan
  123 1     -2 -1.6229  1.1317   82439.7   58029.4    6752.2 -1.9415  1.3186   79574.8   55033.8 -208918.9
        nan       nan      -nan       nan       nan       nan       nan       nan       nan       nan
  124 1     -1 -1.7842  1.2868   89000.0   54919.8    3639.0 -1.9415  1.3186   85619.0   50928.7 -212032.2
        nan       nan      -nan       nan       nan       nan       nan       nan       nan       nan
  125 1      0 -1.8772  1.3746   86970.9   52603.9    2828.3 -1.9415  1.3186   87192.9   49859.7 -212842.9
        nan       nan      -nan       nan       nan       nan       nan       nan       nan       nan
vertex track :        244   3 126     492230  0.4300  0.1673   89505.1   50742.6     190.1     0     nan
  123 1     -2  0.4304  0.1685   91081.9   51820.5    6550.6  0.4320  0.1628   90609.9   49152.2 -209128.8
        nan       nan      -nan       nan       nan       nan       nan       nan       nan       nan
  124 1     -1  0.4383  0.1560   89257.3   49677.9    3723.7  0.4320  0.1628   89388.6   48692.1 -211955.7
        nan       nan      -nan       nan       nan       nan       nan       nan       nan       nan
  125 1      0  0.4326  0.1680   92129.2   51399.1    2868.3  0.4320  0.1628   89019.0   48552.8 -212811.1
        nan       nan      -nan       nan       nan       nan       nan       nan       nan       nan
vertex track :        248   3 126     668949 -1.5593 -0.5763   94125.1   52516.5     188.7     0     nan
  123 1     -2 -1.4319 -0.5330   85039.9   49157.2    6752.9 -1.5755 -0.5760   82167.9   46094.0 -208914.0
        nan       nan      -nan       nan       nan       nan       nan       nan       nan       nan
  124 1     -1 -1.5622 -0.5955   90689.0   51307.9    3682.4 -1.5755 -0.5760   87005.3   47862.7 -211984.5
        nan       nan      -nan       nan       nan       nan       nan       nan       nan       nan
  125 1      0 -1.5551 -0.6097   88177.7   50716.6    2833.7 -1.5755 -0.5760   88342.3   48351.6 -212833.1
        nan       nan      -nan       nan       nan       nan       nan       nan       nan       nan
vertex track :        259   3 126     670612  0.7959 -1.0474   89803.9   52512.1     187.8     0     nan
  123 1     -2  0.7997 -1.0070   93885.5   45460.6    6578.7  0.7941 -1.0606   93246.0   43114.7 -209094.1
        nan       nan      -nan       nan       nan       nan       nan       nan       nan       nan
  124 1     -1  0.7854 -1.0707   90871.8   46990.9    3701.1  0.7941 -1.0606   90961.0   46166.6 -211971.7
        nan       nan      -nan       nan       nan       nan       nan       nan       nan       nan
  125 1      0  0.7987 -1.0560   93460.9   49727.7    2867.7  0.7941 -1.0606   90299.3   47050.4 -212805.1
        nan       nan      -nan       nan       nan       nan       nan       nan       nan       nan
vertex track :        260   3 126     695354 -1.8593 -2.2456   95538.3   57158.1     190.6     0   175.7
  123 1     -2 -1.8527 -2.4705   84390.4   42739.8    6721.8 -1.8934 -2.2693   81581.9   39713.1 -208933.6
     3051.1     954.4   83323.3   39726.2   86595.4   44089.4   85665.6   45960.9   81796.3   40871.4
  124 1     -1 -1.8259 -2.1101   90958.9   49707.1    3663.0 -1.8934 -2.2693   87373.3   46654.3 -211992.4
     1432.1     440.5   90354.9   48335.9   91845.7   50058.7   91771.1   51286.2   89688.7   48912.4
  125 1      0 -1.8487 -2.2618   88735.1   50577.9    2833.0 -1.8934 -2.2693   88944.9   48537.8 -212822.4
      630.9     167.0   88465.1   49983.7   88875.4   50485.7   89213.2   51379.8   88206.5   50195.0
vertex track :        261   3 126    1113834  3.4900  4.1057   83250.4   41663.9     187.7     0     nan
  123 1     -2  3.4667  4.1259  105108.1   68956.5    6577.6  3.4876  4.0447  103804.7   64887.8 -209126.3
        nan       nan      -nan       nan       nan       nan       nan       nan       nan       nan
  124 1     -1  3.5563  4.0327   94130.0   54853.4    3715.4  3.4876  4.0447   93822.5   53311.0 -211988.5
        nan       nan      -nan       nan       nan       nan       nan       nan       nan       nan
  125 1      0  3.4685  4.0910   94524.6   53437.0    2870.3  3.4876  4.0447   90875.3   49893.1 -212833.6
        nan       nan      -nan       nan       nan       nan       nan       nan       nan       nan
vertex track :        275   3 126    1152328  0.6335 -1.5586   90075.3   53184.9     191.1     0     nan
  123 1     -2  0.6122 -1.7100   95313.4   43374.6    6713.5  0.6295 -1.5766   92552.7   40284.0 -208960.4
        nan       nan      -nan       nan       nan       nan       nan       nan       nan       nan
  124 1     -1  0.5370 -1.5443   94650.8   48364.8    3676.7  0.6295 -1.5766   90640.9   45071.9 -211997.2
        nan       nan      -nan       nan       nan       nan       nan       nan       nan       nan
  125 1      0  0.6812 -1.5709   90507.2   48565.5    2834.2  0.6295 -1.5766   90110.5   46400.2 -212839.7
        nan       nan      -nan       nan       nan       nan       nan       nan       nan       nan
vertex track :        285   3 126    1561763 -4.3531  4.1371   98739.0   42889.2     179.8     0 10001.0
  123 1     -2 -4.3500  4.0640   67993.4   70671.5    6626.8 -4.3409  4.1653   69114.9   67028.3 -209047.0
     2998.4      61.1   65760.8   72673.8   69229.2   69433.4   70431.7   68883.3   65844.2   72763.0
  124 1     -1 -4.4916  4.0416   80855.9   56604.7    3719.9 -4.3409  4.1653   81733.3   54920.3 -211953.8
     1672.7      32.1   79591.0   57699.7   81134.6   56310.7   82326.3   55723.7   79633.9   57747.4
  125 1      0 -4.3490  4.1468   87883.3   54717.6    2868.6 -4.3409  4.1653   85429.0   51374.2 -212805.2
     1290.0      21.6   86934.8   55592.2   87888.8   54682.6   89037.5   54057.1   86964.5   55623.4
vertex track :        292   3 126    1566636  3.0373  3.6577   83270.6   41677.1     187.7     0     nan
  123 1     -2  3.7781  4.1614  104503.9   66218.8    6639.2  3.0399  3.6089  101152.0   62338.8 -209064.6
        nan       nan      -nan       nan       nan       nan       nan       nan       nan       nan
  124 1     -1  3.0115  3.8650   96900.4   56233.2    3638.3  3.0399  3.6089   92029.4   51508.7 -212065.6
        nan       nan      -nan       nan       nan       nan       nan       nan       nan       nan
  125 1      0  3.0757  3.6746   90526.3   52050.1    2827.4  3.0399  3.6089   89564.3   48582.2 -212876.5
        nan       nan      -nan       nan       nan       nan       nan       nan       nan       nan
vertex track :        294   3 126    1785084 -4.6777  1.5070   97451.6   49071.5     185.1     0   521.4
  123 1     -2 -4.6733  1.4896   64518.2   59100.5    6607.1 -4.7088  1.5417   65594.7   56296.4 -209059.3
     3358.7     533.4   61156.2   59612.3   66574.9   57885.2   68085.6   58800.2   61480.1   60628.7
  124 1     -1 -4.7031  1.5175   78369.4   53071.9    3722.1 -4.7088  1.5417   79179.5   51848.6 -211944.2
     1722.2     256.4   76651.7   53356.7   78942.1   52617.7   80292.5   52998.6   76809.2   53844.8
  125 1      0 -4.6841  1.5177   85662.3   53495.9    2869.9 -4.7088  1.5417   83192.5   50534.7 -212796.4
     1017.6      98.2   84664.0   53716.1   85616.4   53407.5   86865.9   53487.3   84724.5   53903.0
vertex track :        295   3 126    1785209 -3.7884  3.9997   95762.8   46393.9     187.2     0     nan
  123 1     -2 -3.3511  3.7371   71834.7   73225.0    6725.6 -3.7742  4.0225   69451.0   70013.2 -208951.9
        nan       nan      -nan       nan       nan       nan       nan       nan       nan       nan
  124 1     -1 -4.1833  4.1328   84054.0   62092.9    3644.3 -3.7742  4.0225   81080.2   57618.6 -212033.2
        nan       nan      -nan       nan       nan       nan       nan       nan       nan       nan
  125 1      0 -3.8915  4.0052   83432.8   57745.1    2812.7 -3.7742  4.0225   84218.7   54273.6 -212864.8
        nan       nan      -nan       nan       nan       nan       nan       nan       nan       nan
vertex track :        300   3 126    1786273 -0.9969  1.3565   91120.4   51178.8     191.0     0     nan
  123 1     -2 -1.0168  1.3966   83189.0   60062.6    6579.8 -0.9949  1.3639   83130.9   57259.4 -209097.2
        nan       nan      -nan       nan       nan       nan       nan       nan       nan       nan
  124 1     -1 -0.9224  1.2974   85621.9   54553.3    3719.6 -0.9949  1.3639   85976.6   53358.4 -211957.4
        nan       nan      -nan       nan       nan       nan       nan       nan       nan       nan
  125 1      0 -0.9962  1.3530   89720.1   55176.7    2869.6 -0.9949  1.3639   86822.3   52199.1 -212807.4
        nan       nan      -nan       nan       nan       nan       nan       nan       nan       nan
vertex track :        329   3 126    1826301  1.7569 -1.0656   90879.9   51244.3     189.8     0     nan
  123 1     -2  1.5890 -1.0411  103525.1   44675.0    6741.6  1.7574 -1.0821  100760.5   41522.9 -208934.5
        nan       nan      -nan       nan       nan       nan       nan       nan       nan       nan
  124 1     -1  1.7700 -1.0016   99684.0   48124.5    3664.2  1.7574 -1.0821   95352.2   44853.0 -212011.9
        nan       nan      -nan       nan       nan       nan       nan       nan       nan       nan
  125 1      0  1.7614 -1.0451   94516.3   48058.4    2832.6  1.7574 -1.0821   93890.7   45752.9 -212843.5
        nan       nan      -nan       nan       nan       nan       nan       nan       nan       nan
vertex track :        338   3 126    1828007  1.7843 -0.6431   88789.1   51885.6     192.2     0  6946.1
  123 1     -2  1.8165 -0.6573   99519.6   47524.6    6603.8  1.7896 -0.6598   98621.9   45039.2 -209076.0
      399.9      22.1   99903.1   47409.3   99532.6   47543.4   99347.9   47849.3   99888.1   47367.8
  124 1     -1  1.7988 -0.6489   93497.6   47909.5    3722.6  1.7896 -0.6598   93465.6   46940.3 -211957.3
      239.7      11.8   93727.1   47839.3   93653.9   47865.7   93479.9   48189.1   93719.1   47817.0
  125 1      0  1.7944 -0.6581   95237.1   50250.9    2866.1  1.7896 -0.6598   91932.9   47505.4 -212813.7
      196.1       8.3   95424.1   50191.2   95432.8   50188.0   95262.0   50519.9   95418.3   50175.5
