groupid:   7756, ntrk:  9
vertex track :          0   3 115    6499070 -0.0411  0.1500  121086.7  163630.3     311.7    13  5803.6
  116 3      1 -0.0417  0.1494  119938.1   83830.9   -2864.8 -0.0419  0.1548  118208.9  161002.8 -196924.3
       18.1       1.6  119931.7   83847.9  119932.7   83844.5  120154.4   84024.1  119934.7   83848.8
  117 3      2 -0.0437  0.1492  117146.0   82923.9   -3714.7 -0.0419  0.1548  118244.4  160871.2 -197774.2
       21.8       2.7  117137.3   82944.0  117140.4   82933.5  117364.7   83113.9  117142.5   82945.5
  118 3      3 -0.0409  0.1498  120215.5   82485.4   -6585.0 -0.0419  0.1548  118364.6  160426.9 -200644.5
       35.1       5.1  120201.4   82517.9  120211.2   82481.7  120439.6   82663.0  120211.2   82520.5
vertex track :         46   3 115    6496435  0.6238 -1.0966  123203.8  160115.3     309.7     0  4710.5
  116 5      1  0.5195 -1.1710  120419.9    5757.5   -3112.2  0.6329 -1.0962  118064.2  161703.9 -197156.6
      135.8       8.3  120482.5    5636.7  120481.5    5639.0  120567.8    6087.1  120467.4    5630.0
  117 5      2  0.6528 -1.0124  122968.7    5864.8   -3924.6  0.6329 -1.0962  117550.0  162594.4 -197969.0
      158.9      11.3  123064.4    5737.4  123029.2    5791.9  123083.7    6201.3  123045.3    5725.1
  118 5      3  0.5979 -1.0755  119750.5   13792.2   -6429.8  0.6329 -1.0962  115964.4  165340.5 -200474.2
      235.1      18.7  119881.0   13595.8  119778.1   13780.9  119830.5   14197.5  119848.4   13577.7
vertex track :        236   3 115   11373077  1.8888  1.8878  126274.0  168770.4     414.8     0 10001.0
  116 3      1  1.8855  1.8888  119113.8   83536.6   -2868.6  1.9069  1.8980  117007.5  160376.4 -197053.7
      378.1      12.9  119371.7   83813.3  119233.5   83674.8  119067.7   83471.8  119390.0   83795.1
  117 3      2  1.8525  1.9219  114747.7   81135.8   -3716.3  1.9069  1.8980  115391.0  158767.3 -197901.4
      459.9      17.2  115054.5   81478.9  114805.1   81220.2  114652.7   81004.7  115079.2   81455.1
  118 3      3  1.8870  1.8808  112910.1   76351.7   -6583.7  1.9069  1.8980  109923.2  153324.9 -200768.8
      748.0      29.7  113418.9   76900.7  112755.7   76239.7  112613.2   76014.5  113460.8   76858.7
vertex track :        248   3 115   13175186  3.6759  3.8626  130869.6  173114.3     415.4     0  1111.2
  116 3      1  3.5086  4.2247  119959.9   86250.0   -3114.4  3.7871  3.9870  114505.1  156860.6 -197319.9
     1389.8      75.5  120789.7   87367.3  119750.7   86116.3  119343.6   85346.8  120905.9   87270.8
  117 3      2  3.4368  3.4188  117241.1   81799.8   -3953.5  3.7871  3.9870  111327.4  153515.1 -198159.0
     1868.2     169.2  118446.2   83237.3  116519.0   81320.2  116249.4   80575.7  118684.9   82997.4
  118 3      3  3.6765  4.1519  106402.2   70627.2   -6512.1  3.7871  3.9870  101637.9  143314.2 -200717.5
     3032.2     302.5  108185.9   73097.9  104937.6   69429.5  104832.2   68370.7  108638.9   72696.8
vertex track :        284   3 116    4320183 -3.2437 -0.0209  125072.5  162150.1     150.8     0  3360.4
  113 3     -2 -3.2341  0.0775  104879.8   85412.7    6588.2 -3.2742  0.0281  102192.0  161406.2 -190433.0
      978.2      52.3  103900.6   85383.8  105177.2   85353.2  106065.7   85651.6  103903.1   85488.4
  114 3     -1 -3.2414 -0.0048  111821.7   83773.1    3715.3 -3.2742  0.0281  111598.5  161325.4 -193305.9
      563.9      26.5  111257.8   83745.8  111705.0   83746.5  112592.4   84010.4  111257.8   83798.7
  115 3      0 -3.2419  0.0118  115327.0   84938.1    2865.6 -3.2742  0.0281  114380.5  161301.5 -194155.6
      445.1      14.5  114881.9   84925.2  115091.3   84924.4  115979.0   85161.1  114882.0   84954.3
vertex track :        292   3 116    4320737 -0.9723  0.9818  120454.0  161538.3     152.7     0     nan
  113 5     -2 -0.8268  0.8627  114379.6    5585.5    6734.0 -0.9757  0.9967  112193.3  167243.9 -190292.7
        nan       nan      -nan       nan       nan       nan       nan       nan       nan       nan
  114 3     -1 -0.8257  0.9629  118759.9   85758.8    3924.0 -0.9757  0.9967  114935.0  164443.1 -193102.7
        nan       nan      -nan       nan       nan       nan       nan       nan       nan       nan
  115 3      0 -0.9670  0.9630  117141.9   83674.9    3121.2 -0.9757  0.9967  115718.3  163642.9 -193905.5
        nan       nan      -nan       nan       nan       nan       nan       nan       nan       nan
vertex track :        321   3 116    4780046  1.3441  1.0175  118946.1  161168.1     154.5     0  2668.8
  113 6     -2  1.3569  1.0078    8886.3    9476.6    6585.8  1.3529  0.9949  125795.0  166734.8 -190444.4
      341.0      29.7    9142.3    9703.8    8879.8    9508.8    8841.6    9460.5    9177.7    9656.1
  114 5     -1  1.3561  1.0125  123678.1    4628.2    3719.5  1.3529  0.9949  121917.3  163883.1 -193310.7
      206.5      15.2  123834.6    4763.9  123788.4    4729.4  123733.1    4703.5  123852.7    4739.6
  115 5      0  1.3550  1.0038  124370.3    5613.8    2867.5  1.3529  0.9949  120764.7  163035.4 -194162.7
      169.7       8.7  124501.5    5721.8  124513.3    5730.6  124450.5    5716.8  124511.9    5707.8
vertex track :        322   3 116    4780123  1.0466 -0.5194  117209.7  163413.0     155.8     0  3253.4
  113 3     -2  0.9748 -0.3988  124745.6   78873.7    6695.3  1.0529 -0.5398  122237.0  159085.5 -190332.5
      208.1      19.7  124945.6   78813.2  124765.2   78887.0  124756.6   79143.8  124930.7   78776.7
  114 3     -1  1.0990 -0.5556  123162.9   82092.4    3941.3  1.0529 -0.5398  119337.4  160572.2 -193086.5
      133.2      10.8  123286.6   82042.0  123279.7   82045.5  123250.3   82352.4  123276.9   82022.7
  115 3      0  1.1174 -0.5295  119552.6   81098.8    3136.1  1.0529 -0.5398  118489.6  161006.9 -193891.7
      113.2       7.1  119657.9   81056.8  119688.0   81042.5  119658.4   81350.4  119651.8   81044.0
vertex track :        385   3 116    6824756 -2.7484 -2.9720  128583.4  171049.4     108.1     0  2068.9
  113 3     -2 -2.8271 -2.8644  111698.6   74350.5    6586.8 -2.7992 -2.9625  108697.5  150904.2 -190371.7
     1498.6     104.4  110720.2   73210.6  112231.9   74742.2  112884.2   75697.6  110571.6   73357.3
  114 3     -1 -2.7574 -2.9467  117255.0   81000.2    3720.0 -2.7992 -2.9625  116722.3  159397.2 -193238.5
      852.2      51.7  116710.5   80342.6  117296.0   80968.3  118006.8   81864.8  116635.0   80413.2
  115 3      0 -2.7757 -2.9559  120373.9   84522.8    2868.3 -2.7992 -2.9625  119106.6  161920.7 -194090.3
      656.7      23.6  119941.6   84027.9  120257.7   84364.5  121013.4   85224.7  119907.1   84060.2
