groupid:   8008, ntrk: 18
vertex track :          0   3 105    5008779 -0.0923 -0.3078   45032.9  103081.2     260.5    13  1465.5
  106 3      1 -0.0946 -0.3067   45164.2   25653.6   -2868.7 -0.0976 -0.3095   43746.4  102124.8 -178515.6
       33.3       4.5   45158.7   25620.5   45158.4   25619.7   45379.7   25896.4   45150.1   25623.1
  107 3      2 -0.0909 -0.3082   45151.4   24058.1   -3718.1 -0.0976 -0.3095   43829.2  102387.7 -179365.0
       40.3       9.6   45149.2   24016.7   45152.9   24029.4   45363.5   24309.2   45130.8   24022.2
  108 3      3 -0.0952 -0.3080   47784.1   26670.5   -6587.8 -0.0976 -0.3095   44109.3  103275.9 -182234.6
       64.6      18.6   47782.8   26603.3   47800.9   26662.0   47995.3   26947.4   47747.2   26614.3
vertex track :         13   3 105    4401910  0.6066 -0.7359   46926.4  101985.0     258.6     0     nan
  106 3      1  0.6112 -0.6968   46460.9   28103.8   -3103.9  0.6018 -0.7489   43310.8  102548.8 -178748.4
        nan       nan      -nan       nan       nan       nan       nan       nan       nan       nan
  107 3      2  0.6202 -0.7090   44927.2   30542.4   -3938.5  0.6018 -0.7489   42808.4  103173.9 -179583.1
        nan       nan      -nan       nan       nan       nan       nan       nan       nan       nan
  108 3      3  0.6393 -0.7473   41654.6   27168.2   -6698.1  0.6018 -0.7489   41147.6  105240.6 -182342.7
        nan       nan      -nan       nan       nan       nan       nan       nan       nan       nan
vertex track :         45   3 105    5008777 -1.8030 -0.3981   42952.8  103059.8     262.8     0  4567.4
  106 3      1 -1.8065 -0.3846   48390.8   25888.7   -2867.8 -1.8261 -0.3741   47066.7  102338.9 -178520.9
      211.1       9.9   48186.3   25835.1   48220.0   25842.2   48803.4   26152.0   48182.2   25854.5
  107 3      2 -1.8030 -0.4077   49812.1   24409.6   -3717.6 -1.8261 -0.3741   48618.5  102656.8 -179370.7
      254.4      14.5   49567.2   24339.3   49684.9   24365.9   50265.3   24689.5   49560.8   24367.7
  108 3      3 -1.7994 -0.3807   57186.7   27141.0   -6587.4 -1.8261 -0.3741   53859.1  103730.4 -182240.5
      409.8      26.2   56791.2   27030.5   57215.1   27120.2   57790.4   27461.1   56780.3   27081.8
vertex track :         54   3 105    5032635 -2.2743  0.5780   38621.8  105710.7     269.3     0  3737.7
  106 3      1 -2.2814  0.4898   46428.6   28082.5   -3104.2 -2.2886  0.6123   44741.2  101820.5 -178764.2
      315.0      13.4   46117.8   28135.5   46254.6   28106.1   46947.1   28240.0   46123.4   28161.7
  107 3      2 -2.1468  0.4960   47374.0   29427.8   -3939.0 -2.2886  0.6123   46651.7  101309.4 -179598.9
      380.0      20.9   46999.1   29493.0   47288.8   29426.1   47956.8   29573.1   47008.5   29533.7
  108 3      3 -2.2002  0.6515   52217.2   22112.7   -6708.8 -2.2886  0.6123   52990.9   99613.5 -182368.8
      602.9      37.1   51628.6   22248.3   52322.7   22042.7   53013.6   22187.7   51649.6   22319.4
vertex track :         72   3 105    5281158 -2.0660 -0.0953   41801.9  103428.2     264.5     0  1650.8
  106 3      1 -2.0668 -0.0802   48043.7   25321.6   -2868.8 -2.0882 -0.0659   46739.5  101760.7 -178524.7
      247.9      14.8   47796.5   25297.1   47858.0   25299.5   48498.8   25555.9   47795.4   25326.8
  107 3      2 -2.0717 -0.1058   49701.7   23582.7   -3718.4 -2.0882 -0.0659   48513.7  101816.6 -179374.4
      304.3      29.7   49399.3   23537.5   49572.1   23546.3   50212.0   23837.7   49396.2   23596.8
  108 3      3 -2.0688 -0.0741   57788.2   25459.0   -6585.2 -2.0882 -0.0659   54500.0  102005.5 -182241.1
      497.2      57.0   57293.4   25384.2   57852.7   25404.2   58491.0   25743.7   57289.3   25498.2
vertex track :        108   3 105    5471774 -1.9543 -0.6552   41574.7  102650.8     261.5     0  1497.6
  106 3      1 -1.9484 -0.5744   48494.2   28558.3   -3107.0 -1.9833 -0.6306   46642.0  102904.9 -178762.7
      261.1      17.0   48248.6   28468.2   48340.3   28495.2   48947.9   28857.9   48238.9   28500.8
  107 3      2 -1.9393 -0.6488   48961.8   30959.8   -3942.1 -1.9833 -0.6306   48298.4  103431.6 -179597.9
      318.4      34.0   48670.6   30826.5   48867.2   30892.3   49460.9   31302.5   48649.0   30891.1
  108 3      3 -1.9150 -0.6333   53125.3   27209.6   -6714.0 -1.9833 -0.6306   53795.8  105179.4 -182369.7
      506.4      63.1   52664.3   26990.7   53223.8   27175.7   53794.4   27637.9   52624.7   27110.5
vertex track :        110   3 105    5472031 -0.1652  0.6365   44988.8  103651.1     262.6     0   619.2
  106 3      1 -0.1613  0.6372   45308.4   23303.7   -2868.2 -0.1621  0.6348   43909.1   99739.1 -178515.5
       65.4      11.8   45280.9   23364.3   45279.1   23371.2   45545.7   23453.8   45303.8   23370.1
  107 3      2 -0.1669  0.6377   45424.3   20925.3   -3718.2 -0.1621  0.6348   44046.9   99199.5 -179365.5
       81.9      27.4   45377.1   20997.7   45383.5   20973.1   45681.3   21063.6   45430.0   21011.5
  108 3      3 -0.1579  0.6384   48171.6   20872.4   -6585.5 -0.1621  0.6348   44511.7   97379.2 -182232.8
      133.2      53.5   48087.7   20988.9   48118.5   20864.3   48465.3   20966.6   48191.5   21014.6
vertex track :        135   3 105    5719850 -3.6987  2.3176   35541.8  110140.5     281.8     0     nan
  106 3      1 -3.8041  2.3672   47460.0   27570.5   -3105.2 -3.7541  2.3786   46675.6  100307.5 -178770.2
        nan       nan      -nan       nan       nan       nan       nan       nan       nan       nan
  107 3      2 -3.7003  2.2649   49606.5   27448.2   -3937.9 -3.7541  2.3786   49801.5   98327.0 -179602.9
        nan       nan      -nan       nan       nan       nan       nan       nan       nan       nan
  108 3      3 -3.5284  2.3677   58581.5   15246.4   -6709.8 -3.7541  2.3786   60207.5   91733.8 -182374.8
        nan       nan      -nan       nan       nan       nan       nan       nan       nan       nan
vertex track :        136   3 105    5719916 -3.6555  4.2435   37592.5  112812.3     282.8     0  1094.3
  106 3      1 -3.6325  4.2739   48729.5   21235.4   -2867.5 -3.6095  4.2674   47417.0   97566.0 -178518.7
     1367.8      70.9   47789.8   22231.7   48798.5   21044.8   49875.7   20453.4   47897.7   22323.5
  107 3      2 -3.6796  4.2223   51781.1   15918.4   -3719.7 -3.6095  4.2674   50493.0   93929.3 -179370.9
     1896.1     167.4   50409.2   17237.9   52127.9   15265.7   53359.3   14813.2   50661.6   17457.9
  108 1      3 -3.6132  4.2312   64048.3   84563.1   -6584.6 -3.6095  4.2674   60833.7   81703.7 -182235.8
     3339.8     327.0   61630.8   86890.5   65209.7   82699.6   66672.1   82449.9   62128.1   87315.2
vertex track :        138   3 105    5721295 -3.5161  2.6303   34283.8  112022.8     282.8     0   663.5
  106 3      1 -3.4648  2.4555   45673.2   28536.1   -3105.1 -3.5609  2.6873   44765.4  101156.7 -178770.8
      982.7      88.6   44820.2   29032.1   45696.1   28411.3   46732.7   28252.6   44922.6   29176.6
  107 3      2 -3.6199  2.5866   47632.5   28147.2   -3935.6 -3.5609  2.6873   47722.8   98924.9 -179601.3
     1439.1     205.7   46342.0   28816.5   47923.6   27686.4   49129.4   27690.6   46581.3   29151.3
  108 3      3 -3.4830  2.5174   56096.8   15072.5   -6709.7 -3.5609  2.6873   57601.0   91470.0 -182375.4
     2501.3     387.6   53842.5   16223.6   57165.6   13821.8   58557.6   14133.9   54296.6   16851.9
vertex track :        148   3 106    5048189 -0.5258 -0.9383   44824.4  102655.7     205.2     0     nan
  103 3     -2 -0.5352 -0.9349   43043.3   20500.9    6588.3 -0.5343 -0.9366   40303.4   96084.0 -172105.9
        nan       nan      -nan       nan       nan       nan       nan       nan       nan       nan
  104 3     -1 -0.4864 -0.9573   42040.0   20871.8    3720.0 -0.5343 -0.9366   41836.0   98770.5 -174974.3
        nan       nan      -nan       nan       nan       nan       nan       nan       nan       nan
  105 3      0 -0.5299 -0.9397   43958.6   22742.9    2866.8 -0.5343 -0.9366   42291.8   99569.5 -175827.4
        nan       nan      -nan       nan       nan       nan       nan       nan       nan       nan
vertex track :        160   3 106    5049882  2.0769  0.7799   38056.7   99660.8     212.3     0  1877.1
  103 3     -2  2.1545  0.7646   51954.7   24137.8    6604.5  2.0923  0.7748   50266.7  104079.3 -172105.6
      515.9      51.4   52423.7   24358.8   51903.7   24174.3   51697.8   24127.6   52458.0   24262.0
  104 3     -1  2.0068  0.7819   47058.6   24936.5    3892.5  2.0923  0.7748   44592.5  101978.1 -174817.6
      314.8      26.6   47342.2   25075.6   47177.0   25011.2   46986.9   25008.2   47361.5   25026.0
  105 3      0  2.1016  0.8469   43368.0   22490.9    3073.7  2.0923  0.7748   42879.3  101343.7 -175636.4
      255.8      13.4   43600.2   22598.9   43567.1   22585.6   43347.9   22593.7   43610.3   22574.1
vertex track :        162   3 106    5235431 -0.7593 -1.6617   46442.2  105839.1     203.0     0     nan
  103 3     -2 -0.7653 -1.6729   43121.8   18898.6    6585.7 -0.7735 -1.6613   40417.0   94626.8 -172100.4
        nan       nan      -nan       nan       nan       nan       nan       nan       nan       nan
  104 3     -1 -0.7867 -1.6485   42746.0   21242.9    3717.1 -0.7735 -1.6613   42636.0   99392.5 -174969.0
        nan       nan      -nan       nan       nan       nan       nan       nan       nan       nan
  105 3      0 -0.7621 -1.6546   44855.2   23704.7    2866.5 -0.7735 -1.6613   43294.0  100805.6 -175819.6
        nan       nan      -nan       nan       nan       nan       nan       nan       nan       nan
vertex track :        175   3 106    5471608 -1.2741  0.8097   47198.7  100504.1     199.3     0     nan
  103 3     -2 -1.1936  0.7651   38941.1   25058.1    6565.5 -1.2775  0.8211   37959.3  105112.7 -172125.0
        nan       nan      -nan       nan       nan       nan       nan       nan       nan       nan
  104 3     -1 -1.3350  0.7280   43753.9   25935.3    3892.2 -1.2775  0.8211   41374.4  102917.6 -174798.3
        nan       nan      -nan       nan       nan       nan       nan       nan       nan       nan
  105 3      0 -1.2632  0.7430   42877.1   23354.3    3077.1 -1.2775  0.8211   42415.8  102248.2 -175613.4
        nan       nan      -nan       nan       nan       nan       nan       nan       nan       nan
vertex track :        187   3 106    5473236  1.3834 -0.1760   44609.1  102645.7     205.2     0     nan
  103 3     -2  1.3790 -0.1908   55532.9   25412.9    6585.5  1.3891 -0.1919   52360.2  100830.4 -172108.9
        nan       nan      -nan       nan       nan       nan       nan       nan       nan       nan
  104 3     -1  1.4169 -0.1933   49268.4   23775.6    3718.3  1.3891 -0.1919   48377.5  101380.5 -174976.0
        nan       nan      -nan       nan       nan       nan       nan       nan       nan       nan
  105 3      0  1.3855 -0.1820   49638.9   25033.5    2868.0  1.3891 -0.1919   47196.4  101543.7 -175826.3
        nan       nan      -nan       nan       nan       nan       nan       nan       nan       nan
vertex track :        195   3 106    5502113 -1.7267 -1.6548   48233.1  105420.2     201.0     0  2033.3
  103 3     -2 -1.8526 -1.7380   36902.6   13727.5    6596.4 -1.7502 -1.6452   35960.2   94271.4 -172087.5
      582.4      52.6   36513.9   13290.7   36974.3   13722.6   37499.5   14372.6   36441.9   13367.5
  104 3     -1 -1.6226 -1.7599   43110.5   21641.2    3883.5 -1.7502 -1.6452   40708.4   98734.6 -174800.4
      353.6      27.3   42890.8   21362.7   43029.5   21513.1   43538.5   22127.9   42850.7   21399.7
  105 3      0 -1.7344 -1.7332   42628.5   21195.9    3073.3 -1.7502 -1.6452   42126.3  100067.5 -175610.5
      287.1      13.9   42435.3   20983.1   42477.2   21025.0   43030.0   21617.0   42415.6   21002.9
vertex track :        205   3 106    5901346  2.2909  1.8446   38832.7   97374.5     211.3     0   173.3
  103 3     -2  2.3013  1.8144   55842.2   33462.9    6585.1  2.3091  1.8368   52379.5  108536.3 -172127.3
     3080.9     957.3   57668.9   36122.2   53313.4   32688.3   54227.8   31015.5   58854.3   34618.6
  104 3     -1  2.3829  1.8522   47095.9   26390.4    3718.1  2.3091  1.8368   45759.4  103270.2 -174994.3
     1501.8     459.5   47999.6   27675.0   46128.5   26220.5   46404.5   25317.8   48563.7   26949.3
  105 3      0  2.3069  1.8144   46641.1   26033.2    2868.7  2.3091  1.8368   43798.1  101710.0 -175843.7
      654.9     173.6   47048.6   26574.6   46503.5   26145.8   46445.9   25703.7   47263.2   26301.7
vertex track :        249   3 106    6144151  3.1038 -0.3151   40562.9  102490.3     212.2     0  2500.4
  103 3     -2  3.2067 -0.3694   61145.1   19602.8    6625.8  3.1152 -0.3485   59408.2   99705.9 -172078.0
      918.8      62.0   62065.0   19559.2   60912.8   19691.9   60438.4   19856.0   62050.8   19436.1
  104 3     -1  3.0594 -0.4064   53321.4   23650.4    3892.8  3.1152 -0.3485   50894.1  100658.3 -174811.1
      546.8      32.1   53867.7   23610.2   53426.1   23668.8   52988.2   23900.1   53859.3   23546.5
  105 3      0  3.0722 -0.5100   48798.3   22048.4    3084.8  3.1152 -0.3485   48376.8  100939.9 -175619.1
      438.2      16.6   49233.4   21993.0   49013.9   22029.5   48576.4   22313.3   49227.9   21960.3
