groupid:   8089, ntrk: 26
vertex track :          0   3 125    1492916 -0.0172 -0.1844   56420.0   60228.4     245.6    13  1285.8
  126 1      1 -0.0172 -0.1843   55054.4   60603.6   -2868.1 -0.0167 -0.1869   53214.9   58295.4 -215743.4
       20.8       4.2   55056.6   60582.5   55056.9   60585.3   55262.1   60834.6   55048.3   60583.2
  127 1      2 -0.0150 -0.1853   55330.1   58990.6   -3717.7 -0.0167 -0.1869   53229.0   58454.2 -216593.1
       26.4       9.9   55337.9   58963.5   55339.0   58977.3   55532.4   59227.6   55318.1   58965.1
  128 1      3 -0.0185 -0.1832   57073.1   61726.5   -6590.0 -0.0167 -0.1869   53277.0   58990.9 -219465.3
       43.9      19.5   57088.0   61680.8   57093.0   61729.7   57268.1   61981.9   57049.3   61684.8
vertex track :          5   3 125     581498 -2.0082 -1.8298   51054.2   55794.8     245.7     0     nan
  126 1      1 -2.1308 -1.8001   58195.7   61153.5   -2856.9 -2.0273 -1.8275   54031.0   58960.1 -215730.2
        nan       nan      -nan       nan       nan       nan       nan       nan       nan       nan
  127 1      2 -2.0519 -1.8787   58998.2   65160.0   -3682.8 -2.0273 -1.8275   55705.4   60469.4 -216556.1
        nan       nan      -nan       nan       nan       nan       nan       nan       nan       nan
  128 1      3 -1.9475 -1.9867   64319.1   66960.5   -6314.0 -2.0273 -1.8275   61039.4   65278.0 -219187.3
        nan       nan      -nan       nan       nan       nan       nan       nan       nan       nan
vertex track :         11   3 125     583334 -2.1950 -2.3359   51751.2   55842.6     244.9     0     nan
  126 1      1 -2.1958 -2.3345   56608.5   62363.9   -2867.1 -2.2188 -2.3366   55348.0   60604.6 -215740.7
        nan       nan      -nan       nan       nan       nan       nan       nan       nan       nan
  127 1      2 -2.1660 -2.3597   58656.9   62553.3   -3718.5 -2.2188 -2.3366   57237.1   62594.0 -216592.2
        nan       nan      -nan       nan       nan       nan       nan       nan       nan       nan
  128 1      3 -2.1993 -2.3130   66211.7   70774.3   -6583.5 -2.2188 -2.3366   63594.0   69288.4 -219457.1
        nan       nan      -nan       nan       nan       nan       nan       nan       nan       nan
vertex track :         73   3 125    1453793 -1.8749 -2.3556   52562.8   55644.1     243.0     0   729.8
  126 1      1 -1.9059 -2.4294   59378.5   62542.0   -2854.7 -1.8978 -2.3601   55137.9   60438.5 -215728.3
      457.2      42.5   59129.8   62156.1   59293.9   62365.3   59835.4   63135.5   59062.9   62208.5
  127 1      2 -1.8863 -2.3722   59991.5   66985.9   -3683.2 -1.8978 -2.3601   56710.1   62393.7 -216556.8
      623.8     100.8   59682.2   66434.9   60062.6   66913.2   60509.0   67744.5   59524.4   66560.4
  128 1      3 -2.0404 -2.2543   64894.1   70201.2   -6305.0 -1.8978 -2.3601   61685.9   68581.5 -219178.6
     1051.1     190.5   64330.0   69294.0   65312.2   70379.2   65666.2   71316.1   64047.5   69549.7
vertex track :         83   3 125    1492279  2.2438 -2.0129   58977.6   58079.3     240.5     0     nan
  126 1      1  2.2426 -2.0237   51143.8   63698.3   -2868.6  2.2676 -2.0584   48675.6   61930.6 -215746.5
        nan       nan      -nan       nan       nan       nan       nan       nan       nan       nan
  127 1      2  2.2635 -1.9775   49532.9   63507.0   -3718.4  2.2676 -2.0584   46748.5   63680.0 -216596.3
        nan       nan      -nan       nan       nan       nan       nan       nan       nan       nan
  128 1      3  2.2168 -2.0452   45206.4   71459.8   -6585.2  2.2676 -2.0584   40247.8   69581.0 -219463.1
        nan       nan      -nan       nan       nan       nan       nan       nan       nan       nan
vertex track :         92   3 125    1494440 -1.0331 -0.4573   53455.0   59536.0     245.5     0     nan
  126 1      1 -1.0861 -0.4295   57773.0   60969.8   -2857.2 -1.0393 -0.4542   53399.4   58445.6 -215727.9
        nan       nan      -nan       nan       nan       nan       nan       nan       nan       nan
  127 1      2 -1.0345 -0.5046   57687.7   63785.1   -3686.0 -1.0393 -0.4542   54260.8   58822.0 -216556.7
        nan       nan      -nan       nan       nan       nan       nan       nan       nan       nan
  128 1      3 -0.9798 -0.5040   60333.4   61594.4   -6325.5 -1.0393 -0.4542   57004.0   60020.8 -219196.1
        nan       nan      -nan       nan       nan       nan       nan       nan       nan       nan
vertex track :        115   3 125    1583481 -1.8317  1.9476   52846.7   64859.6     255.3     0 10000.8
  126 1      1 -1.8297  1.9469   56671.7   59137.1   -2868.7 -1.8209  1.9687   55283.9   56263.3 -215743.7
      363.8      12.3   56413.6   59393.7   56527.6   59272.4   57137.9   59092.3   56431.5   59410.6
  127 1      2 -1.8495  1.9054   58553.7   55760.7   -3717.6 -1.8209  1.9687   56829.8   54591.9 -216592.7
      445.4      16.5   58231.7   56068.8   58463.7   55829.7   59083.9   55664.5   58255.3   56091.8
  128 1      3 -1.8131  1.9597   64860.4   52805.4   -6577.1 -1.8209  1.9687   62036.6   48962.4 -219452.2
      732.5      29.0   64341.6   53323.4   64955.8   52659.6   65587.3   52499.4   64384.2   53362.8
vertex track :        128   3 125    1585374 -0.9140  0.8481   55152.2   61668.9     246.3     0 10000.5
  126 1      1 -0.9730  0.8168   59172.8   59361.7   -2857.8 -0.9107  0.8598   54722.9   56507.7 -215730.5
      125.4       7.2   59072.2   59436.8   59059.9   59447.1   59482.5   59497.4   59081.4   59447.8
  127 1      2 -0.9572  0.8141   58951.2   61078.7   -3686.4 -0.9107  0.8598   55477.5   55795.3 -216559.0
      147.9       9.3   58832.6   61167.4   58856.8   61146.7   59279.0   61200.8   58844.6   61181.6
  128 1      3 -0.8862  0.8314   61306.6   55103.2   -6325.2 -0.9107  0.8598   57880.9   53526.4 -219197.9
      225.9      15.7   61131.1   55246.3   61274.4   55111.8   61691.2   55171.0   61152.6   55269.2
vertex track :        137   3 125    1798258 -0.9015 -3.6816   53753.7   50776.9     237.1     0   388.5
  126 1      1 -0.9040 -3.6928   54922.0   61149.3   -2867.7 -0.9272 -3.7176   53313.5   59765.0 -215746.2
      777.4     111.7   54845.6   60367.6   55025.5   61102.3   55207.4   62137.2   54628.6   60420.7
  127 1      2 -0.8528 -3.7044   55975.5   62394.9   -3717.5 -0.9272 -3.7176   54101.3   62924.0 -216595.9
     1338.4     274.1   55942.3   61029.1   56363.8   62859.8   56217.8   63967.0   55408.1   61152.1
  128 1      3 -0.9349 -3.6811   60128.7   74285.3   -6590.5 -0.9272 -3.7176   56765.1   73604.7 -219469.0
     2507.2     540.5   60035.4   71722.2   61073.4   75809.3   60431.0   77054.8   58987.6   71988.4
vertex track :        203   3 125    2539890 -3.8548  2.5578   50853.3   64273.0     259.2     0  2818.8
  126 1      1 -3.8317  2.5598   63443.2   57039.1   -2855.5 -3.8280  2.5859   59508.8   53781.9 -215731.4
      922.1      26.9   62661.5   57529.0   63390.3   57042.1   64431.1   56761.9   62691.4   57573.7
  127 1      2 -3.9969  2.6527   65612.8   57475.4   -3681.9 -3.8280  2.5859   62672.1   51645.2 -216557.8
     1162.5      52.8   64615.0   58074.3   65712.8   57345.7   66816.5   57089.2   64673.4   58162.2
  128 1      3 -3.8439  2.4716   76253.2   46492.4   -6272.1 -3.8280  2.5859   72587.7   44947.1 -219148.1
     1901.6      96.9   74601.3   47439.3   76993.0   45901.4   78111.3   45757.9   74706.1   47602.4
vertex track :        229   3 126     314045  1.9845  0.3341   49596.0   59197.8     243.9     0     nan
  123 1     -2  1.9807  0.3428   61567.3   61301.7    6583.9  2.0026  0.3218   60419.8   58917.7 -209139.4
        nan       nan      -nan       nan       nan       nan       nan       nan       nan       nan
  124 1     -1  1.9795  0.3502   55258.3   59001.4    3719.5  2.0026  0.3218   54683.6   57995.9 -212003.8
        nan       nan      -nan       nan       nan       nan       nan       nan       nan       nan
  125 1      0  1.9849  0.3439   56658.2   60307.2    2867.4  2.0026  0.3218   52977.3   57721.7 -212855.8
        nan       nan      -nan       nan       nan       nan       nan       nan       nan       nan
vertex track :        230   3 126     314407  2.0735  1.5178   50057.9   56509.2     240.1     0     nan
  123 1     -2  2.1426  1.5743   64812.4   66873.0    6686.1  2.0930  1.5109   61667.1   63908.4 -209039.4
        nan       nan      -nan       nan       nan       nan       nan       nan       nan       nan
  124 1     -1  1.9921  1.3564   59938.6   63099.3    3676.4  2.0930  1.5109   55367.7   59361.2 -212049.1
        nan       nan      -nan       nan       nan       nan       nan       nan       nan       nan
  125 1      0  2.1811  1.6306   54594.0   60717.7    2852.4  2.0930  1.5109   53643.1   58116.3 -212873.1
        nan       nan      -nan       nan       nan       nan       nan       nan       nan       nan
vertex track :        233   3 126     340228 -1.5910 -2.0059   57479.6   63347.2     233.0     0     nan
  123 1     -2 -1.5835 -2.0141   45397.3   49544.2    6585.7 -1.6072 -2.0091   45466.1   48248.0 -209136.2
        nan       nan      -nan       nan       nan       nan       nan       nan       nan       nan
  124 1     -1 -1.7145 -2.0293   49890.2   54621.5    3718.6 -1.6072 -2.0091   50074.3   54008.3 -212003.3
        nan       nan      -nan       nan       nan       nan       nan       nan       nan       nan
  125 1      0 -1.5807 -2.0123   54339.8   57770.9    2867.0 -1.6072 -2.0091   51443.0   55719.3 -212854.9
        nan       nan      -nan       nan       nan       nan       nan       nan       nan       nan
vertex track :        234   3 126     340259 -0.9493 -0.7931   57729.1   62290.6     233.7     0     nan
  123 1     -2 -1.0857 -0.7581   52503.3   57487.2    6736.8 -0.9569 -0.7929   49698.6   54787.4 -208986.1
        nan       nan      -nan       nan       nan       nan       nan       nan       nan       nan
  124 1     -1 -0.8922 -0.8696   56554.6   60323.2    3707.7 -0.9569 -0.7929   52597.2   57189.3 -212015.2
        nan       nan      -nan       nan       nan       nan       nan       nan       nan       nan
  125 1      0 -1.0007 -0.7464   53544.3   59881.1    2854.9 -0.9569 -0.7929   53413.3   57865.5 -212868.0
        nan       nan      -nan       nan       nan       nan       nan       nan       nan       nan
vertex track :        246   3 126     342456 -0.6212 -1.1022   55430.3   61218.2     236.8     0     nan
  123 1     -2 -0.6310 -1.0972   49924.2   53658.6    6583.6 -0.6293 -1.1069   49609.3   51852.2 -209139.7
        nan       nan      -nan       nan       nan       nan       nan       nan       nan       nan
  124 1     -1 -0.6344 -1.1099   51388.6   55778.6    3716.8 -0.6293 -1.1069   51413.3   55025.4 -212006.5
        nan       nan      -nan       nan       nan       nan       nan       nan       nan       nan
  125 1      0 -0.6164 -1.1053   55055.8   58224.5    2868.4 -0.6293 -1.1069   51947.2   55964.4 -212854.9
        nan       nan      -nan       nan       nan       nan       nan       nan       nan       nan
vertex track :        263   3 126     700691 -1.6095  1.4385   57661.0   57866.2     230.0     0     nan
  123 1     -2 -1.6561  1.3926   48186.4   67846.4    6687.3 -1.6031  1.4485   45478.1   64838.8 -209034.9
        nan       nan      -nan       nan       nan       nan       nan       nan       nan       nan
  124 1     -1 -1.7424  1.4531   53930.4   64213.6    3660.9 -1.6031  1.4485   50329.6   60455.2 -212061.2
        nan       nan      -nan       nan       nan       nan       nan       nan       nan       nan
  125 1      0 -1.5351  1.5011   51564.0   61919.5    2854.8 -1.6031  1.4485   51621.8   59287.6 -212867.3
        nan       nan      -nan       nan       nan       nan       nan       nan       nan       nan
vertex track :        268   3 126     701834  2.1851  2.5466   53052.6   58121.8     238.1     0     nan
  123 1     -2  2.2601  2.6294   66285.1   75018.4    6584.6  2.2058  2.5398   65194.7   71891.0 -209139.3
        nan       nan      -nan       nan       nan       nan       nan       nan       nan       nan
  124 1     -1  2.2436  2.4658   59497.1   66100.0    3716.2  2.2058  2.5398   58867.4   64605.9 -212007.8
        nan       nan      -nan       nan       nan       nan       nan       nan       nan       nan
  125 1      0  2.1894  2.5473   60667.7   65521.2    2868.7  2.2058  2.5398   56998.0   62453.5 -212855.2
        nan       nan      -nan       nan       nan       nan       nan       nan       nan       nan
vertex track :        270   3 126     702009  2.1244 -0.3629   53093.2   60741.8     241.2     0     nan
  123 1     -2  2.2546 -0.4735   68298.2   58796.5    6749.1  2.1418 -0.3808   65188.4   55933.7 -208975.7
        nan       nan      -nan       nan       nan       nan       nan       nan       nan       nan
  124 1     -1  2.3178 -0.5036   63262.5   60330.6    3669.9  2.1418 -0.3808   58593.3   57106.2 -212054.9
        nan       nan      -nan       nan       nan       nan       nan       nan       nan       nan
  125 1      0  2.0512 -0.3504   57762.2   59568.2    2843.3  2.1418 -0.3808   56823.0   57421.0 -212881.5
        nan       nan      -nan       nan       nan       nan       nan       nan       nan       nan
vertex track :        283   3 126     751425 -0.9625 -2.1464   57911.2   66524.0     235.4     0     nan
  123 1     -2 -0.8861 -2.2002   50144.1   51952.1    6585.3 -0.9858 -2.1684   49869.1   50444.1 -209138.6
        nan       nan      -nan       nan       nan       nan       nan       nan       nan       nan
  124 1     -1 -0.9871 -2.1206   52611.8   57282.3    3707.3 -0.9858 -2.1684   52706.3   56684.7 -212016.6
        nan       nan      -nan       nan       nan       nan       nan       nan       nan       nan
  125 1      0 -0.9608 -2.1583   56568.4   60558.4    2866.8 -0.9858 -2.1684   53534.9   58507.3 -212857.1
        nan       nan      -nan       nan       nan       nan       nan       nan       nan       nan
vertex track :        294   3 126    1176996 -1.4747  0.3185   59022.1   59243.1     228.0     0     nan
  123 1     -2 -1.3965  0.3230   50428.9   61844.3    6783.5 -1.4777  0.3301   47518.1   59025.7 -208935.5
        nan       nan      -nan       nan       nan       nan       nan       nan       nan       nan
  124 1     -1 -1.4490  0.2909   55918.1   61349.6    3704.1 -1.4777  0.3301   52068.5   58009.3 -212014.8
        nan       nan      -nan       nan       nan       nan       nan       nan       nan       nan
  125 1      0 -1.6109  0.3640   53293.4   60028.9    2854.6 -1.4777  0.3301   53323.8   57728.9 -212864.4
        nan       nan      -nan       nan       nan       nan       nan       nan       nan       nan
vertex track :        306   3 126    1796741 -3.3225  4.2570   63785.7   48607.4     214.9     0   252.8
  123 1     -2 -3.3315  4.2612   39971.6   77083.6    6601.4 -3.2952  4.2552   40907.9   73319.4 -209126.6
     8028.5    1394.4   33928.2   82549.7   43118.4   70794.7   46221.7   71831.9   36125.3   84267.4
  124 1     -1 -3.2474  4.2949   49878.7   62875.5    3704.8 -3.2952  4.2552   50452.5   60994.0 -212023.1
     3888.5     664.4   47003.6   65576.6   51012.0   60275.1   52960.6   60388.8   48063.4   66378.0
  125 1      0 -3.3219  4.2346   55706.6   60904.5    2868.7 -3.2952  4.2552   53207.6   57436.2 -212859.2
     1734.3     252.2   54437.8   62113.4   55881.0   60273.6   57182.1   59909.9   54834.6   62424.7
vertex track :        318   3 126    1840258  3.7404  2.6775   47641.1   55297.6     245.2     0   270.2
  123 1     -2  3.6924  2.3140   73289.9   73319.8    6735.4  3.7735  2.6655   70229.3   70265.8 -208994.6
     5186.7    1032.2   77136.8   76948.7   69122.3   71926.1   69656.8   69903.3   78233.0   75199.5
  124 1     -1  3.9160  3.0757   63862.9   66106.9    3679.8  3.7735  2.6655   58698.9   62121.0 -212050.2
     2441.2     474.2   65489.9   67987.7   62472.5   65617.8   62449.9   64439.1   66075.7   67241.9
  125 1      0  3.8029  2.7547   56974.7   62863.8    2846.7  3.7735  2.6655   55555.5   59900.6 -212883.3
     1140.1     178.6   57793.3   63677.2   56745.2   62918.0   56369.9   62263.0   58002.8   63388.0
vertex track :        344   3 126    1881837  4.1377 -0.0033   43752.0   59595.8     253.9     0  6862.6
  123 1     -2  4.1441  0.0339   70298.5   59432.2    6586.5  4.1847 -0.0303   68347.4   57124.7 -209139.4
     1472.3      45.8   71770.3   59490.0   69696.1   59473.1   69040.7   59584.4   71771.1   59398.5
  124 1     -1  4.1643 -0.0573   57123.5   58187.3    3712.8  4.1847 -0.0303   56321.7   57211.7 -212013.1
      829.9      23.7   57953.6   58199.5   57168.4   58210.4   56507.4   58384.9   57953.0   58152.1
  125 1      0  4.1357  0.0233   56964.4   59740.4    2870.3  4.1847 -0.0303   52796.1   57237.2 -212855.6
      647.2      15.3   57611.5   59759.3   57185.6   59756.9   56531.4   59931.4   57611.7   59728.7
vertex track :        356   3 126    1917961  3.4870 -3.2697   53829.6   61619.2     238.2     0   119.7
  123 1     -2  3.9519 -3.4425   77868.1   40487.4    6766.1  3.5062 -3.3351   74883.6   37520.5 -208956.5
    17053.3    3468.8   93005.2   31901.8   68117.7   53581.3   62944.9   49279.6   88448.4   26670.7
  124 1     -1  3.9152 -3.6171   69107.4   50342.0    3655.5  3.5062 -3.3351   63977.4   47894.6 -212067.1
     7759.9    1574.2   75875.5   46232.5   65298.1   56004.5   62553.3   54657.9   73739.0   43920.0
  125 1      0  3.4670 -3.3613   62378.2   52056.1    2855.4  3.5062 -3.3351   61172.1   50563.0 -212867.2
     3045.8     600.2   64982.7   50366.8   61337.2   53901.2   59987.0   53951.9   64147.2   49505.0
vertex track :        357   3 126    1918088 -0.1086 -1.4054   55235.9   62921.7     237.0     0     nan
  123 1     -2 -0.1065 -1.3960   53203.2   53273.8    6582.6 -0.1158 -1.4167   52682.2   51606.7 -209140.6
        nan       nan      -nan       nan       nan       nan       nan       nan       nan       nan
  124 1     -1 -0.0898 -1.4267   53009.3   56414.0    3719.6 -0.1158 -1.4167   53013.9   55662.7 -212003.6
        nan       nan      -nan       nan       nan       nan       nan       nan       nan       nan
  125 1      0 -0.1014 -1.4128   56336.9   59057.0    2869.6 -0.1158 -1.4167   53112.3   56867.0 -212853.6
        nan       nan      -nan       nan       nan       nan       nan       nan       nan       nan
vertex track :        360   3 126    1918627  1.5994 -1.6590   51640.8   63729.9     243.8     0   267.4
  123 1     -2  1.7707 -1.9501   63146.8   53290.7    6775.9  1.6041 -1.6870   60283.7   50415.1 -208949.6
     1143.9     400.8   64212.4   52713.3   63046.3   53997.5   62292.9   54076.2   63619.0   52174.5
  124 1     -1  1.5427 -1.5697   59824.1   58485.9    3687.6  1.6041 -1.6870   55329.6   55625.3 -212037.9
      554.8     183.3   60343.7   58218.7   59889.9   58680.4   59516.0   58961.5   60082.2   57961.7
  125 1      0  1.8157 -1.6152   54933.1   58835.2    2855.1  1.6041 -1.6870   53994.2   57029.7 -212870.4
      305.8      69.3   55207.6   58683.7   55132.0   58751.0   54870.3   59195.0   55115.5   58580.1
