groupid:   8150, ntrk: 12
vertex track :          0   3 105     253552  0.0064 -0.1174   74509.2   46002.2     213.4    13  1655.0
  106 1      1  0.0059 -0.1173   73751.8   44907.4   -2866.6  0.0028 -0.1215   72571.0   43690.6 -178588.5
       15.3       3.1   73755.6   44892.2   73755.3   44898.2   73957.9   45132.4   73749.4   44891.9
  107 1      2  0.0066 -0.1171   74218.9   43480.5   -3717.6  0.0028 -0.1215   72568.7   43794.0 -179439.5
       19.8       7.5   74227.5   43461.1   74226.6   43476.0   74420.4   43709.7   74212.6   43460.3
  108 1      3  0.0055 -0.1170   76106.2   47009.7   -6584.7  0.0028 -0.1215   72560.7   44142.3 -182306.6
       33.5      14.7   76122.5   46976.9   76120.5   47019.2   76300.0   47252.3   76093.1   46975.5
vertex track :         23   3 105    1134620 -0.7720 -0.7798   71960.7   43837.2     212.7     0     nan
  106 1      1 -0.7362 -0.7949   75048.3   47188.0   -3098.4 -0.7929 -0.7748   72613.6   43759.7 -178835.6
        nan       nan      -nan       nan       nan       nan       nan       nan       nan       nan
  107 1      2 -0.7288 -0.7975   74965.8   49832.6   -3924.8 -0.7929 -0.7748   73268.8   44400.0 -179661.9
        nan       nan      -nan       nan       nan       nan       nan       nan       nan       nan
  108 1      3 -0.7234 -0.7371   75648.9   48163.8   -6684.2 -0.7929 -0.7748   75456.7   46537.9 -182421.3
        nan       nan      -nan       nan       nan       nan       nan       nan       nan       nan
vertex track :        103   3 105    2182298 -4.5067 -4.7671   60659.8   31209.9     200.1     0  2087.9
  106 1      1 -4.5294 -4.7395   73867.1   44513.7   -2868.3 -4.7058 -4.8894   72953.1   43662.5 -178670.2
     1743.1      49.8   72698.8   43219.2   74156.3   44744.2   75240.9   46013.5   72626.9   43288.0
  107 1      2 -4.4852 -4.7518   78105.0   46974.3   -3718.1 -4.7058 -4.8894   76952.3   47817.8 -179520.0
     2285.3     111.1   76617.2   45236.1   78812.6   47562.0   79798.4   48917.7   76455.6   45388.7
  108 1      3 -4.5376 -4.7167   92671.3   63318.7   -6586.0 -4.7058 -4.8894   90447.9   61840.1 -182387.9
     3976.5     217.8   90071.3   60302.1   94632.3   65043.0   95476.8   66540.7   89757.5   60604.0
vertex track :        118   3 106     485945 -0.2271  1.0534   74240.9   42362.0     182.5     0     nan
  103 1     -2 -0.2199  1.0538   73513.5   51483.3    6581.7 -0.2264  1.0461   71611.0   47846.3 -172212.8
        nan       nan      -nan       nan       nan       nan       nan       nan       nan       nan
  104 1     -1 -0.2390  1.0621   72344.3   46049.6    3715.4 -0.2264  1.0461   72259.9   44847.9 -175079.1
        nan       nan      -nan       nan       nan       nan       nan       nan       nan       nan
  105 1      0 -0.2265  1.0529   74273.0   47071.0    2867.2 -0.2264  1.0461   72451.9   43960.5 -175927.3
        nan       nan      -nan       nan       nan       nan       nan       nan       nan       nan
vertex track :        124   3 106     486733  1.1142  0.8516   73745.0   44885.9     186.5     0  3218.8
  103 1     -2  1.0911  0.8597   80623.4   48057.6    6716.0  1.1213  0.8312   79888.7   49103.9 -172073.4
      264.4      22.9   80816.9   48239.2   80630.7   48092.5   80641.0   48086.8   80845.3   48203.2
  104 1     -1  1.0866  0.8911   79044.9   48395.1    3880.8  1.1213  0.8312   76709.5   46747.3 -174908.6
      164.7      12.2   79164.5   48509.0   79138.0   48487.2   79136.3   48492.1   79179.9   48490.2
  105 1      0  1.0938  0.8577   76060.1   46236.2    3084.7  1.1213  0.8312   75816.8   46085.5 -175704.7
      139.0       7.8   76164.6   46328.2   76175.5   46336.7   76166.6   46355.1   76174.3   46315.9
vertex track :        137   3 106     878346 -2.0231  1.6834   77689.0   41021.4     180.5     0   269.5
  103 1     -2 -1.8950  1.6536   64995.7   54390.4    6589.4 -2.0198  1.6912   63589.2   50617.3 -172204.2
     1463.2     462.6   63589.0   55003.8   65396.1   53427.0   66610.4   53988.6   64197.4   55701.0
  104 1     -1 -1.9960  1.6596   68860.3   47182.1    3718.2 -2.0198  1.6912   69388.5   45761.5 -175075.4
      739.2     222.9   68149.4   47483.3   68867.1   46886.6   69779.2   47092.5   68434.4   47826.0
  105 1      0 -2.0192  1.6805   72204.2   47662.2    2866.5 -2.0198  1.6912   71108.8   44321.1 -175927.1
      394.5      84.8   71846.7   47849.3   72029.2   47697.5   72769.7   47686.7   71955.2   47979.7
vertex track :        148   3 106    1569120  1.1163  0.6184   71110.5   42896.0     189.1     0   127.4
  103 1     -2  1.0432  0.5649   78035.4   44466.8    6711.0  1.1237  0.5999   77229.2   45629.4 -172091.8
      958.5     574.0   78605.0   45428.0   77138.3   44633.7   77677.0   43716.2   79151.7   44418.6
  104 1     -1  1.1554  0.6075   76436.9   45429.4    3894.6  1.1237  0.5999   74064.4   43939.7 -174908.2
      484.6     285.2   76733.1   45907.4   76117.9   45583.9   76351.9   45162.0   76998.6   45402.5
  105 1      0  1.1465  0.6362   73394.5   43547.1    3077.2  1.1237  0.5999   73145.9   43449.4 -175725.6
      220.4     112.9   73532.5   43752.8   73387.8   43672.5   73467.7   43552.1   73642.0   43555.3
vertex track :        150   3 106    1569237  1.3999  1.0420   71115.2   42963.2     188.2     0     nan
  103 1     -2  1.3669  1.0649   81336.8   51974.4    6599.3  1.4075  1.0164   78929.3   48299.9 -172202.3
        nan       nan      -nan       nan       nan       nan       nan       nan       nan       nan
  104 1     -1  1.4071  1.0469   75568.3   46619.5    3717.5  1.4075  1.0164   74873.1   45370.9 -175084.1
        nan       nan      -nan       nan       nan       nan       nan       nan       nan       nan
  105 1      0  1.3932  1.0435   76162.7   47654.3    2866.6  1.4075  1.0164   73675.4   44506.0 -175935.1
        nan       nan      -nan       nan       nan       nan       nan       nan       nan       nan
vertex track :        151   3 106    1569558  0.0706 -0.2915   73565.8   45398.9     186.3     0   619.8
  103 1     -2  0.0753 -0.2994   73591.0   40988.1    6705.8  0.0692 -0.2958   72838.8   42261.7 -172081.7
       69.7      40.4   73647.2   40930.3   73629.0   41002.7   73744.9   41255.5   73568.8   40910.6
  104 1     -1  0.0606 -0.2979   74952.7   44573.0    3899.1  0.0692 -0.2958   72644.6   43092.1 -174888.4
       40.8      20.2   74980.6   44537.1   74977.0   44554.4   75134.8   44818.6   74941.0   44529.0
  105 1      0  0.0577 -0.3028   72846.8   43442.8    3075.2  0.0692 -0.2958   72587.5   43335.8 -175712.2
       30.6       8.2   72860.5   43414.2   72861.2   43410.8   73043.1   43681.1   72844.5   43411.2
vertex track :        171   3 106    1777922  2.3807  0.0869   69190.0   44498.9     189.1     0     nan
  103 1     -2  2.3740  0.0884   86038.8   47067.3    6590.9  2.3952  0.0586   83300.2   43711.5 -172208.0
        nan       nan      -nan       nan       nan       nan       nan       nan       nan       nan
  104 1     -1  2.4032  0.0291   77450.5   44447.1    3715.6  2.3952  0.0586   76413.3   43542.9 -175083.3
        nan       nan      -nan       nan       nan       nan       nan       nan       nan       nan
  105 1      0  2.3781  0.0854   77255.3   46248.9    2868.2  2.3952  0.0586   74383.6   43493.2 -175930.8
        nan       nan      -nan       nan       nan       nan       nan       nan       nan       nan
vertex track :        176   3 106    2195223  3.2711  3.5609   64667.8   34601.9     186.6     0 10001.0
  103 1     -2  3.5033  3.9364   85810.9   55498.4    6704.2  3.2535  3.4998   84593.8   56263.1 -172131.0
     2013.8      48.9   87113.2   57035.2   85171.3   54853.2   84722.1   54175.5   87186.2   56970.2
  104 1     -1  3.4036  3.7327   77981.2   48167.4    3884.7  3.2535  3.4998   75420.5   46395.4 -174950.5
     1166.8      26.8   78747.5   49047.6   77890.0   48107.1   77428.2   47500.9   78787.1   49011.5
  105 1      0  3.3263  3.6200   73158.6   43718.5    3075.7  3.2535  3.4998   72788.4   43564.0 -175759.5
      928.3      18.9   73772.7   44414.8   73215.0   43807.9   72757.7   43235.7   73800.6   44389.2
vertex track :        238   3 106    2646278 -1.5426  1.3602   77837.7   40751.8     179.8     0  2411.7
  103 1     -2 -1.5261  1.3410   68337.7   51977.8    6589.8 -1.5411  1.3657   66803.7   48262.0 -172204.0
      455.9      38.9   67969.5   52249.5   68334.0   51929.2   68914.3   51917.4   68020.9   52308.0
  104 1     -1 -1.5828  1.4154   70823.6   45651.6    3717.0 -1.5411  1.3657   71231.0   44338.7 -175076.7
      271.1      19.5   70608.5   45817.8   70680.3   45753.6   71247.1   45696.9   70634.6   45846.9
  105 1      0 -1.5417  1.3619   73808.3   46421.1    2867.1 -1.5411  1.3657   72540.8   43177.9 -175926.6
      219.7      10.5   73636.6   46558.7   73642.2   46553.8   74188.4   46494.9   73650.6   46574.5
