groupid:   8181, ntrk:  3
vertex track :          0   3  27    6419132 -0.3056 -0.3614  167726.0  131826.0     386.9    13   961.1
   28 4      1 -0.2994 -0.3658   47337.1   51194.2   -2866.4 -0.3083 -0.3621  167587.6  130600.7  -35870.1
       49.3       7.5   47311.7   51151.3   47311.3   51150.7   47572.2   51446.7   47300.1   51160.8
   29 4      2 -0.2985 -0.3670   49608.5   54323.6   -3718.0 -0.3083 -0.3621  167850.1  130909.1  -36721.7
       60.0      16.2   49583.2   54266.8   49596.2   54282.9   49843.4   54590.1   49558.0   54287.3
   30 4      3 -0.2983 -0.3662   48847.1   55238.6   -6585.3 -0.3083 -0.3621  168733.9  131947.2  -39589.0
       95.5      31.1   48810.9   55144.8   48868.9   55216.0   49092.9   55541.9   48762.6   55184.2
vertex track :          5   3  27    6419170 -0.0840  0.0256  168000.0  132309.2     389.9     0   279.5
   28 4      1 -0.0897  0.0333   46961.1   54522.5   -2463.7 -0.0867  0.0236  167105.5  129836.4  -35468.8
       21.7      17.8   46934.6   54513.4   46956.4   54505.3   47197.5   54741.6   46946.9   54546.7
   29 4      2 -0.0770  0.0248   46444.1   54656.6   -3283.0 -0.0867  0.0236  167176.5  129817.0  -36288.2
       47.9      45.3   46384.6   54628.3   46459.7   54604.1   46713.5   54895.0   46412.4   54714.4
   30 4      3 -0.0753  0.0258   46404.7   57520.0   -6875.2 -0.0867  0.0236  167487.8  129732.1  -39880.3
      108.7     104.4   46268.0   57456.5   46457.8   57391.4   46751.2   57793.5   46335.7   57654.0
vertex track :        107   3  28    6672721  3.1524  0.6297  168063.4  131335.0     244.3     0  2979.8
   25 4     -2  3.1607  0.6614   64876.9   56119.4    6581.4  3.1815  0.6072  187496.3  134161.7  -28741.9
      951.4      55.5   65796.7   56368.6   64598.1   56117.7   64170.2   56080.9   65819.5   56260.0
   26 4     -1  3.1529  0.6436   59162.2   58203.8    3716.5  3.1815  0.6072  178381.7  132422.2  -31606.8
      544.0      27.6   59689.7   58339.6   59285.8   58257.2   58847.9   58278.7   59700.7   58285.6
   27 4      0  3.1578  0.6168   56200.3   53859.8    2870.6  3.1815  0.6072  175690.4  131908.6  -32452.7
      427.4      14.5   56617.0   53955.9   56441.2   53921.6   55996.8   53974.3   56622.5   53927.5
