groupid:   9344, ntrk:  9
vertex track :          0   3 101    7130653  0.1064  0.5775  141486.5  129473.8     405.0    13   615.1
  102 4      1  0.0983  0.5785   20195.9   49486.1   -2867.9  0.1039  0.5773  140095.3  124665.6 -170988.7
       60.5      11.8   20194.4   49547.7   20194.8   49549.8   20407.5   49635.0   20217.7   49543.8
  103 4      2  0.1014  0.5772   21619.5   48564.2   -3717.9  0.1039  0.5773  140007.0  124174.8 -171838.7
       76.0      27.0   21606.1   48643.7   21601.1   48615.3   21843.0   48695.3   21659.2   48634.3
  104 4      3  0.1001  0.5784   19326.1   44759.9   -6585.7  0.1039  0.5773  139708.9  122519.2 -174706.5
      122.8      51.9   19295.9   44889.7   19275.0   44769.2   19566.4   44840.6   19398.2   44872.0
vertex track :         39   3 101    7131545 -1.3536  0.0354  137862.0  127824.8     406.8     0 10001.0
  102 4      1 -1.2938  0.0236   21237.1   53609.4   -3062.7 -1.3673  0.0167  141528.1  124800.7 -171187.6
      149.9       8.5   21087.1   53603.7   21115.1   53603.2   21595.8   53825.1   21087.4   53620.6
  103 4      2 -1.4118  0.0507   21475.3   50021.5   -3895.4 -1.3673  0.0167  142666.8  124786.8 -172020.4
      176.1      10.8   21298.9   50017.0   21354.4   50015.0   21860.2   50236.0   21299.7   50038.6
  104 4      3 -1.3313  0.1034   27059.1   52980.0   -6648.4 -1.3673  0.0167  146431.0  124740.7 -174773.3
      268.8      17.9   26789.7   52983.0   27046.1   52963.1   27537.1   53187.1   26792.5   53018.7
vertex track :         83   3 101    7751653 -1.6025 -1.4665  136906.5  123928.4     401.2     0 10001.0
  102 4      1 -1.5836 -1.4899   20851.2   50206.1   -2868.1 -1.6132 -1.4924  141116.6  125826.9 -170993.0
      273.2      11.1   20659.8   50010.8   20725.3   50072.3   21251.1   50609.9   20644.6   50026.9
  103 4      2 -1.5930 -1.4777   23675.5   50992.7   -3717.5 -1.6132 -1.4924  142486.9  127094.6 -171842.5
      329.6      14.6   23443.8   50757.9   23592.5   50895.9   24115.6   51436.1   23423.9   50779.3
  104 4      3 -1.5927 -1.4885   26027.5   52839.2   -6585.7 -1.6132 -1.4924  147114.0  131375.1 -174710.7
      529.9      25.2   25657.5   52459.0   26097.3   52870.1   26605.8   53427.9   25623.1   52495.8
vertex track :         96   3 101    7777055  2.5062 -2.7637  143810.7  126221.4     396.2     0 10001.0
  102 4      1  3.1090 -2.6278   16064.8   59968.6   -3072.4  2.5647 -2.7547  133906.8  132885.1 -171189.2
      692.9      18.0   16605.6   59535.1   16200.2   59877.8   15737.1   60609.4   16582.3   59507.5
  103 4      2  3.0412 -2.6596   12993.8   58593.5   -3892.2  2.5647 -2.7547  131804.2  135143.6 -172009.0
      841.7      24.1   13643.3   58057.5   13014.7   58607.2   12557.4   59336.8   13611.6   58021.3
  104 4      3  2.3005 -2.9917    7455.3   69557.3   -6578.1  2.5647 -2.7547  124915.9  142542.4 -174694.9
     1339.0      40.2    8303.4   68520.4    7154.1   70015.0    6819.6   70801.2    8239.6   68471.3
vertex track :        153   3 102    6211392  1.0224  1.0468  140583.3  125973.1     267.7     0   117.3
   99 4     -2  1.0228  1.0553   30375.5   55364.5    6586.3  1.0294  1.0500  146670.5  131265.2 -164464.3
     1313.6     725.4   30768.7   56812.7   29155.2   55147.7   30193.3   54127.5   31810.6   55803.0
  100 4     -1  0.9653  1.0001   23476.6   52008.0    3717.9  1.0294  1.0500  143717.8  128253.5 -167332.8
      633.8     345.4   23668.3   52704.0   22990.6   52001.9   23495.9   51523.1   24165.3   52224.2
  101 4      0  1.0186  1.0500   24086.6   52088.4    2868.2  1.0294  1.0500  142843.1  127361.4 -168182.5
      266.4     129.0   24179.5   52369.4   24022.4   52207.5   24204.7   52018.4   24364.7   52189.8
vertex track :        188   3 102    6454903  2.5523 -3.6008  134341.7  136789.1     285.7     0  3155.8
   99 4     -2  2.7330 -3.7104   28384.6   34036.9    6171.5  2.5526 -3.6031  148905.3  114226.3 -164892.5
     1565.1      73.8   29372.3   32820.5   28089.8   34561.7   27609.7   35459.6   29253.4   32733.0
  100 4     -1  2.3129 -3.5134   22696.2   45475.2    3844.9  2.5526 -3.6031  142966.6  122608.8 -167219.0
      966.1      40.6   23261.4   44690.6   22684.7   45566.6   22343.4   46466.2   23193.5   44645.9
  101 4      0  2.4633 -3.6181   21602.9   45400.4    3046.9  2.5526 -3.6031  140929.5  125484.1 -168017.0
      760.5      21.1   22048.3   44783.6   21709.6   45281.1   21370.0   46223.6   22013.5   44759.9
vertex track :        206   3 102    6880435 -1.3099  1.2357  143457.5  124752.9     263.5     0  2968.6
   99 4     -2 -1.3125  1.2434   18795.8   55375.3    6585.4 -1.3241  1.2284  134698.3  131193.2 -164459.6
      369.0      29.1   18507.9   55607.9   18768.0   55361.5   19292.4   55353.9   18548.0   55650.2
  100 4     -1 -1.3606  1.1831   17482.8   51473.7    3714.1 -1.3241  1.2284  138500.1  127666.2 -167330.9
      220.5      14.7   17306.7   51607.2   17353.7   51566.4   17867.4   51551.3   17326.0   51629.4
  101 4      0 -1.3172  1.2312   19866.4   51435.5    2867.4 -1.3241  1.2284  139621.2  126626.1 -168177.6
      180.3       8.6   19728.9   51552.3   19715.6   51564.6   20212.7   51529.9   19740.6   51564.8
vertex track :        217   3 102    6881530  2.1014  0.8623  140734.1  126132.6     267.7     0  3173.0
   99 4     -2  2.1848  0.7923   31829.5   52857.4    6238.5  2.1148  0.8718  152945.4  129997.0 -164811.8
      494.9      33.3   32283.4   53057.5   31811.7   52886.4   31587.8   52868.1   32306.1   52994.8
  100 4     -1  2.1523  0.6433   27305.8   51740.6    3837.2  2.1148  0.8718  147867.1  127903.4 -167213.1
      314.9      18.5   27602.1   51848.5   27450.8   51803.2   27221.5   51843.3   27612.7   51813.0
  101 4      0  2.0060  0.8453   26505.2   47383.5    3033.5  2.1148  0.8718  146167.5  127202.8 -168016.8
      257.7      10.9   26738.5   47493.7   26684.7   47471.0   26484.0   47484.2   26747.0   47473.5
vertex track :        241   3 102    6907958  3.4241 -1.6419  133781.0  130654.3     280.1     0  1995.1
   99 4     -2  3.2773 -1.5947   38390.2   43264.0    6597.0  3.4527 -1.6207  155106.5  119034.7 -164466.8
     1302.7      95.9   39603.6   42780.2   37949.0   43585.4   37390.1   43956.1   39519.6   42607.7
  100 4     -1  3.4191 -1.6727   26042.3   46437.8    3718.8  3.4527 -1.6207  145169.0  123699.5 -167345.0
      728.3      46.3   26716.9   46159.3   26126.4   46448.2   25581.1   46924.6   26676.2   46076.1
  101 4      0  3.4207 -1.6324   24607.4   48588.1    2867.4  3.4527 -1.6207  142229.4  125079.3 -168196.4
      557.4      20.7   25119.4   48366.7   24831.5   48504.1   24308.8   49017.9   25101.5   48329.3
