groupid:   9365, ntrk:  6
vertex track :          0   3  39   12108789 -0.0572 -0.0796  182421.8  190940.4     389.2    13  3105.7
   40 6      1 -0.0574 -0.0796   65323.8   36133.6   -2868.9 -0.0600 -0.0814  183341.5  188655.5  -58344.3
       14.5       1.9   65316.8   36120.7   65321.8   36127.6   65540.7   36356.4   65313.8   36122.9
   41 6      2 -0.0571 -0.0790   61422.5   34570.5   -3719.0 -0.0600 -0.0814  183392.5  188724.7  -59194.4
       18.1       4.2   61415.3   34553.4   61424.5   34566.1   61639.6   34797.6   61408.4   34558.3
   42 6      3 -0.0575 -0.0796   60926.7   36107.0   -6584.2 -0.0600 -0.0814  183564.4  188958.0  -62059.7
       29.9       8.1   60915.8   36078.0   60938.7   36109.7   61147.5   36345.9   60902.6   36087.5
vertex track :         27   3  39   12777066 -1.7389 -1.9362  182352.1  190864.0     389.2     0     nan
   40 6      1 -1.3567 -2.0730   66088.4   39857.6   -2630.4 -1.7687 -1.9255  188416.4  194129.3  -58106.2
        nan       nan      -nan       nan       nan       nan       nan       nan       nan       nan
   41 6      2 -1.6718 -1.7097   68463.8   43981.4   -3458.5 -1.7687 -1.9255  189881.0  195723.8  -58934.3
        nan       nan      -nan       nan       nan       nan       nan       nan       nan       nan
   42 6      3 -1.6540 -1.9243   75749.3   45595.8   -6285.5 -1.7687 -1.9255  194881.1  201167.2  -61761.3
        nan       nan      -nan       nan       nan       nan       nan       nan       nan       nan
vertex track :         45   3  39   12828761 -1.0658  3.6980  180302.6  199579.8     403.2     0   283.0
   40 6      1 -1.0585  3.7107   65854.6   34820.4   -2870.1 -1.0397  3.6451  184475.8  185050.1  -58338.9
      984.1     176.3   65415.2   35718.3   65732.8   34605.0   66503.0   34136.1   65754.2   35815.0
   41 6      2 -1.0779  3.7189   62797.1   30175.1   -3718.5 -1.0397  3.6451  185357.9  181957.4  -59187.4
     1888.2     423.8   61864.4   31870.7   62689.3   29024.6   63938.8   28693.3   62678.6   32106.6
   42 6      3 -1.0485  3.6887   65123.0   20820.2   -6588.3 -1.0397  3.6451  188341.6  171496.5  -62057.2
     3553.9     820.5   63362.1   24014.3   65085.3   17952.1   67092.9   17839.8   64940.5   24462.9
vertex track :        128   3  40   12141680  1.5446 -0.8219  183840.1  192266.4     393.2     0     nan
   37 6     -2  1.5727 -0.8323   72630.3   29973.6    6590.2  1.5459 -0.8313  191852.9  183893.5  -51536.4
        nan       nan      -nan       nan       nan       nan       nan       nan       nan       nan
   38 6     -1  1.5394 -0.8135   65008.7   30098.1    3719.1  1.5459 -0.8313  187414.5  186280.3  -54407.5
        nan       nan      -nan       nan       nan       nan       nan       nan       nan       nan
   39 6      0  1.5022 -0.7940   65115.9   34124.2    2866.2  1.5459 -0.8313  186096.1  186989.3  -55260.4
        nan       nan      -nan       nan       nan       nan       nan       nan       nan       nan
vertex track :        137   3  40   12169587  2.2798 -2.6313  179597.6  197844.5     404.0     0  3402.1
   37 6     -2  2.6812 -2.6380   73406.0   28225.3    6571.8  2.3227 -2.6844  192372.9  178049.1  -51546.3
     1062.8      54.0   74201.5   27518.4   73249.3   28455.3   72823.2   29139.6   74125.7   27441.4
   38 6     -1  1.7955 -2.7568   71542.9   33343.6    3461.8  2.3227 -2.6844  185149.4  186397.6  -54656.2
      555.8      24.3   71866.6   32891.1   71637.0   33243.6   71431.1   34003.3   71825.9   32864.6
   39 6      0  2.0683 -2.4508   67488.5   35938.8    2620.9  2.3227 -2.6844  183196.1  188655.1  -55497.2
      425.5      12.5   67772.5   35621.7   67658.0   35757.4   67416.6   36463.5   67753.4   35605.6
vertex track :        169   3  40   12461742 -2.6301 -1.2839  190799.5  194663.1     391.6     0  2217.7
   37 6     -2 -2.5990 -1.2714   52083.7   29429.8    6596.4 -2.6460 -1.2648  172820.1  183526.8  -51519.4
      799.7      60.7   51392.1   29023.9   52283.0   29459.7   52982.8   30044.5   51338.7   29133.0
   38 6     -1 -2.6222 -1.3156   57594.3   30923.1    3715.7 -2.6460 -1.2648  180442.4  187170.2  -54400.1
      451.1      29.1   57204.2   30694.8   57460.0   30823.1   58191.9   31360.1   57178.1   30746.8
   39 6      0 -2.6245 -1.3102   61191.4   35297.7    2862.6 -2.6460 -1.2648  182699.5  188249.1  -55253.1
      351.6      13.8   60883.0   35128.3   60960.9   35167.2   61707.1   35675.8   60870.6   35153.0
