groupid:   9369, ntrk: 12
vertex track :          0   3  57    1149775 -0.0096  0.2390  125885.5   52760.6     167.5    13  3252.4
   58 1      1 -0.0119  0.2387  124974.7   54506.2   -2868.1 -0.0072  0.2346  123137.7   50545.2  -91250.3
       25.0       2.4  124971.0   54531.1  124971.0   54531.2  125188.3   54691.6  124975.8   54531.4
   59 1      2 -0.0118  0.2389  124024.4   51440.3   -3718.5 -0.0072  0.2346  123143.8   50345.7  -92100.7
       30.1       4.5  124018.4   51470.2  124018.9   51460.2  124240.4   51620.7  124027.4   51470.6
   60 1      3 -0.0107  0.2394  124971.3   53182.6   -6584.1 -0.0072  0.2346  123164.5   49673.3  -94966.4
       48.4       8.7  124960.5   53230.5  124962.6   53184.1  125192.1   53344.9  124977.8   53231.3
vertex track :         22   3  57    2543144 -0.2468 -1.0643  125765.7   52104.1     165.7     0  2327.1
   58 2      1 -0.2375 -1.0540    6801.3   52872.2   -2622.1 -0.2567 -1.0781  123706.1   53604.1  -91005.6
      101.0       6.7    6785.7   52772.2    6780.2   52747.9    7026.7   53181.1    6772.6   52775.2
   59 2      2 -0.2178 -1.0511    7639.3   56955.7   -3458.1 -0.2567 -1.0781  123920.7   54505.4  -91841.6
      119.9      11.5    7626.3   56835.9    7629.2   56850.0    7862.2   57284.4    7603.7   56840.6
   60 2      3 -0.2488 -1.0379    7012.7   56288.8   -6915.8 -0.2567 -1.0781  124808.3   58233.1  -95299.4
      207.5      24.7    6988.3   56081.3    7032.8   56266.9    7246.8   56705.3    6940.4   56092.8
vertex track :         27   3  57    2544214 -1.4142  0.0863  124111.9   52509.5     165.8     0     nan
   58 2      1 -1.4147  0.0714    6760.4   53610.2   -2867.8 -1.4289  0.0789  125651.4   50762.8  -91247.7
        nan       nan      -nan       nan       nan       nan       nan       nan       nan       nan
   59 2      2 -1.4133  0.0636    6706.3   50899.5   -3715.1 -1.4289  0.0789  126862.1   50695.9  -92095.0
        nan       nan      -nan       nan       nan       nan       nan       nan       nan       nan
   60 2      3 -1.4125  0.0792   11740.3   52894.3   -6585.5 -1.4289  0.0789  130963.5   50469.3  -94965.3
        nan       nan      -nan       nan       nan       nan       nan       nan       nan       nan
vertex track :        102   3  58     527493 -0.9160  1.3236  127365.7   51629.4     209.4     0     nan
   55 1     -2 -0.8963  1.3397  121889.9   58002.9    6580.1 -0.9034  1.3250  119768.5   56170.6  -84482.3
        nan       nan      -nan       nan       nan       nan       nan       nan       nan       nan
   56 1     -1 -0.8912  1.3253  124546.0   55902.0    3720.6 -0.9034  1.3250  122351.8   52381.8  -87341.8
        nan       nan      -nan       nan       nan       nan       nan       nan       nan       nan
   57 2      0 -0.9205  1.2942    5136.9   52213.4    2865.4 -0.9034  1.3250  123124.3   51248.8  -88196.9
        nan       nan      -nan       nan       nan       nan       nan       nan       nan       nan
vertex track :        103   3  58     527677 -1.4959 -1.4325  125706.2   55423.4     216.5     0     nan
   55 1     -2 -1.4913 -1.4207  117059.1   45506.8    5888.5 -1.5450 -1.4360  115137.9   43402.2  -85168.1
        nan       nan      -nan       nan       nan       nan       nan       nan       nan       nan
   56 1     -1 -1.5898 -1.4365  120516.4   49144.9    3472.2 -1.5450 -1.4360  118871.1   46872.2  -87584.5
        nan       nan      -nan       nan       nan       nan       nan       nan       nan       nan
   57 1      0 -1.5074 -1.4494  120957.8   52616.0    2610.7 -1.5450 -1.4360  120202.1   48109.3  -88446.0
        nan       nan      -nan       nan       nan       nan       nan       nan       nan       nan
vertex track :        114   3  58     579590 -2.2215 -2.0140  127476.7   57086.9     217.0     0   469.0
   55 1     -2 -2.2313 -2.0064  114034.4   43990.1    6578.4 -2.2967 -2.0202  111111.1   40352.1  -84473.8
     1239.1     290.9  113307.5   42945.3  114681.6   44181.0  114969.0   45242.8  112918.5   43377.9
   56 1     -1 -2.3958 -2.0925  120073.9   49807.7    3717.9 -2.2967 -2.0202  117681.0   46131.1  -87334.3
      653.3     139.8  119673.8   49272.6  120154.8   49692.7  120681.6   50550.7  119489.8   49483.2
   57 1      0 -2.1972 -2.0268  122576.6   49494.0    2867.8 -2.2967 -2.0202  119633.2   47848.3  -88184.3
      418.5      53.5  122305.3   49170.9  122459.1   49312.8  123055.8   50025.1  122232.8   49249.6
vertex track :        137   3  58    1356302  1.4855  2.5821  123370.1   51925.2     211.8     0     nan
   55 2     -2  1.4447  2.5434   13495.6   68339.5    5866.5  1.5336  2.5558  130150.8   62506.8  -85196.4
        nan       nan      -nan       nan       nan       nan       nan       nan       nan       nan
   56 2     -1  1.2770  2.5301    9035.5   60156.3    3474.4  1.5336  2.5558  126482.3   56393.2  -87588.4
        nan       nan      -nan       nan       nan       nan       nan       nan       nan       nan
   57 2      0  1.5038  2.5630    6449.8   60084.3    2620.6  1.5336  2.5558  125172.9   54211.0  -88442.2
        nan       nan      -nan       nan       nan       nan       nan       nan       nan       nan
vertex track :        146   3  58    1356664 -1.6016 -0.4059  125546.1   54755.9     214.4     0     nan
   55 1     -2 -1.6514 -0.3454  115925.8   51112.7    6592.0 -1.6310 -0.3995  113326.6   48330.7  -84464.7
        nan       nan      -nan       nan       nan       nan       nan       nan       nan       nan
   56 1     -1 -1.6159 -0.4144  120298.8   53031.6    3727.6 -1.6310 -0.3995  117998.4   49475.1  -87329.1
        nan       nan      -nan       nan       nan       nan       nan       nan       nan       nan
   57 1      0 -1.6277 -0.4146  122253.1   51359.9    2867.5 -1.6310 -0.3995  119401.1   49818.8  -88189.2
        nan       nan      -nan       nan       nan       nan       nan       nan       nan       nan
vertex track :        166   3  58    2222680 -0.2274  4.3409  125618.3   48128.2     205.7     0     nan
   55 2     -2  0.1086  4.3942    4609.8   76175.4    5859.5 -0.1603  4.2917  122792.1   68493.8  -85210.3
        nan       nan      -nan       nan       nan       nan       nan       nan       nan       nan
   56 2     -1 -0.3665  4.5407    4804.2   62892.6    3497.7 -0.1603  4.2917  123170.6   58357.5  -87572.1
        nan       nan      -nan       nan       nan       nan       nan       nan       nan       nan
   57 1      0 -0.2857  4.2189  124634.3   61826.9    2621.1 -0.1603  4.2917  123311.1   54595.5  -88448.7
        nan       nan      -nan       nan       nan       nan       nan       nan       nan       nan
vertex track :        204   3  58    3203690 -2.0887 -2.2477  129442.1   59796.7     371.8     0     nan
   55 1     -2 -2.1199 -2.2741  116688.6   45248.7    6564.2 -2.1667 -2.2589  114338.6   41919.8  -84634.2
        nan       nan      -nan       nan       nan       nan       nan       nan       nan       nan
   56 1     -1 -2.1520 -2.2407  122541.6   51671.5    3722.7 -2.1667 -2.2589  120495.4   48338.7  -87475.8
        nan       nan      -nan       nan       nan       nan       nan       nan       nan       nan
   57 1      0 -2.0949 -2.2353  124884.0   51548.4    2866.1 -2.1667 -2.2589  122351.4   50273.8  -88332.4
        nan       nan      -nan       nan       nan       nan       nan       nan       nan       nan
vertex track :        207   3  58    4017142 -2.0390  2.2680  129696.8   49765.3     357.3     0   277.2
   55 1     -2 -2.1843  2.2636  117446.5   64247.3    5834.1 -2.0150  2.2684  116821.5   58266.6  -85382.9
     1642.6     456.6  115977.4   65112.3  117799.9   63223.7  119123.5   63594.6  116634.5   65746.4
   56 1     -1 -1.8597  2.0386  122480.7   57150.2    3471.1 -2.0150  2.2684  121582.9   52906.4  -87745.9
      860.1     228.8  121732.1   57631.4  122500.9   56788.7  123437.6   56880.9  122070.1   57939.8
   57 1      0 -2.1045  2.3634  123490.0   57467.2    2612.2 -2.0150  2.2684  123313.7   50958.1  -88604.8
      432.4      79.9  123142.7   57737.0  123276.0   57587.4  124045.2   57409.8  123262.1   57843.3
vertex track :        218   3  58    4098834 -0.9053 -1.8588  126224.7   57384.8     371.5     0     nan
   55 1     -2 -0.9220 -1.8727  120413.9   44984.6    6589.5 -0.9519 -1.8726  118538.1   41867.6  -84615.8
        nan       nan      -nan       nan       nan       nan       nan       nan       nan       nan
   56 1     -1 -0.9497 -1.8171  123382.0   50553.9    3718.4 -0.9519 -1.8726  121271.2   47244.1  -87487.0
        nan       nan      -nan       nan       nan       nan       nan       nan       nan       nan
   57 1      0 -0.9221 -1.8576  124689.0   50170.9    2868.3 -0.9519 -1.8726  122080.4   48835.8  -88337.0
        nan       nan      -nan       nan       nan       nan       nan       nan       nan       nan
