groupid:   9465, ntrk: 11
vertex track :          0   3  29    6906457 -0.0501 -0.1617  189109.3  132928.6     369.7    13   644.5
   30 4      1 -0.0486 -0.1618   67462.8   54507.0   -2868.3 -0.0499 -0.1592  187334.1  130855.5  -39168.8
       21.3       8.4   67464.7   54484.2   67466.8   54491.0   67670.8   54739.6   67448.6   54489.0
   31 4      2 -0.0501 -0.1615   69779.0   55374.6   -3720.8 -0.0499 -0.1592  187376.7  130991.2  -40021.4
       31.1      20.3   69789.2   55338.8   69797.1   55364.4   69978.8   55620.2   69750.4   55350.8
   32 4      3 -0.0520 -0.1608   70262.3   54500.3   -6585.8 -0.0499 -0.1592  187519.7  131447.2  -42886.3
       54.6      39.4   70283.0   54436.2   70305.7   54506.3   70451.6   54774.2   70208.0   54460.5
vertex track :         15   3  29    6928753 -1.6014  0.9569  183127.1  136893.9     381.3     0  9999.4
   30 4      1 -1.6877  0.9070   67740.9   58388.4   -3543.4 -1.5929  0.9726  187463.2  130531.1  -39855.3
      254.6      12.0   67511.0   58498.3   67605.1   58447.8   68179.2   58489.3   67522.4   58519.4
   31 4      2 -1.7629  0.7849   69066.0   53963.5   -4380.2 -1.5929  0.9726  188796.2  129717.3  -40692.1
      299.2      15.1   68786.5   54071.4   68963.0   53992.8   69553.7   54066.3   68798.7   54098.9
   32 4      3 -1.3749  1.1690   75179.5   50664.3   -6634.0 -1.5929  0.9726  192386.3  127525.3  -42945.9
      424.0      22.5   74842.0   50921.8   75199.3   50618.0   75725.7   50617.9   74871.1   50956.0
vertex track :         44   3  29    7321871 -0.3439  1.2954  187750.0  138264.4     378.6     0   182.5
   30 4      1 -0.3560  1.2919   67139.4   54669.8   -2869.8 -0.3323  1.3081  186930.8  131451.8  -39185.2
      195.5      81.1   67009.2   54836.7   67038.3   54731.1   67479.2   54714.2   67165.6   54879.8
   31 4      2 -0.3444  1.2955   69707.7   54329.8   -3714.5 -0.3323  1.3081  187211.5  130346.9  -40029.8
      367.2     195.8   69424.1   54634.4   69540.5   54196.6   70200.9   54236.5   69802.6   54735.0
   32 4      3 -0.3256  1.2984   70793.8   50143.8   -6583.6 -0.3323  1.3081  188164.9  126593.9  -42898.9
      687.1     380.3   70257.8   50717.8   70523.7   49657.5   71539.5   49781.1   70995.6   50902.8
vertex track :         65   3  29    7773439  0.1803 -3.3869  189216.2  127419.5     362.3     0  1028.3
   30 4      1  0.6952 -3.3867   68613.6   61564.3   -3530.5  0.1644 -3.3588  186613.3  137918.7  -39814.2
      672.1      49.1   68796.8   60915.8   68672.5   61521.3   68641.0   62419.4   68700.6   60896.0
   31 4      2  0.2435 -3.2699   68244.6   60565.3   -4351.4  0.1644 -3.3588  186478.4  140675.9  -40635.1
      856.7     103.9   68411.9   59718.7   68335.8   60740.6   68287.6   61618.6   68204.6   59703.2
   32 4      3  0.0444 -3.3731   69811.0   69897.2   -6587.2  0.1644 -3.3588  186110.9  148185.4  -42870.9
     1272.1     170.9   69998.6   68627.4   69974.5   70463.1   69833.4   71373.5   69656.8   68622.9
vertex track :        132   3  30    5573602 -1.6712  2.0046  190567.0  128949.6     216.6     0     nan
   27 4     -2 -1.6476  1.9935   58804.3   64164.2    6588.0 -1.6662  1.9955  178725.1  141029.1  -33116.6
        nan       nan      -nan       nan       nan       nan       nan       nan       nan       nan
   28 4     -1 -1.6932  1.9798   61917.8   58178.9    3715.2 -1.6662  1.9955  183511.6  135296.4  -35989.4
        nan       nan      -nan       nan       nan       nan       nan       nan       nan       nan
   29 4      0 -1.7002  1.9888   65319.2   59403.0    2873.3 -1.6662  1.9955  184914.4  133616.2  -36831.4
        nan       nan      -nan       nan       nan       nan       nan       nan       nan       nan
vertex track :        160   3  30    5996514  1.5595  2.3771  187119.8  129329.9     220.6     0     nan
   27 4     -2  1.5389  2.3728   78557.1   62146.4    6924.9  1.5530  2.3480  196301.6  144444.0  -32786.6
        nan       nan      -nan       nan       nan       nan       nan       nan       nan       nan
   28 4     -1  1.6924  2.7477   72523.0   58061.5    4344.1  1.5530  2.3480  192293.5  138384.2  -35367.4
        nan       nan      -nan       nan       nan       nan       nan       nan       nan       nan
   29 4      0  1.4201  2.3720   70465.7   56205.8    3534.1  1.5530  2.3480  191035.6  136482.3  -36177.4
        nan       nan      -nan       nan       nan       nan       nan       nan       nan       nan
vertex track :        171   3  30    5997538  1.6834 -0.8430  186366.0  132430.7     222.5     0     nan
   27 4     -2  1.6808 -0.8278   77778.1   47940.2    6583.3  1.6836 -0.8477  195849.3  126405.6  -33123.4
        nan       nan      -nan       nan       nan       nan       nan       nan       nan       nan
   28 4     -1  1.6924 -0.8255   72480.1   49348.4    3717.6  1.6836 -0.8477  191024.4  128834.9  -35989.2
        nan       nan      -nan       nan       nan       nan       nan       nan       nan       nan
   29 4      0  1.6938 -0.8194   73100.4   52905.2    2870.4  1.6836 -0.8477  189598.0  129553.1  -36836.4
        nan       nan      -nan       nan       nan       nan       nan       nan       nan       nan
vertex track :        200   3  30    6226782  2.5853  1.5165  185936.0  129904.6     223.3     0   227.7
   27 4     -2  2.3505  1.4747   83759.2   56819.4    6941.8  2.5737  1.4947  201996.7  139320.7  -32772.3
     2441.5     721.5   85443.9   58728.1   81801.2   56442.7   82286.8   55122.2   86210.8   57505.9
   28 4     -1  3.1215  2.5186   75234.0   55751.5    4348.8  2.5737  1.4947  195323.1  135445.0  -35365.3
     1353.8     390.7   76042.2   56905.7   74590.5   55734.5   74638.8   54809.9   76532.9   56297.5
   29 4      0  2.6270  1.7234   72299.3   54458.1    3536.5  2.5737  1.4947  193232.4  134230.8  -36177.6
      694.0     164.8   72789.2   54976.6   72180.3   54577.2   72022.0   54151.4   72970.0   54701.0
vertex track :        242   3  30    6457380  1.6415  3.2629  188064.8  130613.6     222.5     0   269.1
   27 4     -2  1.6742  3.2861   79235.0   74564.4    6586.3  1.6324  3.2180  197226.2  150459.2  -33123.0
     2986.7     725.5   79944.5   77555.0   77584.4   72922.6   78737.2   71787.2   81237.3   76896.4
   28 4     -1  1.6139  3.2694   73673.9   65257.3    3715.8  1.6324  3.2180  192540.5  141221.9  -35993.5
     1475.9     347.4   74015.6   66734.5   73048.0   64774.2   73543.7   63993.3   74638.7   66426.9
   29 4      0  1.5930  3.2857   74361.4   65477.7    2868.7  1.6324  3.2180  191157.6  138495.9  -36840.6
      724.2     131.3   74559.2   66186.7   74261.8   65573.3   74375.2   64982.0   74795.5   66072.1
vertex track :        245   3  30    6457585 -1.1188  1.2566  190937.9  128387.5     213.7     0     nan
   27 4     -2 -1.2898  1.2341   64200.6   53798.1    6920.1 -1.1173  1.2516  182218.3  136146.9  -32782.6
        nan       nan      -nan       nan       nan       nan       nan       nan       nan       nan
   28 4     -1 -0.9786  1.3510   66247.3   52945.0    4380.8 -1.1173  1.2516  185055.4  132968.7  -35321.9
        nan       nan      -nan       nan       nan       nan       nan       nan       nan       nan
   29 4      0 -1.1395  1.2794   66937.7   52331.0    3550.4 -1.1173  1.2516  185983.3  131929.3  -36152.3
        nan       nan      -nan       nan       nan       nan       nan       nan       nan       nan
vertex track :        268   3  30    6503007  0.2488 -3.8910  188036.4  142930.3     226.9     0   588.7
   27 4     -2  0.2564 -3.8682   69474.6   37300.9    6585.2  0.2288 -3.9882  188327.9  117006.8  -33080.2
     1872.4     330.9   69928.6   35454.5   69734.8   38378.7   69230.8   39353.4   69268.2   35410.7
   28 4     -1  0.3001 -3.8936   67917.0   46333.1    3720.9  0.2288 -3.9882  187672.6  128430.1  -35944.5
      984.9     158.9   68151.0   45363.3   68062.7   46509.6   67893.2   47508.9   67834.2   45338.9
   29 4      0  0.3110 -3.9205   69676.8   52534.3    2868.6  0.2288 -3.9882  187477.6  131829.3  -36796.8
      635.7      60.9   69787.7   51905.4   69752.5   52349.6   69776.2   53369.3   69666.4   51895.7
