groupid:   9887, ntrk:  3
vertex track :          0   3  49   11915122 -0.0927  0.5842  182903.7  182001.5     374.6    13   463.1
   50 6      1 -0.0910  0.5855   62131.8   19244.2   -2870.2 -0.0939  0.5760  183173.0  177201.0  -76977.6
       61.6      15.2   62107.3   19302.8   62107.2   19303.9   62366.2   19396.2   62137.4   19307.4
   51 6      2 -0.0904  0.5853   63405.1   20497.9   -3719.8 -0.0939  0.5760  183252.8  176711.7  -77827.2
       80.8      35.7   63357.6   20572.3   63363.2   20535.6   63662.6   20634.2   63428.1   20583.2
   52 6      3 -0.0934  0.5825   60250.4   21389.0   -6588.6 -0.0939  0.5760  183522.3  175059.2  -80696.1
      134.0      69.1   60161.0   21510.4   60183.8   21368.0   60549.8   21478.2   60297.4   21532.2
vertex track :         15   3  49   12538916 -2.3174  2.1196  182567.5  182232.8     374.6     0     nan
   50 6      1 -2.1534  2.1161   66726.6   18331.3   -1981.8 -2.2926  2.1101  187934.6  174331.7  -76088.4
        nan       nan      -nan       nan       nan       nan       nan       nan       nan       nan
   51 6      2 -2.2527  2.1911   68986.4   15723.4   -2794.9 -2.2926  2.1101  189798.7  172616.0  -76901.5
        nan       nan      -nan       nan       nan       nan       nan       nan       nan       nan
   52 6      3 -2.8764  2.1979   80418.6   17186.2   -6234.7 -2.2926  2.1101  197684.6  165357.6  -80341.2
        nan       nan      -nan       nan       nan       nan       nan       nan       nan       nan
vertex track :         62   3  50   13372431 -2.3698  0.7633  183888.8  179101.9     179.5     0     nan
   47 6     -2 -2.3725  0.7739   50320.7   29387.8    6588.7 -2.3585  0.7819  168127.9  182869.7  -69330.0
        nan       nan      -nan       nan       nan       nan       nan       nan       nan       nan
   48 6     -1 -2.2823  0.8278   55734.2   26445.6    3720.0 -2.3585  0.7819  174893.7  180626.8  -72198.7
        nan       nan      -nan       nan       nan       nan       nan       nan       nan       nan
   49 6      0 -2.3632  0.7679   59300.5   25902.8    2870.2 -2.3585  0.7819  176898.0  179962.3  -73048.5
        nan       nan      -nan       nan       nan       nan       nan       nan       nan       nan
